task_type,arrival_time,est_m1,est_m2,est_m3,est_m4,est_m5,est_m6,est_m7,est_m8,ext_m1-1,ext_m2-1,ext_m3-1,ext_m4-1,ext_m5-1,ext_m6-1,ext_m7-1,ext_m8-1
T3,0.018,24.8,9.57,101.78,95.0,167.76,25.57,103.63,106.83,27.14,10.76,111.38,110.06,166.93,24.51,109.68,114.04
T4,0.049,25.43,10.04,92.33,106.28,150.07,27.83,106.02,110.16,24.39,11.25,98.52,105.94,171.48,25.21,112.16,117.8
T10,0.11,25.25,10.73,102.27,103.52,172.19,28.32,109.14,107.96,24.4,10.57,95.31,95.52,151.65,25.35,111.28,107.27
T7,0.551,25.22,10.9,104.19,103.05,151.53,25.49,94.49,116.54,27.54,9.57,94.53,113.43,155.46,26.82,94.73,107.56
T10,0.896,27.66,10.51,101.04,101.06,168.11,27.69,109.38,96.67,27.29,10.48,99.0,100.53,169.84,25.2,103.02,106.95
T9,0.902,24.64,10.16,113.44,110.0,163.53,27.16,106.45,98.42,26.13,11.43,114.48,96.76,164.73,24.58,116.24,102.97
T6,0.911,26.95,10.71,100.68,91.98,150.64,24.69,107.56,105.81,26.06,9.72,96.73,100.8,162.28,25.04,95.9,102.28
T9,0.955,24.55,10.41,101.76,100.04,166.26,24.86,103.19,101.61,28.7,11.36,117.69,105.47,170.03,25.58,99.98,111.31
T9,1.006,24.35,10.13,113.01,99.07,156.09,27.43,107.79,115.46,26.93,10.67,99.42,104.49,155.21,23.85,102.34,104.34
T1,1.051,24.79,10.82,113.85,105.99,153.56,23.88,114.12,103.31,28.1,10.89,116.96,112.71,153.85,23.62,101.86,103.17
T8,1.164,25.21,9.4,108.65,114.79,167.53,24.11,106.8,105.65,25.28,10.31,100.16,105.73,169.26,26.25,103.43,117.6
T4,1.192,23.93,10.19,103.93,103.21,152.56,26.65,108.69,108.51,26.22,11.25,105.2,99.07,159.98,27.09,110.18,99.98
T2,1.306,27.8,10.78,92.4,110.95,160.56,24.47,94.86,103.39,26.46,10.63,101.29,95.6,160.35,24.7,108.36,102.48
T7,1.332,27.7,10.71,92.3,108.87,147.22,25.13,101.02,110.44,26.24,9.49,97.77,110.84,155.48,28.73,111.61,103.71
T6,1.647,24.54,10.56,98.77,100.99,154.18,28.43,104.21,107.65,27.38,10.72,114.4,98.74,155.14,28.25,105.9,109.28
T1,1.755,24.62,10.47,107.88,115.25,160.55,27.33,108.89,98.03,25.0,9.6,111.28,108.56,140.44,27.23,109.28,92.87
T6,1.93,26.02,10.13,100.08,99.53,141.69,25.04,101.18,99.42,25.73,9.71,98.44,95.25,164.98,24.61,104.71,104.76
T8,2.011,23.62,10.98,103.47,109.01,162.24,27.9,92.05,104.25,24.35,10.82,107.51,107.82,171.82,27.65,106.61,111.16
T2,2.129,26.27,10.65,102.0,104.75,157.33,25.44,99.58,94.06,29.31,10.45,106.44,97.12,158.92,24.47,93.59,98.78
T3,2.239,23.85,9.48,98.65,106.54,168.58,27.01,114.24,107.15,24.98,9.5,106.98,92.89,156.47,26.4,100.6,108.21
T2,2.263,29.2,9.42,107.59,101.49,168.23,25.95,108.0,108.05,29.4,9.74,103.77,99.91,150.64,26.04,109.34,96.99
T6,2.342,27.85,10.97,102.09,102.67,141.13,27.68,107.67,106.64,28.71,10.61,109.48,108.35,163.68,24.13,104.17,101.7
T7,2.498,27.27,9.74,102.76,100.37,166.08,24.6,104.37,101.77,26.24,10.14,97.69,98.7,147.5,25.5,107.43,114.92
T3,2.575,25.06,10.13,111.25,99.7,150.84,27.9,108.05,100.06,26.07,10.55,106.28,97.1,148.69,27.83,113.79,106.95
T9,2.701,27.35,10.44,108.5,100.28,173.03,28.0,109.09,108.81,24.49,10.34,105.83,103.07,172.8,26.98,109.17,113.7
T2,2.77,28.01,10.88,94.11,96.39,157.75,23.48,94.76,105.45,27.87,9.96,103.95,99.28,168.44,25.81,97.36,95.52
T10,2.777,24.75,9.51,94.57,103.64,158.39,27.3,117.03,110.24,27.2,9.72,96.63,102.16,158.16,25.94,99.66,107.0
T4,2.795,23.42,10.29,100.32,100.5,166.18,25.47,114.86,113.93,23.4,10.11,107.5,108.75,171.37,24.96,115.23,107.62
T5,2.859,27.02,10.15,105.28,110.43,158.66,27.7,95.06,103.32,26.85,10.01,102.38,111.78,162.71,25.3,100.01,106.92
T7,2.923,25.64,9.48,101.6,105.08,159.32,25.26,100.3,102.62,24.18,9.99,105.94,107.92,152.51,24.66,99.07,101.2
T3,2.93,23.19,9.69,111.49,97.01,151.38,27.07,98.86,108.26,25.98,9.91,109.18,92.74,174.73,24.63,103.4,103.41
T10,2.955,27.39,10.59,106.85,100.0,145.56,25.77,117.4,95.69,27.99,9.38,96.27,100.56,158.05,27.09,99.83,97.02
T9,3.215,26.01,10.69,102.0,96.51,161.84,25.97,99.75,99.62,26.12,11.18,110.31,97.66,152.29,23.64,107.86,97.65
T10,3.23,24.93,10.98,91.53,104.16,155.57,26.71,107.01,97.78,24.78,10.46,106.89,100.91,168.97,27.66,101.96,104.42
T8,3.238,26.09,9.88,111.45,111.23,160.22,25.44,99.36,111.3,27.6,10.68,104.03,103.21,150.14,27.92,104.28,101.38
T9,3.256,25.08,11.55,114.64,92.83,152.01,24.69,103.87,114.82,24.86,11.65,107.16,102.82,158.55,27.63,113.34,99.77
T9,3.276,26.21,11.25,110.94,106.22,158.61,26.04,113.11,97.85,27.49,11.48,102.41,96.66,160.07,27.33,118.03,109.83
T9,3.377,25.88,10.02,109.72,93.04,169.53,24.04,105.26,104.9,26.97,10.17,115.95,96.84,157.21,24.22,104.42,99.11
T8,3.489,26.48,10.39,101.56,109.01,162.81,24.99,97.24,99.44,23.52,10.86,103.6,104.77,174.36,24.28,102.04,113.44
T7,3.501,25.39,9.34,92.35,108.67,165.26,26.86,103.76,104.51,26.13,9.76,99.79,104.52,152.82,25.95,95.45,107.94
T8,3.597,27.9,10.15,100.65,100.15,174.51,24.91,104.67,111.27,26.84,11.16,96.73,110.87,153.12,24.02,100.09,115.84
T5,3.724,27.03,11.1,102.38,100.25,147.97,26.27,94.81,107.36,26.49,9.83,104.7,108.67,162.06,25.57,107.58,94.31
T5,3.784,26.12,10.88,106.78,109.03,150.92,27.08,96.73,101.15,26.56,10.89,94.17,112.79,144.7,27.28,96.78,107.56
T1,3.864,25.34,9.84,108.56,103.44,153.67,26.18,105.32,106.1,24.96,10.3,100.99,103.57,156.95,27.62,100.88,99.87
T8,3.901,27.32,10.65,99.96,112.92,168.19,23.71,101.97,117.36,24.82,9.44,111.59,106.16,152.57,24.58,94.87,102.48
T1,4.064,27.89,11.15,101.62,115.88,155.98,27.66,107.88,105.25,26.24,9.56,111.08,111.26,165.02,26.41,108.23,102.74
T6,4.215,25.42,10.62,105.23,103.98,150.98,28.33,103.92,102.52,26.69,10.86,107.76,91.39,153.91,25.46,103.47,99.16
T8,4.22,23.55,10.62,98.02,108.31,156.4,26.6,99.82,105.95,23.94,10.8,99.84,101.96,154.51,24.97,106.86,104.85
T2,4.29,27.61,9.64,93.39,103.31,163.89,23.55,103.55,99.32,25.71,10.22,94.1,108.08,149.65,24.35,95.22,105.85
T7,4.39,25.0,9.54,97.63,109.22,166.23,27.24,107.93,115.35,24.3,10.08,101.54,114.1,171.2,25.15,99.44,103.99
T4,4.405,27.0,10.68,93.15,110.54,159.9,24.8,109.14,110.81,25.06,11.11,104.5,104.77,148.82,26.82,108.98,114.5
T3,4.5,25.91,9.63,98.13,107.07,152.82,27.8,105.32,109.57,24.46,9.56,99.79,105.96,172.1,27.38,107.59,108.49
T10,4.618,27.73,9.82,94.82,103.78,163.68,26.79,115.84,98.88,24.76,9.32,96.45,106.32,153.2,27.66,117.95,98.67
T9,4.814,27.95,10.22,113.04,100.4,156.72,25.84,107.24,107.93,26.82,10.97,111.2,102.29,169.55,27.02,100.79,113.33
T3,4.892,25.86,10.18,101.75,94.2,171.8,24.17,114.93,113.86,24.0,10.7,103.8,102.18,176.12,25.77,107.22,102.38
T2,5.005,25.32,9.95,94.8,101.74,154.44,26.7,103.15,95.04,25.65,9.42,94.21,108.12,152.27,27.53,105.31,108.49
T2,5.207,27.55,9.95,102.76,96.39,169.48,27.3,103.34,95.61,26.93,10.31,94.15,109.12,170.6,26.48,94.78,104.87
T6,5.269,25.78,10.26,98.57,95.35,148.05,28.01,107.16,97.82,27.45,10.75,99.36,106.43,145.66,24.88,101.15,96.17
T7,5.451,24.88,10.08,101.36,101.06,170.95,28.48,94.73,100.38,27.6,10.74,93.98,99.37,154.26,28.05,99.11,108.85
T7,5.567,27.03,9.38,104.34,109.89,161.04,25.18,103.8,112.66,27.28,9.31,97.52,96.92,158.92,28.77,107.43,114.19
T7,5.722,26.26,9.87,92.59,105.16,145.47,25.76,109.37,100.8,24.44,10.45,98.11,100.02,159.22,28.58,104.31,104.41
T1,5.976,25.27,10.42,115.72,102.68,145.95,26.9,108.66,95.25,27.26,10.6,111.89,109.5,140.42,23.67,109.01,99.76
T5,6.181,25.2,9.93,102.78,98.06,161.52,26.54,108.79,105.96,27.28,10.02,97.01,97.45,170.43,26.36,93.4,103.47
T9,6.242,28.47,10.15,103.11,105.64,153.23,25.2,109.97,106.12,25.39,9.9,116.49,104.23,157.14,24.4,103.43,108.17
T8,6.274,26.09,9.75,96.79,98.86,159.33,24.58,91.42,106.28,23.69,10.7,99.28,104.5,174.33,26.28,106.8,107.37
T6,6.591,24.94,10.93,100.75,95.45,164.25,26.04,94.94,98.13,28.91,9.92,110.55,107.2,163.68,28.18,106.07,95.47
T9,6.628,27.97,10.24,109.73,102.63,167.77,27.2,100.7,99.43,25.17,10.06,103.6,98.19,171.54,27.17,115.42,113.35
T8,6.887,26.52,10.65,102.17,104.77,156.43,27.84,98.4,109.25,25.2,10.79,106.26,112.23,162.41,25.28,97.5,113.37
T3,6.893,25.33,10.47,96.78,100.44,174.86,27.5,103.63,116.31,26.48,10.02,110.44,101.46,152.94,27.79,109.67,99.91
T8,6.938,24.31,9.78,103.01,100.52,157.09,26.86,94.02,106.81,25.12,9.63,101.85,97.97,156.08,26.36,94.2,106.22
T2,7.128,28.77,9.97,97.57,100.19,157.4,24.26,98.42,107.52,29.66,10.91,99.1,108.49,167.08,24.43,101.06,99.7
T5,7.206,27.63,11.2,93.39,103.29,169.78,25.72,94.83,109.19,26.57,11.05,93.26,112.86,149.42,26.69,98.76,103.1
T6,7.308,25.39,9.31,106.43,105.64,146.57,28.44,96.44,97.72,28.91,9.84,113.44,94.81,142.93,24.67,104.84,100.16
T1,7.363,24.49,9.46,111.27,114.1,158.34,24.56,102.04,97.19,25.32,10.58,106.25,113.13,156.64,26.24,103.98,101.53
T3,7.486,24.94,9.6,113.25,106.29,174.81,24.08,96.86,98.59,25.27,9.98,104.97,103.61,156.48,25.08,101.02,104.38
T4,7.766,26.64,10.77,103.08,104.21,161.7,25.79,101.57,113.9,23.28,9.98,107.79,99.4,159.22,23.96,102.46,111.19
T7,7.795,23.61,9.55,97.82,111.76,157.33,26.19,95.42,100.39,23.85,9.54,91.65,114.92,159.84,28.34,105.34,113.0
T10,7.883,25.02,10.58,91.84,92.26,165.1,28.48,109.35,106.37,28.09,9.7,94.02,106.41,159.98,26.82,102.67,112.28
T7,8.206,26.46,9.48,99.2,102.32,159.33,28.07,95.62,100.38,26.95,10.8,104.34,107.93,159.24,25.22,103.73,99.48
T7,8.277,25.72,10.17,105.75,109.03,168.48,26.32,98.99,107.52,24.97,9.67,100.98,99.37,171.45,28.2,104.62,100.75
T3,8.281,24.15,10.15,107.55,102.71,171.8,26.96,106.54,109.29,23.07,10.9,110.35,98.96,156.92,24.95,105.55,114.18
T4,8.353,24.46,10.75,107.31,107.15,158.51,25.63,109.82,100.33,23.44,10.3,97.07,110.11,159.92,25.53,111.33,108.81
T1,8.46,27.82,10.19,115.73,116.13,140.65,25.86,106.54,106.49,27.67,10.51,115.74,114.29,144.28,27.42,100.86,93.62
T7,8.651,27.6,10.76,106.75,98.28,158.09,25.29,97.46,107.65,26.3,10.5,98.32,98.7,160.84,29.0,104.47,116.12
T3,8.723,27.23,10.76,100.81,100.32,171.96,25.04,104.46,108.93,23.71,11.01,111.58,95.73,164.86,25.8,100.03,98.34
T3,8.842,24.79,10.94,106.27,95.02,164.98,25.42,112.28,106.67,23.51,10.06,109.26,104.84,160.95,26.29,101.25,112.4
T3,8.995,26.23,11.11,104.35,104.43,168.22,26.93,105.93,105.93,26.36,9.41,97.21,105.74,155.19,25.73,98.59,114.39
T8,9.095,23.95,10.48,97.14,112.22,167.31,24.34,98.62,103.86,23.7,9.99,112.89,97.61,164.85,23.54,101.75,102.58
T9,9.187,25.43,10.4,117.03,105.37,172.81,25.71,116.65,97.61,27.02,10.52,108.8,95.7,175.47,25.82,109.09,98.68
T3,9.583,27.27,10.82,110.3,109.38,172.86,25.34,108.08,115.68,24.22,10.62,99.79,93.3,175.9,26.3,99.32,98.34
T7,9.6,27.7,10.94,104.87,101.01,145.09,27.24,105.96,108.78,27.03,10.1,94.87,109.92,168.22,27.06,111.78,116.44
T6,9.655,28.24,9.35,104.2,97.4,142.9,27.32,107.12,101.55,25.42,9.91,97.52,100.87,158.6,26.76,95.85,102.7
T8,9.717,23.87,10.99,110.21,101.87,150.03,27.27,104.91,117.29,27.43,10.87,101.56,108.23,164.74,24.68,105.66,99.39
T5,9.983,26.66,10.45,101.99,110.7,161.85,25.82,101.53,106.78,26.11,11.4,105.17,101.78,170.59,27.89,103.23,106.5
T8,10.083,27.54,10.37,103.22,114.93,163.78,26.87,93.76,109.2,24.54,10.51,100.08,113.45,166.1,27.23,101.66,109.0
T5,10.123,27.28,10.79,93.76,103.89,158.17,26.03,108.82,98.62,23.72,10.55,96.57,109.45,160.05,25.43,93.76,109.13
T4,10.132,27.28,10.79,94.2,100.5,144.37,24.53,111.9,109.44,26.15,10.15,96.42,110.57,167.52,24.24,112.15,117.05
T2,10.237,28.28,11.05,98.26,101.91,159.81,27.33,97.03,101.54,28.43,11.02,96.57,101.56,158.32,25.32,105.72,98.17
T4,10.415,25.65,10.25,108.07,107.52,159.92,23.55,101.95,114.92,25.41,11.24,96.41,105.46,167.97,27.17,107.14,105.24
T10,10.459,28.12,9.67,107.69,105.96,158.1,28.14,108.51,96.59,24.95,10.51,95.87,92.6,155.5,24.24,115.63,95.9
T4,10.467,24.45,10.36,103.11,95.88,149.2,23.86,99.61,103.63,27.18,10.7,96.32,106.82,151.72,23.51,105.42,106.57
T7,10.661,24.97,10.5,105.22,99.05,156.4,26.23,107.96,103.49,26.42,9.43,97.58,112.12,148.29,24.67,101.02,103.63
T9,10.726,26.0,10.94,104.72,92.97,170.64,25.63,114.07,105.78,27.75,11.06,102.73,95.0,170.36,26.15,108.49,97.18
T3,10.9,23.59,10.13,96.57,99.79,161.34,25.75,99.54,109.06,24.8,9.52,96.92,102.92,150.06,27.95,105.51,111.26
T8,10.914,27.74,10.34,110.14,105.52,151.98,24.1,100.57,112.37,25.33,9.48,113.8,115.17,158.74,27.38,94.72,113.17
T10,10.942,24.56,10.07,108.32,106.47,159.11,24.45,112.69,111.89,26.86,10.97,98.83,95.03,165.73,24.12,116.73,103.0
T5,10.972,24.87,10.3,91.77,111.9,166.02,26.99,107.03,93.68,25.57,9.92,94.53,111.85,156.68,24.93,109.63,104.4
T4,11.135,27.11,10.99,91.91,109.96,162.96,24.81,116.82,104.89,24.46,11.16,101.18,110.43,148.64,24.22,101.24,102.48
T10,11.166,23.81,10.53,102.78,100.51,162.67,25.34,103.42,104.58,26.73,10.22,99.91,103.41,160.92,24.94,106.56,105.86
T3,11.517,25.48,10.32,100.72,95.06,156.51,24.4,110.85,105.86,25.96,9.92,103.69,101.37,167.71,24.38,103.06,115.21
T9,11.795,26.66,10.34,101.33,93.91,163.02,27.68,113.84,101.58,28.52,10.27,108.27,97.29,157.92,27.65,102.53,103.67
T8,11.928,26.75,9.48,99.0,111.48,152.38,26.79,107.98,112.62,24.69,10.29,112.94,98.69,157.47,25.26,106.47,110.14
T4,12.185,26.22,11.51,102.88,103.17,171.16,25.04,107.25,99.37,24.74,10.42,106.31,105.97,150.05,24.13,109.79,112.39
T3,12.415,24.04,9.46,108.13,105.57,160.67,24.18,99.63,100.87,24.9,10.8,99.79,96.16,170.12,27.94,103.02,102.22
T3,12.825,26.21,10.16,105.28,104.94,169.85,25.25,107.42,106.12,23.58,9.6,102.75,97.3,164.93,24.9,103.19,106.37
T1,12.874,27.07,10.68,101.04,115.12,157.98,24.56,101.71,106.16,25.55,9.58,115.04,116.1,141.45,25.01,106.57,98.56
T7,12.983,27.58,9.37,106.82,100.32,167.62,26.44,97.73,99.65,25.54,10.58,96.88,106.91,150.6,26.78,107.43,101.78
T7,13.081,27.04,9.3,98.49,106.33,166.23,27.84,109.04,111.39,26.91,10.09,95.4,100.06,151.24,26.81,105.6,111.93
T5,13.159,26.58,10.01,104.53,98.31,157.22,26.62,102.2,101.21,26.29,11.59,107.66,107.75,156.24,27.85,96.91,109.34
T1,13.171,26.49,10.96,109.25,110.19,164.53,24.95,106.8,95.4,24.48,10.16,104.48,100.68,143.39,27.87,99.38,108.67
T1,13.2,27.77,11.11,112.85,101.9,141.06,24.01,105.41,103.35,25.91,10.9,103.25,102.6,145.84,25.29,108.89,103.03
T8,13.344,25.91,10.91,99.52,100.71,159.55,24.0,94.59,106.26,23.69,10.51,105.36,97.85,166.53,27.34,106.94,99.58
T9,13.416,24.35,10.12,102.73,93.65,178.36,24.44,105.32,104.19,25.48,10.27,117.1,99.55,178.71,27.81,115.51,113.43
T10,13.426,27.58,10.51,105.36,107.41,148.98,25.81,106.5,110.35,26.4,10.94,105.97,108.69,159.43,27.45,117.65,102.72
T3,13.431,23.99,9.38,107.95,105.72,170.76,24.42,104.65,101.86,26.54,10.18,97.89,95.7,150.34,25.74,110.01,102.42
T8,13.483,24.39,10.35,102.41,99.69,160.12,27.17,99.51,107.34,25.64,10.12,103.72,112.93,150.05,24.65,97.79,112.96
T3,13.638,25.72,10.24,107.47,98.64,161.92,27.91,100.51,111.39,23.2,10.28,103.19,105.65,158.53,26.14,102.88,113.82
T9,13.787,24.36,10.04,102.46,96.66,155.45,23.75,107.98,110.17,27.99,10.21,114.57,96.49,159.76,26.58,111.32,109.52
T6,13.943,24.74,10.09,112.48,103.4,163.99,27.39,99.36,102.96,26.41,9.52,106.18,100.84,145.18,26.27,104.86,97.77
T3,14.164,25.39,10.72,107.15,99.09,171.34,27.46,101.57,103.87,23.75,9.53,110.65,109.34,174.86,26.41,112.69,107.75
T1,14.21,26.41,11.1,110.67,100.46,139.39,26.64,115.14,108.04,25.0,10.52,114.46,100.48,146.65,26.56,105.41,93.06
T8,14.279,27.59,9.83,101.04,111.98,162.81,27.39,102.96,107.86,26.51,9.86,104.66,103.18,174.59,27.02,102.07,106.34
T3,14.306,23.81,10.66,104.6,108.93,168.59,23.59,107.57,106.62,24.92,9.57,101.93,99.9,151.79,24.42,106.49,102.62
T3,14.344,26.92,10.71,102.98,108.52,159.4,26.74,106.1,107.66,26.31,9.62,114.12,94.84,160.24,24.55,114.36,102.79
T2,14.386,26.92,10.89,97.59,109.87,170.4,26.84,110.26,95.44,26.95,9.91,95.53,98.8,154.97,26.69,109.43,98.96
T3,14.429,24.22,10.57,112.07,105.49,156.99,25.36,98.24,108.13,23.58,10.02,104.78,97.06,161.36,23.74,111.07,115.51
T2,14.6,27.61,10.86,102.01,108.42,154.99,24.13,97.77,95.02,25.28,10.89,96.42,110.59,163.62,23.67,105.66,102.3
T3,14.669,25.57,9.64,96.98,105.28,170.95,25.2,107.88,101.31,24.74,11.1,102.2,95.7,170.95,27.22,109.21,112.11
T4,14.724,26.15,9.85,101.95,99.2,168.55,23.55,103.85,106.83,27.23,9.76,104.14,101.07,169.84,24.05,114.72,113.99
T9,14.729,24.4,10.84,104.39,96.2,173.42,27.0,113.51,108.01,25.96,11.35,116.19,98.81,173.05,26.04,104.32,99.01
T9,15.407,27.41,11.61,111.22,96.03,162.86,24.76,105.26,99.95,26.72,11.3,111.44,99.07,155.04,26.19,101.11,99.1
T6,15.456,26.3,10.78,100.24,100.48,158.13,24.55,99.41,102.51,28.41,10.95,105.76,94.84,154.12,27.47,94.29,96.99
T10,15.457,23.66,10.05,105.4,94.28,154.72,27.96,113.66,107.23,26.65,10.93,95.09,101.73,158.32,28.52,109.35,111.54
T3,15.457,25.05,10.94,99.74,103.78,157.73,25.36,104.03,108.78,26.54,9.51,109.47,94.3,150.83,23.62,108.42,109.53
T7,15.664,27.12,10.15,100.73,108.99,160.79,28.78,106.2,100.66,27.32,9.87,104.5,113.54,166.8,24.53,96.83,106.7
T7,15.865,25.94,10.25,92.96,107.31,149.19,25.05,104.57,100.06,25.16,10.35,92.71,107.02,147.85,26.66,105.14,103.86
T7,15.915,24.11,10.0,107.41,108.54,149.5,25.38,109.53,116.16,26.2,9.77,100.68,101.36,155.71,28.95,98.34,101.04
T9,15.937,24.53,11.03,117.41,108.06,153.32,26.22,117.3,100.03,28.82,9.85,112.95,105.33,165.41,24.4,116.27,97.85
T4,16.066,23.34,11.34,101.21,103.01,159.26,24.57,112.31,104.03,24.84,10.32,97.82,96.61,153.85,24.65,115.5,107.94
T9,16.082,25.21,10.68,113.94,106.67,152.26,24.05,116.52,99.84,28.24,10.61,110.32,94.73,159.72,26.51,104.84,98.96
T1,16.089,26.55,9.71,110.22,98.75,140.24,27.26,115.3,98.38,25.56,10.57,101.56,112.15,153.42,27.68,108.62,97.54
T9,16.11,26.48,10.96,99.28,97.54,159.07,25.01,111.59,112.36,25.17,10.18,103.34,104.52,176.82,24.13,114.01,100.19
T7,16.206,25.91,9.46,103.49,104.07,153.96,28.08,110.65,100.26,27.25,10.04,92.99,109.44,163.91,24.68,110.81,105.72
T4,16.35,27.37,9.97,98.0,108.14,145.18,25.4,110.38,108.18,25.58,10.55,107.59,108.89,162.96,25.83,107.94,115.86
T10,16.372,26.2,11.0,91.84,104.79,161.79,25.54,103.88,104.71,26.73,9.98,99.63,96.92,151.98,28.15,106.14,105.89
T7,16.408,25.29,10.07,101.61,100.02,169.51,25.96,99.4,109.94,25.41,10.54,101.23,105.75,150.8,25.28,110.18,106.98
T3,16.522,24.1,9.46,101.53,107.22,172.35,26.58,108.3,115.15,24.14,9.75,107.76,101.87,174.43,26.0,101.38,99.1
T10,16.911,27.72,10.33,106.59,101.79,167.25,26.71,111.82,105.89,28.02,9.82,103.47,108.9,161.43,25.57,117.49,110.64
T7,16.99,27.49,10.42,99.7,99.14,153.93,25.03,103.91,99.4,27.01,10.17,107.02,112.92,160.89,26.05,101.44,102.22
T8,17.025,24.85,9.52,104.09,111.7,162.74,23.48,91.52,104.25,24.59,9.43,102.38,98.74,172.21,24.4,108.54,106.48
T4,17.08,25.04,11.19,102.23,113.29,166.44,25.81,103.11,109.26,26.16,11.26,103.09,99.08,147.34,23.78,112.38,108.84
T5,17.321,24.89,10.68,101.4,100.25,144.68,25.35,103.14,109.01,27.5,11.08,96.28,111.32,150.82,26.67,101.13,109.25
T3,17.41,24.28,10.17,99.14,95.28,168.92,26.51,98.22,114.18,25.83,11.05,112.95,95.18,158.34,24.94,98.07,103.7
T1,17.422,28.28,10.2,102.47,105.34,148.64,27.46,100.65,98.68,25.31,10.18,115.15,114.84,156.3,27.69,105.56,92.67
T1,17.443,24.02,9.94,112.36,98.86,144.5,26.41,99.39,105.3,26.34,10.62,116.23,117.15,164.7,26.49,114.99,98.12
T10,17.492,26.81,10.56,100.68,96.92,151.44,24.24,108.27,112.51,25.08,9.56,107.15,103.4,162.3,24.21,117.54,96.48
T1,17.561,28.22,10.82,99.84,103.36,151.16,25.54,104.94,103.94,24.56,9.74,107.9,109.15,159.29,25.29,110.24,107.54
T8,17.888,25.14,9.47,98.98,99.65,156.76,25.45,106.11,102.04,27.65,10.34,105.73,101.29,164.34,24.07,98.68,117.41
T1,17.915,26.9,11.0,105.18,100.71,159.56,27.55,108.16,108.73,27.17,10.82,106.71,116.21,158.68,25.52,109.04,102.6
T6,17.963,24.64,10.25,113.34,92.33,158.11,27.06,105.11,108.75,27.23,10.06,114.68,95.79,142.94,27.06,104.28,99.99
T8,18.015,23.69,10.44,103.29,107.35,171.64,27.46,99.23,111.69,27.92,10.85,105.25,102.0,170.66,25.56,95.21,111.3
T5,18.062,27.2,10.58,105.78,110.89,151.55,28.13,101.39,97.07,25.94,11.62,92.1,113.54,170.52,27.17,107.3,105.09
T9,18.088,27.51,11.45,105.44,105.63,174.86,25.2,113.88,97.79,24.51,10.4,103.46,98.04,159.49,25.13,114.87,108.97
T10,18.101,25.19,10.24,93.16,106.32,161.45,24.68,102.48,96.29,25.68,10.58,93.6,100.41,152.15,27.16,99.31,104.84
T10,18.132,26.74,9.64,98.81,103.28,147.83,28.32,113.69,106.71,25.8,10.55,95.83,101.81,161.33,27.79,103.86,104.86
T2,18.133,29.59,10.43,105.69,99.91,151.8,26.19,100.83,96.12,28.76,9.51,99.63,99.67,153.2,27.62,109.2,103.31
T4,18.171,24.11,10.72,108.65,99.89,156.5,24.06,115.0,111.53,26.05,10.77,97.35,99.89,167.97,24.21,114.02,100.83
T3,18.266,25.86,9.47,109.89,95.88,148.75,24.0,98.18,115.23,25.95,10.32,110.13,104.85,164.21,24.82,105.08,112.51
T7,18.331,27.49,10.86,93.52,110.0,145.91,27.52,105.94,109.54,24.61,10.3,104.87,101.1,171.0,26.04,94.79,101.92
T9,18.359,27.41,10.36,115.63,94.3,155.23,24.07,108.09,115.33,28.77,11.27,108.03,107.1,167.62,26.88,101.2,103.1
T2,18.401,27.41,10.02,95.02,99.67,165.06,25.58,98.99,101.2,25.25,11.01,93.41,103.35,173.28,26.41,101.73,108.56
T2,18.428,27.79,10.12,101.19,99.38,161.73,25.18,100.41,97.06,29.4,10.63,96.72,110.1,163.15,25.61,93.66,98.78
T10,18.447,25.19,9.52,104.06,99.71,148.64,26.93,102.32,102.88,24.18,10.57,104.2,95.76,166.24,28.57,106.48,104.52
T6,18.477,26.39,9.68,105.89,99.36,159.06,24.22,105.34,103.34,25.84,9.61,106.28,100.24,149.88,26.13,102.91,94.69
T4,18.517,24.64,10.62,98.46,101.42,171.01,24.68,115.85,110.15,23.24,10.86,98.71,109.14,170.88,26.97,114.15,104.77
T9,18.667,25.01,10.2,115.09,102.18,162.24,27.9,118.03,114.0,25.84,10.0,117.72,101.58,170.4,26.95,111.43,112.54
T3,18.673,24.36,9.42,106.82,106.39,173.98,24.94,114.66,101.09,24.65,11.11,110.19,109.52,167.61,27.73,102.3,112.36
T7,18.676,27.78,10.88,101.36,114.44,148.66,28.32,96.15,112.25,27.98,9.55,106.96,106.79,152.92,28.7,108.92,104.76
T7,19.009,23.63,9.96,108.97,102.12,147.5,24.97,106.2,108.16,25.8,9.39,104.76,109.73,163.76,28.37,110.6,110.01
T1,19.076,24.22,10.4,114.93,100.92,156.05,26.0,113.14,108.27,25.66,11.15,110.38,108.81,139.58,24.79,111.46,93.78
T5,19.109,27.73,11.56,97.8,108.74,164.16,25.32,95.44,98.08,25.16,10.52,108.24,112.16,159.06,28.48,99.03,100.39
T7,19.148,26.14,10.63,94.34,110.31,170.57,28.37,108.98,108.4,24.94,9.54,93.52,100.64,144.46,25.42,107.52,105.52
T3,19.152,26.79,10.07,110.89,100.04,161.17,25.2,97.94,106.21,23.42,10.47,107.95,95.28,165.35,26.44,103.42,101.8
T3,19.666,25.53,9.38,113.18,92.97,166.96,25.03,99.4,100.99,24.15,9.67,103.42,95.77,148.75,24.07,106.82,107.76
T8,19.679,23.65,9.74,106.07,106.7,167.21,24.39,101.17,100.27,24.46,10.01,103.82,107.8,175.49,24.72,101.31,99.32
T6,19.872,25.54,10.53,109.99,96.64,147.1,26.85,95.38,95.13,27.92,10.4,106.88,97.69,147.2,28.03,105.28,102.44
T7,20.186,26.45,10.1,92.42,113.75,162.01,24.96,94.73,114.9,26.69,10.36,99.26,107.44,147.22,26.21,97.85,105.37
T7,20.242,25.54,9.97,107.65,110.76,161.77,25.77,111.4,103.49,26.03,9.76,107.38,113.35,162.0,25.84,110.09,112.43
T10,20.527,27.98,10.48,91.48,101.42,168.7,26.09,110.73,101.7,25.61,9.83,107.46,107.86,151.66,27.34,112.3,99.75
T10,20.552,24.47,10.13,108.16,101.47,155.56,27.74,105.99,106.03,28.06,10.17,103.47,95.78,156.04,28.15,117.37,96.1
T7,20.572,26.23,10.31,105.69,97.28,150.22,26.11,99.85,110.01,23.92,10.42,103.76,101.02,166.31,25.6,103.24,103.14
T4,20.585,25.05,10.98,95.07,102.5,169.79,24.31,100.56,101.24,25.18,10.08,104.23,98.82,164.73,25.95,106.25,105.52
T9,20.677,26.2,10.73,113.96,93.35,156.4,24.62,107.97,100.34,27.9,11.16,109.36,95.8,178.78,24.2,108.1,108.28
T6,20.687,27.96,9.41,101.36,100.67,146.55,26.51,109.35,99.01,26.03,10.66,105.05,92.49,162.81,27.75,109.01,105.73
T3,20.803,26.64,10.1,101.84,102.89,159.4,26.61,109.67,100.97,26.88,10.32,101.21,93.67,154.75,24.36,111.83,111.24
T5,20.952,27.49,10.49,92.9,114.98,147.97,24.68,94.04,102.67,25.91,10.33,99.97,107.12,163.27,26.23,98.72,105.05
T3,20.961,23.63,10.04,111.7,95.18,150.71,24.16,105.49,104.83,23.26,10.48,113.55,103.72,171.32,25.87,100.87,111.29
T7,20.993,24.59,10.5,95.4,109.72,160.79,24.49,102.71,103.2,26.02,9.7,108.47,97.61,171.42,26.02,111.45,115.76
T1,21.054,25.45,9.63,99.54,104.35,153.49,24.7,103.93,97.5,25.33,10.54,116.43,115.38,159.04,25.82,100.2,109.24
T7,21.237,26.72,9.51,108.45,105.97,154.26,27.68,108.69,114.22,24.31,9.95,94.93,97.52,160.92,28.88,99.84,117.03
T1,21.275,25.65,11.24,117.36,109.47,148.45,23.94,110.48,102.89,27.92,9.5,112.9,102.48,145.12,26.45,106.06,92.31
T6,21.308,27.22,10.77,102.09,103.07,145.8,26.37,92.89,94.77,25.42,10.04,110.16,99.05,153.99,25.62,97.43,105.16
T2,21.348,28.93,10.84,107.61,102.06,146.79,26.43,98.25,92.64,28.15,10.8,108.04,97.62,157.88,25.83,101.82,93.81
T7,21.374,26.8,9.99,104.43,103.64,151.92,27.29,99.58,110.08,26.84,10.23,91.7,113.51,159.54,28.15,103.5,108.2
T10,21.645,25.66,9.64,100.08,92.13,167.86,25.66,108.9,100.23,26.84,10.25,96.18,108.2,149.82,26.87,109.35,105.45
T10,21.654,25.88,10.86,97.57,106.0,151.73,27.33,116.12,99.22,23.66,9.46,92.2,102.33,166.32,25.37,115.97,104.07
T5,21.901,27.03,9.99,105.47,106.34,167.62,26.45,103.52,97.93,25.52,10.45,97.03,105.64,151.55,26.6,105.79,93.29
T7,21.911,23.66,9.52,100.12,101.86,157.29,25.97,102.46,105.5,26.92,10.17,106.91,105.48,170.36,24.97,101.91,102.85
T10,21.966,23.86,10.93,102.3,101.06,154.98,27.2,101.91,97.8,25.57,11.0,107.1,108.78,150.51,25.11,110.11,109.68
T1,22.346,24.46,10.52,100.52,115.29,148.35,27.14,103.06,92.59,27.6,10.32,102.16,114.2,139.22,24.48,107.58,107.19
T3,22.516,25.84,9.5,99.46,94.2,174.41,26.54,104.35,108.64,23.68,9.47,99.82,105.54,161.0,25.14,104.74,104.41
T3,22.554,23.23,10.94,100.97,105.5,171.92,27.21,112.64,110.76,24.18,10.82,105.79,106.45,163.16,26.04,105.87,114.47
T4,22.731,23.17,11.27,108.31,110.16,156.09,27.52,111.7,100.79,25.6,10.8,105.16,97.21,163.19,26.84,104.01,116.51
T7,22.845,24.26,9.99,94.53,98.01,146.71,28.82,106.64,102.86,25.07,9.72,93.21,108.67,166.28,28.44,104.38,113.26
T5,22.889,27.54,9.86,92.52,102.23,169.88,27.39,103.6,103.98,25.64,11.37,100.77,101.49,160.6,28.38,100.8,105.31
T7,23.503,24.69,10.75,97.89,105.1,165.47,26.71,105.26,109.28,26.45,10.09,107.78,98.2,146.72,28.73,100.82,98.64
T3,23.505,25.36,9.76,98.95,101.8,148.5,25.42,102.88,112.51,23.83,9.67,113.17,103.27,169.55,24.82,98.1,98.37
T7,23.509,26.64,10.47,97.18,102.9,162.45,25.08,100.14,114.29,25.03,10.07,93.24,97.64,168.32,24.89,107.96,112.27
T1,23.549,26.2,10.97,109.18,102.12,155.81,23.65,114.58,99.52,25.76,10.32,111.06,108.72,151.41,23.85,101.03,97.79
T4,23.551,24.41,11.56,102.71,98.35,170.24,24.58,101.16,113.54,27.41,10.72,106.9,112.03,167.04,23.52,107.95,107.65
T3,23.67,26.59,10.65,107.73,101.39,166.93,26.21,101.72,113.45,24.63,9.49,106.97,95.46,167.63,24.37,108.98,105.93
T4,23.805,24.38,11.17,100.9,95.92,166.89,27.6,104.01,113.4,25.69,10.29,96.34,97.37,157.19,24.7,111.33,105.54
T2,23.895,25.63,10.31,101.13,109.65,163.46,26.29,93.82,100.16,26.04,9.52,108.83,106.47,145.89,24.94,109.64,99.46
T1,23.983,27.59,10.53,106.56,104.71,146.39,26.27,99.9,103.62,27.21,10.05,116.95,107.94,152.82,27.53,114.98,92.34
T10,24.067,26.73,9.71,93.16,94.83,160.98,26.44,110.35,102.99,27.94,10.42,105.46,106.93,162.85,25.27,111.37,100.07
T9,24.082,26.32,10.28,105.55,94.75,167.98,25.64,110.24,105.67,25.21,10.77,117.0,104.83,163.2,23.83,101.29,114.36
T7,24.156,27.35,9.84,101.63,103.2,151.81,25.34,96.33,100.86,27.45,9.95,96.29,110.78,146.53,27.81,105.5,104.93
T6,24.203,25.86,9.42,105.42,100.28,154.34,25.48,92.29,92.21,28.36,10.13,97.77,104.58,159.84,27.27,92.47,101.87
T2,24.243,27.75,9.8,102.08,109.89,162.06,26.04,94.71,101.01,29.71,9.63,96.12,98.03,163.55,26.04,103.69,102.36
T7,24.255,24.82,9.74,98.46,103.49,147.88,27.98,107.56,115.62,27.67,9.46,101.54,97.28,147.85,27.45,110.0,106.24
T2,24.425,29.14,10.86,105.44,97.22,149.83,23.52,99.84,93.7,26.96,9.95,100.87,106.96,172.32,25.6,103.12,97.75
T10,24.535,26.44,10.7,97.89,96.36,159.15,27.86,103.59,96.73,24.34,9.49,101.99,101.14,166.68,27.01,114.92,102.04
T7,24.898,24.85,10.08,105.13,107.34,167.21,26.38,108.4,107.6,24.8,9.57,103.65,111.15,155.11,24.68,109.97,113.92
T2,24.928,29.4,9.61,103.3,104.34,149.96,24.8,108.29,102.9,27.02,10.96,98.45,97.41,156.57,26.4,108.53,96.09
T8,25.079,25.39,10.97,107.29,112.98,159.19,27.62,93.88,115.47,24.36,9.85,103.46,104.05,152.67,23.51,105.67,105.84
T10,25.116,25.41,10.43,106.65,103.29,168.96,25.71,110.28,99.7,27.42,10.24,102.91,96.19,152.36,27.27,106.24,99.65
T3,25.148,25.89,10.86,103.39,93.4,165.47,27.2,110.54,112.92,23.86,10.9,101.27,103.99,152.94,24.14,107.57,113.13
T5,25.315,23.7,10.7,102.56,110.09,167.74,26.93,108.07,96.13,27.38,10.22,107.39,97.52,159.3,26.31,95.56,99.1
T9,25.355,24.94,10.26,104.32,92.77,152.63,23.97,118.08,114.9,25.55,11.4,101.39,96.37,151.58,26.64,109.1,113.53
T7,25.4,26.95,10.72,98.87,103.38,146.62,24.88,109.79,112.04,26.58,10.57,102.97,105.38,166.26,27.57,107.54,114.11
T10,25.413,23.81,10.27,108.64,102.13,170.55,25.51,104.96,109.07,27.38,10.72,99.24,95.85,160.62,27.16,112.79,112.17
T3,25.453,23.33,10.16,111.56,100.83,168.14,24.65,105.57,99.56,24.6,10.12,99.71,109.78,174.75,24.81,98.3,107.7
T1,25.544,27.95,10.78,104.11,110.12,150.67,27.14,113.96,106.1,27.79,10.55,104.78,100.39,142.92,23.95,99.25,98.86
T2,25.643,27.22,9.93,94.15,112.87,166.24,23.55,94.0,107.78,29.32,10.17,94.54,99.38,160.83,23.57,94.68,105.19
T7,25.718,24.86,9.31,94.41,106.59,145.25,28.73,103.48,103.11,26.98,9.74,103.03,112.12,167.52,28.82,105.2,111.11
T10,25.766,25.34,10.11,93.29,101.49,146.34,24.12,113.12,100.61,24.28,10.77,92.95,99.75,158.14,24.69,105.92,100.55
T10,25.782,27.13,9.78,98.3,102.39,169.55,26.01,114.79,113.29,26.96,10.7,94.84,98.7,148.38,24.93,104.53,112.17
T10,25.897,25.08,10.02,99.39,96.49,169.02,28.41,111.8,98.93,27.93,10.18,94.72,107.99,156.63,24.65,111.83,97.28
T2,26.011,29.73,10.43,109.18,100.52,163.26,26.51,102.3,93.1,25.48,10.71,105.33,102.3,151.33,26.84,103.91,107.52
T9,26.268,27.17,10.07,113.2,107.49,176.0,24.89,110.02,106.72,26.12,9.87,107.1,100.87,177.34,24.05,118.07,106.14
T8,26.326,26.84,10.43,96.83,107.48,171.03,24.75,91.84,101.11,27.73,10.53,104.6,107.78,152.49,27.55,94.08,99.6
T9,26.39,28.48,10.19,110.76,99.73,165.98,26.27,116.54,106.76,25.02,11.08,112.23,103.85,177.64,25.69,106.41,100.11
T4,26.514,25.98,10.45,106.31,112.41,163.44,26.41,107.38,102.16,25.09,10.87,99.93,98.73,161.54,25.31,110.06,102.13
T2,26.573,27.1,10.38,98.91,103.8,153.42,27.27,107.79,96.21,28.83,10.5,100.27,98.47,161.79,27.65,108.42,103.77
T8,26.702,27.12,9.5,107.49,106.78,174.31,23.96,103.24,102.39,27.4,9.91,98.48,113.22,148.19,27.39,96.9,109.46
T7,26.896,23.78,9.75,102.28,104.0,160.58,28.85,103.91,107.69,27.05,10.51,94.34,104.3,148.73,27.8,95.6,114.87
T3,26.932,26.41,9.89,106.46,104.93,155.87,24.73,111.8,110.34,23.98,9.71,107.03,95.75,170.51,26.78,112.17,114.18
T8,27.003,25.51,9.9,99.67,110.54,164.26,26.08,105.44,108.31,24.78,11.04,109.64,97.89,169.78,23.92,106.73,114.76
T4,27.008,24.51,11.0,97.81,110.59,162.58,25.38,106.58,108.66,23.92,11.35,107.6,98.82,160.79,24.92,106.25,102.87
T9,27.042,25.21,10.8,111.44,98.47,160.01,26.73,109.52,110.67,24.32,10.95,110.85,107.19,171.3,26.19,111.67,112.6
T6,27.072,25.36,9.65,111.66,108.41,160.76,24.36,104.07,97.36,27.75,10.16,100.79,103.95,145.6,27.88,100.79,92.41
T4,27.172,25.09,10.59,101.03,111.58,144.78,23.88,109.46,111.59,27.23,10.98,100.97,102.65,163.95,26.36,110.23,108.51
T1,27.226,24.96,11.13,113.76,111.64,150.8,23.85,102.94,103.92,26.8,10.08,117.34,111.54,150.11,26.0,97.91,101.34
T3,27.271,24.58,9.73,113.32,105.15,150.67,25.35,109.68,102.27,26.89,10.17,103.84,103.86,150.47,26.48,104.49,101.6
T10,27.437,26.23,9.43,104.61,96.5,156.62,27.03,109.62,112.97,26.86,9.77,94.93,95.76,145.45,25.34,112.91,100.61
T1,27.446,25.22,9.48,113.19,104.53,139.08,25.42,104.88,104.59,27.13,10.97,104.11,110.58,143.23,26.15,112.07,106.43
T4,27.56,25.58,10.01,95.52,113.18,144.49,26.75,111.33,108.59,23.2,11.19,107.37,105.19,147.79,24.6,98.8,117.49
T5,27.578,24.62,11.38,104.92,112.07,169.5,24.87,102.15,92.41,25.95,11.07,103.07,105.98,167.04,25.46,95.98,95.89
T7,27.887,26.21,9.9,93.98,102.79,150.89,25.73,94.44,116.69,25.53,10.74,102.88,105.07,154.07,28.75,104.77,113.0
T8,27.954,26.27,10.64,102.7,106.73,158.2,25.56,104.77,99.21,27.65,9.53,97.04,101.8,173.77,26.57,96.33,117.7
T8,27.954,27.49,10.47,114.17,105.5,171.76,26.45,93.53,103.55,25.24,10.42,101.5,111.24,161.96,27.27,92.92,108.4
T4,27.967,23.41,10.7,98.32,97.46,163.16,23.76,104.41,106.88,26.34,10.7,91.84,104.46,162.58,23.87,114.55,116.6
T5,28.071,25.95,11.35,91.77,104.88,166.52,24.47,103.58,97.03,27.02,10.32,105.5,114.8,165.52,24.26,96.53,104.78
T9,28.073,25.18,10.34,106.9,96.32,157.36,25.41,104.34,106.62,28.36,10.83,102.84,92.67,156.07,23.74,101.47,107.68
T10,28.219,25.42,10.81,98.39,96.74,171.75,25.3,99.91,110.24,27.17,10.49,106.86,101.22,169.62,26.27,103.69,103.24
T3,28.325,25.56,11.1,111.91,99.2,173.78,25.41,110.81,113.7,25.88,9.86,112.89,102.28,168.54,26.26,106.62,115.85
T10,28.326,26.38,10.32,102.35,105.82,170.04,28.28,103.02,104.84,25.54,9.59,106.96,92.55,164.38,25.46,117.41,100.47
T2,28.345,26.41,11.14,95.33,101.44,166.29,27.12,107.7,107.24,29.42,10.09,101.44,109.42,170.31,24.24,108.2,98.68
T7,28.665,25.63,9.68,105.42,114.69,163.76,25.16,102.2,112.88,23.82,9.31,103.79,99.5,162.95,24.89,103.76,114.89
T6,28.668,27.39,10.7,97.91,95.23,156.42,27.82,100.07,99.18,28.34,9.89,97.94,108.23,151.94,26.3,107.29,92.43
T10,28.736,25.81,9.61,105.3,102.8,153.52,27.16,101.31,108.6,27.38,10.54,106.45,93.47,151.15,26.79,107.15,106.58
T8,28.979,27.88,9.95,107.98,112.14,171.7,25.4,94.85,114.16,25.23,9.6,105.7,109.32,163.22,23.76,107.82,109.25
T5,29.128,26.14,11.03,105.12,114.32,168.31,27.04,103.03,102.13,23.98,11.02,100.58,101.02,168.57,26.92,95.64,100.8
T10,29.154,27.67,9.8,102.15,98.14,151.32,26.61,102.77,109.6,23.96,9.33,105.97,95.42,153.87,25.82,109.94,101.29
T2,29.171,27.93,9.47,95.8,99.89,156.68,25.42,94.18,94.1,29.0,10.39,104.68,98.42,170.11,26.92,97.02,92.06
T9,29.216,26.17,10.89,109.81,102.77,154.0,25.99,101.5,99.5,27.96,11.41,109.59,106.71,172.16,27.78,99.76,97.85
T6,29.25,26.55,10.64,110.68,101.44,159.53,27.99,100.73,93.29,28.68,10.84,104.56,106.3,151.74,24.04,107.29,100.08
T10,29.31,26.91,10.37,95.75,94.84,152.51,26.94,102.93,107.09,27.67,9.85,107.99,101.49,166.06,27.86,102.34,97.8
T10,29.326,25.87,10.19,107.72,99.49,156.17,25.64,116.43,99.31,26.39,9.94,96.83,102.39,168.18,26.21,100.27,98.08
T6,29.499,28.7,9.46,114.48,98.14,164.7,27.92,101.94,93.68,28.39,10.94,106.37,92.14,165.59,26.34,95.2,104.07
T6,29.948,26.46,10.67,103.79,97.26,155.01,26.92,102.39,106.16,25.81,9.9,108.15,102.4,150.28,25.77,95.47,100.01
T9,29.996,26.12,11.26,108.24,109.3,169.93,26.83,100.79,108.57,27.7,11.21,117.51,94.36,176.25,25.89,102.23,114.0
T8,30.039,26.58,9.61,99.66,103.23,159.55,27.59,106.03,108.55,26.12,10.79,97.46,104.91,152.93,26.54,107.51,102.34
T4,30.257,25.55,10.36,91.91,110.53,163.19,26.24,111.32,116.22,23.77,9.92,97.96,100.86,158.48,25.08,101.51,104.07
T4,30.268,27.11,10.27,98.6,110.31,171.33,26.82,99.95,99.59,26.34,11.0,108.78,107.68,166.44,27.57,109.81,100.78
T5,30.314,24.46,10.26,94.68,113.08,161.89,25.54,102.38,94.31,26.66,11.29,99.96,107.25,153.52,26.99,104.34,101.4
T10,30.35,23.72,9.41,91.65,107.46,159.11,28.37,102.67,110.23,26.27,9.35,99.91,105.22,149.28,25.63,107.95,109.61
T1,30.431,23.97,9.94,104.88,101.29,141.98,26.49,113.63,108.82,26.09,9.87,112.62,111.38,143.46,27.76,107.05,96.14
T4,30.5,23.18,10.35,94.1,102.96,159.61,27.15,108.69,110.27,26.42,9.88,91.99,101.07,157.67,23.77,108.18,111.7
T6,30.556,27.72,9.64,102.48,107.79,147.0,24.23,102.19,107.42,27.24,10.43,110.14,102.14,149.88,25.86,97.05,105.79
T10,30.59,25.93,9.58,108.66,94.62,157.1,24.66,110.63,104.99,27.62,10.34,100.08,95.64,154.73,25.27,111.72,110.04
T5,30.666,26.83,11.35,94.76,111.9,153.0,26.47,108.28,94.91,25.83,11.22,100.01,105.91,163.08,28.48,92.47,103.1
T5,30.703,26.42,11.01,99.04,103.94,148.66,25.51,95.89,95.29,23.88,10.0,93.74,110.43,149.57,24.23,97.67,95.36
T6,30.739,25.01,9.31,96.76,107.3,142.49,27.53,101.05,99.5,27.21,9.6,113.15,103.79,141.99,25.24,104.03,102.25
T2,30.949,25.25,11.09,102.97,107.67,153.01,25.77,108.55,93.08,27.26,10.92,105.03,102.48,160.11,24.8,106.36,105.85
T1,31.078,26.24,11.16,107.63,109.43,143.89,23.65,115.08,108.0,27.07,10.06,106.9,104.3,152.39,27.23,105.38,105.52
T8,31.125,25.15,10.79,111.25,105.78,163.42,26.26,106.3,104.0,24.74,9.44,99.28,104.97,162.91,26.68,102.07,116.05
T9,31.136,26.78,10.96,115.87,108.98,166.54,27.71,117.48,99.62,26.09,9.88,116.84,104.49,178.36,25.49,116.54,111.45
T7,31.249,26.91,9.39,91.71,107.95,150.22,27.32,106.03,101.64,24.65,10.65,105.14,104.3,153.49,28.8,97.87,99.13
T3,31.333,24.05,10.71,110.54,103.04,163.87,25.46,107.82,110.17,26.95,9.46,102.53,95.51,175.0,24.55,109.83,113.47
T10,31.492,24.45,10.02,102.16,107.37,152.11,25.29,101.0,106.1,25.4,10.04,98.31,105.83,172.55,24.46,115.11,109.07
T7,31.585,24.48,10.97,100.45,111.05,160.48,24.73,101.41,104.67,27.03,9.72,96.78,97.78,163.52,28.84,101.0,102.13
T8,31.593,27.31,9.57,100.68,99.1,170.7,24.94,95.14,109.28,25.76,9.48,104.8,102.03,149.15,25.14,107.55,116.85
T9,31.707,28.81,10.28,114.66,99.12,177.72,26.66,113.33,102.94,26.13,10.01,116.2,100.67,166.56,27.38,115.09,100.7
T9,31.817,25.88,11.12,102.74,98.59,172.31,23.67,112.61,100.29,27.98,9.91,113.43,99.99,161.76,24.0,116.97,114.44
T9,31.919,26.97,10.88,111.44,101.18,155.14,23.97,100.86,100.34,25.74,9.87,116.48,98.1,152.79,25.42,107.44,103.8
T4,32.131,25.18,10.25,97.79,112.63,144.75,26.65,106.75,105.06,23.2,10.46,107.31,108.11,151.68,25.95,107.96,108.82
T10,32.144,24.95,10.19,108.53,100.49,158.14,24.65,101.55,97.36,23.92,9.82,95.23,104.94,170.77,28.18,114.08,97.06
T1,32.177,27.55,10.58,114.05,110.68,141.52,26.81,105.85,102.02,27.33,10.97,117.53,100.37,139.73,26.12,109.61,96.8
T1,32.414,25.54,11.19,103.55,101.82,149.21,27.87,100.31,109.04,26.99,9.97,117.57,98.62,143.89,24.14,102.08,98.93
T7,32.437,27.32,10.53,92.35,108.26,149.67,26.2,100.63,111.86,23.74,10.53,106.44,101.14,148.62,28.07,104.77,103.93
T7,32.472,23.89,9.65,92.05,103.66,168.16,28.95,106.64,105.7,24.51,9.54,103.77,104.94,167.65,27.98,98.68,113.47
T9,32.594,28.8,10.93,107.28,101.38,178.73,27.29,103.48,109.57,25.18,10.17,101.47,106.87,155.11,26.96,104.97,101.71
T10,32.839,24.65,9.5,98.33,98.34,168.04,26.81,108.72,99.84,27.34,10.17,106.29,96.74,153.17,28.01,112.44,102.77
T4,32.976,24.58,9.81,95.74,106.63,160.83,23.76,99.39,106.58,26.4,9.85,102.48,105.11,154.55,25.24,109.41,101.0
T6,33.315,28.37,10.74,105.89,100.76,146.88,26.84,103.17,100.04,28.47,9.56,103.65,107.83,150.98,26.73,101.64,105.81
T7,33.33,23.74,9.87,106.78,110.66,146.34,27.35,110.18,102.5,25.04,9.67,98.87,114.7,156.52,28.58,96.77,103.63
T9,33.468,28.39,11.16,110.39,92.94,161.43,24.96,113.1,105.87,28.4,9.96,107.92,99.21,173.69,27.6,113.05,102.59
T6,33.594,28.35,10.89,99.56,104.16,149.9,26.86,104.16,107.72,26.58,10.76,99.86,97.06,152.16,25.3,97.43,93.76
T9,33.787,28.88,10.88,106.25,94.86,166.34,23.71,110.99,97.86,26.38,10.16,106.53,98.92,174.1,25.99,109.09,106.11
T3,33.84,26.2,10.49,106.15,101.27,150.17,26.76,97.21,112.59,27.13,9.82,110.66,107.42,151.98,24.94,97.68,116.42
T7,33.87,24.17,10.42,100.21,104.04,155.23,26.42,104.77,110.82,27.17,10.86,99.43,106.38,168.67,26.74,108.14,114.18
T4,33.916,24.89,9.77,92.43,103.58,157.21,26.84,112.36,102.74,24.86,10.89,106.76,113.06,154.59,25.65,99.85,103.63
T3,34.02,23.78,10.94,113.78,106.86,162.95,24.56,106.79,111.21,23.43,9.9,103.43,109.06,151.46,27.19,96.92,100.29
T1,34.062,25.96,11.2,115.84,108.52,151.78,23.76,106.27,95.48,27.33,10.2,103.58,114.41,139.83,25.09,107.35,96.46
T8,34.329,23.78,11.15,111.71,115.63,168.13,26.03,99.92,100.2,24.33,10.64,106.26,104.11,165.42,23.9,103.71,101.51
T3,34.432,23.43,10.72,113.88,93.3,154.81,24.14,104.09,98.53,24.52,10.63,108.52,104.48,158.34,23.59,106.11,110.11
T1,34.447,27.9,10.45,114.35,104.73,165.06,24.59,101.32,103.08,28.11,9.99,99.12,112.31,139.6,26.38,98.85,100.5
T3,34.526,24.46,10.84,99.54,108.16,165.95,26.04,102.87,100.2,25.26,9.8,105.42,98.63,149.8,24.25,106.91,113.88
T10,34.768,27.53,9.87,99.91,93.9,163.68,25.84,108.19,105.66,25.87,10.86,93.17,98.09,169.62,24.65,110.12,113.18
T1,34.795,25.09,11.16,114.7,109.1,139.94,23.9,102.86,95.33,25.22,9.48,116.38,109.31,151.53,24.48,97.58,98.56
T5,35.019,27.15,10.45,107.66,111.72,154.01,24.68,97.04,104.24,27.04,9.94,102.28,112.22,169.5,25.08,96.64,108.47
T10,35.028,23.82,10.59,107.06,100.97,161.38,25.59,112.67,113.08,27.44,9.57,97.58,101.89,163.94,25.51,116.73,97.72
T5,35.112,24.74,10.89,96.19,114.98,150.82,27.8,99.29,107.48,26.99,10.5,98.67,107.71,147.45,25.61,99.34,94.42
T1,35.154,27.06,9.89,116.55,100.26,156.0,27.32,107.02,93.16,25.47,9.53,116.23,102.12,161.57,26.56,104.09,108.38
T9,35.159,28.6,10.65,117.91,109.49,172.27,24.58,115.18,113.93,24.4,10.13,100.88,95.46,176.39,24.71,112.46,111.63
T8,35.192,23.65,10.79,98.96,106.24,167.43,27.74,104.29,113.17,24.14,10.63,104.41,105.7,151.43,25.41,101.75,108.1
T8,35.268,25.56,10.3,112.94,107.35,171.21,27.85,108.52,102.8,23.69,9.96,113.15,98.11,164.41,26.31,95.38,101.71
T6,35.432,25.43,10.86,114.11,105.64,156.74,24.78,91.98,100.26,27.62,9.32,105.05,101.43,148.7,27.82,103.73,104.68
T8,35.483,26.24,11.11,106.56,113.14,163.63,26.87,108.33,111.69,25.41,10.66,102.02,102.58,150.97,26.66,97.8,103.29
T6,35.616,25.32,10.92,109.5,102.68,148.07,24.28,95.9,109.08,25.87,10.68,104.08,91.56,166.59,24.07,98.37,100.8
T3,35.707,26.23,11.01,110.23,99.35,158.8,24.07,103.76,100.2,25.53,9.49,110.8,105.71,168.35,26.26,100.62,109.56
T10,35.721,27.69,10.99,103.76,102.08,146.13,24.66,113.82,112.03,27.83,9.28,105.68,101.39,164.82,26.82,112.44,105.82
T5,35.777,25.71,11.53,93.12,102.76,169.27,26.06,107.33,96.44,25.1,11.56,94.06,108.79,144.71,24.68,96.14,96.16
T8,35.804,26.26,9.8,97.01,110.41,151.41,25.46,99.18,100.16,23.79,9.61,110.01,101.29,160.76,27.85,97.57,104.8
T8,35.848,24.82,9.97,108.72,109.7,149.15,25.32,94.62,103.82,24.78,11.18,100.57,101.93,174.82,27.27,98.17,107.62
T8,35.95,24.48,9.86,108.04,114.26,155.52,27.17,93.58,102.58,26.59,10.39,114.03,112.6,173.77,24.84,104.97,109.46
T9,36.055,26.63,10.92,103.24,108.66,159.63,23.68,108.49,109.4,28.53,10.4,110.51,109.16,150.87,23.63,102.7,112.81
T5,36.294,23.53,11.0,100.15,110.38,151.84,28.13,98.07,105.74,24.8,10.76,99.04,100.35,151.95,27.34,105.94,102.55
T7,36.479,24.88,9.91,104.85,102.38,164.68,26.23,109.43,103.66,27.92,10.19,103.69,107.31,165.88,28.46,102.0,101.78
T10,36.632,24.77,10.19,104.3,102.87,165.76,24.99,101.58,112.4,25.4,10.32,98.75,107.76,162.99,26.21,112.83,108.86
T2,36.734,25.57,9.6,102.32,104.1,153.61,27.48,97.53,104.55,29.42,9.55,100.87,110.8,170.21,24.35,96.83,101.33
T6,36.738,27.26,9.42,103.11,95.79,141.94,28.02,93.38,92.85,26.1,9.7,111.36,108.69,160.09,25.84,98.44,97.03
T10,36.841,24.43,9.57,106.12,92.5,171.21,27.22,105.58,106.77,25.68,10.05,101.27,97.18,145.88,27.16,107.35,97.16
T3,36.846,26.84,9.87,113.59,95.86,174.51,27.2,111.56,102.24,23.22,9.57,103.07,100.64,166.96,24.93,105.14,104.83
T1,36.914,25.77,10.01,100.86,99.06,140.59,23.78,108.24,98.46,28.25,10.15,113.09,101.38,154.12,26.41,99.81,104.68
T8,37.009,25.33,9.93,100.08,102.72,173.42,25.39,99.01,105.65,25.94,9.45,108.26,107.07,158.08,26.75,105.45,112.37
T9,37.019,28.12,10.42,103.48,96.72,158.2,27.41,113.48,103.61,27.97,9.87,100.13,108.65,171.53,27.33,101.18,112.82
T6,37.132,26.45,10.52,109.62,104.74,147.02,25.92,107.4,97.62,26.98,9.46,97.79,104.55,156.13,25.32,109.35,101.2
T2,37.139,25.72,10.48,97.57,100.07,161.14,24.33,98.1,98.2,27.76,10.96,97.24,113.04,167.61,24.24,107.22,102.62
T2,37.234,29.68,9.9,108.29,102.16,154.71,27.71,107.72,94.74,27.4,10.72,95.28,99.44,149.5,23.56,101.5,94.36
T4,37.246,26.9,11.07,102.11,104.45,170.79,26.44,114.55,116.47,23.4,11.32,104.73,113.83,144.56,24.96,102.04,108.18
T8,37.406,26.15,10.89,103.01,97.83,152.56,25.96,103.08,105.9,27.55,10.72,107.04,99.39,165.78,26.32,105.66,114.07
T7,37.566,24.72,9.6,102.16,101.68,147.59,25.6,109.3,113.18,23.86,10.3,103.77,112.27,158.25,24.61,102.35,103.1
T5,37.665,24.59,9.96,104.93,107.75,152.71,25.66,97.04,108.01,26.77,9.86,97.37,108.26,161.92,25.35,95.02,96.75
T9,37.676,28.02,11.14,109.17,101.3,155.15,25.09,109.82,100.76,25.66,10.18,100.19,103.88,171.58,27.17,103.5,112.5
T1,37.718,24.05,11.05,107.76,102.17,159.13,26.61,112.99,107.49,28.2,9.6,109.94,105.88,148.27,24.41,114.0,98.03
T4,37.776,23.57,11.42,94.2,109.0,151.87,26.92,103.23,101.84,27.41,11.34,97.02,100.76,170.49,24.04,105.95,107.84
T6,37.803,26.21,10.82,109.27,100.63,149.04,24.18,105.8,93.64,28.36,9.68,110.68,96.51,141.98,26.69,101.54,93.68
T4,37.836,24.04,10.83,102.83,110.11,155.18,26.37,110.36,105.23,24.35,10.88,98.52,113.28,158.9,23.65,116.12,112.17
T10,37.894,27.25,10.6,101.22,98.32,151.67,27.16,104.09,100.04,27.42,10.93,97.27,96.54,152.79,27.43,102.54,99.37
T4,37.925,26.35,10.02,100.67,110.32,163.45,27.0,111.76,113.95,26.41,10.26,99.95,107.26,163.51,23.81,98.97,112.2
T1,37.931,28.11,10.04,115.26,106.47,143.42,27.31,114.4,100.64,25.47,9.67,102.09,105.22,152.86,24.27,101.44,99.89
T5,38.036,24.64,11.59,100.97,107.45,150.2,24.99,99.48,105.77,24.17,11.53,96.19,111.94,155.85,26.2,93.05,98.94
T5,38.04,26.79,10.5,100.24,111.85,156.42,24.14,106.5,106.28,25.7,10.29,99.12,103.7,158.27,27.38,108.91,93.19
T4,38.046,23.34,10.52,97.56,113.01,161.54,23.52,107.38,103.16,24.24,11.07,92.71,106.67,145.88,24.53,98.49,104.58
T6,38.069,26.17,9.56,102.39,104.62,146.39,24.28,108.12,105.34,26.83,9.6,114.33,101.56,156.35,26.45,93.16,104.29
T10,38.321,27.47,10.04,105.93,95.82,167.85,24.5,99.91,101.48,27.1,10.24,103.76,92.42,150.62,24.08,108.72,107.13
T8,38.355,25.01,10.34,109.32,109.33,162.27,24.17,107.05,110.62,25.57,10.49,111.28,104.3,156.7,27.27,100.41,103.29
T8,38.434,27.3,10.71,113.37,105.12,154.34,25.68,101.93,113.68,26.44,9.77,97.21,113.01,159.05,27.58,97.24,106.03
T5,38.441,27.61,11.32,108.56,101.95,165.05,25.82,105.06,92.84,23.74,10.81,99.53,97.2,170.09,27.02,104.23,97.73
T9,38.696,28.32,11.28,106.98,96.48,161.3,25.73,115.49,102.63,26.68,9.86,100.31,97.52,153.95,24.95,104.83,99.09
T2,38.721,27.4,9.64,105.05,109.87,158.9,23.93,104.3,100.64,28.85,10.69,101.81,99.46,153.01,24.02,101.72,105.61
T6,38.764,27.24,10.05,106.67,92.46,144.68,26.69,97.27,106.1,28.03,10.58,111.41,107.1,159.3,25.81,95.56,108.51
T6,38.783,26.82,9.67,108.39,106.46,143.63,26.86,97.93,106.88,27.11,10.25,102.31,98.05,145.86,27.25,106.14,103.46
T6,38.823,27.69,10.35,106.22,107.35,141.39,27.75,103.61,97.77,28.21,9.96,96.85,94.1,163.88,25.16,93.71,92.85
T2,38.882,27.27,11.14,98.06,101.18,149.5,26.78,108.9,98.04,25.38,10.26,96.56,112.19,146.44,24.5,103.34,92.92
T6,38.972,27.24,10.55,106.88,96.64,146.95,24.01,102.52,100.08,27.32,9.31,113.59,97.86,162.48,24.37,95.33,107.6
T10,39.083,25.08,10.2,93.81,94.76,145.75,26.28,99.66,106.14,24.55,9.77,102.95,105.3,162.31,27.0,99.53,101.91
T1,39.184,25.78,9.97,100.24,110.29,147.88,25.95,108.66,93.73,24.17,10.42,104.97,111.66,162.63,24.52,109.73,99.14
T3,39.245,23.82,10.08,108.36,95.7,148.4,24.83,109.25,112.21,24.1,9.89,100.95,96.77,155.19,26.82,114.23,100.55
T8,39.371,26.24,10.25,100.33,103.47,170.58,27.14,103.2,109.61,27.58,10.5,98.71,98.5,167.5,24.35,99.79,112.82
T10,39.377,26.01,10.02,99.84,104.51,164.03,26.66,101.78,96.26,25.33,9.67,92.9,95.94,161.85,24.98,102.15,112.4
T7,39.449,24.01,10.89,107.33,99.33,152.51,26.63,95.19,109.03,24.03,10.0,96.73,98.0,158.75,27.39,95.56,113.86
T6,39.591,29.06,10.56,113.66,106.5,144.05,26.58,101.88,106.92,27.47,10.1,111.24,96.19,151.78,25.91,94.82,108.52
T3,39.61,23.51,9.85,101.69,99.7,150.83,26.22,109.51,113.54,23.92,9.76,111.14,92.87,160.6,25.57,103.64,98.31
T7,39.629,27.58,10.2,106.84,106.3,158.69,27.14,109.66,110.67,26.38,10.82,100.11,106.38,159.54,28.43,98.23,99.19
T3,39.811,23.51,9.74,112.92,98.13,157.54,27.11,114.07,114.81,26.75,10.79,98.82,106.1,152.0,27.08,104.93,98.59
T3,39.846,24.46,9.39,112.09,108.58,156.13,24.79,114.02,113.82,25.72,10.55,107.8,101.04,156.46,27.37,99.37,107.78
T6,40.071,24.76,10.43,105.85,101.11,157.9,28.14,102.98,95.32,26.54,9.67,114.1,100.44,154.08,26.32,92.62,107.72
T2,40.175,25.29,9.59,105.87,100.04,162.67,26.01,106.63,106.64,28.15,10.5,98.15,102.74,150.21,23.95,106.11,100.39
T1,40.205,27.0,9.99,116.52,102.52,146.79,26.5,107.24,93.12,24.43,11.07,107.84,116.29,139.83,25.1,98.23,102.55
T3,40.309,25.7,11.02,105.87,108.06,163.96,23.83,98.33,110.53,23.56,9.74,110.4,99.09,168.14,26.06,99.76,114.04
T7,40.338,27.67,10.54,96.98,106.48,164.86,26.39,107.07,115.88,26.39,10.77,105.09,110.08,152.91,25.3,107.7,106.73
T5,40.343,23.58,11.09,105.73,102.13,157.25,28.5,107.52,107.51,27.72,10.95,99.29,105.83,167.18,27.17,106.93,93.61
T10,40.4,26.9,9.91,95.16,93.75,161.41,25.69,100.27,106.31,24.27,10.23,107.52,93.67,156.66,28.58,109.98,105.66
T10,40.585,24.89,9.54,91.37,105.03,158.32,26.5,109.16,107.53,27.0,10.96,93.67,97.91,157.01,26.55,99.83,103.4
T8,40.783,26.86,11.05,99.69,114.2,170.98,25.56,101.4,114.2,25.96,10.83,108.33,106.55,154.28,25.65,96.42,110.01
T5,40.909,27.73,10.92,97.95,98.62,157.45,26.36,97.94,93.75,25.55,11.03,95.7,99.73,169.81,25.3,95.79,107.19
T4,40.946,26.96,10.35,101.3,105.94,170.03,24.4,99.14,108.66,25.93,10.43,94.13,112.59,146.32,23.99,107.8,113.0
T1,40.967,27.58,10.42,113.06,111.51,155.29,27.81,103.45,92.49,25.96,10.06,99.16,111.15,153.15,26.73,100.77,109.16
T6,41.092,27.61,10.8,110.43,108.63,156.94,27.38,106.45,94.16,27.18,10.56,111.47,92.73,161.19,26.54,100.46,101.7
T8,41.107,24.82,10.82,104.24,110.9,159.18,24.01,96.06,110.93,27.63,10.4,107.24,97.61,160.76,23.71,105.16,108.19
T10,41.274,24.62,9.32,100.8,102.82,150.02,25.16,111.45,99.65,25.81,9.95,99.28,93.49,165.88,26.87,115.15,106.92
T6,41.626,26.98,9.45,113.53,91.42,145.25,27.14,92.34,106.25,25.19,10.07,106.02,103.01,163.84,25.33,96.52,98.91
T10,41.653,24.77,10.12,101.48,105.39,154.93,28.18,113.57,108.08,26.99,9.66,102.64,103.27,146.71,27.2,103.35,112.63
T8,41.657,25.61,10.48,106.73,114.82,150.9,25.64,94.24,99.48,23.88,9.46,110.32,106.24,153.15,23.9,97.71,99.39
T10,41.777,27.03,10.59,108.6,93.29,145.56,26.26,108.98,99.7,27.91,10.76,96.18,96.29,158.97,26.49,106.12,107.96
T1,41.817,23.93,9.93,99.74,100.59,162.88,24.48,106.27,101.93,26.48,10.23,116.36,99.12,156.08,23.55,104.18,100.55
T1,41.829,26.69,10.31,107.82,102.51,139.22,27.21,111.37,93.64,27.43,11.04,99.87,110.78,164.23,24.31,103.0,104.68
T10,41.937,24.02,9.61,101.01,103.07,154.57,26.25,115.65,97.63,25.54,9.46,97.12,97.49,146.45,24.47,102.73,99.3
T7,42.007,27.21,10.63,105.82,110.52,151.53,28.87,97.92,111.87,27.43,10.05,92.44,105.08,155.71,25.94,97.97,102.68
T6,42.082,27.44,10.01,109.5,99.96,156.3,26.38,92.22,105.79,26.6,9.58,110.04,100.26,155.91,25.42,100.73,92.19
T4,42.105,25.49,11.12,93.72,102.74,167.71,24.35,105.31,115.11,26.0,9.95,107.23,108.41,169.87,24.77,105.75,110.36
T7,42.113,26.23,10.4,96.87,105.46,157.4,25.37,94.96,116.72,23.69,10.17,101.05,101.93,165.44,28.32,96.14,109.86
T4,42.191,27.36,10.61,97.53,110.03,162.47,25.83,112.75,103.8,24.06,10.61,91.85,111.72,150.88,26.45,116.92,114.26
T4,42.195,23.23,11.43,101.73,100.21,151.05,26.49,106.59,99.67,26.34,10.87,96.55,107.72,159.44,27.67,108.61,115.08
T4,42.547,26.93,9.83,96.38,100.26,161.54,27.12,105.95,104.64,24.38,9.76,102.88,99.06,169.43,24.47,110.93,116.31
T7,42.98,24.87,9.48,93.55,99.93,170.88,26.22,99.73,108.48,23.65,9.45,105.34,114.82,154.97,26.51,101.73,101.1
T4,43.007,24.52,11.03,105.77,103.75,145.96,25.68,110.44,102.08,26.5,9.81,93.72,100.42,152.9,23.55,99.22,105.37
T1,43.017,25.71,11.14,104.85,99.26,149.34,26.91,106.32,107.66,28.28,9.87,100.19,116.42,147.95,23.69,114.04,100.98
T9,43.052,28.83,9.87,100.75,97.25,157.6,27.52,111.89,102.85,25.27,10.74,101.77,107.49,151.82,25.97,102.3,105.58
T7,43.078,24.06,10.01,98.98,105.01,168.93,27.53,103.9,113.25,25.66,9.98,93.37,111.62,165.86,26.05,111.94,107.48
T6,43.191,27.72,10.12,105.38,100.46,163.1,28.45,104.4,95.93,27.99,9.41,102.53,102.18,164.6,24.17,104.91,103.34
T2,43.279,28.44,10.34,109.33,96.12,157.99,24.69,105.01,93.67,29.47,9.7,93.59,99.55,147.0,26.28,96.93,97.19
T7,43.281,26.33,9.72,99.75,99.89,144.91,25.72,107.52,108.3,23.93,10.3,95.85,109.94,157.85,29.01,107.58,115.76
T2,43.355,26.76,10.38,95.7,102.01,149.85,27.33,107.7,104.32,25.18,10.8,105.37,98.64,160.84,25.83,104.1,100.42
T4,43.444,23.62,9.83,105.97,113.28,159.85,25.07,115.48,103.09,26.84,10.07,96.13,103.82,155.18,25.5,106.14,99.86
T6,43.5,24.8,9.88,103.32,98.46,165.47,27.17,105.08,95.99,28.19,10.43,110.21,103.56,153.18,24.31,97.58,103.36
T3,43.601,26.75,9.56,101.42,109.1,152.67,26.41,96.77,100.6,25.13,10.53,99.65,101.41,158.63,23.68,104.52,99.63
T1,43.782,25.77,10.65,113.27,101.9,146.79,24.51,109.95,93.94,26.78,11.19,105.08,115.95,162.31,26.77,110.98,99.18
T1,43.865,27.6,10.16,111.61,99.9,161.02,27.82,101.02,93.94,25.18,9.74,106.17,104.93,146.0,23.87,100.48,99.18
T1,43.878,24.86,9.54,115.97,116.05,162.79,24.53,101.86,98.68,27.05,11.2,111.92,105.08,140.4,26.73,114.16,108.0
T2,43.948,28.38,10.68,102.97,108.39,164.36,23.89,97.43,91.82,26.82,10.5,109.3,97.81,157.28,24.52,108.29,105.82
T8,44.092,27.28,9.5,96.31,108.42,164.91,26.21,91.84,114.72,27.38,9.64,109.34,105.61,162.05,24.4,105.81,103.12
T1,44.204,27.44,9.71,109.11,100.1,139.58,27.01,108.24,103.54,26.64,10.81,113.1,115.88,140.81,23.77,112.08,94.06
T3,44.467,25.2,11.04,102.9,110.11,173.52,25.44,101.97,103.63,24.65,10.92,99.63,99.7,150.66,24.02,111.44,102.41
T10,44.485,23.86,9.95,98.85,95.34,170.73,25.64,116.68,110.65,25.66,11.01,92.21,97.7,169.9,25.48,104.29,102.65
T8,44.61,24.23,9.6,101.41,101.06,156.08,26.39,95.24,107.55,26.86,9.8,102.38,103.43,161.52,25.43,108.37,115.47
T9,44.643,27.48,10.95,111.83,93.91,157.0,24.4,116.46,108.63,24.97,11.54,110.72,104.62,169.53,25.68,101.54,114.0
T10,44.923,26.46,9.85,101.31,105.39,163.62,27.35,106.02,105.57,24.45,9.29,107.66,108.51,160.65,27.85,111.71,98.93
T8,44.947,24.82,10.87,96.07,105.19,160.12,27.74,92.89,116.56,24.6,9.44,103.32,106.27,159.05,24.58,102.1,102.29
T6,45.411,25.42,9.87,96.89,98.64,151.47,26.18,107.66,107.55,27.46,10.65,105.79,91.98,153.31,26.15,101.05,98.46
T4,45.462,25.21,10.76,97.45,98.43,153.55,25.12,107.18,112.86,26.84,10.35,103.75,108.14,148.77,24.86,110.19,100.09
T5,45.489,26.06,11.09,101.49,109.96,153.29,27.5,106.86,97.57,27.02,10.13,100.6,110.7,157.56,25.73,102.8,107.63
T5,45.636,24.19,9.83,107.85,102.76,152.58,26.85,109.61,96.91,25.78,10.6,108.33,98.58,155.49,24.11,102.89,97.06
T5,45.668,27.43,11.52,107.66,113.73,144.34,28.22,93.49,100.65,25.61,10.29,102.4,106.94,158.36,24.6,96.39,106.64
T2,45.787,29.02,9.86,104.14,106.59,158.21,24.27,97.0,104.87,27.59,9.42,95.36,111.74,171.0,26.87,110.48,91.84
T9,45.808,26.92,10.21,108.35,98.92,169.26,27.02,100.79,98.33,26.17,9.86,111.88,104.25,156.95,24.57,110.82,101.25
T5,45.871,25.77,11.35,99.01,111.71,159.28,26.77,104.5,93.19,25.78,10.81,99.92,100.62,147.5,27.96,104.48,108.59
T6,45.944,25.98,10.24,108.86,95.59,147.78,25.85,97.8,93.47,25.35,10.4,102.7,103.74,151.58,27.47,106.52,100.69
T2,45.945,29.42,10.17,95.8,111.74,157.01,23.59,109.04,92.88,28.69,9.46,92.3,98.79,148.62,26.51,108.6,104.32
T8,46.042,25.98,10.52,102.45,115.11,152.96,26.06,101.14,107.11,27.71,9.53,106.53,107.87,155.96,27.75,92.62,117.08
T10,46.254,24.87,10.07,99.17,103.13,152.38,24.26,112.4,113.21,27.07,10.18,96.96,93.67,171.33,24.22,103.44,107.68
T5,46.336,24.34,11.26,108.61,109.56,144.69,24.62,107.3,101.69,27.52,10.07,100.83,109.08,166.44,28.39,102.38,98.13
T9,46.441,28.34,9.91,113.21,102.67,174.66,25.32,111.97,112.56,25.37,10.05,113.66,107.8,178.37,27.23,107.7,114.44
T10,46.591,24.31,9.72,99.84,104.33,156.58,25.82,114.35,108.81,24.63,10.1,99.75,96.06,150.18,27.62,100.38,96.94
T8,46.613,26.57,10.17,105.52,110.78,164.41,23.59,99.98,106.37,24.04,9.76,106.28,109.23,175.34,26.84,96.9,109.25
T10,46.625,25.81,10.21,95.06,99.52,149.36,27.87,116.04,112.9,27.39,10.09,101.88,99.87,160.65,26.68,111.17,102.9
T3,46.67,26.36,10.37,98.75,96.66,150.98,24.78,105.4,106.0,26.35,10.9,107.68,105.7,159.41,27.66,105.45,101.53
T4,46.896,26.72,10.86,99.13,112.2,146.26,27.24,114.35,110.9,23.6,10.48,103.3,113.18,158.88,23.96,111.63,101.86
T5,47.104,27.02,10.54,104.02,111.94,164.54,26.3,103.53,97.98,27.23,9.83,92.76,109.01,147.8,26.46,99.84,102.65
T4,47.213,26.47,9.82,99.42,110.04,147.23,25.29,105.75,108.51,24.66,10.54,103.13,100.55,153.69,26.18,116.11,100.4
T9,47.275,27.9,10.59,115.73,105.19,151.59,26.14,109.49,114.0,28.14,9.91,112.25,95.14,164.74,25.97,103.78,110.71
T4,47.283,25.32,10.44,104.73,105.11,162.34,25.48,108.89,106.92,24.28,10.82,105.11,112.81,150.88,25.18,101.83,104.67
T2,47.394,26.78,11.1,107.48,108.58,149.27,25.18,97.36,92.92,25.25,10.18,102.89,108.13,162.02,25.32,96.83,91.69
T3,47.4,26.05,11.02,105.2,109.78,156.47,23.96,100.87,106.38,23.15,9.42,104.63,109.43,167.24,24.98,99.27,99.77
T8,47.548,27.06,10.5,114.08,102.09,158.51,27.22,100.33,104.49,24.98,10.45,106.55,98.05,150.84,26.7,102.76,109.38
T10,47.794,24.83,9.46,97.84,108.9,170.55,26.0,113.32,105.82,26.05,10.65,102.65,101.14,171.82,28.46,100.9,109.1
T7,47.925,24.51,9.91,103.6,101.02,150.37,28.87,111.08,105.21,27.6,9.74,106.65,97.6,147.04,25.7,107.49,100.05
T5,48.059,24.93,11.61,108.05,109.16,160.6,26.45,99.13,98.93,24.34,10.49,100.74,113.48,153.6,27.32,103.05,106.65
T10,48.061,27.67,10.41,92.86,94.14,148.22,28.06,107.04,96.59,24.96,9.51,104.7,103.74,163.04,25.5,104.39,100.51
T7,48.155,23.96,10.12,92.36,103.52,160.51,28.25,109.5,105.85,24.52,10.63,106.66,111.77,151.72,26.2,108.92,112.43
T10,48.357,26.9,10.15,106.32,94.51,150.45,28.21,114.73,97.78,27.86,10.57,94.34,105.58,158.81,27.05,100.3,110.79
T9,48.518,27.91,11.15,117.0,99.68,162.67,24.72,114.63,100.96,26.95,11.54,111.2,94.91,160.65,26.41,108.1,100.09
T7,48.613,23.57,9.66,106.46,97.45,154.28,28.69,97.18,109.02,26.68,10.08,92.5,97.64,146.21,25.42,96.38,113.29
T5,48.695,26.49,10.62,94.65,114.56,151.57,26.9,106.0,102.93,23.5,10.59,101.15,107.65,147.42,25.82,99.59,101.1
T3,48.702,26.02,10.45,105.88,94.43,152.93,27.13,109.45,113.82,26.64,10.57,100.46,95.13,160.89,26.02,104.54,108.26
T6,48.777,24.55,10.95,101.57,108.58,153.37,26.96,97.54,93.09,26.67,10.51,96.92,94.36,142.21,24.33,108.9,109.15
T8,48.789,26.63,11.14,104.9,113.32,163.13,27.12,97.96,106.92,26.46,10.56,97.31,106.18,170.78,27.08,94.32,109.11
T4,48.796,24.34,10.37,103.1,105.67,166.58,27.35,104.6,117.25,23.69,10.29,99.8,104.5,159.04,27.45,102.06,116.29
T7,48.802,26.85,9.99,99.33,112.64,159.92,27.99,97.13,107.48,25.03,10.45,97.71,102.02,155.99,25.97,102.65,114.48
T2,48.916,29.62,9.9,100.96,95.57,153.67,26.02,95.14,95.4,28.81,9.93,102.0,103.04,165.73,25.09,94.21,99.41
T8,48.947,23.56,10.46,110.11,97.77,153.75,26.98,104.7,107.4,23.73,10.64,105.09,112.59,173.18,27.62,108.45,99.05
T5,48.976,25.48,10.71,99.97,104.0,158.77,24.69,92.33,92.94,27.78,10.51,96.37,110.15,171.02,26.34,96.53,98.93
T7,49.052,27.01,10.23,94.06,103.84,155.99,24.99,110.87,112.27,24.01,9.6,99.19,113.86,167.87,26.65,111.99,116.5
T5,49.066,27.15,10.86,103.66,110.85,165.78,26.65,100.77,103.47,27.65,11.03,93.6,111.9,155.78,27.31,103.67,103.46
T10,49.078,24.81,9.55,100.02,96.85,149.85,28.52,110.04,96.9,25.84,9.39,107.98,95.1,172.25,25.33,107.99,95.58
T3,49.184,25.21,10.7,101.25,107.28,169.09,27.52,99.84,114.49,24.81,10.48,110.66,108.44,171.48,24.13,106.82,98.93
T6,49.491,26.6,9.89,101.92,107.16,165.52,28.48,92.07,107.75,25.89,9.73,109.36,91.71,160.01,24.2,100.66,100.56
T6,49.495,26.59,10.37,108.55,100.16,152.23,28.11,103.92,94.46,28.56,10.45,111.96,101.66,146.77,28.08,96.9,103.5
T10,49.546,26.46,9.29,107.23,104.08,151.06,27.88,106.04,97.33,27.27,9.72,94.43,101.53,163.86,27.71,112.98,102.3
T9,49.573,27.89,10.98,113.43,95.26,171.4,26.22,102.08,107.25,28.14,10.34,109.08,92.68,168.32,24.91,113.51,100.32
T4,49.893,25.69,11.44,95.96,107.68,154.95,25.29,104.5,103.76,23.48,10.3,99.77,112.07,145.3,23.72,110.22,115.38
T2,50.04,29.26,9.4,95.77,96.24,152.65,23.88,110.06,94.74,26.19,11.05,101.96,97.86,167.84,23.76,105.96,94.57
T1,50.151,27.25,9.96,115.72,101.8,143.53,27.52,114.76,105.85,25.99,10.8,114.52,101.9,152.66,25.18,105.44,106.67
T2,50.182,28.25,10.96,98.05,110.16,155.64,25.5,103.08,96.1,25.13,9.4,101.4,103.8,154.32,26.38,105.45,101.06
T2,50.222,28.26,9.68,95.81,98.25,166.33,24.64,104.05,93.93,28.93,9.44,104.52,95.7,170.48,25.63,95.8,94.14
T7,50.244,25.56,10.63,100.94,112.36,168.48,25.4,95.97,114.8,25.65,9.65,106.82,111.82,152.54,29.08,102.53,107.34
T10,50.294,24.96,10.6,97.09,98.88,169.88,25.64,108.13,109.07,26.23,9.43,103.42,98.71,147.87,24.94,112.93,102.55
T1,50.406,25.62,10.01,103.65,101.58,159.72,24.65,114.56,108.88,25.46,10.36,106.52,98.9,140.84,25.01,108.7,97.94
T1,50.517,28.29,11.08,106.03,105.37,158.72,27.84,103.76,106.49,26.67,10.84,111.92,116.89,143.14,24.57,107.8,103.16
T1,50.534,24.4,10.08,111.27,114.33,140.72,25.15,110.69,102.6,27.56,10.82,108.18,113.39,143.06,26.31,114.98,103.89
T8,50.545,24.07,9.44,113.06,111.51,164.66,24.35,100.89,107.67,23.97,10.14,107.27,103.25,169.15,26.57,97.64,110.74
T7,50.655,27.46,10.59,97.52,113.54,167.08,28.76,101.91,112.58,25.06,9.79,92.44,97.29,161.98,28.62,103.8,101.02
T8,50.672,24.74,10.88,100.65,113.45,161.49,25.95,102.13,117.28,27.58,10.36,100.7,110.06,163.96,25.27,104.87,116.63
T9,50.708,24.9,10.72,101.21,107.18,178.06,25.51,103.06,112.72,26.39,11.53,111.6,98.9,170.24,25.48,100.87,114.4
T4,50.773,25.06,9.77,96.1,107.27,147.76,25.24,101.09,106.01,26.98,11.32,94.4,103.39,171.49,25.78,108.72,107.45
T1,50.952,25.3,9.71,108.11,103.58,161.41,24.59,110.92,101.27,27.15,9.5,101.88,104.99,145.23,27.32,114.76,96.52
T2,51.289,27.32,10.27,108.19,107.53,160.76,24.84,109.04,93.47,27.9,10.32,108.6,96.39,156.04,24.93,97.67,106.14
T6,51.315,26.2,10.85,100.86,100.75,141.55,26.5,107.39,103.91,24.92,10.62,107.92,98.81,158.76,24.07,96.8,93.74
T2,51.578,26.36,10.64,104.8,107.63,151.39,23.64,102.42,103.12,28.58,10.0,95.52,108.89,166.5,24.8,107.5,103.52
T8,51.727,25.95,9.86,101.62,110.86,151.03,26.82,103.75,112.59,25.83,9.43,106.86,110.97,160.91,27.0,108.48,114.99
T4,52.118,26.68,11.17,98.2,107.21,165.66,27.48,116.21,112.47,23.94,11.23,101.18,107.15,147.74,27.63,116.18,113.9
T5,52.151,24.38,10.77,92.7,109.75,147.02,28.13,99.02,100.31,23.93,10.75,105.43,110.59,169.55,28.37,109.48,96.33
T6,52.215,26.85,10.94,104.74,92.61,166.22,27.81,92.73,94.83,25.37,10.89,103.94,100.07,158.32,27.83,106.34,107.75
T6,52.22,25.6,10.2,107.43,95.22,166.96,27.02,98.0,95.05,28.71,10.06,96.64,97.19,154.29,25.49,95.64,92.66
T7,52.427,24.92,10.49,97.71,114.1,154.67,26.53,106.47,98.84,26.97,9.54,99.7,109.07,161.73,25.85,107.52,99.13
T6,52.576,25.42,9.57,109.72,108.54,163.64,26.43,92.05,105.16,29.04,10.0,99.13,99.01,140.6,25.89,99.13,107.94
T1,52.603,27.5,10.06,115.29,108.88,156.77,26.61,105.76,100.69,25.16,9.55,102.37,104.62,157.46,23.77,107.89,105.63
T4,52.758,27.28,11.24,102.76,96.15,155.33,26.62,108.18,101.3,26.88,10.32,108.56,113.18,158.9,25.52,102.44,109.34
T1,52.848,26.36,10.55,104.57,104.99,155.8,27.08,100.58,95.09,26.41,9.49,108.18,103.67,145.25,23.71,98.19,100.52
T5,53.388,24.46,10.52,92.1,111.31,161.44,26.77,104.8,104.11,24.28,11.08,102.22,101.47,167.11,24.24,98.16,99.04
T8,53.575,26.7,11.14,113.79,115.72,153.94,26.34,106.44,114.75,24.85,9.95,96.07,106.96,173.43,25.39,103.75,100.93
T8,53.713,24.61,9.82,98.25,100.39,157.32,27.04,104.87,109.41,24.44,10.12,103.86,109.23,159.72,27.49,98.22,106.94
T9,53.735,25.82,11.27,109.37,92.98,151.76,27.47,106.64,109.4,27.99,11.51,99.86,95.08,173.03,26.37,110.67,97.43
T8,53.866,25.41,9.5,103.26,115.11,168.11,23.61,97.09,104.38,26.84,9.53,101.48,101.81,151.76,24.08,105.85,105.42
T8,53.884,25.66,9.91,110.14,105.45,161.13,25.72,95.69,103.02,27.72,10.41,100.45,107.99,150.12,26.59,101.09,105.06
T6,53.953,25.29,9.72,96.79,106.46,155.14,27.78,100.95,103.82,25.62,10.91,100.81,103.97,140.87,24.7,100.24,96.33
T3,53.983,23.7,10.2,104.72,104.54,166.94,25.21,106.71,106.22,25.19,9.49,111.49,99.88,156.5,24.4,113.68,105.8
T3,54.481,23.74,10.91,103.65,92.71,148.8,25.26,105.57,102.28,24.65,10.9,99.97,102.71,150.0,25.78,112.64,98.98
T6,54.485,26.21,9.89,108.87,93.5,155.01,24.6,102.52,100.32,25.24,9.31,103.67,105.92,155.85,25.78,100.35,97.92
T3,54.635,23.41,9.5,109.3,100.17,160.91,24.96,108.62,99.78,23.87,10.72,107.15,103.87,174.73,26.45,106.06,107.77
T6,54.793,26.55,10.52,113.43,108.04,154.7,26.62,104.87,104.76,27.73,10.35,112.28,98.74,163.0,27.56,97.84,95.58
T5,54.97,25.94,10.91,93.12,106.45,155.4,26.3,105.12,95.98,24.66,11.31,103.15,111.81,170.59,28.43,105.93,103.93
T4,55.028,25.95,9.81,108.47,104.5,147.91,24.6,110.58,112.24,23.78,10.77,93.5,96.97,146.32,25.08,104.18,112.46
T9,55.296,27.3,11.14,100.87,97.72,154.31,24.42,105.42,107.48,24.48,10.67,110.96,109.74,153.8,24.34,103.16,111.94
T4,55.343,25.08,10.54,96.64,107.97,157.19,24.73,99.94,112.89,27.4,9.93,105.18,106.39,163.48,26.75,103.43,113.49
T5,55.554,25.93,10.9,105.97,108.79,156.17,27.3,104.25,94.91,27.02,10.36,99.78,100.6,148.84,24.11,104.89,99.42
T10,55.564,25.59,10.83,98.64,102.02,170.04,27.87,117.36,100.17,26.98,9.28,101.11,93.22,160.62,27.02,113.42,109.84
T1,55.575,26.96,10.76,100.56,101.37,144.84,25.74,113.32,103.25,25.25,10.78,107.96,102.48,152.36,27.77,115.75,94.22
T10,55.628,27.44,10.38,107.19,106.73,160.84,24.32,99.83,112.28,24.89,10.04,92.9,96.72,157.4,25.31,114.26,111.77
T6,55.788,26.12,10.28,100.33,104.64,152.22,28.39,103.93,108.99,24.54,9.74,104.91,100.17,144.47,24.04,92.82,107.24
T7,55.797,27.49,9.56,98.49,113.25,155.71,24.82,99.73,108.31,23.78,9.79,98.17,108.3,144.49,26.35,111.77,104.39
T2,56.036,29.37,9.7,98.84,103.69,151.67,25.79,106.7,95.09,25.5,9.54,95.69,105.28,152.13,26.84,101.58,101.04
T6,56.141,25.95,9.6,98.1,98.26,153.62,24.08,100.24,102.59,24.87,9.57,96.67,97.26,145.86,26.68,101.71,94.11
T4,56.152,25.81,9.78,94.63,110.2,161.37,24.69,99.22,109.48,27.09,9.89,102.74,102.56,162.42,27.26,114.23,100.97
T4,56.295,23.32,10.34,93.03,106.77,158.23,23.94,110.82,103.3,25.48,10.08,107.12,97.33,165.28,25.52,98.96,103.16
T10,56.676,27.81,10.95,104.65,95.09,152.45,25.34,113.67,104.19,24.69,10.4,94.64,93.37,164.75,28.42,117.53,113.0
T2,56.799,25.67,10.2,93.78,106.27,153.66,24.8,103.66,99.25,25.48,10.48,98.06,98.74,145.71,24.23,103.22,99.32
T4,56.821,25.41,10.39,102.12,97.64,166.95,26.78,106.1,100.48,23.89,10.44,102.4,109.68,145.3,24.5,103.86,110.45
T8,56.847,23.69,10.88,100.74,105.84,161.71,25.53,100.4,114.29,26.55,10.99,109.85,115.5,148.67,25.51,94.27,114.78
T2,56.86,25.42,11.04,94.25,97.29,161.77,26.71,104.68,104.44,29.12,9.4,92.93,105.62,146.93,26.75,107.22,98.4
T7,56.967,26.83,10.96,95.18,114.82,147.09,29.0,98.64,113.4,24.36,10.55,100.24,111.61,153.73,26.71,111.86,116.41
T3,57.011,23.43,10.27,112.09,99.73,167.59,24.76,99.84,98.24,24.46,9.43,108.24,103.04,157.41,24.95,101.62,102.12
T10,57.049,25.8,10.96,104.1,103.52,146.59,24.57,106.62,104.11,26.63,10.28,101.08,99.55,162.28,24.46,108.19,110.88
T8,57.051,23.84,9.4,107.75,105.56,148.06,24.28,92.36,114.89,24.17,10.12,112.78,112.14,155.63,26.26,106.27,115.61
T3,57.073,25.77,9.42,110.79,94.77,148.51,26.19,103.28,107.58,26.7,10.2,102.78,102.34,164.86,26.43,114.75,115.71
T3,57.169,27.32,10.43,112.3,95.02,169.29,24.81,98.33,104.16,26.32,9.91,108.19,94.28,169.66,26.08,96.77,100.97
T10,57.295,24.03,9.63,97.1,99.99,163.26,28.14,117.4,109.6,23.97,10.74,91.99,96.9,172.29,27.58,108.03,101.27
T5,57.37,25.49,10.94,100.0,106.41,168.95,26.38,104.72,100.27,24.46,11.61,107.08,98.73,156.58,26.25,101.02,106.35
T5,57.409,24.56,10.43,101.32,99.32,161.13,26.56,107.01,101.01,26.68,10.9,108.1,108.42,152.71,28.19,104.34,104.06
T8,57.41,25.28,10.79,100.08,108.42,172.1,23.96,100.24,101.66,27.85,10.93,99.2,114.26,164.34,25.1,97.11,106.41
T9,57.434,27.74,10.86,100.64,97.06,173.12,26.98,106.9,103.56,26.46,11.52,111.62,92.78,158.55,26.6,105.82,98.37
T8,57.535,26.59,9.75,105.69,105.82,166.88,26.02,99.84,110.46,26.61,11.12,112.87,115.44,157.47,25.15,103.76,116.16
T6,57.605,26.01,10.24,113.76,98.05,162.48,27.18,98.52,98.88,28.82,9.7,103.9,92.02,153.42,28.51,98.59,94.44
T6,57.701,28.18,9.89,103.0,101.94,152.45,25.2,93.67,100.48,28.37,10.01,108.55,101.82,143.1,25.64,99.82,98.13
T9,57.771,27.22,11.21,113.71,96.58,152.26,24.51,117.34,109.91,27.84,11.61,117.04,94.73,155.16,23.77,102.31,109.56
T3,57.798,24.46,9.65,97.16,107.61,155.96,25.42,99.56,110.58,23.29,9.95,108.37,99.9,157.53,26.46,103.76,100.2
T3,57.799,25.3,9.64,99.9,105.16,174.55,27.62,103.93,115.42,26.36,9.42,106.17,102.88,160.22,25.66,102.3,109.15
T2,58.059,26.19,10.69,101.08,98.16,167.54,25.86,98.22,104.58,25.18,10.17,102.3,101.5,148.08,23.56,97.61,98.11
T8,58.105,23.81,9.71,98.0,114.4,170.6,27.66,98.78,108.26,26.98,10.22,101.66,105.63,166.54,27.18,99.54,103.88
T9,58.177,27.14,11.1,101.44,109.78,177.46,24.56,106.88,110.65,27.07,10.37,103.35,98.19,175.72,26.4,104.26,105.12
T9,58.229,25.92,10.27,100.66,92.58,152.93,28.0,111.89,97.96,26.38,10.83,109.73,109.24,167.98,25.63,115.15,113.57
T5,58.519,26.03,11.02,98.73,112.33,146.06,26.14,106.79,97.05,26.2,10.14,99.86,103.78,153.0,26.8,103.3,103.06
T5,58.706,27.02,9.91,102.4,98.75,149.85,25.92,105.32,100.82,23.86,11.3,103.9,103.68,144.93,27.28,94.24,105.32
T7,58.848,23.57,10.63,96.18,109.7,151.63,25.23,99.67,109.02,24.69,9.42,98.45,105.07,162.54,29.08,110.91,101.47
T3,58.968,24.25,10.44,101.85,92.89,165.58,26.54,104.28,110.43,24.56,10.72,99.44,105.74,148.61,26.06,114.49,113.89
T2,59.046,25.26,9.61,108.3,105.6,156.85,24.59,98.8,92.8,29.37,9.53,106.05,111.73,164.59,26.3,97.66,96.13
T9,59.248,24.4,10.88,101.06,100.72,162.78,24.79,115.8,113.57,26.72,11.02,110.97,92.76,174.48,25.01,102.74,99.3
T10,59.339,26.05,10.89,105.94,95.42,152.26,26.58,110.24,105.17,25.76,9.34,100.13,98.92,168.91,28.16,110.33,107.24
T4,59.342,25.06,10.99,102.58,106.88,148.52,26.98,105.22,102.96,23.3,10.56,99.9,97.08,163.29,26.82,116.9,110.1
T3,59.448,24.39,9.66,108.98,97.77,164.8,26.01,110.03,105.16,23.56,9.7,101.37,100.83,175.81,27.74,114.58,115.56
T6,59.545,26.7,10.73,102.41,96.64,164.06,26.23,93.4,106.53,26.27,10.15,111.41,108.63,158.5,26.21,92.29,101.7
T9,59.63,25.41,11.05,102.46,105.64,163.58,25.81,100.32,97.88,27.9,11.49,107.4,96.76,172.68,26.87,112.01,98.54
T1,60.04,27.97,9.87,115.67,102.03,157.3,27.81,98.38,95.24,25.9,11.2,103.09,113.72,139.6,25.52,113.02,107.81
T1,60.052,24.02,10.51,104.75,114.14,157.3,26.72,108.75,93.65,25.83,11.06,113.6,111.51,158.68,26.4,105.06,94.24
T4,60.053,23.12,11.19,104.04,112.34,164.56,26.34,111.66,107.65,25.04,10.84,106.67,103.41,157.5,23.52,99.92,116.1
T6,60.315,26.76,10.0,101.96,106.22,158.32,26.58,104.39,93.3,25.07,10.71,99.13,103.01,141.99,25.12,95.76,106.25
T6,60.338,28.3,10.42,106.69,104.74,145.25,27.81,100.28,92.81,25.36,9.76,111.21,104.77,157.43,24.01,102.69,97.84
T9,60.372,25.3,11.09,113.25,93.85,169.16,27.43,102.72,98.7,26.77,11.05,104.13,109.78,154.54,26.43,116.65,107.87
T9,60.472,24.67,11.12,106.75,95.59,152.93,24.94,115.19,104.64,28.82,10.22,101.41,107.86,159.39,23.74,109.15,108.94
T3,60.694,26.61,10.17,112.43,102.23,162.75,25.65,103.4,98.6,24.65,9.88,113.65,105.92,171.78,25.82,110.8,100.97
T9,60.701,28.45,9.87,115.73,100.99,156.54,27.32,109.74,114.91,27.73,11.09,112.14,100.93,153.41,24.66,115.96,107.48
T7,60.828,27.79,9.66,95.51,97.49,163.94,29.0,102.11,110.09,25.32,9.45,108.64,109.85,170.36,24.53,102.47,109.02
T10,60.922,26.8,9.66,93.26,95.67,159.86,25.73,114.35,109.68,25.76,10.33,97.18,103.07,150.64,25.48,113.32,113.44
T8,60.999,26.8,10.82,100.96,99.74,158.2,26.65,102.59,116.79,27.23,10.84,111.55,97.6,150.08,27.69,101.08,101.98
T6,61.181,26.64,9.34,104.22,92.61,155.07,27.42,107.49,106.25,28.54,9.97,99.86,99.33,152.6,25.92,98.9,97.89
T5,61.256,27.33,10.89,91.94,98.64,162.4,26.54,105.32,108.45,24.62,11.26,106.44,107.24,159.84,25.54,107.01,96.95
T4,61.282,25.9,11.55,92.73,101.93,147.08,25.6,115.12,99.68,26.58,11.11,99.91,106.48,152.95,26.86,116.92,115.65
T2,61.307,26.91,9.87,98.84,98.72,156.91,24.31,96.41,93.01,26.92,10.67,101.81,108.6,153.84,24.17,95.24,97.48
T8,61.484,24.32,10.87,107.98,110.51,158.0,23.52,101.73,112.55,25.97,10.56,99.22,105.06,150.9,25.5,98.64,112.48
T2,61.484,25.43,10.69,100.28,105.36,158.96,26.1,109.37,97.85,27.64,9.67,95.94,113.15,163.13,23.97,98.8,95.37
T5,61.499,24.55,10.27,94.36,100.82,157.66,25.46,105.04,106.47,27.22,10.54,105.24,108.11,170.73,27.16,103.05,101.01
T1,61.588,26.77,9.46,114.48,113.33,155.88,27.76,101.01,102.38,26.25,10.93,116.85,115.98,152.72,26.35,109.96,102.29
T3,61.628,27.36,10.32,107.98,105.09,165.56,25.03,111.1,106.0,26.8,10.1,111.94,96.99,154.04,24.27,113.76,113.96
T10,61.943,24.07,10.96,107.06,93.88,165.24,25.55,111.17,102.35,28.12,9.59,105.22,92.32,159.76,28.0,117.52,95.89
T5,62.075,25.49,11.21,97.02,114.49,147.16,28.26,108.02,107.43,24.38,9.93,94.86,104.68,148.11,26.66,92.38,101.39
T10,62.348,24.16,9.62,92.1,99.6,165.15,24.46,99.69,108.47,24.01,10.27,91.99,107.11,160.8,26.8,112.3,109.92
T2,62.427,25.74,9.55,98.17,105.25,151.71,26.37,106.88,96.52,27.92,9.85,107.05,97.79,161.77,27.21,96.34,105.95
T4,62.47,24.88,10.63,92.33,107.84,147.99,25.36,113.2,118.0,25.53,11.05,92.92,98.33,150.95,24.2,102.88,107.04
T5,62.477,24.31,9.89,93.74,107.88,168.88,28.15,97.24,108.02,24.43,11.07,104.97,105.17,169.73,24.63,109.2,96.0
T7,62.531,26.18,10.75,101.21,113.66,161.98,25.86,95.81,106.2,24.54,10.13,92.35,114.33,171.75,26.67,100.33,106.22
T7,62.541,27.1,9.42,91.97,114.05,166.95,27.01,99.96,103.7,24.92,10.75,99.47,109.7,150.77,24.54,103.02,109.39
T9,62.593,24.32,9.88,108.35,97.45,171.54,24.39,107.42,108.41,27.64,10.74,111.6,101.79,156.67,24.45,109.56,114.05
T1,62.745,27.57,10.67,99.36,104.99,150.92,23.56,107.27,104.31,25.58,11.14,101.62,109.66,145.44,26.25,109.65,105.7
T2,62.808,28.24,10.27,97.01,95.93,150.77,23.76,109.38,95.34,25.43,11.0,94.45,96.29,163.61,26.78,109.71,92.96
T6,62.953,28.7,10.85,107.99,95.23,150.9,27.39,97.22,96.25,26.49,10.71,104.13,93.19,165.78,26.56,95.88,100.77
T5,63.003,25.94,11.05,101.28,110.38,151.02,24.23,96.73,104.66,24.03,10.56,107.44,101.03,156.39,24.11,101.68,98.2
T5,63.158,26.14,10.72,98.85,103.99,169.81,27.84,105.04,108.61,24.69,11.09,101.53,107.71,160.25,25.77,100.78,92.87
T4,63.254,24.04,10.3,92.76,108.93,159.9,27.44,100.64,101.22,26.32,10.7,98.98,112.62,150.29,23.86,101.6,103.87
T1,63.469,24.13,10.82,100.69,108.45,139.87,26.62,115.29,107.01,27.62,11.24,106.21,98.94,147.22,27.33,103.14,98.21
T1,63.783,27.06,11.11,102.34,111.63,158.03,27.81,98.1,106.65,26.72,9.52,102.2,104.45,151.21,25.8,100.57,102.99
T9,63.996,25.94,9.89,108.5,93.54,174.57,24.32,100.79,114.48,26.21,11.56,103.99,104.25,175.68,26.51,115.34,115.34
T4,64.171,23.78,11.58,93.53,101.79,167.32,25.16,105.31,102.86,27.26,10.67,98.85,111.74,156.9,24.98,114.26,109.02
T3,64.237,24.82,10.26,102.98,101.31,154.1,25.4,99.46,108.39,23.33,10.66,104.57,103.99,165.56,26.97,109.59,105.32
T2,64.249,26.85,11.03,101.96,112.07,170.02,25.92,107.02,103.03,25.13,11.1,96.47,104.86,164.54,24.12,96.32,101.15
T6,64.263,28.69,9.77,98.9,101.17,157.66,24.49,104.07,98.99,26.38,9.9,109.9,95.63,154.58,27.73,104.97,107.72
T4,64.266,23.22,11.1,98.05,99.42,161.64,23.89,102.41,106.37,23.28,10.88,105.16,106.99,169.49,27.16,106.57,114.69
T8,64.317,24.62,10.73,107.05,112.99,165.44,27.09,104.36,111.0,24.22,10.93,101.85,107.79,149.89,25.79,99.02,109.74
T3,64.32,27.37,10.06,107.86,107.25,170.63,27.34,109.76,107.22,25.75,9.94,97.53,109.02,169.85,23.73,102.04,113.13
T8,64.329,23.62,10.95,106.7,100.9,163.12,23.54,99.02,114.36,23.61,10.08,100.96,107.42,172.34,26.64,107.66,115.27
T2,64.419,25.54,10.31,104.51,104.5,147.46,25.67,109.75,100.76,25.5,9.65,108.51,110.52,172.34,24.3,107.3,93.71
T7,64.456,24.31,10.87,92.39,110.8,165.26,28.54,105.54,112.04,26.0,10.0,102.36,112.15,161.47,24.57,99.85,108.98
T10,64.864,24.47,9.35,92.08,100.96,169.62,26.56,111.5,98.61,24.04,9.55,107.71,102.09,159.42,24.46,110.12,109.04
T1,64.876,27.38,10.49,102.11,115.64,152.47,26.24,101.25,103.73,27.3,10.36,108.66,105.14,149.79,25.09,99.87,107.39
T4,64.921,25.95,11.15,93.71,111.38,161.84,26.55,108.44,108.63,25.53,9.81,95.06,110.72,149.99,27.64,113.35,107.45
T6,65.033,24.64,9.94,109.86,93.94,143.68,24.36,95.83,103.3,26.58,9.82,109.48,98.14,151.94,27.77,93.61,97.99
T8,65.072,23.63,10.42,105.55,108.0,163.92,26.02,102.95,110.57,23.86,10.2,103.83,108.97,150.9,26.98,97.6,107.4
T7,65.086,25.37,11.0,106.13,113.94,147.46,27.59,109.56,111.48,25.36,10.62,107.93,105.56,170.17,28.48,111.65,111.64
T8,65.09,24.55,10.83,110.39,107.84,170.53,27.67,99.98,99.95,27.58,9.53,97.1,105.45,148.23,23.71,98.41,108.25
T6,65.12,25.32,10.69,107.39,101.94,145.48,24.36,105.79,106.69,28.35,10.37,114.72,107.67,159.84,28.27,109.35,105.25
T10,65.255,24.86,10.74,94.82,92.55,153.71,26.17,105.97,100.16,24.54,9.73,107.19,92.85,146.82,28.55,116.11,98.71
T3,65.279,23.15,10.68,102.13,101.21,157.92,25.82,111.01,99.2,24.55,10.87,98.03,93.91,170.01,26.03,101.88,116.15
T6,65.305,26.29,10.54,97.92,91.42,167.15,28.36,99.06,93.64,24.46,10.46,107.18,108.35,160.81,24.73,91.98,103.22
T7,65.805,24.41,10.31,100.91,98.46,162.29,25.36,102.76,101.99,23.74,10.18,95.78,114.79,152.33,28.68,102.88,107.46
T6,65.825,28.91,9.29,112.28,94.81,162.24,27.4,93.06,109.15,26.29,10.32,101.49,97.31,145.18,28.46,108.96,104.64
T9,65.866,25.63,10.81,106.44,106.04,162.3,25.18,105.82,112.76,26.77,10.73,102.3,100.55,158.34,26.3,99.73,107.87
T6,66.048,25.88,10.26,99.75,104.62,160.34,27.06,104.88,101.88,26.07,9.41,101.65,108.09,152.3,24.07,101.82,95.36
T10,66.078,25.15,9.35,97.52,94.42,159.69,27.95,116.16,96.35,25.82,9.95,100.72,93.13,164.81,25.8,100.97,104.11
T10,66.083,24.62,10.99,96.53,100.61,152.46,25.85,117.63,99.17,24.48,10.84,91.52,99.1,172.25,28.14,103.64,105.66
T3,66.193,24.41,9.75,98.09,95.04,154.67,23.93,113.07,98.82,23.53,10.32,102.75,93.17,164.0,26.44,97.84,104.54
T1,66.377,26.81,11.21,110.26,103.47,141.21,24.87,101.38,97.07,27.71,9.69,117.5,110.77,139.01,25.0,101.78,97.28
T5,66.615,27.14,10.41,96.27,113.88,151.94,24.56,104.47,93.66,26.25,11.24,101.55,106.8,156.2,24.62,93.29,108.59
T3,66.629,25.66,9.38,114.22,96.88,150.7,24.0,107.26,109.32,26.4,11.03,110.66,98.22,164.14,26.72,106.06,116.13
T4,66.692,24.48,10.15,106.22,111.55,155.99,26.47,98.54,113.55,24.06,10.52,100.7,103.66,150.05,25.18,108.48,117.59
T6,66.954,25.04,10.64,114.04,97.15,142.63,24.7,92.83,104.64,25.61,9.35,107.76,102.36,145.38,25.66,95.39,96.81
T9,67.004,24.54,10.73,102.88,102.21,171.54,27.2,110.8,111.84,27.2,11.4,117.57,95.21,162.67,24.7,104.56,114.97
T1,67.023,26.63,9.66,103.22,116.71,156.59,23.9,107.79,94.59,27.21,10.08,111.27,100.69,158.62,27.81,111.18,100.45
T3,67.041,24.12,9.83,101.21,103.35,163.18,25.07,111.35,99.2,24.78,10.58,99.96,92.77,158.91,24.3,103.28,113.59
T3,67.056,23.18,9.82,102.45,108.58,151.98,24.92,108.54,98.94,25.81,10.83,113.31,108.85,156.03,24.82,111.96,98.48
T2,67.076,25.44,10.09,96.13,106.5,158.32,25.77,93.84,104.32,28.15,11.0,104.3,98.4,149.18,23.88,98.99,101.2
T6,67.096,28.3,10.46,99.88,91.48,142.19,26.53,107.47,103.34,25.52,9.83,103.41,108.44,153.66,26.3,99.16,102.53
T6,67.158,27.79,10.32,101.08,99.82,152.01,25.91,106.1,106.16,26.12,10.37,107.44,99.13,146.29,26.18,99.42,105.96
T4,67.187,25.71,11.12,98.82,110.93,168.8,26.82,107.95,104.83,24.7,10.44,101.43,113.68,156.61,25.28,99.52,117.25
T6,67.278,26.78,9.47,112.9,107.98,164.6,24.8,99.45,107.1,27.58,10.68,101.22,102.73,158.41,24.58,95.38,107.38
T8,67.762,27.69,10.26,112.91,103.09,163.05,24.38,101.49,117.45,27.58,9.95,106.55,102.28,164.98,23.93,93.48,114.26
T2,67.765,29.06,9.75,100.22,98.01,159.71,26.66,94.95,107.62,26.12,9.89,103.78,103.72,168.09,27.13,102.79,97.06
T8,67.879,24.74,9.54,111.81,109.54,154.71,23.96,101.35,112.3,25.73,10.29,97.95,99.65,174.98,23.95,96.83,109.05
T6,68.054,27.66,9.53,108.76,104.77,156.3,25.2,92.0,100.88,25.58,10.12,108.05,104.79,146.6,24.21,102.31,93.46
T7,68.177,27.97,10.38,108.77,113.02,159.56,27.31,106.16,107.94,25.88,9.79,103.26,114.13,158.08,26.06,110.35,101.37
T4,68.417,23.15,10.88,100.71,102.91,156.87,23.71,102.3,105.81,26.42,11.23,101.05,99.9,147.9,27.04,103.46,113.64
T4,68.777,27.03,11.12,93.03,100.36,147.35,26.34,103.29,117.88,24.94,10.24,95.76,103.99,165.21,24.86,114.66,116.5
T10,68.785,24.25,10.95,95.2,95.95,156.8,28.18,109.35,101.77,25.17,10.04,98.65,102.56,168.77,27.22,105.96,95.69
T3,68.834,23.17,9.8,99.71,109.29,165.66,25.96,114.12,102.29,23.54,9.51,102.87,107.97,154.56,26.5,100.65,109.33
T4,69.175,25.13,10.37,102.21,101.29,145.96,27.75,109.3,112.33,23.47,9.76,93.72,111.04,156.76,27.05,101.06,106.72
T6,69.471,26.32,10.75,106.79,92.82,156.96,27.53,108.21,95.53,29.08,10.11,99.88,102.08,147.71,26.89,93.71,93.74
T2,69.556,25.78,9.69,95.48,102.91,161.77,24.11,103.56,99.25,28.63,9.84,106.97,110.19,159.04,25.06,94.35,96.99
T7,69.579,27.64,10.06,98.87,98.2,158.25,25.95,95.81,116.51,25.29,9.43,108.19,99.86,152.59,27.68,103.03,99.0
T9,69.791,25.25,11.65,107.61,99.22,155.27,24.2,105.52,113.89,25.21,10.34,114.99,102.6,174.44,25.19,113.45,115.11
T2,69.817,26.61,10.7,99.02,104.84,167.19,23.44,104.64,102.36,28.5,11.07,108.59,109.12,169.19,27.56,105.27,106.05
T10,69.836,25.02,9.34,99.72,104.79,149.8,25.15,109.7,99.11,27.42,9.73,106.14,106.13,171.56,27.39,116.57,107.8
T2,69.93,25.5,9.39,97.11,102.68,155.34,25.1,97.41,97.34,25.43,10.86,102.08,100.85,158.21,23.52,94.42,100.78
T10,70.032,25.02,9.46,97.37,103.79,146.04,26.34,113.57,109.62,24.06,9.97,95.47,92.34,167.56,24.26,110.67,106.79
T10,70.186,27.72,9.63,93.17,107.44,145.36,27.57,111.72,103.54,24.06,10.15,107.39,102.1,149.23,26.58,105.24,98.45
T3,70.198,25.97,10.11,111.34,107.84,160.03,25.48,112.16,105.62,26.32,10.34,100.99,96.55,163.83,26.47,106.65,111.62
T3,70.629,26.66,9.6,107.46,96.09,151.38,26.06,98.4,114.39,24.49,10.17,97.35,106.13,163.63,24.9,102.83,104.3
T8,70.659,24.32,10.77,98.76,102.28,166.65,26.72,107.77,111.45,27.89,10.12,113.21,102.94,168.19,26.93,105.66,105.25
T10,70.688,24.82,9.53,106.7,97.49,166.07,24.32,106.52,109.1,26.1,10.53,96.38,96.85,172.54,27.66,103.65,108.89
T9,70.998,24.92,10.94,106.04,94.66,175.04,26.21,112.61,115.47,24.44,10.15,115.41,97.84,165.58,23.67,115.19,97.2
T7,71.037,25.19,11.02,92.64,109.8,164.4,28.06,105.71,110.92,24.46,9.56,92.52,112.76,157.66,26.22,102.76,116.12
T2,71.05,28.68,9.59,105.61,111.09,152.07,23.82,106.24,105.75,25.48,10.48,97.57,101.94,161.42,24.49,103.58,94.16
T5,71.291,23.76,11.46,93.76,102.76,169.29,28.41,101.96,100.27,26.93,10.6,94.82,109.16,161.85,27.7,101.13,97.27
T3,71.292,23.59,10.55,97.89,103.86,167.17,25.12,109.68,108.83,24.82,10.25,96.15,105.84,163.12,26.99,110.53,101.34
T1,71.428,28.3,11.03,116.85,114.37,140.75,26.57,97.73,100.84,25.43,9.48,107.16,102.34,152.72,24.49,110.48,94.49
T10,71.519,28.11,10.26,95.48,106.98,171.38,27.1,107.16,109.96,24.31,10.52,96.57,108.09,151.89,25.12,99.56,113.43
T5,71.596,24.44,10.88,104.45,102.17,155.04,26.65,108.72,92.77,23.93,11.58,99.46,109.5,164.44,26.4,99.04,105.44
T8,71.606,24.17,10.26,108.68,106.42,173.43,26.79,97.29,117.7,27.92,11.12,109.34,113.72,153.71,27.62,98.35,109.11
T4,71.612,23.92,11.28,105.54,110.32,146.75,27.12,106.4,101.99,26.16,9.78,105.01,104.56,160.93,24.13,114.17,112.48
T5,71.676,24.52,11.42,101.96,113.88,170.92,27.62,100.84,98.91,26.04,10.23,93.62,103.45,147.13,28.44,105.04,96.46
T2,71.915,26.9,10.51,108.48,103.42,170.97,24.28,95.31,103.96,25.1,10.6,108.83,104.53,163.74,25.02,104.14,99.42
T5,72.006,23.72,11.41,107.85,110.19,160.4,25.87,92.74,101.35,26.19,11.22,102.59,106.68,170.25,25.44,94.79,99.55
T7,72.09,26.18,9.31,94.58,100.27,163.73,27.08,96.14,114.61,23.77,10.45,100.26,104.22,169.2,27.02,109.96,103.36
T1,72.114,24.07,10.88,104.91,101.19,164.55,25.16,110.76,96.88,24.84,10.06,103.31,111.9,154.12,26.71,108.87,107.29
T3,72.145,26.92,11.05,105.25,97.93,158.84,27.48,110.8,107.63,23.13,11.0,113.28,95.43,163.16,25.55,107.09,111.32
T3,72.472,26.9,9.94,99.2,98.8,162.9,25.83,103.68,114.04,26.14,9.51,102.02,95.0,171.48,26.32,110.72,102.74
T7,72.539,25.83,10.33,102.63,110.78,164.46,27.3,107.82,107.95,26.42,9.94,106.53,107.71,148.19,28.88,102.9,116.52
T3,72.8,27.38,10.88,101.89,93.1,170.84,24.13,114.06,107.75,24.2,9.45,105.26,93.1,154.09,24.78,100.33,111.29
T8,72.816,24.44,9.99,111.1,113.11,159.15,23.68,99.09,115.51,27.9,11.01,100.74,111.44,161.08,25.32,104.58,103.68
T1,73.227,28.2,9.6,112.16,99.26,162.63,25.29,107.86,103.02,26.16,10.93,115.5,115.45,158.73,24.58,111.42,104.5
T6,73.435,25.95,10.34,99.23,97.5,145.86,25.45,99.42,108.15,24.86,10.33,110.89,100.99,145.92,27.01,105.41,97.54
T5,73.736,26.8,11.57,101.1,112.18,163.08,28.18,102.68,101.43,26.95,11.28,108.55,108.46,166.06,24.68,93.87,101.33
T1,73.789,27.7,10.78,105.44,113.64,147.46,27.29,105.03,107.01,27.7,11.11,109.16,105.39,152.0,24.35,104.69,93.61
T6,73.876,25.3,10.73,110.46,107.2,164.7,24.56,108.96,99.18,27.24,10.05,106.03,95.61,142.63,26.33,107.99,107.83
T2,74.002,29.53,9.85,94.0,112.56,160.11,24.77,104.3,92.92,27.33,9.97,93.42,99.74,157.22,26.8,99.55,93.1
T1,74.092,24.4,11.11,112.48,105.16,151.68,23.88,106.57,106.16,24.09,10.56,108.23,100.14,147.03,24.32,112.99,96.46
T4,74.426,26.54,10.8,101.73,111.16,160.51,26.42,100.56,106.62,26.22,11.29,95.07,100.24,165.98,23.99,106.19,109.56
T10,74.692,23.87,9.46,94.24,95.06,151.47,27.45,102.88,111.14,24.76,9.35,105.39,99.97,154.27,24.22,114.21,99.68
T5,74.787,27.32,11.53,92.25,111.49,161.28,24.97,104.15,99.37,24.61,10.41,104.56,111.19,156.38,26.03,93.27,93.91
T4,75.098,26.21,10.02,101.72,105.38,161.37,26.5,108.88,113.91,27.36,10.04,100.94,110.25,163.71,23.87,116.81,116.07
T6,75.182,26.34,9.41,106.66,97.39,164.25,26.27,101.56,108.78,24.84,10.11,106.54,98.05,166.96,26.44,105.95,92.85
T4,75.206,23.87,11.4,107.29,98.05,147.47,23.58,115.41,110.01,26.05,10.99,94.49,100.31,153.47,26.26,105.31,105.53
T5,75.664,23.6,10.7,94.64,109.37,154.99,24.11,96.35,92.77,26.2,11.27,98.56,105.5,152.83,28.13,98.08,97.71
T8,75.67,25.14,10.3,97.83,104.15,163.49,23.92,102.44,110.99,26.34,10.98,110.81,104.71,155.8,24.76,105.75,112.41
T8,75.927,26.39,10.8,99.18,104.87,174.33,25.52,108.22,104.17,24.46,9.72,103.01,108.0,152.31,24.04,94.24,117.29
T9,75.973,25.54,11.4,114.76,109.3,160.91,27.11,118.28,99.06,24.9,11.46,108.97,105.11,162.5,25.58,114.45,107.03
T6,76.097,26.39,10.13,96.62,95.22,159.92,28.46,92.18,103.34,24.54,9.61,110.74,103.94,146.8,26.67,99.15,95.68
T6,76.258,28.23,10.89,114.04,108.59,163.31,27.81,107.09,107.3,28.0,10.28,98.01,94.21,146.6,24.94,93.26,94.56
T10,76.471,27.49,9.72,96.12,97.23,170.73,25.5,104.86,109.6,24.83,10.04,95.06,101.62,152.66,28.36,100.26,99.2
T7,76.802,27.58,9.73,106.14,98.03,161.1,25.82,103.24,100.42,27.17,9.69,97.58,103.84,154.78,27.08,105.83,104.2
T8,76.917,24.48,10.19,102.19,100.54,154.81,24.03,108.56,106.37,27.24,9.5,100.97,112.23,163.63,24.58,98.15,101.94
T3,76.945,23.85,10.43,107.93,97.42,154.49,23.73,106.56,112.7,26.72,9.6,114.29,99.85,173.53,24.84,99.33,102.36
T1,76.978,24.98,11.16,112.35,100.52,143.11,25.99,104.06,107.54,25.58,10.85,117.33,99.85,155.02,25.0,102.62,102.89
T5,76.988,23.68,10.13,95.77,101.39,151.94,28.12,94.59,94.26,25.78,10.4,99.91,104.8,166.65,25.1,99.59,100.96
T8,77.059,27.38,10.85,112.97,105.27,152.8,26.18,101.22,99.77,23.84,10.81,113.6,104.2,175.29,24.28,100.52,108.02
T7,77.189,25.22,10.6,96.03,105.25,159.36,27.77,110.53,101.02,24.27,9.87,98.49,109.93,170.47,26.96,102.67,108.29
T5,77.218,24.58,11.62,107.14,104.06,163.37,26.07,94.68,103.92,25.33,10.84,95.64,108.93,146.05,26.6,101.69,98.2
T4,77.441,27.16,9.79,106.22,113.38,156.52,24.7,104.51,100.4,25.78,10.27,103.75,106.25,169.43,27.58,113.34,107.56
T10,77.457,27.76,10.99,97.74,104.65,171.23,27.41,103.48,96.98,27.17,10.57,107.98,100.64,167.7,27.25,113.57,100.86
T3,77.537,26.66,10.64,104.06,94.24,171.27,27.51,99.4,112.09,26.23,10.74,102.32,99.5,151.46,26.28,98.72,108.75
T5,77.56,24.54,9.91,94.47,103.7,168.95,27.6,107.91,94.52,27.31,10.75,108.63,112.7,161.38,27.69,99.32,99.08
T3,77.606,24.7,11.05,107.68,101.8,158.57,26.91,97.1,115.31,26.64,10.99,114.08,106.64,171.48,25.25,111.12,103.46
T8,77.704,25.41,10.92,105.09,99.04,150.35,25.5,106.37,112.72,27.72,10.0,111.4,108.19,156.4,27.48,103.85,114.35
T7,77.714,23.77,10.72,95.67,103.38,171.78,24.61,107.66,108.16,27.07,10.92,101.52,102.6,146.94,28.0,94.52,109.84
T9,77.833,27.0,10.77,113.37,106.16,166.53,24.0,115.16,110.58,27.9,11.65,101.78,101.1,156.72,27.21,115.8,112.64
T3,78.054,24.55,10.8,102.59,92.65,151.41,25.56,103.29,116.13,23.71,10.55,97.91,100.04,170.38,25.38,97.52,102.59
T3,78.095,24.5,11.09,102.93,93.72,174.97,27.28,114.57,114.6,26.18,9.92,101.73,99.92,160.13,26.86,111.1,104.11
T3,78.119,26.98,9.6,96.77,100.51,148.8,27.21,114.98,98.93,24.5,10.7,108.75,104.09,164.18,24.82,97.08,107.76
T1,78.14,26.82,11.0,106.51,106.97,164.56,26.95,108.18,100.62,26.24,10.82,111.81,111.63,144.09,27.05,98.59,102.0
T4,78.199,26.77,11.42,99.15,109.0,152.73,27.5,112.38,101.85,27.26,11.13,100.08,104.48,153.39,25.95,114.16,111.64
T7,78.265,25.65,10.33,108.56,110.08,161.76,27.95,103.66,113.06,24.5,9.84,105.09,105.9,154.7,27.16,105.0,104.17
T8,78.363,24.2,9.44,106.2,100.73,172.36,23.53,93.83,100.27,26.72,10.98,101.25,108.58,166.26,25.68,95.11,106.9
T8,78.919,23.77,10.73,105.26,106.78,153.75,25.13,108.62,114.54,24.26,11.04,96.47,111.24,169.78,27.48,99.32,100.22
T9,79.071,25.11,10.96,105.17,92.54,161.96,25.29,118.27,102.97,27.52,10.81,111.07,93.23,160.23,25.73,103.84,101.47
T9,79.168,28.14,11.65,114.27,92.68,153.91,26.29,112.49,106.89,24.62,10.73,115.62,108.73,177.6,24.37,102.13,115.38
T4,79.203,24.67,11.32,98.84,97.88,149.66,26.72,101.83,102.74,24.46,10.07,93.3,98.44,151.4,27.68,102.16,113.64
T1,79.218,23.91,9.53,112.35,103.03,160.93,25.55,111.67,93.7,26.67,11.0,108.25,110.86,161.61,24.1,103.76,95.06
T9,79.223,26.91,11.08,107.07,103.88,152.53,25.64,116.2,115.17,26.16,10.39,115.14,105.47,164.72,27.38,112.27,107.72
T1,79.254,24.56,9.56,117.12,103.99,159.46,23.64,105.11,95.57,24.94,10.86,113.14,111.79,151.33,27.13,109.47,108.44
T6,79.262,24.55,9.52,113.63,102.03,158.77,28.34,108.53,104.14,27.63,10.44,100.22,98.17,141.49,26.84,102.69,105.11
T8,79.306,25.64,10.6,101.12,111.23,149.31,24.04,96.67,105.39,27.5,9.81,106.12,98.16,172.34,25.54,97.08,109.21
T6,79.323,28.74,9.8,103.19,96.76,163.84,27.72,95.76,94.82,26.86,10.43,111.1,104.46,144.61,25.77,104.4,102.36
T3,79.724,23.96,10.72,101.42,99.11,152.09,25.12,106.3,99.41,25.76,10.45,99.97,94.67,171.48,25.75,97.52,106.65
T9,79.817,24.64,10.3,100.13,105.44,155.02,27.77,117.62,102.63,28.19,11.65,117.69,94.54,157.4,23.97,102.24,109.49
T2,79.854,27.58,9.46,95.91,98.59,166.2,24.3,101.74,101.67,25.5,9.82,101.95,113.31,152.44,25.33,93.99,91.85
T9,79.899,28.3,10.02,102.65,92.66,175.99,25.97,111.4,97.79,26.94,10.04,100.9,102.62,156.04,27.97,111.37,108.12
T8,79.999,26.49,11.01,102.16,107.78,152.93,26.07,98.2,116.91,26.8,9.54,96.89,112.93,163.52,24.7,94.87,117.28
T9,80.126,28.71,10.18,107.16,100.06,155.9,27.22,102.59,101.14,24.76,10.07,101.87,106.16,175.58,24.56,115.94,100.46
T5,80.174,27.82,10.85,94.12,106.14,156.24,27.6,95.53,99.04,26.87,11.33,97.98,109.96,171.3,26.29,105.89,102.55
T2,80.176,29.61,11.14,105.43,106.62,170.21,24.5,111.22,99.42,28.74,9.87,92.48,100.76,168.31,23.97,96.17,97.41
T5,80.698,25.04,10.3,100.27,104.63,158.87,27.11,94.93,100.96,27.03,10.74,106.58,112.4,155.81,24.18,104.58,101.91
T6,80.878,24.49,10.8,100.46,106.16,142.97,27.11,92.03,105.88,25.25,9.48,114.67,104.42,152.98,24.43,100.35,105.5
T7,81.013,26.56,10.08,99.78,111.94,151.24,26.54,110.09,103.1,24.42,9.5,102.15,114.92,162.09,25.35,101.56,108.84
T10,81.023,28.0,9.95,97.32,102.48,172.23,25.54,105.76,99.3,23.7,10.61,95.47,101.77,159.64,24.21,100.32,100.92
T10,81.117,28.09,9.69,97.24,98.73,156.04,27.62,111.41,109.62,26.27,10.64,104.7,95.73,167.59,24.71,117.12,105.45
T8,81.131,24.05,10.5,105.51,103.26,147.87,27.3,107.39,115.52,23.87,11.17,108.74,101.92,174.45,23.64,100.87,102.85
T7,81.142,26.15,10.83,107.18,112.1,152.19,26.99,102.44,106.52,23.66,10.12,99.76,102.12,161.33,26.54,108.3,105.82
T10,81.167,24.88,10.93,95.31,98.29,159.5,28.42,99.28,106.58,25.8,10.97,93.29,97.49,169.27,28.01,114.12,105.68
T3,81.367,23.65,10.17,97.35,103.32,156.54,23.79,114.12,112.04,26.74,10.26,101.22,94.97,150.25,25.48,98.77,100.31
T6,81.513,28.47,10.44,99.74,98.04,141.88,24.15,99.61,100.07,27.83,10.37,113.62,97.71,150.64,26.99,97.08,99.37
T2,81.534,27.56,10.9,108.48,98.63,149.87,27.51,109.25,105.4,27.79,10.06,107.48,111.83,170.4,26.4,104.04,97.85
T7,81.55,24.03,9.83,105.6,111.18,163.07,26.24,111.15,113.85,26.89,10.8,101.77,113.12,147.67,25.09,98.56,106.53
T9,81.574,28.84,10.16,99.28,105.97,161.01,25.24,112.64,97.79,25.17,11.21,118.0,105.8,163.99,27.65,117.12,100.79
T1,81.62,26.78,9.55,115.7,113.52,157.1,25.12,103.23,101.01,28.16,11.11,100.38,101.74,162.15,26.9,103.82,106.53
T3,81.68,25.31,9.7,114.24,93.72,175.82,26.87,110.77,107.36,26.4,10.95,101.73,102.28,165.01,24.03,113.87,102.41
T6,81.829,25.52,9.45,101.85,97.48,146.6,25.36,101.56,105.49,26.49,9.53,99.86,92.61,143.68,28.05,101.02,102.58
T6,81.844,25.42,10.3,101.02,98.05,156.42,28.21,92.82,102.99,28.74,10.4,98.7,108.59,163.68,24.86,104.83,106.0
T5,81.856,24.12,11.44,100.3,114.18,167.72,25.05,104.18,96.95,23.92,11.17,94.52,97.68,148.24,25.92,104.58,103.93
T2,81.869,26.38,10.01,103.99,103.35,146.77,26.29,110.69,96.49,25.2,11.1,97.78,96.8,166.6,24.73,110.91,98.34
T9,81.903,25.52,9.98,110.72,97.14,167.26,24.1,107.89,109.92,28.25,11.56,109.67,97.78,178.71,24.04,116.11,106.66
T3,81.956,24.42,9.45,107.98,95.67,152.59,28.0,108.3,98.34,24.41,10.12,105.01,104.92,160.69,27.3,106.43,111.36
T7,81.959,27.29,9.55,101.54,113.18,167.08,27.54,102.53,101.9,27.53,11.0,105.05,97.07,168.79,27.95,110.72,104.92
T6,82.092,27.76,9.25,97.05,102.56,163.84,27.92,108.76,105.87,24.71,10.04,106.74,105.86,161.1,26.49,92.34,107.35
T10,82.137,23.8,9.97,107.69,100.85,169.51,28.24,105.24,97.33,28.07,9.41,101.96,96.56,148.62,27.65,101.24,101.58
T1,82.163,25.93,9.88,116.12,105.09,146.62,25.81,111.41,108.71,26.07,10.86,113.59,114.7,139.41,24.99,100.88,97.65
T10,82.186,26.27,10.47,99.0,105.96,164.0,28.16,112.96,97.58,25.08,10.53,98.37,101.77,170.15,25.44,107.38,110.95
T8,82.194,27.24,10.24,104.17,101.13,156.04,26.21,96.2,112.91,26.86,9.95,102.64,102.15,158.44,26.34,103.78,112.93
T3,82.255,26.62,9.48,105.37,104.35,160.93,26.26,107.44,107.09,23.71,10.44,97.52,105.01,156.14,27.13,111.07,112.11
T8,82.386,23.56,10.94,109.7,106.69,175.87,24.56,106.55,105.12,25.98,9.71,99.93,105.27,167.83,26.87,100.3,99.69
T4,82.644,25.53,10.95,93.2,103.39,157.0,25.4,114.88,115.65,26.57,11.1,105.24,111.58,155.72,27.4,101.84,108.59
T5,82.703,26.64,10.12,108.08,104.4,170.46,25.57,92.51,106.78,27.5,11.42,108.73,101.94,169.18,27.03,92.38,92.68
T6,82.799,25.73,10.2,109.89,95.98,146.35,27.56,96.93,106.25,27.38,9.77,107.79,99.01,166.44,26.46,92.95,106.26
T1,82.809,24.96,9.52,103.22,108.35,162.31,25.52,98.19,97.76,27.97,10.44,109.02,107.78,139.82,25.81,99.9,93.26
T1,82.955,26.29,10.04,100.29,108.09,146.88,25.43,97.59,100.19,25.42,10.64,112.94,110.25,140.99,24.09,105.31,94.13
T2,83.164,27.22,9.94,109.25,97.43,163.52,24.97,98.36,99.97,27.59,10.25,104.78,99.05,157.09,24.04,96.07,106.12
T10,83.236,24.58,10.46,97.62,100.04,154.01,28.52,100.27,102.9,24.82,9.99,95.26,98.02,150.67,25.48,102.2,98.7
T9,83.243,24.67,9.99,104.28,97.84,174.86,27.0,115.59,110.67,27.52,10.21,102.23,92.78,162.72,24.27,114.6,104.01
T8,83.298,23.72,9.58,113.58,102.23,164.39,27.88,107.96,112.38,27.18,10.89,98.57,115.11,163.18,27.4,101.75,114.07
T5,83.341,23.53,10.3,94.5,99.23,156.57,25.12,98.49,99.3,26.91,10.26,103.19,101.02,151.95,26.96,108.22,97.07
T4,83.388,23.15,9.91,98.89,105.06,146.63,24.38,99.94,102.33,23.5,10.64,101.72,97.88,168.55,27.67,107.55,100.33
T1,83.404,27.7,10.26,105.47,114.37,164.79,27.69,110.48,98.11,24.6,10.53,109.05,105.17,150.9,25.82,109.73,95.93
T5,83.444,26.19,11.44,101.0,109.5,147.7,26.26,103.42,102.8,26.7,11.4,94.29,111.79,150.2,28.51,107.77,94.1
T9,83.497,24.64,11.63,104.89,99.2,177.58,27.73,115.57,100.38,24.82,11.21,103.91,107.3,174.28,26.14,109.9,108.97
T5,83.599,24.65,10.52,94.39,106.75,159.06,26.27,96.95,106.37,27.52,10.22,104.02,106.03,156.68,27.27,95.0,106.26
T1,83.799,24.47,10.57,99.15,114.15,156.19,24.35,109.78,98.76,25.31,10.53,101.06,109.68,149.48,26.56,103.61,94.11
T2,83.84,28.6,9.57,104.64,101.47,165.25,27.61,107.46,105.85,27.38,9.78,108.3,99.92,171.94,25.31,108.57,104.67
T1,83.959,25.66,9.96,115.2,113.25,162.92,27.08,110.75,96.77,27.79,10.86,99.35,108.4,140.26,24.84,98.79,99.38
T6,84.079,25.44,10.86,103.52,95.23,155.26,25.71,108.13,107.92,26.66,10.72,105.41,99.74,156.44,27.74,101.36,104.22
T7,84.144,27.79,10.58,92.07,99.0,156.87,28.49,102.65,103.87,24.99,9.88,102.62,104.12,165.44,28.96,105.33,105.92
T8,84.325,23.86,9.67,102.7,114.06,162.79,27.23,98.59,99.57,27.42,10.65,106.61,99.04,155.96,24.44,98.12,101.22
T4,84.339,25.05,10.12,92.2,109.86,154.83,26.0,115.82,115.18,25.98,11.15,94.68,103.21,155.18,25.41,108.84,113.17
T9,84.381,28.55,10.95,108.07,96.49,168.69,27.88,106.64,101.6,27.97,11.26,105.59,97.73,177.64,26.68,109.79,106.03
T6,84.685,26.89,10.14,111.41,96.55,166.41,26.35,104.86,105.96,25.21,10.19,111.56,99.96,163.47,26.49,107.15,92.95
T9,84.78,24.29,10.09,102.56,100.55,161.14,26.39,115.36,111.29,27.76,11.17,106.04,108.89,170.24,24.4,110.1,105.58
T8,84.804,24.05,10.17,97.31,100.76,159.72,24.54,100.85,110.39,26.88,10.59,101.65,110.3,155.4,27.3,106.11,117.08
T9,84.834,26.12,9.84,118.0,98.49,163.05,24.85,116.56,108.04,28.26,9.99,107.02,108.12,178.37,23.97,112.16,107.87
T9,84.84,27.51,11.31,116.43,94.25,178.8,27.14,115.86,114.47,27.98,10.57,107.02,107.03,151.38,24.66,103.19,98.98
T8,85.117,25.28,10.86,107.07,110.78,155.39,25.96,98.47,100.0,24.33,10.44,113.34,105.03,167.03,26.91,91.91,106.32
T4,85.146,26.64,10.2,94.18,98.82,152.18,26.76,114.02,101.52,27.12,10.73,100.02,108.41,161.94,27.52,110.31,102.39
T6,85.271,24.52,9.88,99.65,103.7,145.11,27.72,102.38,97.82,24.73,10.11,109.8,95.7,141.69,26.7,97.14,96.81
T10,85.436,26.82,9.47,105.18,93.29,152.35,25.32,111.84,101.91,27.78,9.96,96.02,101.16,152.92,24.06,114.92,103.38
T1,85.548,27.0,9.92,113.68,116.67,146.0,27.41,97.91,95.04,24.56,10.21,110.38,108.17,142.35,24.86,100.49,100.69
T9,85.637,25.4,10.73,109.01,100.55,167.52,27.1,112.37,107.68,27.41,9.97,113.75,93.43,161.48,25.87,107.72,108.17
T10,85.669,24.47,11.01,93.53,100.85,171.19,24.29,113.57,113.42,27.4,10.02,102.54,95.45,150.44,25.77,115.79,102.04
T9,85.768,26.91,10.55,108.05,93.35,176.27,26.73,110.16,99.66,26.34,11.14,110.33,105.2,175.16,25.79,113.94,102.17
T2,85.865,27.34,10.28,99.02,97.62,156.68,27.33,109.64,106.82,29.58,11.09,98.88,108.19,164.55,23.67,95.0,94.04
T9,85.995,26.52,10.98,113.76,100.86,172.13,25.29,105.82,112.42,24.97,10.32,102.74,97.39,151.32,27.09,111.02,106.49
T2,86.042,29.27,11.1,105.73,97.02,151.33,25.55,100.53,92.81,29.26,11.0,105.03,104.41,153.42,27.33,109.88,105.28
T1,86.289,26.55,10.13,109.78,113.91,141.83,25.79,111.16,105.62,26.13,9.94,110.48,104.61,141.58,26.82,112.37,105.5
T9,86.325,27.89,10.04,101.07,95.21,165.22,24.36,110.34,104.01,25.18,10.36,110.69,99.48,158.62,27.39,102.08,103.49
T6,86.475,26.7,10.44,108.02,104.39,161.09,27.26,100.43,105.93,25.85,9.27,100.95,104.39,143.6,24.39,104.33,97.6
T5,86.562,25.76,9.83,97.64,105.98,159.44,25.39,99.8,98.0,23.83,11.09,91.58,97.8,147.45,25.59,108.52,107.48
T3,86.694,24.48,10.02,108.41,102.35,171.42,24.88,106.75,115.84,26.8,10.08,105.89,109.27,152.16,27.86,101.37,101.3
T5,86.768,26.45,10.82,95.04,113.16,166.09,26.43,103.03,103.98,23.55,9.89,92.36,100.61,161.98,27.72,108.44,96.46
T7,86.829,26.33,11.01,104.33,104.52,150.69,28.95,94.61,102.05,25.71,10.57,103.82,100.62,160.13,28.95,103.57,107.89
T9,87.048,25.49,9.85,104.02,97.12,174.57,26.63,107.45,114.75,27.25,10.91,109.04,102.11,169.58,26.62,116.23,113.33
T8,87.067,23.76,10.01,103.85,99.01,164.61,27.85,94.96,111.69,24.16,9.74,103.83,112.08,163.6,26.77,102.37,109.49
T10,87.153,27.52,9.87,106.36,104.74,165.49,26.5,107.12,100.92,23.82,10.74,98.39,93.73,154.85,24.72,107.64,110.44
T10,87.254,28.05,9.82,95.99,99.7,151.75,25.38,103.64,96.48,24.58,10.74,98.2,96.74,165.38,25.8,112.48,96.68
T4,87.557,23.42,10.69,103.13,110.43,152.14,25.32,103.63,100.24,27.09,10.34,102.98,96.43,164.55,26.62,98.44,111.16
T5,87.559,23.53,10.51,99.77,104.78,147.34,24.33,94.81,94.12,23.58,10.63,92.3,109.46,152.98,25.0,108.55,107.65
T8,87.631,26.12,10.6,102.63,101.32,157.96,26.32,103.54,101.34,26.69,9.74,105.8,115.09,170.53,24.9,94.32,105.17
T6,87.65,28.48,9.57,110.12,95.35,142.1,26.6,107.16,109.15,27.95,10.4,102.12,95.21,158.76,25.03,105.9,109.34
T6,87.842,24.8,10.58,113.99,92.58,165.53,25.76,98.0,100.86,26.94,9.93,113.34,98.81,164.57,26.22,95.6,94.83
T3,87.948,24.92,10.83,109.13,104.85,154.73,25.26,99.17,108.39,23.93,9.57,103.9,97.78,170.84,27.16,101.07,107.55
T4,87.977,27.09,10.81,94.38,113.92,144.4,27.31,107.49,102.44,27.38,11.25,99.45,107.27,168.95,25.82,108.29,100.97
T4,87.991,23.28,10.71,100.49,104.27,156.36,24.7,111.78,114.36,24.09,11.14,105.75,96.05,145.13,27.44,102.66,108.89
T4,88.475,24.3,10.3,98.55,105.11,160.74,27.5,101.6,117.8,24.7,10.71,105.76,103.02,170.08,25.72,112.58,112.06
T6,88.496,27.78,10.12,100.81,102.96,161.21,28.01,105.6,105.94,27.6,10.62,105.21,93.41,157.57,28.47,92.39,107.32
T1,88.535,26.97,10.51,110.89,99.54,163.95,25.03,101.16,94.96,27.64,10.77,112.28,103.48,159.56,24.19,105.74,94.07
T3,88.883,26.4,10.02,109.32,95.32,156.92,24.17,111.98,108.8,26.81,9.8,97.14,105.35,153.86,27.31,112.64,113.81
T4,89.098,23.57,10.43,94.17,110.46,169.96,23.77,106.58,106.58,23.78,10.79,107.8,109.37,162.55,24.47,113.56,109.03
T6,89.137,28.6,9.6,97.58,94.56,164.75,24.97,98.77,95.36,25.86,9.46,100.61,105.36,156.13,26.69,97.13,95.74
T5,89.288,24.95,10.91,98.22,108.9,153.53,27.75,107.23,98.33,24.01,9.92,98.58,105.61,166.56,24.84,92.64,102.85
T7,89.306,26.18,10.9,98.5,100.02,161.62,28.58,108.4,105.21,25.6,9.3,103.82,105.28,147.09,26.68,110.37,106.14
T9,89.403,27.92,10.63,109.51,105.66,156.07,24.39,117.81,107.72,27.19,10.79,108.5,102.7,174.86,27.28,114.56,102.59
T9,89.411,24.61,10.93,105.85,107.53,158.27,25.9,102.76,105.98,27.57,10.25,101.66,101.28,158.64,27.29,102.67,110.7
T2,89.594,27.62,10.55,92.99,108.31,162.82,26.54,96.58,108.5,26.6,10.3,108.19,100.82,147.92,23.72,93.59,95.84
T4,89.644,24.59,10.27,100.58,109.98,155.72,27.37,103.22,107.27,24.05,10.43,106.28,100.47,150.07,24.23,102.97,113.84
T2,89.644,27.5,11.03,95.81,108.96,162.14,26.43,110.91,107.67,26.9,10.55,98.3,110.59,168.58,23.94,104.88,106.97
T4,89.648,23.48,10.18,106.2,110.58,166.47,26.58,100.6,107.48,26.88,11.58,105.44,113.81,168.7,27.28,104.41,103.79
T4,89.673,27.18,11.16,100.44,111.01,169.58,25.3,112.31,115.49,23.92,10.42,102.41,113.48,157.78,25.41,109.71,105.45
T7,89.696,26.45,9.97,95.4,114.2,171.13,28.63,102.79,115.81,27.22,10.35,102.78,111.76,161.22,28.62,106.81,113.07
T9,89.89,25.17,9.85,101.66,108.43,172.87,23.93,103.55,112.85,27.19,10.88,112.31,106.41,174.62,27.98,113.48,101.63
T5,90.091,26.07,11.4,97.4,100.57,168.04,24.62,94.53,108.68,27.74,11.46,92.97,110.09,148.76,28.01,100.58,96.86
T1,90.117,26.01,11.15,114.35,103.47,160.0,27.08,102.52,101.92,25.06,10.96,112.48,114.04,150.58,24.28,100.62,99.89
T8,90.245,23.79,10.67,109.79,100.82,150.05,26.59,97.77,108.62,26.84,9.85,107.72,97.7,159.17,24.81,106.55,116.3
T6,90.334,25.14,10.26,107.65,100.96,157.81,25.04,95.92,96.68,28.61,9.34,114.54,100.1,143.95,24.09,97.72,108.9
T4,90.516,25.55,10.32,95.91,103.42,170.8,27.91,98.59,114.75,26.9,10.72,103.11,111.08,144.55,25.65,115.82,105.1
T6,90.54,25.42,9.62,114.4,100.94,150.84,27.57,97.38,99.58,27.91,10.65,105.76,96.24,163.95,26.06,102.96,107.44
T8,90.581,26.51,9.94,101.9,108.27,156.4,25.96,98.35,106.92,25.82,9.79,111.37,100.63,160.12,24.28,94.65,108.58
T9,90.608,26.97,11.36,100.02,96.2,171.4,27.09,99.76,110.67,26.17,10.71,109.36,102.63,174.89,24.72,106.69,101.23
T5,90.636,24.13,10.82,102.42,100.92,162.54,26.44,93.12,92.64,25.01,10.56,95.49,102.0,164.79,27.28,106.01,106.22
T4,90.724,24.13,10.37,96.33,98.96,160.93,26.78,114.23,114.92,26.53,10.62,96.45,106.68,171.08,26.16,110.63,109.14
T5,90.729,26.19,9.94,107.34,104.58,164.93,28.24,94.24,96.46,23.58,9.91,102.66,97.09,164.74,27.32,97.62,104.33
T2,90.849,26.44,10.22,93.51,95.95,147.18,27.28,104.9,95.7,27.38,10.83,94.49,106.78,153.2,25.11,99.37,103.01
T5,91.015,27.46,11.37,95.64,114.05,165.12,27.36,97.94,103.95,24.15,10.18,106.24,107.09,165.32,27.53,105.89,98.94
T4,91.073,26.37,10.28,95.11,99.27,146.14,26.22,110.37,114.11,25.79,11.58,99.91,96.78,160.54,26.55,101.1,110.1
T1,91.11,24.96,10.89,99.09,112.31,150.66,23.84,108.87,102.67,25.81,10.35,114.29,101.72,141.54,25.51,100.97,107.82
T1,91.179,27.14,11.17,115.81,103.23,163.27,25.4,111.94,102.53,25.43,11.19,106.48,106.63,145.28,26.91,112.25,96.63
T4,91.533,25.06,11.16,98.25,111.63,160.34,23.82,104.51,113.58,27.16,11.4,92.71,107.53,162.62,24.15,114.93,100.64
T9,91.576,25.01,10.32,103.71,107.1,151.69,27.73,115.29,98.38,24.79,10.12,116.48,102.0,166.36,25.02,117.48,102.48
T6,91.866,25.9,10.97,109.33,96.78,145.2,27.05,102.03,102.4,25.42,9.68,111.66,91.5,140.99,27.42,106.39,108.31
T2,91.905,27.62,10.48,106.81,95.52,156.82,24.87,105.63,106.8,25.64,9.91,109.4,107.28,167.9,24.03,109.93,106.79
T4,91.931,24.81,10.45,100.33,98.83,165.28,24.27,116.18,114.48,25.71,10.73,92.22,103.38,162.97,23.51,113.47,105.19
T2,91.952,29.6,9.38,96.35,100.32,172.86,27.12,109.28,101.91,28.37,11.1,107.74,105.86,159.06,25.68,96.03,95.74
T2,92.172,26.91,10.28,104.8,98.42,160.29,26.45,95.32,103.26,27.73,10.74,94.31,107.53,147.92,25.45,109.71,91.95
T8,92.234,25.6,9.99,96.64,106.93,170.35,23.77,92.14,113.63,25.92,10.88,108.66,107.41,149.49,25.54,98.54,102.91
T7,92.37,25.49,10.71,97.09,97.99,165.97,25.22,102.0,107.34,27.33,10.37,103.7,100.08,153.49,26.18,103.89,99.13
T8,92.523,26.89,10.39,110.66,109.29,174.88,23.93,102.32,113.29,23.72,10.3,108.66,101.46,163.0,25.45,101.11,115.29
T2,92.574,25.98,10.89,108.04,111.73,146.44,25.85,108.57,103.71,25.74,9.42,101.12,104.26,172.46,24.02,94.56,97.23
T4,92.716,25.34,11.42,101.83,109.31,162.71,26.64,105.75,115.79,24.51,11.31,99.9,109.14,157.35,26.86,112.76,102.44
T5,92.727,25.84,9.88,92.92,112.37,144.34,26.06,103.59,108.91,24.69,11.53,108.86,98.13,154.74,26.74,96.95,101.14
T1,92.727,26.83,10.99,115.76,106.74,162.41,23.54,105.27,106.47,24.06,10.09,115.91,104.96,140.28,25.4,102.15,102.68
T4,92.781,25.74,11.59,97.09,108.16,153.85,25.64,99.55,105.06,24.25,10.83,107.61,104.92,151.2,23.92,99.44,108.0
T4,92.803,23.83,11.29,100.7,105.19,146.75,26.5,108.36,102.86,24.14,11.14,102.77,107.06,163.06,24.83,101.4,114.24
T5,92.888,26.45,11.65,108.55,98.14,170.68,26.0,107.85,103.9,27.66,11.24,104.27,111.98,155.67,25.89,104.1,103.01
T7,92.934,24.17,10.02,98.11,97.48,150.22,25.07,98.3,103.2,24.31,9.3,93.4,104.27,148.0,25.18,104.55,114.9
T5,93.161,24.61,10.97,101.53,114.8,170.78,28.01,104.15,92.94,23.43,9.9,99.91,102.34,160.16,24.91,108.19,94.71
T1,93.203,27.63,10.04,116.07,111.9,156.9,26.27,109.45,109.05,27.75,10.84,102.57,111.27,154.3,27.18,100.63,93.72
T9,93.506,24.85,10.69,104.04,102.29,174.13,24.93,111.04,114.63,24.64,10.02,110.85,107.54,161.98,26.78,108.77,98.97
T7,93.618,26.13,10.93,108.47,107.31,167.08,28.67,107.47,114.34,26.18,9.88,108.24,101.14,147.3,27.4,95.89,102.79
T1,93.839,25.05,10.53,112.31,107.24,164.47,24.84,113.06,99.93,25.2,10.37,102.09,100.74,165.14,26.4,101.72,95.35
T1,93.922,27.66,9.52,102.24,111.38,152.24,26.98,114.0,106.36,27.06,11.09,117.43,103.49,150.32,24.12,111.79,105.7
T5,93.936,24.62,11.03,94.62,98.46,147.8,27.95,100.3,106.56,27.24,11.35,92.52,97.31,166.71,25.13,96.01,102.65
T2,93.971,27.86,10.17,97.14,109.11,163.86,23.31,103.69,96.53,25.93,10.23,95.45,108.45,146.94,27.06,109.06,96.54
T9,94.011,25.84,11.51,99.97,108.69,175.47,26.62,117.53,103.98,26.8,10.88,111.86,93.65,161.3,25.39,100.79,107.52
T1,94.088,24.83,10.18,103.75,100.94,155.86,23.74,98.59,104.23,27.76,9.67,104.52,111.57,150.87,27.78,98.05,100.67
T4,94.263,26.18,10.04,99.45,98.12,158.36,25.55,105.39,103.22,26.09,10.1,94.35,107.13,146.89,27.24,106.28,114.85
T2,94.425,29.64,10.66,95.7,103.8,164.59,24.3,97.07,92.18,29.16,11.15,98.95,100.61,169.78,24.48,94.14,99.49
T7,94.546,27.76,9.82,92.58,105.9,171.63,28.48,94.56,99.14,25.64,10.9,97.09,104.55,165.13,27.0,96.74,102.65
T1,94.562,25.89,10.01,108.04,103.95,138.94,26.12,106.71,94.66,25.6,9.83,105.03,105.74,143.93,27.48,109.7,98.34
T5,94.719,23.95,11.42,103.36,110.85,161.87,28.51,104.5,106.52,26.12,10.62,96.28,105.33,151.0,25.82,95.91,93.94
T5,94.746,27.8,10.16,92.7,115.07,161.87,27.04,104.52,93.94,24.59,10.52,101.73,103.14,163.91,27.24,100.88,105.57
T1,94.994,26.42,10.1,104.64,110.2,146.88,25.48,99.72,108.71,25.81,11.2,106.68,101.92,162.92,24.45,110.24,97.82
T1,95.043,28.01,10.54,115.29,101.16,164.91,27.02,115.12,93.52,25.54,10.47,107.63,113.78,142.88,23.81,110.69,92.52
T2,95.181,28.75,10.79,98.06,105.96,156.95,25.3,110.32,103.04,28.43,10.89,97.57,100.37,155.19,25.98,103.71,104.38
T1,95.314,26.32,10.48,102.06,108.42,139.82,24.56,114.43,108.12,26.61,9.74,117.23,108.3,150.58,23.86,108.28,96.46
T5,95.388,23.9,10.11,102.78,108.45,156.33,27.28,99.97,98.76,26.24,11.62,107.83,107.18,162.71,26.77,108.01,102.83
T5,95.527,24.95,11.61,102.84,107.24,145.21,28.03,100.99,99.48,26.79,9.86,101.7,109.01,167.8,26.48,103.23,101.91
T1,95.533,26.15,11.01,103.57,111.33,141.46,27.07,107.82,100.06,25.25,10.73,105.26,98.75,141.85,24.91,98.68,99.49
T2,95.619,25.57,10.51,100.71,102.23,170.17,25.96,103.56,107.77,25.13,9.88,94.7,108.47,157.37,24.22,104.38,103.22
T5,95.633,25.34,11.3,97.05,100.19,163.87,26.62,106.57,109.43,23.82,11.08,101.67,109.75,157.58,26.2,107.91,98.05
T4,95.756,27.17,10.03,101.34,96.88,168.53,27.02,111.65,110.27,26.23,10.46,96.64,97.64,160.3,25.29,106.45,112.22
T7,96.009,24.78,10.81,99.85,101.77,171.48,25.76,97.91,105.29,27.43,10.03,100.46,106.59,148.85,26.05,110.52,102.5
T1,96.021,26.9,10.01,116.64,102.7,141.72,26.75,99.19,108.99,24.69,9.93,101.18,113.78,140.16,23.71,112.04,100.62
T2,96.342,28.26,10.93,101.95,105.16,156.26,23.87,110.08,102.78,26.48,9.48,101.08,100.17,160.23,27.54,95.49,100.99
T5,96.387,24.14,10.21,103.44,103.88,144.19,26.05,109.44,104.59,27.52,11.45,105.68,103.58,160.99,24.61,101.69,109.36
T2,96.645,25.63,9.54,93.71,103.34,160.8,27.04,101.73,102.58,25.96,9.89,95.93,106.83,150.93,26.94,95.44,99.93
T5,96.711,25.43,10.25,97.3,103.18,161.84,27.47,98.1,97.98,25.83,11.4,103.94,105.08,167.78,27.26,95.53,103.02
T9,97.204,25.61,10.18,117.65,105.11,161.45,27.52,111.59,103.98,24.77,10.94,116.13,108.9,161.96,25.48,110.35,105.58
T5,97.619,26.11,10.77,93.89,108.83,156.26,27.62,101.69,104.4,26.13,11.41,108.83,101.8,156.24,26.38,95.6,99.27
T9,97.787,25.19,11.61,116.35,101.46,151.31,24.94,110.16,113.02,24.31,10.95,106.98,106.61,177.15,25.47,114.6,114.91
T1,97.816,25.41,11.09,113.6,109.52,164.58,23.67,101.44,97.68,27.49,9.88,106.16,115.01,142.02,26.41,109.01,108.19
T2,98.554,25.37,9.89,93.26,99.25,170.86,25.09,95.84,98.02,29.43,10.73,98.7,99.72,157.37,27.03,98.22,98.31
T5,98.646,27.12,9.88,97.98,96.91,170.09,25.63,106.05,108.02,27.78,9.87,98.58,97.7,153.62,26.55,103.38,105.08
T1,99.307,28.19,9.47,108.18,111.51,140.35,26.27,115.22,97.46,25.09,10.64,99.35,114.6,156.56,26.4,107.06,108.49
T2,99.53,29.29,10.01,98.43,102.01,167.09,24.42,107.79,98.27,28.97,9.93,107.0,113.45,146.11,23.87,99.28,92.23
T2,99.893,25.47,9.48,109.4,109.65,156.47,25.96,102.02,93.1,27.02,10.09,99.77,105.25,153.16,26.51,99.53,100.97
T1,100.934,26.57,10.54,113.6,106.36,159.2,27.04,98.57,107.27,26.39,9.83,107.0,113.27,156.89,24.74,103.77,99.55
T1,101.147,25.94,10.21,105.16,105.37,164.08,26.82,113.79,99.06,26.98,10.1,106.58,108.24,153.94,23.77,115.03,96.46
T2,101.387,27.42,10.66,108.82,105.71,150.54,26.76,103.14,108.49,29.07,9.86,99.04,98.72,170.18,26.1,94.03,106.82
T5,101.434,25.02,11.34,100.7,100.61,159.06,26.3,103.69,104.49,24.59,11.58,107.51,103.52,168.89,28.12,109.13,106.66
T2,103.646,28.31,10.45,98.95,98.35,147.47,23.68,94.42,99.59,26.05,10.64,99.94,107.19,166.58,23.77,105.07,97.36
T5,104.298,23.7,11.67,99.46,113.51,161.32,25.11,106.26,102.3,23.56,10.39,107.28,97.8,145.21,25.93,100.86,107.15
T5,104.528,26.86,11.33,95.11,108.71,167.66,25.0,97.0,94.95,27.16,9.92,92.26,106.73,160.66,24.86,101.25,101.12
T2,104.983,29.76,9.59,101.4,108.64,146.01,23.39,96.81,98.72,26.51,10.09,95.53,108.47,160.5,26.03,96.77,96.35
T5,106.011,27.54,10.74,96.77,97.7,165.32,24.78,98.73,93.75,25.16,10.47,104.16,105.42,159.96,25.46,97.85,102.35
T2,106.918,25.82,10.1,92.93,102.66,163.68,27.23,110.86,99.42,25.33,10.19,104.68,105.96,160.61,24.77,100.34,105.99
T5,106.995,23.79,9.94,95.64,107.0,156.35,26.71,96.81,107.86,23.52,10.51,98.67,113.88,148.56,27.58,108.72,95.43
T2,108.633,29.57,9.65,104.14,105.86,164.36,27.66,107.92,97.19,25.65,10.25,96.4,107.63,171.98,25.15,100.24,105.15
T2,110.637,25.51,9.84,104.63,97.0,160.67,27.23,103.49,106.1,27.32,9.65,99.22,108.96,163.86,25.37,109.06,107.7
T2,111.119,25.14,10.39,96.38,104.14,155.99,26.9,107.53,95.35,27.95,10.84,105.85,99.44,162.17,26.17,106.63,101.24
T2,112.064,27.58,9.66,108.01,107.27,170.98,24.85,98.8,100.71,26.62,9.48,101.89,111.51,168.31,25.78,94.81,108.23
T2,112.601,27.03,10.45,100.21,109.51,166.71,26.54,94.26,105.4,28.42,10.7,97.95,100.85,159.97,23.53,105.66,102.58
T2,112.878,26.6,10.86,93.59,108.45,154.99,25.1,99.37,108.13,28.74,10.3,98.23,108.39,161.16,25.58,94.71,108.5
T2,112.942,26.82,10.96,104.43,108.16,155.42,24.14,104.01,102.99,28.33,10.84,104.51,101.34,161.51,25.32,110.6,93.48
T2,114.643,25.35,10.09,104.8,111.94,168.44,23.78,103.46,105.61,29.76,10.41,104.28,107.85,172.34,27.12,102.63,96.83
T2,115.127,27.48,10.22,103.7,97.36,156.68,25.92,96.07,101.63,28.03,9.69,109.21,96.23,156.13,26.97,107.32,99.93
T2,118.982,28.6,10.09,104.64,104.52,151.5,25.1,93.59,97.02,26.83,9.97,102.92,105.56,158.78,24.86,104.44,97.34
