task_type_id,arrival_time,est_m1,est_m2,est_m3,est_m4,est_m5,est_m6,est_m7,est_m8,ext_m1-1,ext_m2-1,ext_m3-1,ext_m4-1,ext_m5-1,ext_m6-1,ext_m7-1,ext_m8-1
3,0.015,10.94,11.43,105.74,102.46,115.94,109.56,103.79,1.16,10.54,9.9,109.79,101.73,114.65,104.59,108.54,1.12
2,0.738,10.27,10.26,97.56,105.01,96.39,109.76,108.41,1.02,11.14,10.14,109.11,109.98,94.2,102.67,104.1,1.06
1,1.069,11.04,10.8,104.06,107.22,101.83,100.93,96.55,1.11,10.48,10.68,112.21,109.44,103.36,105.99,101.88,1.08
2,1.537,11.67,9.95,107.91,110.22,95.94,109.74,110.63,0.97,11.55,10.91,110.14,99.77,103.71,103.91,104.56,1.08
3,1.735,10.17,10.65,110.48,100.03,107.78,100.63,105.06,1.13,9.39,11.29,102.67,102.54,107.53,94.07,99.68,1.01
4,2.537,11.35,10.44,101.46,93.46,102.04,96.69,106.9,1.1,10.52,10.69,110.79,104.75,97.62,101.06,104.53,1.12
1,2.605,10.89,11.19,99.99,105.12,98.62,112.48,99.74,0.98,9.9,10.67,107.41,106.65,107.38,111.36,103.1,0.94
2,2.742,11.54,10.64,105.85,95.63,97.21,96.76,111.27,0.97,11.35,9.59,99.87,106.47,103.4,106.38,109.42,1.08
4,3.184,10.12,10.88,101.17,103.58,112.01,96.9,101.84,1.13,10.25,10.47,106.32,109.21,108.49,99.43,113.4,1.02
3,3.409,9.67,10.08,107.52,108.28,108.06,102.67,98.48,1.01,10.99,10.74,109.48,104.81,104.44,96.98,93.34,1.08
2,3.5,10.33,11.34,97.2,95.66,95.64,99.19,101.35,0.98,10.07,11.28,113.34,93.04,92.54,100.44,100.78,0.94
3,3.595,10.44,10.45,107.67,94.9,113.37,106.5,106.36,1.08,9.61,10.72,108.97,98.21,100.73,102.53,100.88,1.16
4,3.663,10.82,10.63,101.27,109.4,106.74,100.82,97.96,1.05,9.95,10.25,111.27,106.69,108.98,104.12,99.12,1.04
1,3.851,10.63,10.37,99.18,109.17,101.84,114.08,104.59,1.11,11.15,10.77,113.28,103.52,106.6,108.2,98.13,1.02
2,3.875,10.88,10.03,108.36,97.7,108.63,104.8,113.51,1.08,10.15,10.79,99.1,104.43,97.02,108.96,106.29,0.97
2,3.944,10.24,11.32,105.33,99.71,102.66,95.93,106.24,0.94,11.37,10.34,104.36,99.2,103.1,112.32,100.95,0.98
3,3.96,10.66,11.5,104.61,96.68,109.68,109.56,102.31,1.08,9.64,10.08,102.6,95.71,111.15,108.8,103.33,1.15
4,4.115,10.86,9.8,108.61,93.82,103.59,104.64,101.01,0.99,10.37,10.8,112.59,109.6,98.08,103.16,108.73,1.01
4,4.295,10.35,10.26,98.86,97.13,104.56,104.29,111.35,1.06,10.33,9.89,99.47,103.72,112.07,99.36,106.9,1.06
1,5.874,10.89,10.3,97.06,113.83,93.41,102.69,103.29,0.95,9.64,11.63,105.22,116.22,106.8,98.05,106.89,1.09
1,5.93,9.94,10.97,96.89,106.95,100.32,106.11,100.11,1.07,11.18,10.98,100.08,113.99,93.72,109.55,106.23,1.03
2,6.308,10.72,9.66,108.53,94.89,92.39,99.77,109.79,0.99,11.22,10.71,98.58,103.52,95.45,97.43,106.29,1.03
1,6.32,9.58,10.21,104.0,107.95,106.21,107.9,95.56,0.99,11.07,10.86,107.46,108.83,94.51,110.44,95.95,1.06
3,6.795,10.9,10.81,98.5,94.31,103.33,103.62,103.66,0.99,9.56,11.28,101.21,107.48,112.78,107.88,98.29,1.02
4,6.915,11.06,9.91,105.87,102.38,101.42,110.38,111.43,1.01,10.23,10.3,97.81,99.7,104.5,111.08,109.1,1.06
4,7.331,10.59,10.88,97.87,98.46,107.32,108.6,103.32,1.06,9.94,11.18,96.02,103.8,98.52,109.52,102.1,1.08
3,7.768,10.77,10.18,100.92,105.95,115.69,110.43,101.62,1.14,9.93,10.8,107.73,91.9,114.65,104.13,100.78,1.16
1,8.035,9.92,10.21,109.65,102.54,95.89,104.93,94.21,1.1,11.04,11.77,98.13,105.25,102.87,105.17,108.27,1.08
3,8.213,11.0,11.32,104.07,106.28,105.8,107.44,106.72,1.0,10.53,9.7,109.49,95.39,100.92,99.99,104.16,0.98
2,8.394,11.38,9.76,104.67,92.97,93.03,94.78,104.08,1.01,9.92,9.99,102.67,108.32,94.15,108.78,108.03,1.06
1,8.507,9.61,11.16,103.44,114.92,102.59,99.64,100.14,1.07,10.2,11.19,112.67,114.52,104.83,107.58,106.18,0.96
4,8.521,9.93,9.53,110.56,97.94,104.66,103.97,113.94,1.13,11.35,10.2,108.08,101.42,109.01,103.85,101.57,1.03
2,8.829,10.04,10.98,110.74,98.88,97.96,106.04,98.25,1.06,10.46,10.07,108.19,105.38,93.71,97.05,105.82,1.03
2,9.446,11.27,10.73,106.3,102.72,99.32,105.16,112.36,1.07,10.96,9.7,99.3,96.72,92.76,103.05,109.45,1.06
1,9.955,10.18,10.66,97.72,114.57,96.86,110.83,94.64,0.99,11.14,11.18,99.09,110.2,109.78,103.1,99.06,1.1
4,10.302,11.18,10.2,100.68,93.4,100.28,108.79,107.86,1.04,9.65,11.12,108.48,95.47,112.43,110.33,114.16,1.06
1,10.416,10.01,10.31,114.13,104.12,105.84,108.05,110.47,1.06,10.68,11.86,98.35,115.74,97.76,114.04,110.59,1.11
2,10.44,10.23,10.47,109.0,94.92,95.11,97.02,96.94,1.08,10.32,11.14,106.82,96.42,100.75,103.92,98.53,1.05
1,10.715,10.04,10.97,109.22,109.22,100.32,114.63,109.38,1.1,10.5,11.03,108.59,107.88,103.02,106.3,100.06,0.98
3,10.817,10.64,10.85,98.6,94.91,112.03,100.61,105.76,1.12,10.21,11.06,104.44,98.33,115.51,100.2,95.96,0.99
3,11.008,10.36,11.08,106.42,103.79,102.19,103.15,103.07,1.0,9.4,10.23,99.28,91.79,115.91,103.02,97.87,1.06
1,11.045,10.96,11.7,110.54,108.33,105.03,113.78,111.18,1.09,10.37,10.96,99.45,100.42,98.57,98.97,107.84,0.98
1,11.168,10.88,11.74,111.44,108.62,104.49,97.47,94.22,1.01,11.21,10.4,103.99,102.44,108.58,98.97,107.38,1.09
1,11.506,9.9,11.64,105.23,102.83,93.3,109.05,96.61,0.96,9.7,11.18,110.15,100.67,98.06,100.93,104.81,1.1
2,11.517,10.93,11.16,99.16,99.68,98.27,106.56,110.96,1.07,10.65,9.94,105.54,98.35,97.45,106.26,105.02,1.08
3,11.753,10.38,9.9,98.68,91.7,108.0,98.92,93.91,1.01,10.02,10.98,109.22,94.76,113.66,101.4,92.12,1.12
2,11.858,11.05,10.44,102.09,97.25,99.61,99.82,103.32,1.09,10.04,10.26,107.5,103.73,107.41,105.47,102.25,1.05
2,11.926,10.12,10.8,98.19,98.23,98.67,108.68,98.53,1.04,10.6,10.37,104.32,104.75,99.85,100.05,110.21,0.94
2,12.762,11.1,10.51,106.06,109.09,108.67,107.92,102.26,0.99,10.25,10.48,110.46,101.82,94.77,106.2,98.47,0.99
4,12.993,9.98,9.77,105.9,94.81,104.42,102.62,114.81,1.06,9.8,11.28,112.22,100.31,108.52,109.86,105.91,1.11
2,13.139,11.27,11.04,107.3,108.0,105.38,103.05,104.9,0.98,10.14,10.32,95.76,94.6,103.22,111.95,106.04,1.05
2,13.202,10.59,10.74,100.52,98.16,98.4,107.36,100.95,0.98,10.55,10.38,107.34,106.17,106.33,97.54,106.04,0.93
1,13.247,10.91,11.65,108.12,111.91,107.2,102.79,99.12,1.05,10.41,10.78,107.62,104.46,99.09,108.81,101.7,0.98
4,13.665,10.33,9.74,108.72,104.36,109.46,94.86,106.24,1.11,11.07,9.8,104.46,98.32,108.72,99.95,101.05,1.08
2,13.821,10.31,10.22,109.08,105.99,109.3,108.03,102.09,1.02,10.42,9.66,96.73,99.8,93.17,110.09,111.13,1.0
3,13.931,11.04,10.17,111.13,108.24,97.86,104.27,93.32,1.12,9.77,10.54,100.49,95.34,105.41,95.93,96.2,1.12
4,14.006,9.95,10.37,99.8,101.65,104.46,98.42,102.12,1.01,9.94,10.72,98.83,105.82,105.06,111.46,103.05,0.96
1,14.292,9.75,11.8,110.24,112.04,108.75,105.11,105.58,1.11,10.2,10.78,101.46,108.1,93.93,102.28,105.65,1.03
3,14.489,10.77,10.61,106.61,100.48,104.85,102.91,94.03,1.06,9.4,10.36,97.67,96.67,97.84,97.77,106.09,0.98
3,14.751,10.64,10.33,107.73,93.36,104.85,108.82,94.03,0.98,10.88,10.37,111.94,101.59,114.64,109.4,108.78,1.15
2,15.371,11.34,9.69,104.71,109.91,95.45,105.37,105.81,1.05,11.5,10.47,100.27,108.94,96.04,100.55,103.75,1.05
4,15.997,10.12,11.32,105.99,97.02,106.6,103.48,111.36,1.01,10.79,10.5,100.69,101.8,110.33,101.31,114.95,1.0
1,16.055,10.6,10.66,107.04,100.81,110.37,112.24,107.85,1.06,10.66,11.11,99.71,103.57,103.07,105.2,109.04,0.98
3,16.459,9.87,10.12,111.93,107.46,101.37,106.8,99.66,1.16,9.58,11.01,108.74,94.13,102.18,105.99,98.16,1.1
3,16.911,10.32,11.5,99.28,91.84,106.97,105.19,98.9,1.12,9.58,10.96,109.66,106.07,98.32,101.3,102.29,0.98
3,17.06,9.53,10.2,97.05,100.84,102.59,103.19,101.53,1.01,10.25,10.88,95.99,104.2,101.76,98.69,104.07,1.15
2,17.346,11.37,10.97,97.57,96.08,103.22,106.48,101.35,1.05,10.62,10.55,104.82,99.76,107.72,107.52,103.61,1.07
2,17.38,10.97,11.05,98.94,105.18,102.98,96.13,100.62,0.93,10.55,10.8,106.32,106.82,98.93,102.91,97.7,1.02
4,17.978,9.58,9.58,112.5,102.27,98.19,105.26,107.16,1.12,11.38,10.47,109.98,101.91,107.72,106.04,108.8,1.12
4,18.542,10.16,10.86,96.83,99.03,97.09,110.51,109.0,1.12,9.81,10.95,106.68,103.99,106.29,110.48,97.39,1.05
1,18.932,10.1,11.46,102.53,105.0,108.63,105.33,98.71,1.11,10.78,11.8,109.4,113.06,96.23,97.64,104.51,1.06
2,18.95,10.2,10.33,104.34,94.67,108.68,102.6,98.8,1.0,10.65,9.82,101.45,98.61,94.49,106.65,98.78,1.05
3,19.813,10.62,10.34,99.43,95.71,116.11,95.96,108.82,1.15,10.91,10.59,106.22,95.75,110.74,104.98,97.47,1.07
3,19.888,10.1,10.76,101.74,103.52,100.24,98.16,106.86,1.15,10.56,10.94,100.23,95.86,114.64,103.19,98.5,1.03
3,20.056,10.73,10.38,101.86,93.54,109.11,107.92,91.94,1.16,9.48,10.71,109.85,94.54,104.12,110.96,104.86,1.14
2,20.544,10.1,10.26,112.84,110.46,92.54,105.1,97.16,1.01,10.57,9.6,103.34,100.89,93.94,106.21,95.76,1.08
3,20.635,9.57,10.56,95.75,103.48,103.28,110.78,109.12,0.98,10.75,11.29,104.95,104.2,113.51,101.27,96.39,1.0
1,20.888,11.1,10.97,103.42,98.34,110.08,105.47,102.75,0.99,10.32,10.38,105.41,98.5,98.14,103.41,107.83,1.04
2,20.91,10.89,10.71,111.82,106.46,104.19,108.75,106.76,1.06,11.61,10.46,98.48,95.66,108.56,112.04,97.06,0.93
3,21.009,10.44,11.04,101.58,96.61,101.01,100.7,95.89,1.0,9.63,10.48,97.91,96.26,99.4,100.91,100.47,1.03
2,21.319,10.68,9.94,100.12,102.97,97.1,95.34,108.0,0.97,11.19,10.41,102.09,97.71,109.13,108.8,98.46,0.93
2,21.337,11.46,10.58,103.11,94.09,109.18,103.69,103.76,0.93,10.52,10.77,100.22,110.46,102.63,101.38,105.97,0.96
4,21.402,10.9,10.42,112.23,98.41,104.9,110.24,112.34,1.1,10.82,9.76,104.34,107.42,99.83,94.68,112.91,1.07
1,21.696,10.82,11.18,101.08,107.02,98.8,109.78,105.15,1.09,10.21,11.37,111.8,110.84,94.95,110.01,96.64,1.08
2,21.896,10.62,10.58,112.17,104.82,100.02,95.43,106.2,1.0,11.71,9.95,108.93,107.93,99.66,101.26,98.83,0.96
2,22.643,10.1,9.91,102.28,102.23,95.18,111.14,104.05,1.1,11.08,10.02,99.37,101.13,109.86,106.53,104.88,1.05
1,23.012,9.54,10.38,102.72,105.74,102.27,103.86,104.46,0.94,10.78,11.09,112.74,103.13,103.4,100.8,108.32,0.97
2,23.103,10.08,10.33,104.67,100.53,99.89,108.96,106.26,1.07,10.72,10.47,98.62,103.32,106.08,106.43,103.82,0.95
1,23.136,10.61,10.43,112.94,108.62,97.1,113.38,109.1,1.1,10.9,10.78,105.97,103.57,98.04,102.1,97.57,1.09
3,23.209,10.7,10.0,99.05,91.57,115.95,111.46,101.53,0.98,10.6,10.21,112.2,105.6,102.1,98.05,108.95,1.02
1,23.628,10.14,11.64,101.36,106.75,101.96,113.38,97.58,0.95,10.65,11.55,98.14,101.48,109.8,110.05,100.7,1.1
3,23.71,9.9,10.28,97.44,98.04,113.72,109.46,95.76,0.98,10.53,11.13,111.27,94.08,106.29,108.78,103.11,1.07
2,23.735,11.65,11.1,107.07,110.12,93.12,112.11,96.22,0.94,11.24,10.75,105.84,103.69,107.88,99.87,111.32,0.98
1,23.995,10.7,11.35,97.27,114.96,95.81,102.52,103.29,0.95,11.14,10.91,107.03,113.84,106.88,110.01,101.03,0.95
4,24.043,10.44,10.71,105.97,104.47,102.16,103.71,108.31,0.96,11.2,11.15,100.01,97.53,110.54,97.77,105.42,0.99
1,24.085,10.83,10.98,104.76,110.43,99.85,100.53,94.09,1.02,11.14,11.2,98.23,113.22,105.08,102.86,108.43,1.01
1,24.176,9.61,11.33,100.37,109.53,102.5,108.31,102.18,1.04,10.53,11.52,112.56,103.88,102.69,112.24,104.76,1.1
2,24.257,10.66,11.09,101.97,97.55,94.03,94.52,95.85,1.06,11.17,9.85,100.87,97.28,98.34,102.32,107.48,1.08
2,24.31,10.12,10.34,99.07,105.08,100.34,105.2,107.62,0.94,11.71,10.29,104.88,94.1,102.22,98.41,101.62,1.01
4,24.513,10.09,10.01,110.7,96.95,101.41,107.63,110.32,1.03,10.21,10.52,95.93,107.67,100.12,111.08,112.91,1.04
1,25.01,10.87,11.63,99.11,98.03,96.34,114.41,110.08,1.03,10.6,10.84,109.85,108.83,105.1,98.83,105.67,1.0
2,25.37,11.69,9.77,109.39,99.8,95.64,103.41,110.34,1.05,11.26,10.76,108.53,99.15,106.18,105.82,109.86,1.03
1,26.447,9.65,11.38,99.82,110.35,104.17,100.62,94.88,0.96,9.7,10.41,104.41,113.76,102.15,110.03,95.5,1.05
1,26.552,9.61,11.89,102.92,100.42,100.77,99.14,106.3,1.1,10.62,10.45,102.53,115.7,94.32,105.62,109.89,1.04
3,26.673,10.61,11.1,112.19,100.32,114.86,100.01,106.72,1.0,10.51,9.7,96.12,103.01,106.88,109.93,95.05,1.13
3,26.863,10.27,11.23,109.66,97.63,109.62,110.35,92.4,1.14,9.31,10.44,107.3,104.5,110.2,104.02,108.97,1.16
1,26.938,9.77,10.47,111.81,111.28,101.9,105.54,101.31,1.07,9.58,10.18,98.14,105.87,97.16,98.04,99.82,1.08
3,27.007,10.72,9.9,110.61,105.87,113.69,104.24,103.61,1.06,9.73,9.75,107.46,92.76,113.72,97.23,97.82,1.12
1,27.047,10.96,10.28,104.33,104.73,93.8,110.05,99.38,1.11,10.25,11.6,102.67,101.53,96.23,104.16,94.69,1.11
1,27.499,10.08,10.65,104.14,101.5,103.32,102.43,102.22,1.02,9.98,11.4,100.16,111.27,107.17,98.96,101.49,1.1
2,27.733,10.2,10.03,107.71,107.12,97.03,103.55,106.92,0.92,11.62,9.67,108.22,107.05,100.14,105.3,113.47,1.08
4,27.757,9.96,10.13,102.91,98.87,96.6,97.42,103.15,1.05,10.26,10.5,96.86,102.48,108.72,95.22,112.49,1.05
2,27.963,10.65,9.71,99.35,94.6,108.56,111.05,102.08,0.98,10.0,9.89,96.59,109.98,94.08,111.84,102.47,0.97
1,28.058,10.65,11.54,114.45,99.21,96.56,108.22,110.45,0.98,9.56,10.24,102.61,115.39,106.56,102.56,107.33,1.07
4,28.13,10.0,10.26,103.54,99.23,100.58,110.05,112.55,1.1,11.18,10.68,112.03,93.26,99.44,103.6,101.98,0.97
1,28.198,10.26,11.26,109.62,98.13,108.1,101.43,104.86,0.94,10.1,11.35,104.86,109.76,108.77,113.15,95.61,1.0
4,28.276,10.78,10.74,96.97,108.64,101.67,96.78,112.52,1.09,9.71,10.26,104.83,101.96,100.35,106.87,109.18,1.1
4,28.414,11.21,10.04,112.5,106.13,109.36,96.68,105.8,1.13,10.13,9.87,101.46,104.96,108.95,94.54,110.29,1.01
1,28.453,10.36,11.64,112.67,103.87,100.43,107.65,105.31,0.99,10.55,10.31,102.39,100.2,106.88,100.03,103.0,1.11
3,28.54,10.51,10.84,111.71,94.75,100.24,109.22,101.54,1.13,9.84,10.54,113.12,107.28,108.64,107.86,95.28,1.04
1,28.729,10.48,10.13,106.18,106.01,102.0,101.65,110.43,0.97,10.04,11.63,105.62,107.95,105.56,104.16,99.79,1.03
3,28.763,9.72,9.81,95.99,101.48,105.93,111.42,96.46,0.99,9.99,9.9,107.73,97.52,107.06,100.2,97.33,1.04
2,28.793,11.01,10.01,108.02,95.09,105.2,94.79,103.69,1.04,11.24,10.76,110.91,100.11,102.26,106.88,111.53,1.06
2,28.863,11.66,11.3,103.15,100.72,96.37,105.52,103.69,0.98,10.71,10.42,107.54,92.97,103.61,94.55,95.97,1.04
2,29.035,11.1,9.93,105.64,106.06,93.52,95.92,102.89,1.0,10.74,10.77,107.17,101.83,101.56,100.05,99.19,0.92
4,29.457,11.08,9.81,96.06,101.9,110.81,94.96,111.35,1.01,10.0,9.65,98.07,97.28,113.63,103.68,99.4,1.08
3,29.536,9.52,10.94,103.4,104.56,114.47,94.63,98.58,1.16,10.2,10.86,109.98,92.98,114.39,106.31,108.88,1.09
3,29.591,10.19,11.26,108.12,94.91,100.61,110.88,100.71,1.13,10.88,10.16,111.1,97.52,111.21,104.06,103.41,1.09
2,29.698,10.59,11.3,100.23,107.06,105.46,108.88,112.77,1.07,11.67,11.08,95.64,106.2,96.68,112.32,112.5,1.03
3,29.889,9.83,10.6,101.49,98.54,99.78,100.92,96.4,1.03,10.75,9.71,97.39,96.37,107.91,110.55,93.75,1.12
2,30.117,10.75,9.82,102.56,104.06,105.73,101.08,113.49,0.97,10.07,11.09,102.03,99.12,92.9,109.48,103.62,1.06
1,30.214,10.67,11.39,112.37,104.54,95.01,99.72,95.44,1.07,10.92,11.54,104.78,105.24,99.01,107.29,105.67,0.98
3,30.309,10.57,11.42,112.71,103.61,115.03,101.08,102.72,1.0,9.45,10.22,102.25,95.63,109.96,94.89,105.87,0.99
2,30.389,11.69,10.63,108.01,96.98,108.05,106.73,101.14,0.94,11.48,10.95,104.18,93.48,96.67,102.12,107.36,0.96
2,30.407,11.57,10.82,100.43,99.7,107.76,106.27,97.12,1.0,10.23,10.5,96.73,101.51,92.92,105.63,102.89,1.08
2,30.46,11.38,9.84,107.35,96.68,98.79,104.32,100.2,1.01,9.95,10.3,109.35,105.39,97.23,101.69,97.92,0.93
3,30.521,10.93,10.55,108.17,100.58,97.76,102.91,104.16,1.09,10.99,10.42,100.77,100.85,106.71,101.34,104.88,1.16
1,30.649,10.87,11.35,114.51,110.18,97.56,113.7,98.56,1.08,10.22,10.92,113.91,98.54,107.22,98.44,94.98,1.03
4,31.12,10.52,10.58,101.98,94.43,109.88,110.06,113.14,1.08,9.77,9.92,110.05,99.75,113.58,98.03,108.38,1.0
3,31.226,10.75,10.47,112.07,103.54,98.24,105.99,97.57,1.02,9.54,10.52,96.24,106.3,110.48,102.02,104.31,1.13
2,31.504,10.86,9.98,100.12,106.08,98.79,97.54,95.7,1.08,9.98,10.56,96.78,97.58,95.0,105.17,106.44,1.03
1,31.917,10.48,11.32,113.31,104.14,93.72,112.8,108.58,0.97,10.57,10.66,104.09,112.24,104.24,110.09,93.85,1.08
3,32.277,9.72,11.51,112.51,108.44,103.27,111.73,103.87,1.1,10.72,10.92,97.75,97.68,111.58,96.48,105.0,1.14
3,32.498,10.21,9.84,106.76,107.37,101.53,105.69,97.93,0.98,9.55,9.86,98.5,91.74,99.38,96.66,102.64,1.09
1,32.537,11.25,10.59,112.26,98.94,95.73,107.21,93.82,1.04,10.57,11.3,98.14,98.38,102.79,111.77,100.52,0.97
1,32.56,9.88,10.48,101.6,105.72,106.18,106.19,99.63,0.99,11.11,11.44,101.88,100.72,96.23,110.83,109.86,1.01
2,32.701,11.21,9.9,110.45,99.75,93.42,108.5,105.64,1.01,11.55,10.84,107.22,103.14,98.89,107.68,102.08,1.08
4,32.857,9.78,11.18,112.56,106.17,112.22,106.9,102.54,0.97,10.39,11.07,106.81,105.97,107.87,95.18,113.44,1.04
3,33.016,9.89,10.24,112.24,97.93,99.26,100.65,94.12,1.03,10.68,11.12,98.5,103.94,107.06,97.23,93.28,1.04
4,33.119,11.18,11.12,112.44,105.22,112.01,98.3,102.12,1.0,9.85,10.73,111.27,94.08,104.42,94.86,106.39,1.1
4,33.133,10.02,9.78,110.33,100.89,105.67,111.1,105.04,1.05,9.92,10.94,107.23,110.33,103.59,103.46,103.33,1.08
1,33.262,10.3,10.18,99.9,115.05,93.3,100.93,101.76,1.08,10.32,11.01,108.9,99.13,99.4,110.74,97.15,0.99
2,33.501,11.57,10.18,96.77,100.5,106.82,104.79,104.19,0.95,10.95,9.86,103.92,106.03,100.12,104.93,113.04,1.05
3,33.567,9.58,10.83,106.18,95.02,104.92,100.32,97.37,1.08,9.39,11.02,111.33,91.74,101.0,95.53,92.48,1.14
3,33.721,9.48,9.82,97.69,95.96,110.45,108.06,97.59,1.14,10.73,10.84,104.96,104.33,115.55,104.89,98.24,1.03
2,34.401,10.27,11.35,98.84,93.16,104.64,104.31,108.76,1.01,10.72,10.27,102.39,109.16,108.33,108.14,103.0,1.08
1,34.491,10.18,11.38,113.35,100.83,93.53,110.72,96.81,1.08,10.2,11.54,101.22,105.38,108.64,114.17,94.04,1.02
4,34.571,11.28,11.15,96.76,105.77,106.18,98.61,97.48,1.03,10.96,10.4,99.38,109.6,102.92,100.06,109.16,1.11
1,34.661,10.15,10.53,112.07,107.87,109.4,114.04,98.51,0.97,10.76,10.87,106.94,100.23,94.34,97.26,109.48,1.05
1,34.729,10.01,11.73,100.46,102.64,104.78,111.21,102.32,0.98,9.62,11.78,111.06,113.94,96.6,110.09,96.21,0.97
1,35.039,9.54,11.1,105.62,111.57,105.96,98.43,105.87,1.09,10.43,10.47,100.94,105.09,98.62,114.46,105.47,0.98
1,35.041,9.89,11.46,96.84,111.91,109.42,109.84,99.89,1.11,10.41,10.84,114.94,99.56,110.01,104.75,109.72,1.08
3,35.35,9.52,10.2,105.72,100.73,115.0,98.77,105.35,1.06,10.95,11.0,112.11,99.48,107.63,95.15,103.68,1.08
3,35.439,9.42,9.96,109.98,92.51,110.38,105.93,92.31,1.11,9.49,9.83,100.55,94.58,97.82,107.93,104.86,1.06
1,35.511,10.1,11.39,113.58,107.96,102.64,101.57,110.79,0.94,10.32,11.03,112.22,106.32,93.85,106.68,107.33,1.01
1,35.611,9.6,10.7,108.36,114.94,96.92,98.52,98.56,1.04,11.26,11.01,113.09,109.33,95.31,99.61,98.13,1.09
1,35.786,10.32,10.87,101.99,101.08,105.96,102.0,109.66,0.95,10.57,11.64,111.96,98.4,106.07,103.47,93.85,0.98
3,36.116,9.4,10.54,96.23,98.05,113.62,102.95,96.42,1.1,10.52,10.48,98.84,92.53,108.51,98.13,107.38,1.16
2,38.466,10.54,9.68,102.66,97.62,109.45,101.94,100.22,0.99,10.19,11.08,97.87,105.36,94.66,99.21,103.55,0.95
1,38.626,10.24,11.61,103.1,110.82,106.59,100.93,103.29,1.02,11.18,11.19,106.59,106.47,107.92,105.97,101.23,1.11
3,39.371,9.72,9.78,102.14,101.12,112.23,103.72,101.18,1.13,9.31,10.07,107.94,107.04,105.75,96.81,97.54,1.03
4,39.708,9.82,10.95,107.88,94.27,99.44,95.17,108.12,0.96,9.99,10.35,105.9,105.7,104.47,94.76,111.62,1.1
1,39.761,10.13,11.51,108.72,105.91,93.2,99.98,106.18,1.0,9.64,10.97,98.91,110.77,104.66,99.44,101.77,1.05
3,39.859,9.64,9.99,97.79,106.9,111.55,110.7,98.64,1.04,9.31,10.31,103.1,98.33,104.25,94.96,101.16,1.09
1,40.243,10.03,11.8,111.89,104.7,97.15,112.48,110.69,1.08,10.05,11.42,97.06,110.07,105.51,104.7,106.55,1.09
4,40.622,9.73,10.74,101.88,95.16,98.13,104.1,105.75,1.03,10.77,10.64,97.58,98.84,110.67,100.75,98.14,0.96
3,40.688,9.69,10.47,107.7,107.7,105.3,97.33,104.68,1.1,11.04,10.13,104.44,105.08,108.62,101.52,97.87,1.04
3,40.712,9.39,11.16,101.13,92.48,112.46,95.46,103.47,1.1,10.02,10.63,113.07,106.06,114.95,109.42,98.18,1.16
3,40.807,10.23,11.15,102.24,104.87,105.81,110.99,94.78,1.13,9.65,10.72,109.98,107.91,104.39,95.47,97.85,1.11
1,41.028,11.21,10.17,112.35,101.25,107.54,101.85,106.68,0.96,11.25,11.86,98.7,102.13,106.71,109.82,100.34,1.09
4,41.147,10.89,9.65,99.11,105.45,100.28,108.63,112.32,1.01,11.16,10.59,98.3,98.03,108.9,111.36,101.05,1.09
2,41.17,10.18,10.02,102.49,95.73,95.01,107.59,100.3,0.99,10.15,11.22,106.34,102.72,96.34,96.22,107.75,1.03
3,41.664,9.95,11.29,105.85,106.02,104.05,96.65,104.22,1.04,10.4,10.45,108.26,96.52,110.56,100.61,103.74,0.98
1,42.468,11.18,11.41,109.97,101.19,103.37,114.77,95.43,1.08,10.13,10.34,99.9,111.04,101.3,105.47,96.0,1.03
4,42.846,9.72,10.99,104.99,104.47,107.32,96.92,99.0,1.03,10.5,10.57,107.68,107.71,99.94,104.78,114.08,0.98
3,42.935,10.25,10.82,100.11,92.39,98.6,99.55,96.56,1.13,10.79,10.11,106.17,94.91,108.46,105.76,104.16,1.13
1,42.943,11.0,10.3,113.28,111.97,106.7,104.73,103.08,1.06,10.66,11.04,109.4,100.88,101.37,104.63,109.22,0.94
3,43.179,10.11,11.29,104.97,107.61,106.97,109.46,105.64,1.14,9.62,10.1,96.23,107.28,108.78,111.58,104.63,1.01
1,43.236,10.64,10.05,103.99,104.98,96.05,102.34,99.25,0.95,10.48,10.17,105.62,102.95,108.45,98.46,98.63,1.08
1,43.267,11.0,11.02,97.84,101.74,108.91,106.95,106.08,1.03,9.95,10.21,98.61,111.33,93.73,106.68,102.09,1.1
2,43.334,11.61,10.85,107.32,106.17,95.33,106.2,99.19,1.05,11.13,10.37,105.62,105.48,98.56,108.87,106.76,1.06
1,43.488,10.1,11.53,109.34,109.26,98.72,100.73,103.7,1.11,11.08,11.3,106.44,108.46,98.24,105.85,98.19,1.01
3,43.58,10.25,11.07,100.23,108.36,99.28,95.54,101.26,1.14,10.95,10.78,102.12,105.76,112.5,97.61,99.62,1.11
4,45.303,11.08,10.46,104.03,105.22,104.11,102.98,100.0,0.98,10.04,10.5,113.5,109.98,101.79,109.36,107.37,1.03
3,45.314,9.77,9.97,111.87,94.94,101.34,99.83,94.58,1.04,10.25,10.33,105.6,97.12,116.09,97.12,107.03,0.99
4,45.331,11.26,10.79,106.6,105.46,98.83,98.14,102.64,1.1,9.98,10.93,104.9,98.73,109.88,99.81,100.86,0.98
1,45.824,10.29,10.67,102.61,111.92,107.38,97.36,98.22,1.04,11.21,11.82,107.66,113.06,106.09,102.26,100.47,0.98
3,46.046,10.94,9.91,110.51,100.74,104.97,104.13,102.84,1.12,10.16,9.77,113.06,94.54,113.41,95.47,101.36,1.13
4,46.231,11.04,10.59,98.86,93.71,107.44,95.8,99.12,1.12,10.65,10.88,110.6,103.91,104.62,100.31,106.09,0.98
2,46.403,9.99,11.3,104.32,104.56,98.33,104.11,108.56,0.97,10.73,11.28,111.64,107.02,96.54,110.36,105.79,1.03
4,46.446,10.21,10.58,109.54,94.61,110.76,94.42,107.86,1.01,10.7,9.68,108.46,109.3,109.54,102.62,101.32,1.01
2,46.826,10.29,10.34,110.03,107.98,98.34,98.21,113.29,1.06,11.46,10.0,107.06,100.61,97.9,106.92,110.51,0.97
4,47.177,10.12,9.96,113.72,103.02,106.02,111.82,99.91,0.96,10.26,9.97,107.77,107.59,109.88,100.92,98.08,1.07
2,47.436,10.47,9.7,97.62,96.08,108.07,101.2,107.24,1.02,11.38,11.19,104.19,96.0,97.93,97.72,98.78,0.93
3,47.854,9.38,11.48,97.9,97.18,101.98,99.99,107.17,1.1,10.86,11.27,111.21,101.04,103.14,95.93,92.0,1.07
1,48.936,9.52,11.02,114.76,112.35,109.64,106.03,106.87,0.96,9.8,10.27,111.9,105.32,95.55,110.48,106.87,1.02
3,49.112,10.08,9.96,96.06,103.79,101.76,104.64,106.72,1.15,10.28,10.62,112.88,95.5,97.73,95.93,101.48,1.1
1,49.272,9.83,11.84,101.35,104.41,104.02,99.45,95.59,1.01,10.09,10.19,97.55,102.3,100.99,105.89,99.38,1.08
3,49.508,10.12,9.73,109.85,107.62,100.39,101.3,98.12,1.04,11.0,9.99,98.08,98.1,103.28,97.33,97.26,1.1
2,50.169,10.48,10.93,95.94,101.73,96.0,109.28,107.75,1.0,10.75,10.71,98.5,95.5,100.14,104.86,109.06,1.08
4,50.222,9.63,10.58,97.6,107.71,101.52,110.8,110.95,1.04,11.05,9.77,95.96,102.44,101.14,100.16,100.07,1.06
2,50.448,10.82,10.76,96.48,96.18,99.69,105.95,105.62,1.1,11.53,9.6,108.85,98.4,98.99,104.95,100.12,1.08
1,50.497,11.27,10.02,109.34,109.67,98.14,107.63,108.26,1.09,10.94,11.28,110.19,111.84,100.14,110.01,98.85,1.08
3,50.517,10.98,11.17,106.38,108.23,116.14,98.34,98.7,0.99,9.64,10.55,95.84,95.69,104.33,104.61,102.46,1.1
2,50.632,10.35,10.86,109.11,98.93,99.95,103.86,110.9,0.93,11.65,10.44,109.73,109.91,99.88,97.17,105.64,0.99
4,50.897,10.36,9.64,113.43,110.13,113.39,98.18,111.98,1.09,10.1,9.94,110.58,107.19,113.1,100.7,97.79,1.04
2,50.955,10.2,10.91,109.56,103.14,94.12,110.67,106.11,0.99,11.25,11.14,105.2,97.71,101.21,109.48,111.25,1.0
4,51.052,10.05,10.56,96.23,110.33,96.02,105.73,106.57,1.11,10.78,11.18,101.52,110.36,109.7,94.28,97.45,1.01
3,51.475,10.86,11.07,95.8,105.26,108.4,96.4,96.91,0.99,9.82,9.9,97.79,101.66,115.24,102.9,97.38,1.01
3,51.945,9.56,9.8,113.03,100.98,107.53,107.86,101.94,1.06,9.87,9.73,102.02,93.7,109.84,94.34,108.82,1.01
4,52.414,10.06,11.19,100.42,102.26,98.48,96.92,110.82,1.11,10.12,10.57,109.25,100.04,102.04,98.01,107.69,0.97
2,52.668,10.61,9.98,98.5,99.9,107.23,99.95,102.25,1.03,11.65,10.97,111.2,93.16,108.28,106.04,98.63,1.08
2,52.757,11.13,11.04,104.04,108.17,95.18,106.12,100.7,1.07,11.72,10.47,101.73,98.2,99.63,107.27,111.39,1.05
1,53.344,9.62,10.52,112.58,114.58,110.17,101.16,106.89,1.11,10.18,11.54,110.68,100.6,99.76,112.1,106.79,1.01
3,53.391,9.38,10.49,103.67,93.29,98.98,99.77,106.02,0.98,10.57,10.57,100.49,95.66,103.87,103.8,103.21,1.06
4,54.365,10.55,10.51,111.45,110.16,114.0,106.21,111.26,0.97,10.28,10.28,102.3,97.61,106.76,106.36,102.94,0.99
4,54.589,11.39,10.58,109.23,107.77,102.54,104.12,104.71,1.12,10.01,10.45,99.17,101.57,109.66,98.03,114.03,1.04
4,54.755,10.35,11.19,106.82,110.28,100.09,109.75,103.77,1.03,10.61,10.41,96.97,93.99,102.03,111.2,103.08,1.12
4,54.801,9.61,11.07,98.4,102.5,102.03,109.23,104.59,1.04,10.2,10.11,99.02,95.68,96.58,106.45,105.44,1.01
4,55.15,10.82,10.37,101.74,99.89,102.42,100.93,108.42,1.08,11.14,10.74,108.11,100.36,101.56,106.14,97.8,1.07
3,55.548,9.33,10.08,98.6,104.13,99.3,104.78,93.87,0.99,9.35,10.6,97.34,100.32,101.9,96.18,105.96,1.05
1,55.752,10.49,11.55,100.66,103.21,93.58,101.44,101.66,1.1,9.75,11.62,102.79,105.43,104.82,103.57,104.62,1.11
1,56.385,11.19,10.5,114.46,108.22,97.98,108.3,108.77,1.11,9.92,10.86,98.64,103.27,99.09,100.9,101.91,1.11
3,56.422,10.37,10.5,104.57,92.83,110.56,109.39,106.76,1.15,9.56,10.98,97.06,103.65,116.01,100.7,102.38,1.11
4,56.739,10.62,10.81,99.38,106.45,98.03,105.96,109.02,0.98,10.89,10.63,107.5,107.38,108.04,110.54,103.32,1.1
1,57.827,10.64,10.07,111.19,111.3,97.76,101.98,98.97,1.07,11.09,10.51,110.27,98.11,98.12,99.52,98.42,1.08
4,58.177,11.2,9.56,99.4,102.92,110.08,104.37,105.0,0.96,10.53,10.63,111.27,101.65,109.99,98.65,114.82,0.97
2,58.523,10.34,9.85,110.9,105.65,92.54,106.93,109.06,1.08,9.9,10.92,109.35,100.63,109.75,95.12,110.02,0.95
2,59.568,11.45,11.03,99.78,99.7,104.85,107.17,101.01,0.94,11.56,9.6,100.99,102.14,98.31,101.96,98.3,0.97
2,60.041,11.05,9.82,105.68,101.07,98.63,100.49,100.23,0.93,10.78,9.86,105.91,105.88,95.45,110.57,104.19,1.1
2,60.793,11.73,10.08,106.57,104.96,102.06,109.77,107.02,1.01,10.58,10.79,108.22,99.54,98.38,106.85,107.87,1.08
1,61.028,9.84,10.54,96.89,110.04,108.92,100.9,106.56,1.05,10.46,10.94,106.59,102.0,97.19,109.72,109.38,1.04
2,61.041,11.22,11.24,109.27,102.82,95.01,105.93,103.06,0.96,10.33,11.35,112.66,106.13,101.2,101.33,96.83,1.08
1,61.098,9.89,10.68,107.72,101.53,105.76,101.28,109.04,1.04,11.05,11.54,98.13,106.32,98.61,106.46,103.36,1.07
1,61.114,9.65,10.32,114.23,106.74,92.89,105.8,99.44,1.01,10.11,11.3,115.08,112.49,101.96,101.36,106.95,1.0
2,61.404,10.78,10.83,109.06,109.34,102.71,97.19,100.53,0.97,10.99,10.71,103.88,108.71,107.61,105.28,96.45,1.09
3,62.086,10.57,10.27,98.6,107.37,109.38,101.81,93.32,1.02,10.55,10.13,103.38,97.12,97.98,103.45,94.31,0.98
2,62.427,11.49,9.94,100.74,105.41,98.4,99.84,106.44,0.96,10.19,10.14,98.42,109.16,104.35,107.8,95.86,1.02
1,62.452,10.99,11.72,98.91,105.12,100.75,110.34,109.86,1.01,11.24,11.51,110.15,106.16,101.12,108.54,97.8,1.07
3,62.504,10.74,10.1,109.78,106.21,107.03,94.63,99.86,1.14,10.9,10.63,101.85,104.5,102.36,103.14,92.31,1.08
3,62.533,9.86,11.02,100.26,95.28,99.84,100.61,92.62,1.07,10.17,10.74,98.5,94.6,99.28,108.34,101.53,1.11
3,62.623,10.5,10.12,102.08,104.23,102.68,106.82,101.49,1.04,10.52,10.68,99.06,100.07,108.78,111.07,103.63,1.16
1,62.733,9.75,11.57,105.21,108.83,99.99,110.87,99.91,0.96,11.27,11.35,113.85,110.14,107.92,105.38,96.55,0.98
2,62.83,10.18,9.95,106.96,93.28,93.9,103.67,107.72,0.99,10.07,10.0,100.28,99.48,93.62,108.66,107.72,1.0
3,63.133,9.73,9.92,103.53,100.7,100.39,98.05,99.22,1.05,9.45,10.42,97.97,92.17,111.68,103.32,104.68,1.1
2,63.226,11.52,10.27,107.54,97.25,106.21,103.54,104.24,1.09,10.56,11.1,103.32,94.92,97.23,106.42,113.62,1.0
2,63.256,11.62,9.83,106.39,105.3,93.85,97.61,95.7,1.08,10.23,10.34,112.02,106.47,108.74,103.4,110.48,0.98
3,63.51,9.5,11.5,95.95,94.82,106.85,96.51,104.78,1.13,10.8,10.23,108.94,95.64,109.11,105.64,101.43,0.98
1,63.543,10.32,10.57,99.74,104.14,109.91,99.01,106.4,1.01,10.66,11.89,106.22,104.16,96.57,98.45,101.99,1.0
4,64.706,10.3,10.0,104.45,106.69,101.94,101.18,99.4,1.05,11.2,10.52,99.38,98.41,109.03,105.64,112.55,1.01
2,65.062,11.13,10.8,108.68,110.38,109.53,94.59,107.51,0.99,10.74,10.33,104.01,105.01,93.94,107.15,112.22,0.93
2,65.296,9.93,10.88,108.85,106.82,99.47,108.47,103.75,1.08,10.88,11.12,97.89,100.8,100.6,101.88,101.5,1.06
1,65.401,10.26,11.87,107.64,111.33,101.83,113.05,101.06,0.99,9.69,11.2,110.5,100.61,98.71,108.96,104.15,1.09
1,65.756,9.69,11.2,107.3,105.76,97.8,110.28,96.24,1.12,9.98,10.95,102.38,108.4,96.23,100.8,106.24,1.0
2,65.828,10.24,11.14,108.02,93.88,95.23,105.77,104.24,1.0,10.61,10.91,113.34,106.38,104.24,99.76,106.01,1.02
1,65.948,10.94,10.78,108.5,103.82,97.66,107.06,104.51,0.97,10.78,10.47,105.97,104.48,107.35,112.31,111.04,0.97
2,65.952,10.02,11.18,106.1,97.8,108.33,95.06,100.68,1.05,10.44,10.58,107.22,96.04,97.21,96.35,109.29,0.97
2,65.962,9.97,9.8,99.09,95.85,108.69,100.05,97.0,1.01,10.75,10.92,98.7,95.36,102.13,108.14,96.34,0.99
1,66.955,10.43,11.72,97.57,113.7,97.26,104.92,94.41,0.98,11.12,10.58,101.35,98.38,105.47,100.25,107.39,1.05
2,67.128,11.62,9.97,98.94,105.7,95.62,110.33,105.25,1.06,10.54,10.6,100.9,97.51,92.67,106.92,105.66,0.93
4,67.135,9.71,10.82,110.7,100.04,109.08,104.82,98.11,1.12,10.55,10.64,96.99,101.97,112.02,108.63,106.24,1.13
3,67.688,9.43,10.08,104.85,98.94,109.11,111.12,108.24,1.16,10.57,11.46,102.6,104.29,115.1,101.13,99.46,1.1
3,67.999,11.04,10.05,112.19,92.9,104.05,100.84,96.91,0.99,10.84,10.72,113.48,104.86,115.95,107.84,105.16,0.99
1,68.298,9.85,10.13,99.11,109.33,94.6,106.04,100.65,1.05,11.27,10.81,104.62,111.44,95.68,103.15,95.14,1.02
4,68.299,9.88,10.41,107.23,103.87,105.62,103.88,98.44,1.13,10.89,11.06,98.27,99.1,104.92,109.58,114.26,1.02
4,68.385,10.09,10.79,104.2,97.95,96.77,109.14,98.16,0.96,9.97,10.2,113.25,101.74,103.89,99.46,103.82,1.07
4,68.759,10.76,10.03,107.2,102.23,110.16,98.42,112.11,1.12,9.9,9.72,109.66,104.06,98.18,111.94,108.42,1.1
4,68.97,9.87,10.36,106.21,104.58,100.12,106.45,105.0,1.04,10.55,9.7,107.01,96.53,100.21,103.04,103.99,1.04
3,69.135,10.84,10.49,111.39,93.36,108.7,99.29,102.93,1.03,10.94,10.7,109.14,102.45,116.09,111.32,107.38,1.1
2,69.378,10.83,10.37,95.75,94.38,101.82,102.42,106.51,0.95,11.53,10.47,104.36,106.76,108.63,96.12,101.35,1.04
4,70.684,10.52,10.44,101.01,99.18,105.74,99.84,113.02,1.01,10.39,11.06,113.92,102.5,103.1,110.93,97.41,1.13
4,71.064,10.89,10.44,99.94,101.71,105.42,96.32,98.63,1.01,10.78,10.42,100.94,95.68,108.59,105.5,101.13,1.08
3,71.156,9.92,10.83,110.42,101.66,101.06,94.98,92.09,1.07,11.04,9.77,107.79,105.4,98.11,101.91,106.09,1.03
4,71.757,10.7,10.33,105.9,94.01,96.35,107.42,110.94,1.13,10.66,10.92,112.37,95.06,109.42,103.04,100.32,1.1
2,71.819,10.81,11.35,98.53,105.7,95.9,95.99,99.26,1.06,11.67,11.02,113.25,100.96,97.47,101.2,101.82,1.08
3,71.829,10.59,10.68,99.35,100.07,105.68,109.36,95.93,1.14,10.28,10.49,96.36,103.94,107.85,97.77,104.33,1.13
4,71.836,9.62,10.86,103.03,108.49,107.57,108.34,113.12,1.09,10.13,11.02,105.97,109.11,97.73,110.91,98.95,1.05
2,71.845,10.27,9.87,105.69,96.72,94.83,104.98,105.51,1.0,11.6,9.86,108.61,109.93,98.63,104.76,97.2,1.08
3,71.854,10.12,10.79,101.62,103.1,99.53,110.34,100.8,1.01,10.63,11.36,98.78,95.28,107.96,94.0,98.21,1.16
3,71.886,10.0,9.91,106.51,100.45,106.3,107.41,107.62,1.08,10.07,10.8,98.34,100.48,113.98,105.04,95.37,1.01
1,72.056,10.51,10.35,109.53,109.86,105.31,109.24,96.81,1.09,10.99,11.13,96.8,105.92,99.95,97.84,109.28,1.07
4,72.71,10.45,9.89,96.81,107.05,105.7,111.12,106.22,1.04,11.08,9.56,102.5,105.5,109.7,103.57,109.1,1.0
2,72.728,11.37,10.73,102.66,101.13,107.72,94.86,105.34,1.08,10.8,9.83,97.36,106.54,107.59,98.94,98.42,1.1
3,72.905,10.04,10.16,99.28,102.86,102.42,94.66,99.86,1.06,10.7,10.67,111.22,93.97,116.09,111.54,97.26,1.1
3,72.932,9.61,10.04,110.12,91.89,107.35,105.96,105.91,1.1,9.42,10.45,110.51,105.27,111.99,109.27,98.73,1.06
3,73.237,9.32,9.76,95.99,96.24,100.28,107.72,97.41,1.05,9.41,11.22,113.14,94.54,98.83,109.16,104.44,1.14
3,73.382,9.6,10.37,112.52,94.14,98.98,101.4,101.0,1.12,9.64,10.23,113.3,95.15,108.58,108.61,99.6,1.06
3,73.433,10.4,11.05,113.05,107.1,112.21,110.95,105.36,1.05,10.8,11.07,96.85,93.41,112.09,106.95,97.86,1.12
3,73.854,9.57,11.46,101.91,96.12,107.06,94.3,103.92,1.08,9.73,11.01,108.36,101.86,113.92,99.18,102.6,1.03
1,73.965,9.65,11.39,101.21,104.43,101.97,97.92,95.4,1.0,9.91,10.03,103.31,115.02,102.74,106.11,100.04,0.97
3,74.109,9.62,9.83,105.66,101.93,109.54,102.65,101.71,1.01,10.9,9.91,96.73,107.81,108.29,102.62,105.78,1.13
1,74.193,10.84,11.33,112.62,105.16,94.41,105.43,106.23,1.06,11.28,10.35,112.21,114.23,100.35,102.83,107.83,1.12
3,74.401,10.82,10.63,103.53,99.32,104.09,109.55,105.67,0.99,9.51,10.42,99.28,99.39,105.66,104.5,100.51,0.99
1,75.254,11.24,11.41,114.39,107.91,98.25,101.8,98.92,1.02,9.98,10.97,109.9,100.24,109.64,101.78,102.96,1.07
3,75.453,10.08,10.63,102.76,95.0,108.29,107.38,102.7,1.03,9.64,9.77,110.0,101.82,108.64,101.81,105.26,1.09
2,75.465,10.16,9.73,110.57,104.66,95.94,98.13,113.0,1.03,11.4,10.55,99.84,98.4,99.57,105.27,105.2,0.96
1,75.521,9.74,11.35,106.4,109.26,110.02,102.23,100.47,1.08,11.12,11.1,103.81,107.01,101.18,105.35,108.09,1.1
1,76.107,9.75,11.72,97.8,112.42,94.86,113.49,99.2,1.02,10.78,10.69,104.86,106.67,110.1,99.21,111.02,0.95
2,76.218,10.52,10.99,97.13,104.31,106.21,108.56,101.31,1.0,10.97,10.35,107.3,107.99,94.48,95.74,107.77,0.92
1,76.401,9.69,10.62,97.7,98.77,99.81,111.34,106.3,1.07,10.09,10.79,112.07,107.95,102.64,101.18,95.98,0.96
2,76.43,11.48,9.87,102.72,105.0,98.19,94.59,97.95,1.0,10.84,9.69,108.6,99.13,106.91,102.97,101.9,1.0
3,76.56,10.01,10.68,102.87,96.95,105.04,99.22,91.98,1.0,10.85,10.16,100.54,98.1,100.41,111.29,99.18,1.03
1,76.595,11.03,11.02,99.45,109.93,106.31,105.71,102.18,0.95,10.0,11.04,97.38,112.1,102.49,114.85,101.54,1.04
4,76.836,9.65,10.18,110.62,96.17,97.71,100.81,101.82,1.06,11.35,9.98,96.5,106.15,98.19,110.06,102.76,1.0
3,76.867,10.0,11.29,103.02,103.68,113.68,105.04,108.71,1.13,10.28,10.4,105.94,104.71,104.74,103.81,108.76,1.12
3,77.099,10.31,11.13,111.78,103.91,105.68,109.32,106.72,1.13,10.71,10.99,99.16,92.15,102.13,107.91,97.62,1.05
1,78.165,10.68,11.35,105.65,114.22,99.4,96.92,103.29,1.09,10.59,11.24,102.08,109.08,109.65,112.71,109.91,1.09
4,78.295,9.97,11.28,106.94,109.83,101.64,100.34,115.16,1.13,10.9,10.54,101.98,108.82,100.43,110.45,107.76,1.08
4,78.336,10.81,9.58,106.82,109.55,111.61,99.11,107.03,1.07,10.97,10.27,109.14,104.54,109.18,94.96,104.72,0.98
1,78.376,9.7,10.68,107.08,115.17,107.54,97.69,105.91,1.09,10.13,10.36,108.55,99.16,98.24,110.01,94.72,0.96
4,78.908,10.96,10.54,102.18,107.44,105.06,96.29,112.62,1.08,10.85,10.3,105.9,101.09,101.67,111.59,99.12,0.98
4,79.941,11.17,11.27,111.04,101.67,100.4,106.36,104.9,1.04,10.75,10.69,109.56,107.99,100.28,110.49,113.55,1.08
4,80.593,10.4,9.76,97.62,107.75,101.55,99.95,104.72,1.02,10.12,11.25,103.87,107.77,113.33,106.51,99.54,1.11
4,80.893,10.81,10.4,112.02,99.51,106.36,109.57,97.62,1.09,10.62,10.8,111.47,99.45,99.66,98.68,109.81,1.01
2,80.907,11.62,10.44,95.66,95.47,108.2,104.14,97.92,0.96,10.74,10.67,112.84,96.42,109.65,108.15,104.28,1.06
4,80.95,10.2,9.61,113.85,99.01,108.3,97.89,103.27,1.05,10.02,9.75,98.29,102.27,111.32,96.29,101.74,1.05
1,81.228,9.82,11.43,113.31,112.89,96.67,101.47,98.56,1.12,10.28,10.3,103.21,104.47,94.32,113.79,101.41,0.95
2,81.342,11.07,10.18,111.46,108.49,106.82,98.06,111.32,1.04,9.92,10.9,103.47,107.15,97.54,102.72,101.14,1.03
3,81.455,10.29,9.81,106.6,101.12,107.72,107.9,103.97,1.04,10.53,10.81,107.83,95.89,114.24,108.11,98.48,1.11
3,81.701,9.75,11.36,113.04,92.5,108.03,98.13,92.34,1.04,9.85,10.75,110.02,107.33,109.26,102.56,105.64,1.11
2,82.233,11.32,9.85,110.7,93.78,106.42,99.86,103.39,1.08,11.49,11.15,96.84,96.55,97.63,98.41,100.44,1.07
4,82.564,11.1,9.89,112.44,107.71,110.65,103.54,111.71,1.02,10.54,9.77,106.03,97.39,112.83,108.29,113.79,1.09
1,82.735,11.14,10.7,101.12,103.21,99.0,101.43,108.26,0.98,10.93,10.02,98.32,101.19,99.06,110.84,97.02,1.11
3,82.746,9.44,10.54,107.4,92.88,114.42,99.33,109.08,1.01,10.97,10.86,98.81,100.58,105.75,110.2,93.34,1.0
2,82.953,10.25,9.89,95.75,97.87,108.46,99.34,103.5,1.04,11.36,10.57,105.54,101.84,101.82,96.39,101.92,1.05
2,83.087,10.17,11.24,113.32,93.68,94.29,99.1,103.69,0.98,10.97,10.84,112.77,99.04,104.77,95.76,99.87,0.97
4,83.668,10.12,10.45,113.64,93.71,103.65,98.15,106.25,1.01,11.35,10.58,112.58,107.07,108.95,94.86,112.74,1.0
3,84.323,9.72,10.79,100.03,99.87,112.2,104.13,106.26,1.08,10.84,11.19,103.67,92.85,99.47,110.32,100.23,1.12
1,85.063,10.74,11.79,114.68,106.0,105.52,108.21,108.86,1.08,10.46,10.57,108.48,112.85,103.97,112.44,105.17,1.06
2,85.442,10.69,10.46,99.3,99.8,97.74,103.47,111.35,1.07,11.66,9.76,112.01,103.72,95.86,107.12,98.75,0.97
3,85.745,10.49,11.49,97.39,102.49,111.53,107.96,103.7,1.11,9.31,10.12,104.99,102.86,111.88,95.48,103.7,1.08
4,86.157,10.34,9.98,112.76,97.77,104.62,106.22,105.33,1.08,10.56,11.06,110.76,103.1,109.42,109.1,104.15,0.95
3,86.228,10.91,10.47,98.25,104.02,116.0,106.76,98.55,1.03,10.85,10.22,97.16,96.07,99.78,108.93,105.47,1.11
1,86.386,11.0,11.48,112.31,103.99,101.55,99.57,104.99,1.01,11.12,11.0,98.66,116.03,94.88,101.82,108.94,1.07
2,86.958,11.31,10.43,97.26,101.26,105.29,107.1,103.24,1.09,10.87,9.95,111.2,107.24,93.9,98.92,110.06,1.05
2,87.269,10.54,10.44,96.71,98.46,104.19,103.01,107.12,1.05,10.65,11.15,105.91,98.45,94.68,109.24,102.81,1.04
3,87.463,10.33,11.24,103.32,104.29,105.77,107.69,101.48,1.13,9.61,9.72,109.79,104.2,110.49,108.82,95.82,1.05
3,88.016,9.43,10.14,108.66,99.69,109.59,110.52,105.84,1.11,9.49,10.49,105.04,106.62,110.67,107.34,104.16,1.06
4,88.437,10.46,10.98,112.11,96.44,98.18,103.77,108.06,0.97,10.25,10.93,102.47,107.04,98.56,111.79,98.52,1.13
1,88.484,11.02,10.51,100.08,111.3,109.73,96.82,94.92,1.09,10.69,10.95,108.48,108.44,98.62,106.17,101.8,0.94
4,88.767,10.31,10.08,106.9,103.54,112.83,106.52,114.78,1.08,11.01,10.78,102.11,103.74,103.57,99.43,103.15,1.0
1,88.85,11.3,10.6,114.12,102.12,99.4,105.17,104.71,1.08,10.94,11.28,109.11,112.86,102.4,101.83,101.12,0.98
3,89.452,10.54,11.44,98.38,96.24,109.61,107.28,99.15,0.99,9.95,10.17,111.73,100.57,110.81,108.6,106.4,0.99
3,89.461,9.33,11.05,111.13,91.79,107.93,99.92,108.78,1.02,9.38,10.31,109.98,101.4,108.7,104.78,108.85,1.05
3,89.805,10.09,10.96,99.06,93.81,102.55,96.07,97.85,1.16,9.55,10.33,102.25,106.87,113.94,99.99,108.36,1.14
3,90.262,9.74,11.5,109.52,92.86,107.2,109.36,102.43,1.14,10.97,10.68,101.3,96.63,98.48,107.87,101.24,1.16
2,90.522,10.73,11.0,110.19,105.08,96.57,106.24,107.85,0.98,10.1,10.99,100.28,105.38,100.49,108.45,97.12,0.95
2,90.595,10.29,10.38,104.49,105.92,92.61,107.11,106.48,1.04,10.94,10.74,103.96,96.48,103.06,99.43,102.23,1.05
1,90.908,10.73,10.89,100.02,102.68,105.49,114.53,100.1,0.96,10.15,10.95,105.85,111.24,99.25,97.67,98.42,1.04
3,90.964,9.32,10.17,98.16,94.93,98.44,100.39,93.24,1.05,10.91,9.72,110.4,108.32,99.59,109.76,96.4,1.07
1,91.115,10.43,11.67,113.35,102.97,98.24,98.09,98.84,1.01,9.81,10.99,113.06,99.72,109.42,110.25,105.65,1.01
4,91.33,9.95,11.28,97.46,103.07,101.73,99.92,97.78,0.97,11.11,9.8,98.27,99.44,108.02,98.15,100.65,1.0
4,91.412,10.57,10.6,110.47,106.06,98.69,96.74,109.81,0.98,10.2,10.84,105.06,95.24,100.52,95.49,106.25,1.11
1,91.415,9.87,11.66,106.0,103.21,104.59,108.35,108.71,1.04,9.79,11.66,99.82,101.86,105.7,100.75,96.9,1.04
1,91.457,9.58,10.71,111.06,99.72,102.08,110.97,109.1,0.95,10.74,10.7,110.61,105.92,102.2,106.49,104.62,1.1
3,91.907,10.54,11.43,107.24,93.5,105.08,99.17,101.49,1.04,10.02,9.85,98.34,105.47,115.51,110.93,103.07,1.06
2,93.26,10.38,10.86,109.36,100.06,107.25,103.63,111.32,1.0,11.08,11.12,108.04,101.4,103.37,107.72,112.36,1.02
3,93.528,10.87,10.22,106.88,99.21,108.01,105.81,104.86,1.05,9.43,11.17,103.78,104.34,101.76,95.95,98.5,1.13
2,93.947,10.88,11.1,109.39,106.1,94.94,104.28,103.24,0.98,9.99,11.18,109.96,98.59,109.08,110.65,105.91,1.0
2,94.019,10.73,11.1,104.13,93.72,104.01,95.15,98.83,0.93,10.77,10.17,107.34,100.26,107.71,108.78,112.96,1.01
3,94.182,10.09,10.01,104.44,100.83,100.28,107.62,103.62,0.98,10.31,11.08,96.97,92.16,101.19,103.27,93.68,1.1
2,94.403,10.32,10.58,112.52,102.97,94.62,109.4,95.68,0.95,11.02,10.74,107.57,104.63,101.93,106.38,96.49,1.02
3,94.452,9.3,9.75,102.66,99.21,99.26,110.11,91.94,1.13,10.83,10.43,98.57,93.36,109.35,109.96,99.99,1.06
1,94.919,11.12,11.28,99.37,104.28,108.27,112.1,96.91,0.99,10.74,11.04,111.39,98.61,96.48,102.87,98.95,1.0
1,95.156,9.78,10.63,109.65,115.68,104.05,114.85,110.47,1.07,10.7,11.64,109.4,99.9,105.46,110.43,95.09,0.98
4,95.399,9.62,10.14,99.44,107.38,105.21,105.76,97.46,1.08,9.65,10.87,107.31,93.24,103.25,102.14,113.01,1.0
4,95.409,11.06,9.67,105.84,99.01,109.37,103.46,105.85,1.06,11.21,9.54,110.48,93.51,105.44,105.59,98.31,1.1
3,95.413,10.65,10.21,106.0,107.81,102.43,100.32,93.21,1.03,9.62,9.75,98.6,106.65,113.3,110.93,105.98,1.1
4,95.519,9.75,10.57,99.86,103.99,104.92,94.96,105.76,1.12,11.37,9.66,113.98,106.29,102.42,104.68,103.87,1.1
1,97.052,10.26,10.3,104.61,113.69,95.44,105.17,105.26,1.07,10.1,10.64,99.9,110.63,98.62,108.89,111.02,0.96
3,97.275,10.2,10.22,108.09,91.96,99.24,104.45,99.76,1.06,9.7,10.46,110.35,93.21,111.53,106.95,100.06,0.98
2,97.359,10.68,9.71,110.86,97.91,103.03,96.86,103.91,1.08,10.29,10.96,96.66,96.77,95.33,98.22,112.69,1.04
3,97.793,10.97,10.6,109.98,104.13,113.6,97.01,102.79,1.0,9.82,10.44,96.06,102.75,108.85,111.66,108.8,1.14
3,98.535,9.55,9.99,109.86,91.82,101.32,110.75,95.49,1.06,10.62,10.33,110.25,101.32,106.0,107.96,108.6,1.06
1,98.744,9.94,11.34,99.36,104.28,104.3,98.6,100.1,1.02,9.85,10.65,106.34,99.91,103.35,115.03,109.38,1.1
2,99.123,11.67,10.52,103.52,100.3,99.74,111.68,105.17,0.96,11.68,11.21,104.8,93.48,108.92,107.45,97.68,1.03
4,99.358,10.16,11.31,102.26,107.73,109.75,108.93,107.71,0.99,10.99,10.36,97.58,103.46,112.87,100.56,110.62,0.98
2,100.07,10.65,9.87,106.82,94.16,92.63,110.63,97.31,1.01,10.82,10.13,103.34,104.53,105.55,106.92,102.43,1.03
1,100.453,10.83,11.3,104.68,114.85,99.3,107.51,99.64,1.11,9.9,11.73,109.89,105.32,100.28,109.84,103.6,1.06
4,101.329,10.16,10.18,110.79,104.6,97.37,98.14,109.02,0.99,11.12,9.81,104.23,102.16,95.92,104.58,113.8,1.07
3,101.429,9.42,9.82,98.08,99.6,110.26,108.21,98.38,1.16,11.01,9.84,108.96,108.47,111.24,104.61,93.28,1.01
3,101.554,10.17,11.06,98.38,103.4,114.09,108.34,94.98,1.02,10.37,10.9,112.26,97.12,101.72,110.49,103.9,0.98
2,101.869,11.02,9.84,95.82,109.94,99.97,102.78,107.75,0.99,11.67,10.03,99.66,94.01,109.28,104.98,97.88,1.01
2,102.146,11.05,11.16,101.79,101.02,94.65,104.8,96.96,1.05,9.89,9.77,107.22,95.82,94.11,95.74,100.95,1.08
2,102.154,11.19,9.58,112.55,107.26,105.57,103.16,105.83,1.06,10.8,10.33,110.7,102.24,95.51,104.08,109.02,0.93
4,102.266,9.89,9.82,96.86,97.99,109.8,105.87,107.45,1.11,9.93,10.4,105.59,101.93,101.22,107.2,97.9,1.11
2,102.736,10.02,10.78,107.5,106.62,93.74,105.19,100.87,0.94,10.57,10.78,103.66,100.4,108.2,104.64,103.69,1.01
2,102.808,10.12,10.79,111.84,105.61,103.85,96.32,99.86,1.08,10.58,11.14,106.06,99.6,99.6,95.12,105.83,1.08
1,102.888,10.31,10.36,103.39,104.0,95.67,112.79,104.21,0.99,10.88,11.35,110.68,102.82,109.04,102.67,98.38,0.96
3,102.951,10.86,11.07,99.63,97.94,110.45,109.58,94.41,1.1,10.26,11.04,109.77,94.66,100.38,111.19,107.01,1.04
3,103.162,10.11,10.23,102.8,93.91,97.96,102.65,100.43,1.0,9.82,11.02,101.49,104.14,104.43,108.82,102.93,1.08
3,103.241,10.21,11.15,96.04,105.48,110.37,102.9,107.55,1.06,9.77,11.15,111.83,103.22,116.04,107.48,100.12,1.04
3,103.443,10.94,10.43,108.43,103.94,111.06,98.48,99.35,1.16,10.67,10.47,113.37,108.11,104.4,110.46,96.76,0.98
2,104.195,10.06,11.18,101.05,107.92,106.42,101.94,97.89,1.08,11.21,9.82,109.58,97.82,104.37,95.7,98.29,1.09
3,104.359,10.89,10.77,98.11,105.36,112.82,109.22,98.86,1.02,9.88,11.22,113.69,102.02,113.22,98.27,93.96,1.14
3,104.65,10.74,9.79,98.78,99.51,110.08,97.33,103.82,0.98,9.51,10.2,106.61,104.43,102.61,97.78,92.27,0.99
2,104.887,11.05,10.73,101.48,108.54,92.71,104.32,96.91,0.95,11.3,11.1,104.66,93.98,99.64,110.98,106.13,1.04
1,105.184,10.63,11.18,98.87,109.22,102.69,110.09,100.1,1.09,11.07,11.48,108.56,107.58,101.93,110.06,105.53,1.01
2,105.993,11.33,11.13,112.47,102.88,98.96,99.71,96.91,0.95,10.56,10.89,106.32,110.5,94.82,107.25,103.54,1.04
3,106.334,10.91,10.94,108.84,101.98,105.03,103.54,96.91,1.04,10.44,11.28,113.6,100.58,98.54,101.22,95.12,1.02
4,106.658,10.71,9.56,102.31,107.16,113.5,105.63,108.24,0.98,10.69,9.86,107.31,96.48,109.36,106.71,102.53,0.98
1,107.634,10.8,11.17,112.32,100.24,98.17,109.22,95.48,0.97,10.87,10.43,113.91,111.6,95.01,99.21,95.8,0.97
3,107.93,10.59,11.47,104.68,108.35,98.07,98.03,103.53,1.12,10.62,10.98,96.02,108.09,101.87,107.65,93.75,1.01
3,108.064,9.71,11.05,98.78,100.85,106.88,103.06,92.07,1.03,10.27,11.4,96.98,91.73,102.68,106.13,94.54,1.03
1,108.244,11.06,11.05,108.1,103.14,101.64,106.95,104.79,1.02,9.56,11.35,108.88,104.48,100.6,110.2,103.36,0.99
1,108.31,9.74,10.65,113.27,113.06,98.35,108.39,96.0,0.97,10.89,10.35,98.66,103.71,99.42,110.54,98.33,1.07
4,108.342,10.06,11.22,109.68,105.67,107.72,98.24,110.26,1.04,10.45,10.9,110.53,106.89,100.8,96.15,103.08,1.08
1,108.994,9.78,11.89,106.16,106.46,108.59,98.15,105.58,1.1,11.02,10.12,112.35,107.5,99.52,102.34,108.77,0.95
4,109.186,9.59,9.68,103.49,103.46,110.26,100.7,106.25,0.98,11.35,10.91,97.28,99.59,98.25,111.11,114.08,0.95
1,109.339,10.85,11.13,104.44,104.57,97.14,111.12,100.47,1.07,10.04,10.74,113.19,108.66,101.85,114.32,108.89,1.03
2,109.537,10.88,11.3,102.85,106.62,95.98,104.78,105.81,1.07,11.34,11.06,98.43,97.58,98.29,107.68,109.52,1.01
4,109.699,10.18,10.95,101.42,99.83,101.52,94.88,107.68,0.97,10.58,10.48,97.11,109.03,106.31,107.01,104.98,1.07
2,110.376,11.08,10.61,107.38,96.35,94.68,103.8,99.87,0.96,9.98,9.81,100.53,94.78,98.03,105.13,96.28,1.05
4,110.389,10.7,9.72,96.38,94.75,98.19,98.71,111.98,0.95,10.46,9.99,99.59,101.51,108.44,108.65,112.37,1.1
2,110.394,10.62,9.91,107.22,97.01,106.25,109.09,97.79,0.93,11.3,10.21,105.39,110.05,103.84,96.46,103.57,0.96
1,110.398,10.67,10.65,101.62,107.19,103.99,111.86,102.22,1.09,10.59,11.52,100.59,106.2,107.73,114.68,107.64,1.01
4,110.912,9.85,11.21,113.4,96.08,96.78,101.53,101.57,1.05,10.26,10.68,112.1,95.24,111.9,109.51,107.62,1.03
4,110.952,10.4,10.08,111.3,104.36,108.78,99.11,107.07,1.02,11.37,10.36,112.45,97.3,96.36,104.0,101.48,1.04
2,111.138,10.72,9.69,104.42,109.94,92.96,110.98,102.49,1.03,11.35,10.56,100.49,104.55,96.29,103.7,96.15,1.03
3,111.194,10.02,10.5,95.78,97.18,109.4,102.26,95.06,0.99,10.94,10.64,107.32,106.69,103.38,110.34,95.42,1.08
1,111.551,10.09,11.13,101.84,116.22,100.35,113.61,105.79,0.96,10.68,10.02,109.0,114.43,106.31,105.85,108.12,1.1
4,111.605,10.07,10.02,103.03,95.07,97.78,108.76,111.8,1.04,10.47,10.56,111.77,94.74,111.09,109.16,111.71,1.06
4,112.007,10.03,10.73,97.28,105.4,107.8,106.45,109.09,1.12,10.0,10.36,107.51,100.76,113.1,105.61,99.47,1.08
4,112.17,9.62,11.18,110.54,108.32,106.96,96.27,101.05,1.12,10.35,9.71,102.14,102.76,105.2,109.75,104.73,1.05
1,112.183,10.28,10.22,104.02,98.82,109.16,108.96,111.23,1.01,9.67,10.03,112.59,97.95,106.21,110.18,102.71,1.0
2,112.341,11.56,9.66,106.38,96.99,94.4,107.45,98.26,1.06,9.93,10.89,106.03,101.18,99.6,99.07,108.92,1.02
1,113.107,10.45,11.82,103.15,109.86,106.7,102.37,102.75,1.08,10.07,10.54,112.71,105.81,108.5,101.4,110.47,0.94
3,113.267,9.63,9.77,100.77,99.52,98.67,109.31,106.02,0.99,10.68,10.14,97.48,93.85,111.36,107.34,93.31,1.13
2,113.477,10.41,10.35,106.2,96.83,99.58,96.34,104.78,1.01,11.36,10.58,110.7,102.97,108.54,103.55,97.18,0.96
3,113.588,9.31,9.81,104.21,102.19,97.86,109.55,102.6,1.02,10.52,10.02,103.82,103.29,106.05,98.65,105.36,1.15
2,114.485,10.01,11.36,96.78,108.09,100.13,103.81,98.35,1.05,10.34,10.63,99.03,103.0,96.22,96.69,97.67,1.09
2,114.491,10.13,10.25,110.77,93.23,106.73,95.18,107.57,0.99,10.17,9.94,109.96,110.38,107.83,96.61,113.26,0.99
4,114.572,11.11,10.4,109.31,105.4,98.37,103.85,105.78,1.08,11.04,11.29,100.49,109.34,111.61,94.23,98.29,1.07
2,114.591,10.87,9.9,104.35,105.31,104.74,97.1,97.12,1.08,10.67,10.4,101.17,107.42,94.49,105.08,98.46,1.05
3,114.797,10.71,10.58,113.37,100.88,112.03,110.38,102.67,1.1,10.94,10.56,99.02,92.15,99.43,100.32,107.25,1.04
1,114.847,9.91,11.25,103.7,115.34,106.24,103.86,103.36,0.99,11.28,10.19,106.72,107.59,106.7,110.72,110.12,1.01
3,115.136,9.3,11.17,105.71,94.99,116.11,104.73,97.45,1.01,10.69,10.9,100.48,107.08,114.09,111.28,104.88,1.13
4,115.354,9.6,9.89,110.81,105.17,100.98,107.67,107.73,0.99,9.86,10.93,113.98,102.94,103.96,103.6,100.7,0.99
3,115.781,10.46,11.28,107.7,95.31,110.68,104.73,93.18,1.06,9.97,11.29,96.02,104.5,102.33,99.07,94.91,0.99
1,116.117,10.89,10.63,97.72,108.83,100.09,98.1,108.95,1.0,10.01,11.51,108.84,100.8,106.91,101.82,96.89,1.0
3,116.12,9.76,10.56,107.25,95.13,102.19,103.15,107.25,1.1,10.43,11.04,104.58,97.0,115.63,106.09,101.57,1.07
4,116.437,9.66,10.4,112.61,107.38,103.79,107.41,99.4,1.01,10.62,9.58,99.31,109.39,109.48,105.7,113.09,0.96
3,117.172,10.72,9.77,109.69,101.66,109.29,110.11,99.98,1.09,10.53,10.87,111.55,108.46,107.86,97.84,99.12,1.12
1,117.519,9.88,11.25,102.93,109.25,108.78,98.57,100.14,1.09,10.2,11.18,108.76,112.4,93.35,110.09,94.14,1.09
2,118.877,10.47,10.38,99.06,94.55,101.77,107.92,96.03,1.06,11.36,10.83,101.33,94.16,93.06,108.56,97.25,0.98
4,119.075,10.08,11.32,106.52,100.22,108.04,97.72,98.36,1.09,9.65,10.85,98.55,109.22,110.53,104.74,115.18,0.97
4,119.443,10.73,10.45,104.72,99.8,100.98,104.37,102.64,1.01,10.89,9.67,96.97,96.89,98.25,95.43,102.91,1.01
3,119.732,10.09,9.68,106.07,97.04,98.4,100.63,101.16,1.04,10.73,11.24,111.67,96.07,99.99,99.55,100.19,1.04
1,119.747,10.0,10.37,96.98,102.95,105.54,97.49,97.19,1.01,10.44,11.48,103.93,114.57,100.09,97.73,110.56,0.99
1,119.837,10.64,11.34,105.76,99.19,108.53,97.66,95.21,0.95,11.17,10.89,106.07,114.0,98.71,99.61,102.02,0.98
1,119.994,10.0,11.65,105.24,109.12,102.14,103.72,107.39,1.1,9.81,10.74,107.48,101.83,94.75,97.18,103.56,1.06
4,120.205,10.69,10.28,111.68,98.74,96.35,100.7,106.5,1.08,10.45,10.32,103.92,99.64,96.35,109.4,107.46,1.0
3,120.237,9.86,10.61,95.99,101.04,109.29,96.15,99.67,1.1,9.82,9.67,102.33,96.64,114.9,107.66,106.93,1.05
3,120.487,10.26,11.41,110.02,106.21,112.33,104.43,98.09,1.15,9.32,10.99,111.96,95.42,110.88,102.05,96.29,1.13
4,120.678,10.53,9.84,100.86,94.19,105.9,94.34,113.26,1.09,9.76,11.09,109.36,99.37,104.11,108.63,100.37,1.04
1,120.737,11.24,11.62,105.15,103.28,97.12,103.04,107.83,1.11,10.26,11.74,111.42,101.33,106.42,111.08,101.11,1.08
4,120.843,10.88,10.19,106.55,100.58,104.24,110.22,109.21,1.04,10.86,10.82,111.39,98.85,109.69,111.22,98.37,1.08
2,121.152,10.0,10.83,110.24,105.08,104.49,98.33,106.77,1.03,10.87,9.9,106.57,95.9,105.54,105.63,102.3,0.99
3,121.205,9.32,11.41,103.87,95.15,114.29,94.56,92.0,1.12,9.88,11.38,106.58,94.58,97.73,96.41,104.78,1.09
1,121.884,10.31,10.03,112.32,107.22,105.82,112.61,96.59,1.09,10.15,11.35,96.96,115.7,109.88,97.46,101.34,1.08
4,121.904,9.9,10.79,110.33,99.65,111.19,103.53,111.47,1.01,11.18,9.85,113.5,99.4,100.86,104.1,97.48,0.97
2,122.312,11.57,11.22,113.42,106.07,92.94,97.84,104.88,0.93,11.27,9.9,107.05,103.05,102.75,106.98,95.8,1.03
4,122.721,10.04,9.93,98.35,104.43,97.83,110.22,108.57,1.02,10.45,9.67,105.85,101.21,105.58,104.4,104.73,1.0
3,122.776,9.93,10.86,101.98,104.3,97.87,96.4,95.7,1.02,10.66,11.18,95.62,96.28,116.14,105.72,94.12,1.12
1,122.873,10.49,11.18,104.8,99.05,95.78,109.1,95.48,1.1,9.99,11.3,97.57,107.95,102.45,100.96,110.97,0.95
2,122.894,11.59,9.98,113.19,94.18,93.52,104.04,113.55,1.08,9.9,10.64,97.05,99.71,107.39,108.41,107.85,0.98
4,122.918,10.3,10.6,103.05,96.67,104.42,104.64,97.62,0.99,9.81,9.63,109.06,98.74,101.67,105.97,114.46,1.09
3,123.049,9.99,10.96,107.41,100.15,97.86,110.96,92.7,1.1,10.94,10.45,97.46,99.72,110.06,107.86,93.15,0.99
1,123.489,10.32,10.38,112.24,102.56,101.17,101.02,93.81,1.0,11.26,11.42,97.27,113.06,108.93,100.67,95.4,1.03
3,123.754,9.95,10.92,102.87,93.0,104.94,110.38,98.22,1.07,9.9,10.72,104.49,93.29,115.13,107.72,103.51,1.1
3,123.806,10.73,9.77,100.4,97.47,102.59,95.43,97.85,1.04,10.93,11.37,101.19,105.45,106.71,107.44,99.33,1.15
3,124.076,11.04,10.84,110.78,101.5,110.47,111.73,97.45,0.98,10.17,10.73,98.6,97.29,108.0,106.22,108.53,1.14
3,124.204,10.86,10.2,106.76,95.75,108.99,97.06,107.79,1.06,9.82,10.07,100.74,96.76,114.42,103.81,96.56,1.08
3,124.661,10.4,10.1,110.87,106.9,101.19,111.02,107.3,1.02,10.77,9.97,102.88,94.2,109.61,99.11,102.83,1.07
1,124.792,10.29,10.25,105.44,108.27,110.08,110.34,98.56,1.11,10.72,10.7,112.24,113.87,100.79,97.85,105.95,1.09
4,124.959,9.83,11.06,106.68,96.17,112.33,110.06,103.84,1.12,9.63,10.43,109.88,98.32,103.67,106.79,108.76,1.03
4,124.97,10.38,10.25,104.85,102.02,96.58,100.4,110.3,1.1,9.68,10.99,112.58,101.05,102.68,106.28,113.44,1.07
3,125.432,10.47,11.04,106.58,106.65,112.2,102.55,104.6,1.0,9.55,10.78,101.91,103.88,97.99,110.08,98.1,1.06
3,126.381,9.78,11.16,108.45,100.88,116.19,106.43,105.64,1.03,10.08,10.6,111.33,102.16,112.58,104.67,104.66,1.07
2,126.676,9.97,10.72,105.24,95.15,106.18,107.54,112.31,1.07,10.72,10.28,110.79,100.13,93.62,98.78,107.78,0.98
2,126.972,9.94,9.59,110.79,93.14,98.96,111.51,109.86,1.04,10.4,11.16,100.39,95.34,97.53,96.65,103.25,1.06
4,127.261,10.56,10.4,106.11,109.98,100.39,106.04,114.61,1.12,9.63,11.18,102.36,95.16,107.88,104.64,106.97,1.04
2,127.35,10.45,10.82,96.59,100.89,94.36,97.91,111.47,0.93,10.22,10.07,98.7,108.68,109.63,108.14,104.8,1.0
2,128.181,10.26,9.6,104.01,104.54,92.47,99.04,113.75,0.97,11.48,10.78,107.22,107.72,108.07,107.72,98.25,0.94
3,128.592,9.9,10.2,113.03,93.21,108.3,101.61,107.42,1.03,9.5,10.72,108.93,94.25,101.28,100.87,92.91,1.14
2,128.97,10.16,10.38,107.62,95.83,108.68,98.55,106.6,1.01,10.72,11.02,103.43,105.5,99.05,106.47,95.78,1.03
4,129.17,11.19,10.21,98.5,94.44,111.41,101.62,106.52,1.08,10.07,10.28,97.4,106.29,97.22,104.88,104.66,1.0
3,129.276,10.55,10.95,98.68,107.89,108.33,109.68,95.75,1.1,9.31,11.25,110.65,102.31,111.0,95.56,104.77,1.13
2,129.459,11.25,10.37,98.72,100.4,109.01,105.96,104.66,1.08,10.83,11.32,107.07,102.19,100.49,97.53,105.2,0.93
4,129.476,10.07,9.66,98.2,95.33,108.2,96.9,112.49,0.98,10.18,11.08,97.92,109.35,98.02,109.75,110.08,1.05
3,129.613,9.79,10.33,108.27,92.86,101.83,97.62,99.88,1.03,9.71,10.12,99.93,99.21,98.59,94.34,101.53,1.0
1,130.106,10.24,11.73,106.99,115.19,101.85,97.18,94.69,1.01,9.8,11.03,102.53,99.2,110.34,108.06,93.91,0.95
3,130.17,9.87,10.1,100.83,97.96,104.39,102.87,93.4,1.09,9.66,11.35,97.48,96.35,106.83,108.8,101.53,1.09
1,130.264,10.24,10.87,98.66,106.18,93.55,100.25,101.02,1.05,10.42,10.62,111.76,102.44,95.55,104.88,97.51,1.03
4,130.432,10.54,10.51,108.48,109.35,100.89,101.33,109.79,1.02,9.98,10.28,108.98,103.7,103.95,99.07,111.42,1.07
2,130.727,11.09,9.72,110.86,98.11,107.61,106.27,97.36,0.99,9.92,11.23,108.68,107.95,101.94,102.32,102.69,1.04
1,130.857,10.91,11.78,112.74,102.11,101.62,98.84,108.58,1.12,9.75,11.25,113.78,110.58,109.16,114.05,105.3,1.11
4,130.879,10.26,10.3,107.94,97.06,103.67,108.01,97.65,0.99,9.64,10.88,111.3,94.63,98.67,110.37,108.86,1.1
4,130.882,10.42,11.3,107.08,94.87,99.44,110.34,105.0,1.1,11.14,11.2,102.09,108.73,102.96,96.58,114.37,1.07
4,130.963,11.33,10.55,105.03,106.21,103.05,94.54,105.7,1.01,10.78,10.63,97.62,103.69,110.47,111.67,105.46,1.07
1,130.966,11.19,11.48,100.72,98.6,104.82,107.68,105.59,1.05,11.21,10.8,99.81,111.65,106.24,105.36,111.17,1.02
1,131.318,11.21,10.63,106.91,105.54,102.82,98.45,105.19,1.04,10.63,10.49,113.19,113.55,105.52,99.56,102.34,0.99
3,131.469,9.87,11.16,113.37,105.9,110.78,105.01,106.06,1.08,10.35,10.7,104.98,93.8,113.98,104.28,102.94,1.02
2,131.777,11.51,10.71,100.43,95.81,108.91,95.06,103.27,0.99,10.5,9.92,112.58,93.56,107.87,95.79,111.32,1.06
1,132.096,9.68,10.71,104.98,99.12,93.35,111.92,96.91,1.09,9.57,10.92,109.4,111.19,94.34,110.72,103.57,1.0
4,132.205,11.12,9.8,97.31,100.09,104.32,99.91,115.32,1.03,11.31,10.11,108.63,110.16,99.21,100.92,108.48,1.0
4,132.598,11.35,9.98,108.72,93.57,100.28,105.43,97.25,0.96,10.78,10.36,105.42,105.09,98.02,106.14,105.17,0.96
4,133.004,10.56,11.33,111.72,98.74,98.76,104.15,115.27,1.1,9.58,9.82,100.85,101.19,100.06,111.2,107.08,0.95
4,133.819,10.95,10.48,99.85,100.31,100.35,101.96,98.22,0.96,9.96,9.56,102.3,105.63,112.26,105.58,113.12,1.0
3,133.915,10.5,10.15,99.79,102.01,98.07,104.19,97.46,1.12,10.35,9.97,95.77,104.5,115.81,104.49,92.31,1.06
2,133.995,10.46,11.08,105.68,102.99,105.55,98.38,103.69,1.03,9.94,9.84,109.16,95.85,101.15,99.17,100.22,1.09
2,134.562,10.74,10.17,100.7,107.02,95.7,111.04,106.67,0.97,11.24,9.72,101.64,93.98,93.17,111.06,100.97,1.03
2,135.172,11.1,10.22,108.68,101.51,92.54,100.3,96.16,1.02,11.04,9.69,99.57,96.76,103.11,110.05,97.79,1.08
4,135.18,9.58,9.83,100.19,108.41,98.77,111.22,112.62,0.99,10.06,9.57,104.5,93.54,103.89,99.98,106.19,1.11
4,135.284,11.38,9.82,106.8,105.16,111.41,102.79,114.51,1.05,10.1,11.06,110.6,96.89,113.8,105.23,97.9,1.01
3,135.563,10.45,11.02,104.96,92.91,99.63,102.51,98.9,0.98,10.44,11.18,110.95,103.94,115.48,98.47,104.78,1.13
3,135.58,10.02,11.07,104.91,105.92,109.74,108.21,103.82,1.12,9.64,10.41,100.19,103.39,98.27,99.27,105.72,1.11
4,135.841,9.6,9.58,111.13,108.49,102.25,101.27,106.53,0.96,11.39,10.27,97.73,100.51,108.11,104.1,109.95,1.01
3,136.308,9.56,10.54,110.65,95.64,103.6,98.37,107.56,1.08,10.75,10.2,101.77,99.6,107.63,109.92,105.62,1.08
2,136.504,11.72,10.12,101.72,109.33,99.7,109.0,105.03,1.03,11.39,10.28,111.51,93.91,106.12,101.81,96.18,1.06
2,136.553,11.5,9.66,102.5,96.58,100.6,105.06,102.13,1.05,10.79,10.1,111.25,93.77,106.89,105.82,109.84,0.98
3,136.732,10.88,9.67,112.04,98.21,115.72,98.59,106.15,1.03,10.87,10.43,105.93,96.16,108.0,102.83,108.76,1.08
4,136.895,10.95,10.72,113.19,96.48,111.17,103.28,107.71,1.1,10.91,10.08,103.14,103.71,109.87,94.24,112.6,1.08
1,137.126,9.67,10.87,99.41,106.0,110.37,115.0,106.06,1.01,9.61,10.32,112.9,98.86,101.44,100.53,111.05,1.08
2,137.2,9.89,10.39,105.12,93.69,99.25,108.68,112.15,1.07,10.54,9.83,111.67,96.18,105.94,96.4,98.76,0.96
3,137.408,10.74,11.15,97.48,95.15,106.53,103.74,98.58,1.14,10.47,11.19,104.56,102.6,110.06,94.97,106.27,1.1
3,137.743,9.57,10.1,104.58,105.36,102.91,105.48,99.6,0.99,11.04,10.36,101.91,104.01,98.69,98.38,96.74,1.06
3,138.296,9.96,11.0,97.82,99.48,106.41,106.74,91.99,1.06,10.84,9.77,96.06,101.38,115.72,95.43,104.16,1.03
2,138.302,10.02,11.08,99.81,102.9,100.77,94.64,105.21,0.95,11.27,10.72,105.2,99.06,97.93,112.03,107.45,1.03
4,138.326,9.84,11.24,102.64,93.77,100.67,106.16,101.54,0.97,9.92,9.58,112.58,94.2,100.72,106.21,97.2,1.04
4,138.735,10.49,10.9,104.26,105.76,102.95,111.03,99.51,1.06,10.99,10.4,113.59,106.05,103.78,95.23,113.67,0.97
4,139.216,9.59,10.79,107.36,105.69,110.78,97.51,110.35,1.09,9.77,9.65,99.38,102.09,112.81,110.51,101.68,1.0
3,139.581,10.93,10.52,100.31,102.84,106.71,102.26,99.6,1.14,10.28,10.41,100.96,97.99,112.55,106.22,108.52,1.07
3,139.625,11.04,10.45,109.83,100.97,115.87,100.32,92.31,1.12,10.94,10.05,113.12,106.55,111.58,97.94,98.86,0.98
3,139.741,10.95,9.68,98.62,94.37,100.28,104.19,95.18,1.1,10.94,10.7,97.68,103.31,99.61,110.32,108.88,1.08
1,139.866,11.07,11.58,98.81,114.38,104.66,111.45,104.51,1.02,10.88,10.5,105.28,102.0,101.3,112.99,109.83,0.96
1,140.294,9.92,10.64,113.53,116.01,109.94,107.22,104.07,1.08,11.0,10.21,106.4,116.22,95.87,99.65,102.18,1.02
2,140.404,11.13,10.03,110.5,107.78,107.65,106.85,106.51,0.95,11.66,10.65,111.85,103.68,97.54,111.06,112.7,0.96
3,140.459,10.89,10.15,107.96,104.04,103.43,98.89,100.25,1.0,9.7,10.02,95.65,106.15,115.0,109.55,95.53,1.06
2,141.202,10.59,9.72,108.02,97.7,102.67,98.58,101.06,0.92,11.73,11.07,99.35,104.3,103.29,100.46,105.66,0.92
1,141.348,10.83,10.54,106.45,113.04,100.75,104.57,93.62,0.99,9.7,10.18,114.58,114.94,108.1,109.98,107.95,0.97
2,141.93,11.1,9.99,106.45,107.99,93.85,100.3,97.3,1.02,10.26,11.07,111.08,94.76,108.28,98.34,107.83,1.02
4,142.006,10.82,10.25,101.18,98.1,111.86,102.72,115.17,0.98,10.16,10.91,104.63,109.62,109.48,102.25,101.55,1.11
2,142.528,10.6,10.3,108.7,104.63,105.25,98.24,98.95,1.08,9.92,9.88,104.95,103.85,93.2,108.53,113.04,0.93
3,142.58,10.6,10.41,96.44,99.78,110.45,104.42,98.97,1.0,10.62,10.72,102.35,96.95,104.91,95.67,96.01,1.05
3,142.714,11.01,10.13,113.12,103.95,110.49,98.13,105.32,1.15,9.3,10.01,102.7,98.35,102.82,104.39,108.16,1.05
3,142.906,10.8,11.46,103.67,101.28,108.85,108.21,101.38,1.05,9.58,10.56,96.24,103.39,107.04,110.52,97.51,1.0
1,143.014,10.23,10.52,107.14,110.25,94.95,104.23,104.46,1.05,10.43,10.34,110.13,106.68,97.18,99.8,110.99,1.07
4,143.039,11.21,10.91,111.98,99.56,100.15,95.7,106.31,1.08,10.98,9.66,111.36,96.11,101.73,103.94,103.82,1.13
1,143.068,10.7,11.35,99.63,115.72,107.17,108.93,104.71,1.0,10.87,10.99,104.45,109.13,107.92,103.69,96.66,1.03
3,143.307,9.8,11.34,104.97,93.48,104.39,96.71,106.61,1.03,10.23,10.47,105.6,103.56,111.27,95.9,96.59,0.99
2,143.702,10.03,10.0,104.88,94.42,101.81,103.05,113.43,0.98,10.81,10.08,96.83,102.48,98.9,98.15,108.01,1.02
1,144.474,9.58,10.91,99.58,104.28,107.99,102.42,98.0,1.06,11.16,10.35,105.19,110.44,94.26,114.88,109.6,0.99
1,144.623,10.98,10.45,111.5,115.02,107.22,113.29,105.11,1.06,10.25,11.79,97.55,108.83,100.57,108.66,102.11,0.99
3,144.944,9.53,10.76,111.7,100.48,104.65,94.98,96.56,1.09,9.95,9.91,96.31,96.12,112.92,102.36,101.89,0.98
2,144.945,11.0,10.23,97.56,108.47,105.06,109.77,100.83,0.94,10.34,9.84,100.79,109.33,107.66,107.34,106.99,0.93
4,144.949,10.7,10.73,108.1,98.45,100.28,108.24,99.24,1.05,10.56,10.92,98.32,107.14,103.79,96.08,110.88,1.01
1,145.053,11.16,11.13,98.14,111.3,99.32,111.01,110.0,1.04,10.72,11.52,106.34,99.52,94.4,98.65,98.2,1.03
2,145.109,9.97,9.9,107.06,110.2,92.7,100.9,108.76,1.08,10.27,11.0,96.27,95.82,102.75,104.32,113.19,0.96
2,145.395,10.31,10.76,105.24,96.58,109.09,111.0,102.05,1.06,10.71,10.77,102.17,93.05,93.48,108.62,104.82,1.09
4,145.465,10.59,10.44,96.86,96.9,108.44,105.0,108.45,1.04,9.76,9.9,110.12,108.54,102.48,94.5,105.33,0.98
1,145.76,10.74,10.73,98.85,108.18,104.04,101.65,93.81,0.99,10.29,11.41,111.62,112.86,97.76,108.1,94.44,1.09
3,145.767,9.94,11.06,98.5,100.99,111.55,110.2,94.41,1.08,9.99,10.32,108.88,100.85,102.99,111.69,96.23,1.11
3,145.783,9.77,10.56,106.59,92.48,99.84,111.49,101.36,1.0,10.19,11.41,100.15,100.84,108.95,101.06,95.75,0.98
4,145.798,11.32,9.56,102.02,110.33,103.95,99.81,100.47,1.05,11.12,10.83,97.23,99.78,113.07,104.55,107.68,1.05
3,145.8,10.08,10.34,108.09,106.98,101.22,100.72,95.53,1.11,10.72,9.68,111.39,95.66,98.87,97.94,106.92,1.02
3,145.927,9.74,11.45,102.66,95.73,106.78,98.23,108.53,1.04,10.25,10.4,97.16,102.1,103.0,109.22,94.53,1.15
2,146.217,10.88,9.8,110.43,102.53,102.09,99.21,100.12,1.01,10.35,9.66,107.34,97.67,98.79,111.04,97.94,1.0
1,146.289,10.98,10.71,110.46,100.67,98.67,107.99,107.39,0.97,10.55,10.02,100.46,103.13,96.88,109.46,100.24,1.06
2,146.855,11.14,10.84,112.34,98.12,109.36,104.13,102.34,0.94,10.3,10.65,110.18,101.14,104.01,109.7,112.36,1.04
1,147.526,10.59,10.44,112.93,113.1,108.06,106.61,108.78,0.98,10.37,11.32,103.21,111.14,96.4,111.01,108.06,1.0
1,147.57,10.82,10.1,114.68,101.53,108.29,102.04,106.89,1.0,10.98,11.51,113.94,99.63,104.3,108.89,107.8,1.02
3,147.792,10.92,9.95,109.23,104.54,111.53,108.21,105.76,0.98,10.84,11.28,111.33,103.25,111.0,99.96,97.85,1.11
2,147.797,10.87,10.44,104.14,108.31,108.6,94.78,103.98,0.93,10.37,10.17,109.02,94.15,98.63,105.85,104.28,1.04
4,147.972,10.58,9.64,108.78,94.88,103.87,101.59,99.12,1.06,10.1,10.95,110.21,102.55,98.18,98.12,105.34,1.09
2,148.0,11.65,10.1,96.84,103.12,92.99,103.41,108.92,1.08,10.69,9.89,101.5,100.61,105.76,95.9,112.79,1.09
4,148.058,11.19,10.77,111.93,106.17,106.03,108.68,97.27,1.01,9.79,10.25,97.72,107.92,113.19,104.21,107.05,1.02
4,148.066,9.79,10.08,105.44,107.77,100.9,106.04,108.89,1.08,9.61,10.26,104.45,103.47,111.86,97.17,99.6,1.04
3,148.488,9.78,10.62,96.11,108.12,114.04,105.48,99.05,1.15,10.84,10.59,97.95,92.39,105.77,94.83,96.89,1.06
4,148.728,11.15,10.18,106.78,109.02,112.77,100.43,111.27,1.13,10.1,9.91,105.71,104.47,99.85,109.14,103.43,1.04
1,148.862,10.67,11.78,112.22,113.66,96.86,99.52,106.96,0.94,9.99,11.11,104.15,111.65,106.88,98.56,103.57,1.1
2,149.631,10.35,9.66,103.63,100.61,97.74,103.19,106.65,1.0,9.97,10.7,108.33,100.81,104.88,95.67,106.84,0.94
4,149.642,10.7,10.76,105.9,106.74,109.08,99.46,109.68,1.06,10.12,11.18,112.12,107.44,103.36,98.94,111.83,1.07
4,149.902,10.99,9.96,103.82,100.69,101.14,111.59,98.15,1.08,10.74,10.68,103.68,99.62,104.4,102.14,105.75,1.12
4,150.23,10.4,11.12,100.32,107.84,96.26,104.68,110.95,0.97,10.65,10.92,107.79,94.06,102.92,101.0,109.96,1.04
2,150.443,11.32,9.91,102.15,101.99,94.05,103.32,108.92,1.03,10.5,11.18,102.09,101.61,101.94,101.35,112.96,0.95
2,150.567,11.37,9.99,98.25,97.67,106.0,112.11,108.76,1.02,11.59,11.0,99.35,96.4,109.62,108.29,105.17,1.0
2,150.735,10.32,10.6,95.97,95.63,99.61,109.99,113.14,1.03,10.52,11.2,107.71,96.99,103.11,109.23,108.66,0.93
2,150.863,10.65,9.95,104.58,96.0,108.99,106.6,108.56,1.08,10.7,10.34,99.55,100.27,105.33,103.1,113.55,1.05
3,150.895,9.99,11.29,109.57,93.83,102.49,109.06,104.77,1.06,10.08,11.5,95.77,102.01,107.7,99.07,100.57,1.12
2,151.275,9.94,10.91,112.17,106.23,94.73,102.44,103.64,0.93,10.62,10.59,100.66,93.61,99.95,111.51,104.7,0.96
2,151.467,10.05,11.16,102.53,93.82,104.57,103.38,98.26,0.93,11.17,10.04,109.53,94.81,98.18,102.98,99.11,1.01
1,151.75,9.75,11.28,107.48,115.56,96.86,102.73,108.25,0.95,9.79,10.72,110.21,115.02,95.09,104.96,99.82,1.05
1,152.122,9.89,10.22,104.4,101.66,102.64,112.56,100.03,0.97,11.24,11.13,105.41,109.34,107.58,108.01,102.34,1.04
2,152.23,11.34,9.78,107.99,98.52,100.14,94.9,108.26,1.07,10.72,10.12,101.8,109.8,97.4,94.52,100.42,0.98
4,152.368,9.77,10.22,112.45,95.64,99.25,105.26,105.42,1.05,10.96,11.19,108.83,109.23,110.58,104.43,106.57,1.05
4,153.365,9.74,9.58,113.38,106.0,109.84,109.23,105.82,1.1,10.99,10.3,110.34,100.32,99.41,111.99,98.96,1.01
2,153.371,11.37,10.12,103.96,100.4,107.69,108.2,96.91,0.94,10.43,11.16,101.8,106.6,95.92,107.59,112.96,1.03
4,153.853,10.02,10.14,103.12,101.9,113.75,98.86,103.27,1.09,11.12,9.62,106.77,95.24,97.47,111.08,107.35,0.99
4,154.379,11.33,10.28,100.71,99.66,96.06,94.34,106.31,1.03,11.03,10.99,104.01,101.68,106.67,109.97,113.67,0.97
2,154.446,10.88,10.75,97.67,97.58,105.89,95.44,108.44,1.02,11.03,9.75,110.26,96.51,107.65,95.1,104.71,0.98
1,154.752,10.25,11.17,113.27,115.83,101.3,111.16,100.11,1.03,10.74,11.42,104.86,98.38,108.99,105.92,102.87,0.95
2,154.781,11.42,10.41,96.71,110.5,104.72,96.05,96.54,1.09,10.1,10.85,100.39,96.76,108.09,103.05,97.84,1.07
4,155.553,10.09,10.55,99.59,96.67,106.23,107.84,107.33,1.06,10.05,10.78,96.86,96.76,102.11,104.99,104.06,0.97
4,157.003,10.29,10.37,107.83,98.03,99.66,111.43,115.04,0.99,10.05,9.77,113.64,108.71,97.62,108.21,112.84,1.05
4,157.142,10.17,10.61,96.7,108.62,102.74,110.4,101.5,1.09,10.33,11.17,96.07,96.48,106.9,100.1,99.24,0.97
4,157.248,11.0,10.03,111.94,102.96,110.16,109.92,102.32,1.03,11.26,10.78,110.33,104.47,103.68,107.42,99.56,1.12
2,157.271,10.07,11.04,99.07,103.85,108.1,97.62,104.42,1.08,10.3,10.03,106.03,95.66,105.89,97.57,97.31,1.03
4,157.46,10.05,10.93,101.46,95.68,110.74,107.21,97.05,1.03,9.74,10.66,102.14,108.38,102.08,108.73,105.5,1.12
4,157.699,11.2,10.32,97.44,99.53,111.85,98.53,109.71,0.96,9.98,10.97,106.1,99.41,96.65,106.97,112.04,1.07
4,157.884,11.09,10.45,108.98,99.29,111.85,99.88,102.87,0.98,9.76,10.9,100.44,106.29,103.36,98.61,109.16,1.05
4,158.397,11.37,11.25,96.62,108.14,106.5,102.04,106.39,1.1,11.39,10.34,111.21,97.33,111.16,94.53,111.02,1.09
3,158.588,9.82,11.02,97.26,102.94,111.58,94.73,94.26,1.06,10.83,11.23,109.23,102.39,104.4,101.08,104.68,0.98
2,159.075,10.04,9.83,103.75,94.62,93.8,99.21,96.86,0.97,11.31,10.09,97.65,101.34,107.76,108.14,102.84,1.04
3,159.082,9.32,10.7,107.21,98.33,115.86,96.03,104.33,1.12,10.12,10.55,104.69,101.28,109.34,110.5,99.35,0.99
3,159.093,9.88,11.29,111.84,108.23,101.61,104.56,109.17,1.02,10.02,9.77,95.99,92.15,109.82,109.78,100.57,0.98
3,159.106,10.05,10.09,103.56,93.92,108.86,101.81,105.32,1.04,10.65,10.86,102.83,103.07,112.36,108.47,99.63,1.07
3,159.467,9.39,10.9,108.75,107.29,102.08,104.19,104.7,0.98,10.55,9.7,106.01,96.73,111.31,110.36,104.66,1.16
4,159.617,10.23,10.26,110.17,105.84,112.57,108.51,99.18,0.98,11.3,10.28,100.82,99.01,109.05,103.77,112.83,1.08
3,159.766,10.5,10.44,111.93,107.06,99.49,97.18,98.55,0.98,9.88,11.33,101.68,103.87,107.39,106.66,100.23,0.98
1,160.319,10.75,11.3,101.06,111.67,95.87,110.28,93.56,1.02,9.62,10.83,106.05,108.7,93.7,99.52,103.08,0.96
3,160.491,10.24,11.02,101.46,95.76,108.22,106.84,96.27,1.16,10.37,11.46,98.11,98.67,101.93,108.12,92.25,1.1
1,160.504,9.72,11.71,107.54,115.22,106.83,104.09,104.83,1.1,10.32,10.26,98.19,101.38,94.63,99.49,108.94,1.05
4,160.545,11.24,10.27,112.61,100.15,104.47,102.25,114.14,1.12,11.18,9.85,101.49,98.38,109.99,105.06,97.49,1.07
2,160.675,11.14,11.09,97.62,101.54,100.4,97.35,101.14,0.99,11.02,10.41,111.39,101.34,109.39,106.2,101.09,0.92
1,160.709,10.63,11.09,98.82,111.82,100.4,97.05,100.14,1.04,9.82,10.58,105.89,102.88,101.25,102.29,109.56,1.1
2,161.422,10.53,10.57,105.57,108.33,101.14,107.12,96.91,1.05,10.37,10.03,113.52,110.54,102.66,101.5,108.18,0.93
3,161.697,9.99,11.45,98.45,105.4,97.73,108.21,104.99,1.01,10.51,11.15,110.4,100.36,106.56,98.06,96.58,1.03
4,163.13,10.53,10.58,106.1,107.93,103.95,96.98,113.31,1.1,11.27,9.69,102.02,95.62,105.2,104.22,108.07,1.06
3,163.145,10.05,9.81,100.18,94.53,98.0,100.04,105.11,1.16,9.38,9.73,99.16,101.66,112.19,109.29,108.03,1.09
3,163.282,10.15,11.23,104.76,106.53,104.2,111.7,106.88,1.03,9.59,9.97,103.83,106.72,105.68,107.57,97.1,1.06
3,163.636,10.44,10.69,96.17,98.25,102.68,105.53,93.87,1.01,11.04,10.53,106.51,94.9,101.61,106.79,103.59,1.04
2,164.01,10.76,11.19,104.12,103.08,94.23,108.47,103.7,0.96,11.65,9.83,111.83,98.35,97.85,106.21,104.97,1.05
3,164.073,11.02,9.83,97.82,105.97,104.28,99.17,104.88,1.03,10.07,10.24,105.82,96.19,97.77,105.16,95.29,1.0
2,164.151,11.58,11.18,103.49,106.75,93.9,96.96,110.82,1.01,10.02,10.01,112.77,99.57,103.1,108.08,100.32,1.02
4,164.153,11.13,11.1,109.31,107.68,98.13,111.55,106.15,1.05,11.19,9.61,102.06,106.61,99.51,100.12,113.42,1.11
1,164.606,10.1,11.02,101.81,109.4,99.95,96.9,107.83,1.01,11.25,11.41,98.47,109.08,94.6,104.43,98.42,1.08
3,164.642,10.44,10.43,103.3,91.6,101.9,100.03,103.42,1.07,10.89,10.21,99.93,93.83,103.02,105.93,99.46,1.02
4,164.766,9.8,10.46,101.98,99.9,113.8,108.24,105.19,1.1,9.87,11.01,96.86,95.35,110.67,95.18,105.82,0.99
4,164.837,10.3,11.22,113.43,110.5,110.86,97.78,112.42,1.1,9.65,10.97,110.8,103.48,107.54,110.49,97.78,0.98
4,165.662,10.06,10.89,104.63,102.8,98.25,106.9,111.02,1.1,9.59,10.69,103.41,109.57,104.7,110.73,107.16,0.98
2,165.784,10.58,10.47,110.14,103.42,94.51,103.4,95.86,1.06,10.81,10.47,100.7,103.73,92.52,110.18,96.88,0.98
4,166.23,11.09,9.91,109.11,102.47,101.42,97.16,115.3,1.0,10.09,10.66,100.24,96.48,100.97,107.88,113.58,1.05
4,166.426,9.64,9.87,104.57,99.49,113.39,94.17,110.93,1.0,9.67,10.4,100.98,108.41,101.26,107.62,111.09,1.06
3,166.461,10.84,10.55,102.44,100.14,104.4,103.55,109.22,1.02,9.42,11.19,103.28,102.69,109.91,102.73,105.91,1.1
3,166.621,10.19,9.85,98.45,98.91,113.44,103.27,93.98,1.11,9.48,10.37,111.71,108.43,101.55,104.57,92.4,1.1
1,167.251,10.33,10.63,99.1,114.94,108.63,108.89,104.86,1.07,9.59,11.14,103.74,102.92,100.57,97.47,105.31,1.04
3,167.348,10.73,10.44,109.64,101.5,109.61,104.5,106.6,1.06,10.91,11.23,108.37,99.6,98.62,99.99,96.91,1.08
4,167.639,10.12,9.69,105.94,97.98,110.64,98.87,102.46,1.03,10.91,10.22,107.52,107.22,108.88,100.29,101.1,0.96
4,167.642,11.06,10.9,113.3,101.68,102.04,100.75,100.7,1.07,9.89,10.46,106.93,100.0,108.96,107.16,104.08,1.08
3,169.099,10.07,10.82,96.86,103.44,101.83,95.5,107.51,1.11,9.9,11.36,107.39,107.04,116.19,109.21,101.77,1.16
2,169.112,10.18,10.73,97.2,107.08,99.32,106.69,97.12,1.02,10.55,11.34,108.42,103.0,100.29,111.46,110.68,0.99
1,169.2,9.67,11.68,102.74,105.09,104.62,109.22,107.96,0.96,11.15,11.87,112.35,111.38,105.58,97.74,107.59,0.96
2,169.296,10.9,11.1,107.17,103.48,99.04,101.35,111.77,1.02,10.87,9.85,111.92,106.13,105.55,105.15,111.41,1.08
3,169.3,9.99,11.19,102.04,99.62,113.47,103.12,108.18,0.99,10.38,9.96,107.89,103.44,113.32,98.1,106.29,1.03
4,169.698,11.13,9.96,100.07,108.49,99.94,97.08,111.29,0.99,10.25,10.21,103.3,101.68,105.8,107.67,97.07,1.09
2,170.524,11.55,10.62,105.12,99.68,100.86,107.78,103.32,1.0,10.47,10.21,96.73,97.28,100.52,100.3,104.66,0.98
3,171.097,10.85,10.96,102.48,105.0,109.47,108.82,101.89,0.99,10.16,10.66,113.33,96.52,102.38,103.12,104.95,1.08
1,171.11,9.67,10.43,109.58,115.83,96.12,108.99,106.35,1.07,10.13,10.49,100.26,115.89,106.07,104.73,104.76,0.99
3,171.183,10.59,10.2,112.71,98.91,109.1,109.46,107.57,1.13,10.63,11.27,99.41,104.12,101.28,102.89,96.56,1.0
3,171.313,9.63,10.23,100.48,92.53,112.86,110.12,105.4,1.1,10.03,10.84,96.92,106.54,98.67,103.62,103.6,1.03
4,172.355,11.25,11.32,101.69,98.27,99.36,111.05,102.75,0.99,10.65,10.34,108.95,99.79,104.28,99.63,106.9,1.0
2,172.466,9.88,11.23,109.22,103.03,101.36,95.58,100.8,0.97,11.65,11.05,101.5,110.38,101.15,108.8,103.05,1.1
1,172.522,11.18,11.82,102.11,105.6,105.42,109.9,94.88,0.99,10.86,11.7,112.62,110.62,106.88,100.24,102.75,1.03
4,172.582,10.83,10.71,109.66,109.97,107.32,110.93,111.27,1.1,10.13,9.88,101.84,94.53,112.78,111.0,111.42,1.08
4,173.486,11.15,10.31,100.2,97.97,103.51,109.22,107.8,1.02,9.9,11.32,112.58,105.17,102.25,111.12,105.82,1.03
1,173.98,10.57,10.65,103.93,115.02,110.02,106.3,110.8,1.09,11.03,11.78,104.79,114.93,96.4,105.92,99.34,1.03
2,174.112,11.52,9.59,112.22,108.0,99.24,95.32,97.12,1.0,10.72,10.91,103.96,98.12,104.89,97.28,108.22,0.92
4,174.543,11.31,10.79,104.77,100.1,98.75,103.72,112.74,1.0,9.6,10.07,105.12,97.6,108.9,103.02,99.49,1.02
4,175.296,9.73,10.07,110.21,93.53,109.99,97.17,101.1,1.1,9.84,11.04,110.4,95.75,101.71,104.36,108.89,1.12
1,175.53,10.74,11.74,110.15,101.44,92.93,99.97,95.97,0.95,9.6,11.82,100.1,111.6,108.1,101.25,102.1,1.1
3,175.826,9.77,10.08,109.28,97.63,98.07,110.83,99.76,1.13,10.07,10.23,104.97,106.47,111.81,109.92,101.48,1.1
4,175.828,10.81,11.17,101.32,95.16,113.09,109.13,103.55,1.05,10.68,11.04,111.88,99.93,110.17,108.26,97.26,0.98
4,176.145,10.51,11.26,102.31,106.72,102.11,105.74,103.05,1.1,10.66,10.88,105.83,97.81,97.94,99.46,107.26,0.99
2,176.185,10.72,9.7,110.71,102.53,107.23,105.73,111.82,1.0,11.65,10.41,97.8,104.46,107.83,97.91,107.02,1.05
1,176.539,11.15,10.03,108.32,104.56,96.33,102.84,99.25,1.12,10.73,11.6,104.35,101.77,104.67,114.53,109.67,1.02
1,177.136,10.92,10.3,106.61,99.52,93.23,108.91,108.86,1.11,9.84,11.29,112.81,106.74,107.5,105.62,107.33,0.95
3,177.315,9.49,11.51,96.68,98.73,115.24,106.61,96.06,1.14,9.77,10.58,106.01,103.65,109.59,105.24,107.64,1.11
4,177.497,11.06,10.98,111.39,108.62,110.13,98.8,111.44,1.01,10.49,11.08,110.68,108.62,103.88,106.79,99.78,1.03
3,178.013,10.3,11.27,101.65,104.77,102.78,106.84,98.97,1.08,10.51,10.83,104.97,107.18,99.99,97.22,108.16,1.09
4,178.181,10.74,10.08,100.64,107.07,110.13,104.42,97.26,1.01,10.03,11.3,96.09,96.48,109.0,106.46,104.34,1.01
2,178.392,10.45,9.8,105.79,104.63,102.09,101.12,104.34,1.08,10.8,11.34,106.65,97.58,96.78,94.9,101.11,0.92
4,178.441,11.32,11.3,100.85,106.69,103.27,95.79,102.86,1.04,10.91,11.19,100.01,97.39,100.13,100.65,112.05,0.99
4,178.474,9.91,11.17,101.98,107.17,109.48,110.93,101.77,1.04,9.89,9.79,97.47,99.78,102.82,111.12,101.45,1.05
1,178.935,9.91,11.59,98.84,104.39,105.03,108.39,100.82,1.01,10.91,11.1,113.4,111.97,98.48,109.84,101.07,1.06
1,179.071,11.21,10.3,96.9,107.98,94.34,106.38,105.35,1.02,10.57,11.4,102.72,102.23,106.88,112.8,97.19,0.98
3,179.179,10.9,10.89,106.58,95.34,110.79,108.25,107.79,1.0,10.78,10.93,103.1,108.35,104.74,100.92,92.08,1.1
2,179.437,10.6,11.07,102.56,96.52,97.38,100.67,110.08,1.08,11.09,9.97,97.28,103.29,103.1,101.5,101.55,1.06
3,179.75,9.52,11.4,108.41,94.58,109.96,97.56,96.55,1.14,9.32,11.09,107.32,95.86,110.45,98.77,100.11,1.03
4,179.869,10.09,11.05,109.01,97.26,111.53,95.38,112.08,1.11,11.08,9.61,103.08,105.94,102.58,106.47,112.42,1.07
1,179.978,10.43,10.02,97.67,105.0,96.79,101.4,97.02,1.06,11.16,11.09,105.69,113.9,108.92,111.82,100.04,1.04
4,180.127,10.73,11.22,108.61,93.51,103.58,108.97,100.57,1.02,9.91,11.16,108.06,97.95,106.3,98.18,101.4,0.96
1,180.903,10.56,11.57,106.59,103.16,110.08,104.83,109.72,0.99,10.32,10.61,108.21,102.39,110.18,105.64,102.49,1.08
2,181.858,11.68,11.04,102.85,94.42,92.93,94.8,98.5,1.06,10.25,10.21,110.46,106.82,108.88,106.36,109.06,0.99
3,182.473,9.5,9.97,101.85,100.48,107.57,110.98,93.26,1.14,10.42,10.42,104.58,101.67,114.04,95.15,93.14,1.16
1,182.725,10.92,10.22,115.14,113.76,105.12,106.49,98.84,1.04,11.31,11.37,109.34,112.86,99.39,103.47,109.45,1.01
3,182.869,9.68,10.22,110.2,103.18,103.14,107.58,106.74,0.99,10.05,9.69,108.46,107.32,105.19,94.07,99.73,1.12
2,183.395,9.87,11.16,97.99,108.31,108.45,107.72,111.89,1.04,10.45,10.7,105.03,99.66,104.3,110.04,104.42,0.99
1,183.441,11.23,11.81,111.78,103.4,94.69,106.06,104.81,1.07,10.23,11.38,106.72,101.27,93.7,109.72,101.49,1.04
2,183.517,10.33,10.5,104.91,104.43,93.95,111.83,100.18,0.96,11.21,10.6,103.54,106.65,94.49,109.08,105.19,0.98
4,183.804,10.2,9.68,102.3,99.33,112.22,109.82,105.81,1.08,10.65,10.11,109.23,98.66,102.25,103.02,98.15,1.07
2,184.025,11.61,10.66,101.48,98.61,109.09,95.72,106.44,1.02,10.61,10.7,112.77,103.14,97.93,106.53,100.81,0.96
4,184.25,11.38,11.25,111.91,106.03,109.32,104.88,112.74,1.0,9.71,10.44,108.77,108.18,108.63,103.53,100.22,1.03
2,184.33,10.35,11.12,111.2,99.57,106.85,101.22,109.84,0.98,11.19,9.89,102.66,105.67,109.23,94.86,109.84,1.05
2,184.753,10.56,11.07,113.34,94.13,108.53,106.04,110.52,1.08,11.51,11.28,113.56,101.51,98.4,98.62,105.88,1.02
1,185.308,10.58,10.36,96.89,103.82,95.56,114.69,98.33,0.99,9.82,10.05,113.91,113.1,107.89,96.98,101.63,1.09
2,185.494,10.84,10.37,96.44,97.82,94.74,102.73,103.08,0.97,11.1,10.46,107.78,103.73,102.7,97.05,106.22,1.09
2,185.622,10.1,10.91,101.14,110.03,100.68,110.76,103.75,0.93,11.56,10.02,97.8,104.48,106.1,95.67,104.22,1.03
3,186.183,9.58,10.45,102.25,91.79,105.93,111.12,94.84,1.08,10.97,10.81,101.85,108.15,100.68,108.6,107.57,0.98
3,186.203,9.38,11.0,109.77,101.35,112.21,99.55,94.24,1.13,10.54,10.12,98.25,93.56,104.28,107.31,104.59,1.01
3,186.364,10.4,9.95,102.73,98.63,109.91,97.92,99.98,1.02,10.78,11.02,105.51,104.2,99.7,106.36,108.13,1.12
2,186.736,11.38,11.26,112.34,93.04,99.6,101.37,113.68,1.08,11.3,10.72,99.62,101.32,107.33,107.68,113.19,1.01
1,186.784,10.0,10.85,112.93,111.33,99.69,108.81,94.69,1.08,11.0,10.17,102.79,113.48,105.58,101.36,100.52,1.1
2,186.885,11.52,11.37,107.8,93.09,92.43,105.48,109.98,1.04,10.71,9.59,100.22,93.04,95.37,98.17,100.78,1.1
3,186.957,10.35,10.89,109.98,103.53,101.02,103.04,103.6,1.13,10.57,10.21,113.06,105.79,98.59,96.24,109.08,1.01
2,187.036,10.6,10.8,113.7,102.51,95.86,101.73,110.63,1.08,10.46,9.59,102.85,110.23,105.2,108.03,102.32,0.95
3,187.625,10.94,10.81,102.24,106.9,102.38,97.31,102.67,1.08,10.39,11.36,96.85,101.21,103.28,103.27,99.15,1.16
4,187.935,10.96,10.11,96.27,109.13,97.72,111.03,115.08,0.95,10.61,9.84,107.6,106.93,106.6,105.1,97.78,1.03
4,188.025,11.0,10.43,100.33,100.89,111.14,110.73,102.64,1.03,10.09,10.5,100.1,101.09,102.4,95.27,105.17,1.05
1,188.456,10.96,10.65,112.81,97.81,106.91,112.7,94.1,1.1,9.87,10.52,101.19,109.26,101.39,103.04,96.88,1.12
1,188.704,11.18,11.64,108.5,100.3,101.93,100.25,110.16,1.09,9.59,11.8,108.15,99.52,107.28,98.97,105.35,0.95
3,189.075,9.49,9.79,98.08,95.86,106.46,111.42,99.75,0.98,10.09,10.6,111.21,107.19,98.8,111.32,100.78,1.03
2,190.832,10.38,10.49,98.95,100.14,105.53,107.1,111.67,1.03,10.22,9.75,108.76,100.1,106.5,100.43,103.52,1.06
1,190.866,9.84,10.27,102.79,113.48,97.83,97.33,102.89,1.04,10.48,10.17,109.82,104.58,96.33,106.85,95.14,1.03
1,190.882,11.06,11.02,110.81,109.26,99.6,102.58,99.86,1.06,10.06,11.74,112.56,99.65,101.12,102.04,96.67,1.07
3,190.948,10.62,11.2,104.9,104.23,115.95,94.26,106.31,1.03,10.56,11.15,110.56,95.64,101.02,109.46,102.67,1.12
3,190.985,10.91,10.76,112.78,100.58,107.36,106.3,97.57,1.09,9.3,11.42,103.03,97.05,99.06,98.66,108.82,1.09
1,191.154,10.06,10.38,108.83,108.92,99.52,99.45,110.71,1.02,10.64,11.01,103.01,115.98,103.17,98.57,101.76,1.09
2,191.591,10.15,11.36,100.48,95.45,104.27,104.31,100.2,1.04,11.21,10.17,110.76,110.21,104.06,101.93,103.39,0.95
4,191.861,10.96,9.7,102.32,99.88,109.32,95.77,102.02,1.05,10.97,10.5,96.38,93.71,101.22,106.15,108.0,0.98
2,191.879,10.53,10.78,105.45,109.0,108.9,105.39,105.21,1.07,11.07,11.11,106.59,103.56,104.28,98.15,99.46,0.93
4,192.194,11.23,10.43,108.51,98.66,112.98,97.04,112.34,0.99,9.64,9.67,96.33,99.89,106.76,105.66,101.32,1.06
1,192.54,9.82,10.17,103.83,98.64,95.73,100.53,102.66,1.09,10.46,10.34,103.16,113.44,94.32,97.12,110.97,1.07
3,192.571,9.56,11.5,113.55,101.61,109.96,97.83,103.11,1.15,10.65,11.42,99.63,103.0,98.81,104.13,104.16,1.06
1,192.734,11.09,11.57,101.97,109.7,99.93,113.52,94.32,0.96,10.22,11.15,114.39,115.43,101.97,108.18,110.9,0.96
4,192.941,10.45,9.72,102.28,104.6,112.21,99.95,106.95,0.96,10.14,11.2,106.68,99.79,99.51,97.31,113.78,1.11
1,192.972,9.9,11.38,113.12,105.56,94.61,100.2,109.78,1.0,9.97,11.38,107.48,115.12,100.32,112.34,99.42,1.05
4,193.121,9.59,11.19,97.11,98.8,102.68,100.7,104.63,1.01,11.06,10.56,111.28,105.09,110.67,108.77,112.49,1.09
2,193.276,11.43,11.28,101.95,95.45,105.32,110.07,113.43,1.02,9.99,10.74,103.06,108.49,101.54,95.92,111.89,1.0
3,193.614,10.57,10.6,96.13,102.53,99.47,96.2,92.92,1.02,10.91,9.75,96.13,95.39,105.77,95.61,105.62,0.99
1,193.623,10.47,10.43,110.02,103.82,94.26,106.95,103.14,1.09,9.85,10.55,99.99,108.92,103.62,108.23,95.17,1.02
1,194.07,10.1,11.17,107.54,103.85,101.76,105.9,108.29,1.04,11.0,11.06,105.36,110.67,98.48,111.36,105.84,0.95
2,194.224,9.88,10.27,98.92,93.36,103.03,104.04,97.56,1.05,11.18,9.83,110.27,104.56,108.6,105.16,113.68,1.0
1,194.37,9.98,10.32,104.09,111.82,98.26,102.51,95.14,0.96,11.07,10.89,109.4,99.13,102.64,104.38,100.84,0.99
2,194.824,11.45,10.59,98.84,106.62,101.04,106.41,101.88,0.98,9.93,9.97,102.4,107.94,96.9,107.33,105.43,1.05
4,195.073,10.98,9.79,97.25,94.2,99.93,98.96,102.23,1.13,10.8,9.97,111.53,102.23,111.44,100.79,108.84,1.05
3,195.795,9.4,10.1,105.13,104.03,97.69,109.36,104.88,0.99,9.89,10.8,101.3,99.96,113.05,97.23,93.7,1.04
2,196.024,10.87,9.91,105.45,110.4,107.83,105.13,105.42,0.97,10.47,10.07,101.92,96.26,98.9,109.48,103.61,1.06
1,196.113,10.31,11.09,106.38,113.87,104.57,114.65,101.43,1.0,10.07,11.28,100.35,97.81,108.13,99.45,98.63,1.03
1,196.266,9.87,10.41,97.46,98.82,102.15,97.64,108.88,1.06,10.86,11.72,104.26,102.82,102.08,99.98,110.0,0.97
3,196.34,10.05,11.45,110.49,99.96,112.43,108.22,108.91,1.03,10.08,10.02,103.02,105.27,98.81,99.56,100.47,1.06
4,196.377,9.98,10.78,98.87,97.02,107.98,103.32,113.16,0.98,10.54,10.27,109.98,93.24,106.76,107.38,102.12,1.1
1,196.529,10.77,11.05,97.97,103.45,105.55,97.33,100.06,1.0,10.15,11.04,103.16,106.85,107.51,107.84,106.37,0.97
3,196.636,11.06,10.66,104.24,108.47,111.53,96.3,93.5,1.01,10.0,11.12,103.3,107.81,98.81,95.43,104.95,1.0
1,196.737,10.48,10.51,103.69,98.48,94.9,113.44,105.11,0.95,9.65,10.03,105.64,103.4,99.66,107.3,93.82,1.07
2,196.866,11.37,10.37,97.25,98.43,105.65,97.61,110.43,0.97,10.66,10.56,107.65,110.12,92.63,99.65,97.7,0.93
2,197.294,11.01,10.96,106.59,100.03,96.78,96.62,113.14,1.02,11.64,10.91,97.25,97.65,108.9,109.08,107.05,0.99
2,197.31,10.24,10.96,105.12,105.25,101.43,110.25,103.63,0.94,11.45,10.41,96.03,100.06,98.79,109.12,106.26,0.95
4,197.508,10.01,11.28,100.71,107.21,109.2,94.39,104.72,1.12,9.77,9.9,103.35,99.74,110.42,110.13,110.59,1.03
1,197.617,11.15,11.54,97.52,106.59,104.17,99.72,95.95,0.97,10.38,10.47,102.83,107.91,97.87,99.12,98.0,0.95
1,197.634,11.12,11.66,112.65,101.49,96.39,97.69,107.84,1.04,11.18,11.03,111.52,103.88,104.04,100.93,99.96,0.96
4,197.794,10.23,11.07,100.14,109.9,110.26,94.96,107.28,1.07,9.77,11.08,106.06,109.65,110.08,110.35,115.05,0.97
2,197.938,10.88,9.96,99.5,107.98,107.68,101.42,106.92,1.03,10.87,10.08,103.32,97.37,92.67,105.85,104.16,0.96
3,197.987,10.61,11.4,97.82,105.6,108.18,106.06,109.19,0.99,10.07,11.42,110.82,97.82,115.17,105.69,104.63,1.05
1,198.214,10.32,10.31,97.66,106.69,107.49,113.78,109.04,1.02,10.4,10.9,107.14,111.03,95.91,110.17,110.28,1.04
3,198.642,10.49,9.95,106.01,102.58,107.39,104.85,100.88,1.08,9.69,9.97,111.28,93.5,99.55,98.37,91.99,1.13
4,199.031,10.33,10.51,111.42,93.57,98.13,108.73,101.72,1.1,10.63,10.6,104.76,105.06,108.1,94.6,101.54,1.11
2,199.311,11.03,10.43,113.14,106.68,96.02,94.55,103.35,0.98,11.1,10.46,103.99,93.16,104.15,107.85,103.06,0.93
2,200.713,11.25,10.44,98.7,109.16,97.77,100.9,98.73,0.93,10.74,10.22,107.39,110.5,96.82,110.67,113.11,1.08
1,200.823,11.0,11.5,106.81,112.29,100.79,106.19,107.83,1.11,10.6,11.3,108.32,108.49,102.58,102.0,100.1,0.96
3,200.915,10.6,11.28,103.53,101.0,98.15,103.56,98.92,1.08,9.64,10.73,110.65,102.2,110.17,102.34,108.71,1.07
1,201.146,11.32,11.1,102.64,106.26,108.99,106.3,104.02,1.11,10.14,10.36,103.92,114.94,109.42,99.22,94.28,1.0
1,201.693,10.54,11.37,101.08,109.9,97.87,106.42,104.83,1.01,9.82,10.14,104.35,113.83,105.1,114.85,103.29,1.05
2,201.789,11.36,10.16,107.38,105.65,94.61,105.77,111.53,1.1,10.82,10.84,109.16,105.44,106.52,103.57,105.25,0.99
1,202.209,11.07,10.32,104.17,111.28,101.59,106.03,109.61,1.09,10.2,11.83,105.18,101.58,102.2,107.29,101.97,1.06
3,202.529,10.97,10.31,97.25,96.26,99.84,101.27,99.15,1.04,10.48,9.97,95.78,91.79,110.78,109.98,101.62,1.15
3,202.745,9.41,11.12,97.44,102.83,111.53,108.09,97.46,1.01,10.62,11.2,103.78,91.79,115.24,109.55,99.45,0.98
2,202.818,10.45,9.83,107.54,104.44,96.73,109.52,96.15,0.97,10.12,10.46,106.12,100.06,108.32,94.8,101.9,0.96
1,202.898,10.42,11.03,113.94,103.73,99.3,105.22,98.82,1.01,9.75,11.04,111.5,115.31,101.55,98.75,98.17,1.12
3,203.212,9.49,11.15,109.67,93.28,109.09,100.44,108.97,1.04,10.45,11.04,95.86,108.68,100.92,95.36,95.06,1.14
2,203.276,11.72,10.46,102.44,105.18,105.65,105.0,100.22,1.07,10.1,10.71,113.15,104.3,107.3,108.7,101.21,0.97
1,203.646,10.31,11.89,101.18,104.16,97.19,102.04,94.18,1.05,9.75,11.18,105.73,109.53,103.19,98.08,100.54,0.98
3,203.781,9.97,11.16,99.48,93.8,102.33,104.42,108.71,1.04,10.45,11.02,103.53,106.98,104.54,107.95,92.54,1.13
3,203.973,9.92,11.11,100.96,108.43,112.53,100.65,94.24,1.14,10.8,10.55,106.39,98.42,108.81,104.59,107.94,1.02
1,204.009,10.1,11.21,111.03,102.82,101.24,105.73,99.82,0.99,9.68,10.89,112.78,110.16,96.57,113.86,98.15,1.03
2,204.237,10.03,9.8,106.12,101.83,94.5,109.0,112.04,1.01,10.12,11.02,98.44,97.71,95.64,101.5,107.02,1.0
4,204.316,9.65,9.87,100.44,104.06,100.85,110.93,110.14,1.12,11.34,11.18,109.18,101.96,102.95,111.2,106.14,1.03
4,204.795,10.83,10.91,110.18,95.22,108.97,106.87,113.97,1.11,10.97,10.14,103.0,108.58,98.13,105.76,110.93,1.1
3,205.08,9.83,10.47,100.74,101.25,104.4,108.17,93.26,0.99,10.99,11.38,101.77,103.87,108.64,110.12,102.71,1.09
3,205.514,10.84,10.07,102.25,98.53,100.19,99.56,94.36,1.12,9.6,11.32,105.09,98.18,99.52,107.17,102.94,1.04
2,205.897,11.16,9.9,106.61,99.71,103.37,111.01,113.75,1.08,10.97,9.78,113.48,93.68,99.88,108.11,103.62,0.94
4,206.703,10.68,10.03,113.78,101.05,103.37,109.62,114.67,0.96,11.1,10.18,111.13,100.93,113.33,95.08,111.41,0.97
3,206.93,10.44,11.32,103.14,97.32,114.63,96.92,98.07,1.1,10.6,10.8,96.14,108.39,105.27,98.13,98.58,1.11
4,207.021,9.81,9.84,112.59,107.51,102.65,108.24,112.0,1.01,11.33,9.87,109.75,99.28,109.0,95.43,113.67,1.01
1,207.77,10.48,11.48,99.15,100.21,109.42,109.22,100.26,1.09,10.74,10.59,97.44,104.61,102.58,110.54,93.66,1.09
2,207.838,11.71,10.38,96.26,110.52,107.33,99.69,95.7,0.97,10.91,9.82,106.06,107.15,96.1,111.62,101.38,1.09
3,207.937,10.16,9.91,109.3,95.49,110.48,98.12,99.11,1.13,9.52,10.72,106.07,106.47,97.84,110.49,96.91,0.99
1,208.277,9.72,10.78,104.85,101.19,97.24,98.23,108.51,1.04,10.35,11.78,113.94,108.83,99.81,113.4,101.63,0.95
1,208.645,10.37,10.71,98.19,98.96,106.33,110.84,98.52,1.12,11.1,11.35,104.09,106.67,104.45,114.46,95.83,1.11
4,208.685,9.9,10.79,99.85,107.14,113.88,105.72,104.9,0.98,11.08,9.67,110.27,102.64,96.77,95.7,111.88,1.08
3,208.805,10.72,10.93,101.63,106.21,109.29,102.36,100.88,1.02,9.86,11.36,98.6,101.38,102.33,98.19,106.61,1.12
4,209.417,10.69,11.08,100.38,101.29,106.52,102.14,98.29,1.02,10.97,10.32,109.82,101.71,104.9,96.27,109.49,0.96
1,209.71,11.28,10.97,105.65,103.88,105.09,113.01,97.8,0.98,10.37,11.84,114.67,99.05,97.66,101.98,93.53,0.95
2,210.53,11.55,10.17,96.71,110.42,107.9,97.42,99.16,1.03,9.87,10.39,99.07,109.73,104.3,101.68,99.12,1.02
4,210.586,10.98,9.54,113.15,94.1,100.8,100.29,109.49,1.06,10.42,9.55,108.12,106.63,96.1,105.89,113.87,0.97
1,211.1,10.05,11.71,106.8,98.19,93.72,106.11,97.82,1.04,10.47,11.6,100.08,97.91,102.41,100.63,105.58,1.02
3,212.393,9.72,11.42,98.5,104.06,114.35,110.25,94.45,1.12,10.7,11.26,113.72,103.68,107.31,104.46,104.78,1.08
3,213.092,9.58,10.94,96.13,95.3,100.98,100.53,102.29,1.1,9.36,10.59,98.1,95.65,100.16,96.04,96.4,1.1
4,213.152,11.03,10.48,103.92,98.32,104.66,97.31,114.62,1.06,10.94,10.01,112.8,94.87,106.32,106.11,99.51,1.07
4,214.113,10.1,9.69,112.74,105.46,104.8,110.96,104.76,1.02,10.27,10.0,103.99,97.77,110.73,104.38,112.42,1.09
2,214.133,11.34,10.9,110.1,93.82,102.94,99.76,109.58,0.92,10.94,10.29,108.44,95.56,96.37,108.34,105.36,0.95
2,214.322,11.16,10.99,104.59,94.42,100.86,100.38,99.09,1.07,11.5,10.72,102.72,106.85,98.24,102.78,100.45,0.92
4,214.664,10.49,10.63,111.27,96.32,108.97,94.23,110.26,1.05,10.97,10.15,110.86,109.75,113.5,104.98,101.43,0.98
1,214.877,11.27,11.73,108.33,108.32,95.31,99.45,94.99,1.07,10.18,10.84,101.06,115.38,101.83,97.74,105.68,0.99
1,214.998,10.63,10.37,98.32,113.91,101.68,110.15,104.02,0.96,10.18,11.46,110.12,109.97,102.92,114.18,101.1,1.06
3,215.689,10.19,11.27,107.29,108.47,114.93,96.37,101.66,1.06,9.65,11.5,95.95,98.63,116.01,95.46,103.11,1.12
3,216.078,9.51,10.53,111.03,100.4,99.2,98.92,92.84,1.09,9.31,9.98,104.81,92.1,107.96,102.61,106.69,1.05
3,216.497,9.61,10.12,99.63,102.97,99.3,107.03,98.03,1.12,10.39,10.01,107.24,98.82,107.52,105.69,96.96,1.1
2,216.655,10.04,11.32,108.04,108.94,102.13,102.67,106.77,0.94,10.74,10.57,109.0,103.16,109.2,94.98,106.1,1.07
2,217.063,10.71,9.83,100.9,94.42,101.77,96.76,95.87,1.08,11.66,10.1,107.01,100.88,109.01,106.27,106.24,0.99
4,217.249,10.35,10.08,98.81,105.76,112.33,109.98,107.62,1.0,9.93,11.05,109.67,110.07,99.44,94.99,103.27,1.08
3,217.581,9.59,10.24,96.23,100.51,108.7,97.7,101.64,0.98,9.72,11.17,100.72,105.67,113.44,97.0,103.35,1.16
3,218.151,11.01,10.59,96.56,98.54,100.28,102.67,95.29,1.03,10.77,10.32,107.4,103.61,107.97,94.01,109.12,1.06
3,218.177,9.64,10.47,105.13,91.85,108.52,101.28,94.83,1.13,10.46,9.73,111.75,103.1,102.3,105.91,107.12,1.03
4,218.423,10.93,11.01,96.53,108.32,111.63,99.84,105.46,1.02,10.73,11.24,109.02,109.9,110.12,111.2,108.89,1.05
2,219.458,11.08,9.75,111.8,102.97,96.0,106.98,112.33,0.97,10.83,11.22,106.89,106.08,109.14,110.09,111.89,0.98
3,219.547,9.46,10.49,103.84,106.46,100.78,97.85,97.65,0.98,10.61,10.8,96.44,99.09,110.08,103.19,104.68,1.15
4,219.636,10.98,10.59,99.77,101.71,100.63,102.15,98.12,1.07,9.96,10.64,106.93,110.42,103.86,107.99,105.39,1.02
3,219.648,10.93,9.73,105.66,95.4,99.47,109.92,104.68,1.05,10.44,10.08,100.49,104.5,115.67,100.82,108.78,1.16
4,220.053,10.91,10.97,103.64,108.38,108.95,111.36,98.05,1.03,10.97,9.84,103.68,102.66,109.18,108.77,113.84,1.02
1,220.43,10.31,11.35,106.02,107.19,96.63,113.18,104.27,1.0,10.31,10.03,107.57,115.43,106.99,113.2,97.7,1.05
4,220.549,10.56,11.18,96.7,105.67,100.81,100.75,101.01,1.01,9.8,10.49,99.16,97.3,96.04,97.81,104.13,1.05
4,220.838,10.74,10.51,96.86,99.4,103.78,104.55,99.4,1.05,11.21,10.79,104.23,107.18,103.49,105.43,114.36,1.12
2,220.987,10.0,9.59,104.91,104.71,104.77,107.72,108.64,1.08,11.05,9.83,98.4,108.06,100.98,94.8,100.83,0.94
3,221.302,9.57,9.84,104.82,95.28,106.78,103.27,96.25,1.06,10.54,10.68,104.56,100.77,101.19,103.52,95.18,1.04
2,221.427,10.92,10.49,110.1,108.17,103.7,100.67,105.72,1.04,11.34,11.36,112.46,106.76,104.3,95.54,103.61,0.93
2,221.898,11.09,10.79,100.09,96.74,101.51,102.34,108.64,0.93,10.96,10.29,101.52,110.33,102.67,101.3,113.66,1.04
4,222.696,10.69,10.58,102.46,105.22,99.32,96.29,104.15,0.96,10.25,11.25,112.74,96.13,102.22,94.83,105.61,0.98
1,222.847,10.65,11.06,100.65,99.91,109.4,99.55,100.22,1.04,10.9,11.7,106.83,114.93,108.28,115.11,101.25,1.1
4,223.028,10.1,10.28,111.53,100.16,107.32,96.34,110.93,1.06,11.29,10.76,107.29,108.14,109.7,103.57,97.51,1.07
3,223.059,10.92,10.11,108.49,105.44,109.26,94.96,105.71,1.14,11.01,11.24,102.54,94.93,113.85,107.58,95.2,1.13
3,223.092,10.49,11.42,105.78,93.93,107.35,101.24,104.06,1.05,9.37,10.43,100.3,105.96,109.17,95.27,99.76,0.99
4,223.418,9.84,10.64,111.91,103.02,100.89,110.73,101.81,1.02,11.06,9.87,111.91,108.41,102.53,104.12,109.06,0.96
4,223.997,9.98,10.79,107.11,104.75,100.82,97.48,103.41,0.96,9.88,10.65,96.8,110.5,103.65,104.46,112.37,0.98
4,224.085,10.2,9.8,98.32,93.14,98.04,106.47,106.0,1.03,10.8,10.49,103.58,99.33,96.65,107.49,109.79,1.1
4,224.283,10.01,11.07,98.55,105.46,102.92,103.6,108.09,0.98,9.89,10.98,97.64,97.34,102.77,108.83,108.31,1.01
4,224.493,10.02,11.01,109.42,99.33,105.05,105.06,97.79,1.03,9.64,9.87,103.45,108.64,110.96,94.92,104.07,1.12
3,224.578,10.75,10.79,102.08,102.92,103.14,108.22,107.71,1.08,9.61,9.81,100.18,100.84,101.74,99.27,102.31,1.16
3,224.61,9.4,10.2,104.64,94.04,99.47,97.33,104.06,1.03,10.06,9.85,99.95,99.6,113.29,99.3,101.05,1.08
2,225.186,10.78,9.92,104.93,96.75,100.79,102.52,107.83,1.0,11.54,10.9,108.03,108.49,95.5,106.65,104.1,1.01
3,225.732,9.87,10.54,96.04,103.26,113.69,105.56,100.34,1.01,10.92,9.73,112.68,103.96,111.81,105.46,106.72,1.03
2,225.748,10.38,10.22,98.86,98.97,96.02,102.73,111.5,1.08,11.23,9.97,101.99,93.28,108.7,102.76,102.5,1.03
3,226.558,10.78,10.55,109.78,102.48,108.86,109.11,92.07,0.98,9.88,11.48,95.86,106.61,104.59,103.81,99.75,1.06
1,226.868,11.04,10.19,114.47,101.36,107.06,104.93,99.28,1.11,9.96,10.71,112.58,103.3,103.97,98.49,96.82,1.05
4,227.001,10.28,9.59,112.54,103.25,102.41,111.2,106.89,1.11,10.79,9.72,104.57,97.47,104.81,107.05,109.17,0.96
2,227.185,11.29,10.63,101.14,110.0,96.68,98.43,106.77,1.04,10.46,10.69,108.19,104.83,93.71,100.5,108.64,1.07
1,227.402,9.84,10.25,114.25,101.99,102.64,99.12,105.11,1.06,10.24,11.33,97.22,107.88,109.1,105.5,108.58,1.03
4,227.435,9.65,10.13,107.53,102.58,107.81,97.8,97.98,1.06,11.04,10.35,108.92,104.47,111.9,104.99,104.9,1.03
1,227.862,9.64,11.18,112.14,101.8,100.55,100.81,94.82,1.08,10.75,11.6,104.49,100.18,106.82,108.62,97.82,1.03
2,227.953,11.03,10.04,95.75,103.99,94.2,100.38,113.11,0.93,10.74,10.15,97.72,103.63,95.98,108.13,105.79,1.03
4,228.008,11.03,11.31,107.66,106.72,106.76,103.53,108.27,0.96,11.14,10.6,100.33,105.4,114.02,99.53,112.29,1.09
1,228.131,9.62,10.64,105.35,115.13,98.72,97.26,108.12,0.98,10.55,11.68,102.83,103.3,97.16,97.74,110.08,1.07
4,228.303,11.29,11.15,104.87,94.45,112.0,109.64,109.43,0.99,10.89,10.76,104.61,106.17,105.07,95.51,112.34,1.0
4,228.696,10.63,10.03,112.53,98.69,97.88,109.88,100.89,1.0,9.76,9.56,112.2,109.02,104.34,104.27,106.85,1.0
3,228.881,10.27,9.94,102.44,100.92,110.67,110.41,92.92,1.14,10.95,10.5,97.48,103.2,105.48,104.71,107.54,1.1
1,229.151,9.89,11.03,106.53,112.93,98.57,98.12,101.58,0.98,11.07,10.38,101.6,113.86,93.78,106.3,94.58,1.05
4,229.192,11.26,9.56,97.47,94.42,106.85,95.76,103.25,1.01,10.04,10.94,110.16,94.54,106.64,109.75,98.53,1.12
1,229.211,10.65,10.95,101.22,100.51,96.29,101.08,108.83,1.12,10.84,11.49,112.52,111.54,100.6,101.44,102.82,1.06
2,229.223,11.68,10.42,112.86,96.47,98.03,107.24,107.44,0.98,11.44,11.35,100.66,95.34,94.83,109.08,96.15,1.09
2,229.556,11.2,11.08,103.11,106.47,100.13,111.67,100.74,0.99,11.18,10.5,107.56,100.28,99.46,110.89,98.48,1.07
2,230.47,10.09,11.31,110.79,99.03,105.5,95.92,107.95,1.05,10.21,10.64,110.7,95.45,101.25,97.91,98.88,1.03
2,231.037,11.68,9.81,108.76,110.01,98.65,94.96,100.68,0.94,11.06,9.93,98.31,95.0,98.8,111.02,103.58,0.96
1,231.505,10.87,10.5,105.21,110.15,94.86,110.34,95.91,0.95,10.02,11.75,108.91,103.56,100.99,100.67,101.48,1.05
1,231.576,11.02,10.65,112.59,100.51,101.04,105.97,96.09,1.12,10.76,10.89,107.47,113.9,108.04,114.68,99.64,0.95
2,231.846,11.61,11.3,107.74,98.12,105.02,112.39,106.1,0.97,10.29,10.33,112.59,103.18,94.18,105.47,107.86,0.97
3,231.993,10.05,10.8,104.9,96.64,111.33,111.3,108.36,1.02,10.94,10.76,111.21,104.87,111.81,98.94,98.38,1.08
2,232.191,10.17,10.32,113.42,110.46,106.33,104.04,97.68,0.94,11.36,11.19,110.27,108.51,97.32,111.0,108.68,0.98
4,232.532,11.13,10.54,97.93,105.06,109.32,102.33,106.98,1.08,9.63,10.95,105.77,106.67,111.83,109.15,111.45,1.06
1,232.718,10.97,11.35,99.58,115.43,107.92,110.48,109.35,1.04,11.26,11.84,111.01,115.54,100.1,107.3,98.35,1.08
4,233.557,9.88,11.15,109.31,107.44,105.21,111.91,102.15,1.08,11.28,10.32,98.5,94.75,104.68,105.76,112.32,0.98
3,234.141,10.91,10.01,109.56,94.74,99.47,98.57,104.78,1.08,10.15,11.28,103.02,96.52,102.91,109.2,93.21,0.99
1,234.188,10.13,11.1,98.87,105.52,104.0,113.27,109.89,0.96,10.3,10.03,106.25,103.37,106.56,98.53,99.48,1.01
3,234.211,10.85,10.01,100.81,101.78,105.68,106.79,95.24,1.13,9.46,11.03,99.63,97.08,105.82,99.96,100.94,1.08
3,234.322,9.44,10.0,104.29,97.46,112.19,109.93,97.59,1.04,10.65,11.1,101.91,98.61,104.42,109.67,105.78,1.03
4,234.504,11.3,10.92,105.44,93.2,104.12,110.64,113.44,0.98,10.15,10.34,101.48,102.72,107.18,107.42,102.08,1.05
2,234.579,10.38,10.83,104.91,109.98,99.88,102.73,103.0,0.95,10.83,11.17,111.08,107.92,103.35,110.18,105.81,1.08
1,234.914,9.75,11.3,108.41,115.84,108.32,110.18,100.63,1.06,10.86,11.49,101.43,115.17,101.2,109.02,101.8,0.98
3,234.987,10.73,10.18,95.79,97.92,106.03,106.65,99.84,1.07,10.08,10.2,96.19,103.68,103.97,102.67,97.38,1.05
2,235.228,11.38,10.31,100.68,96.62,98.84,100.5,111.6,1.04,11.52,9.98,100.75,98.63,101.45,108.68,98.26,0.95
4,235.32,11.17,10.9,100.82,97.75,109.26,110.06,108.22,1.06,10.58,10.93,109.4,101.96,110.2,100.43,108.09,0.96
2,235.464,11.5,11.34,112.76,107.87,106.08,111.84,110.33,1.01,11.54,9.92,100.09,109.6,93.45,102.72,109.96,1.08
2,235.886,10.06,10.52,95.87,108.38,101.6,107.59,110.51,0.98,10.99,10.21,102.66,107.01,93.74,96.19,102.43,0.92
2,236.506,11.61,11.09,96.95,99.8,99.54,104.14,104.35,0.97,10.6,10.31,113.12,97.51,92.7,100.62,101.06,1.08
2,236.611,11.48,9.87,103.62,97.74,98.29,102.53,96.86,0.96,10.56,11.25,112.6,99.1,107.61,108.68,110.17,1.04
4,236.699,9.62,10.94,109.67,98.26,98.76,110.0,113.97,1.11,11.1,10.24,103.27,101.65,104.7,108.86,107.8,1.12
2,237.187,11.52,9.59,112.81,100.26,97.62,99.29,111.87,1.04,10.76,11.34,109.31,93.88,93.59,103.55,109.06,0.99
4,237.601,10.6,11.08,104.26,105.4,107.53,98.4,106.57,1.05,10.77,11.0,95.92,95.01,102.0,97.51,109.06,1.05
3,237.643,10.21,11.28,108.54,105.48,100.98,103.46,93.74,1.0,10.68,11.23,101.65,99.92,111.79,108.01,101.76,1.0
3,237.651,9.67,10.7,100.18,93.91,111.53,105.6,102.6,1.07,10.33,10.07,105.71,94.56,100.68,101.09,96.66,1.08
1,237.816,9.61,11.3,105.15,106.65,97.26,99.98,97.37,0.96,11.28,11.06,112.21,98.49,97.76,108.62,99.54,0.95
3,238.078,9.78,10.16,103.12,106.07,115.1,110.17,103.31,1.0,10.58,11.22,108.46,99.78,113.04,110.95,102.35,1.03
3,238.391,10.97,10.39,105.82,99.69,112.93,111.54,102.66,1.0,10.43,10.72,109.23,95.96,111.31,107.83,95.16,1.08
4,238.401,9.72,10.16,113.92,97.37,108.46,98.3,101.51,1.1,11.01,11.06,101.61,110.51,110.32,107.58,102.17,1.11
3,238.58,10.94,10.9,108.26,106.94,98.11,96.34,104.79,1.12,10.11,10.49,104.9,104.36,111.86,105.23,106.02,1.05
4,238.982,10.38,10.32,113.65,104.69,100.0,104.12,113.98,0.96,10.52,10.73,113.65,110.5,108.11,102.25,103.33,1.05
4,239.538,10.26,10.0,100.47,100.24,104.57,97.66,101.68,0.98,10.5,10.42,103.35,101.97,97.25,110.4,101.43,1.0
3,239.594,9.34,10.82,95.99,98.33,110.78,104.73,104.77,1.06,9.4,9.75,101.63,93.65,109.34,104.87,99.97,1.06
4,239.729,9.72,10.3,100.2,96.54,96.94,95.93,111.44,0.96,11.13,9.67,100.82,107.33,102.62,104.47,108.31,1.11
4,239.739,10.63,10.41,98.56,97.95,100.52,96.84,111.29,0.98,11.12,10.09,103.94,93.77,99.83,110.06,111.53,1.1
4,240.028,10.79,10.92,97.7,109.65,105.93,103.16,104.17,1.03,10.7,9.81,100.01,105.46,102.42,104.17,97.36,1.06
3,240.14,9.33,11.11,108.02,104.76,99.47,102.2,104.33,1.11,9.38,9.95,105.07,102.18,98.32,96.2,100.61,1.11
4,240.76,10.69,11.32,95.85,102.38,103.3,95.17,99.08,1.11,9.98,10.13,109.72,103.02,98.52,111.08,114.96,1.09
4,240.852,9.61,9.86,111.15,110.06,109.37,102.26,107.35,1.08,9.98,11.11,113.45,101.53,107.23,107.23,112.4,1.07
3,241.633,9.64,10.96,99.08,97.68,104.74,100.88,98.65,1.15,10.96,10.33,98.43,94.13,98.22,106.21,101.85,1.05
2,241.636,10.01,10.61,98.44,110.41,98.03,98.62,97.76,1.0,9.98,10.33,108.8,110.12,103.35,105.19,104.01,1.03
1,242.135,9.52,10.35,102.9,108.83,96.25,102.73,98.59,1.06,10.32,11.6,105.28,110.98,100.09,102.46,111.21,1.0
4,242.376,10.69,10.99,101.26,107.59,96.34,98.53,112.42,1.12,10.78,10.31,106.16,110.13,98.48,110.96,112.77,0.95
2,242.524,11.33,11.13,100.84,96.27,92.79,107.45,99.68,1.08,10.15,10.76,110.35,106.1,108.58,96.05,101.76,1.0
4,242.636,10.13,10.84,97.25,105.23,98.93,108.35,98.16,1.1,11.11,9.68,97.59,94.71,110.76,111.94,103.02,1.1
3,242.657,9.93,10.24,113.58,97.92,105.66,110.0,99.48,1.02,10.81,10.68,97.68,98.1,108.0,99.81,93.14,1.15
3,242.704,10.02,9.83,112.76,100.88,108.99,103.15,106.33,1.16,9.82,9.99,95.93,101.98,105.68,109.74,102.35,0.98
4,242.875,11.02,10.41,108.91,101.67,104.42,99.73,103.81,1.07,10.89,11.24,106.65,98.16,106.33,101.29,111.35,1.05
4,243.229,10.95,9.9,107.29,97.13,96.24,108.5,111.69,1.1,11.03,9.74,108.04,99.65,96.12,105.03,101.13,1.08
2,243.431,11.16,11.26,113.7,96.55,102.46,98.34,105.17,0.93,11.54,10.0,111.25,104.55,103.46,97.42,100.78,1.0
2,243.742,9.92,11.04,103.54,102.66,101.03,103.4,100.92,0.99,11.11,10.07,98.87,108.69,102.5,100.46,103.0,1.07
1,243.901,11.11,11.0,100.39,100.24,96.23,98.45,101.03,1.02,10.83,10.71,106.44,102.44,109.06,107.73,104.79,1.04
4,244.025,10.66,10.6,96.5,101.79,113.53,105.87,101.67,1.12,9.93,10.84,96.7,103.05,108.34,102.72,109.68,1.04
2,244.401,9.93,10.04,99.49,99.39,100.67,110.29,101.38,0.99,10.49,10.9,109.65,109.08,97.75,95.58,99.22,1.07
4,244.837,9.58,11.33,102.26,93.53,111.85,97.55,111.97,1.06,9.95,11.17,112.28,106.82,104.32,104.87,109.1,1.11
3,244.956,10.37,11.19,96.55,105.97,100.42,108.81,94.81,1.0,10.92,10.43,111.78,106.91,102.82,108.22,98.18,1.04
1,244.965,11.24,11.03,109.33,103.29,110.29,102.23,106.89,0.95,9.96,11.4,102.46,103.37,93.31,115.1,100.83,1.1
4,245.184,9.75,9.61,109.06,107.71,102.42,101.95,110.95,1.03,11.35,10.94,108.34,97.58,103.88,101.62,101.78,1.11
3,245.408,10.68,10.8,111.1,99.76,115.13,110.96,108.78,1.15,10.87,10.71,108.44,95.43,104.06,98.05,95.21,1.07
4,245.616,11.35,10.48,112.32,96.31,112.0,103.12,105.15,1.0,9.92,11.07,105.39,99.3,105.8,102.05,111.53,1.04
1,246.265,9.73,10.53,102.68,102.07,95.68,104.61,104.76,0.96,11.3,11.41,105.93,101.59,92.86,114.41,110.8,0.95
4,246.3,11.08,10.32,110.67,94.87,100.35,106.44,115.34,1.09,11.06,11.13,110.2,96.31,101.21,100.12,105.76,1.08
2,246.339,10.9,9.88,106.69,104.81,106.25,99.71,96.22,0.95,10.63,11.12,96.48,108.61,98.4,111.46,108.92,1.04
1,246.936,11.08,11.3,97.39,112.7,102.67,110.74,106.3,1.0,9.73,11.57,114.28,99.65,104.01,111.08,107.72,0.96
3,246.943,11.06,10.97,99.02,91.6,107.91,97.65,108.82,1.03,10.05,10.45,106.79,101.51,101.87,102.89,105.78,1.14
4,247.199,9.99,10.28,107.57,107.27,112.74,98.03,107.82,1.01,10.05,11.14,108.06,95.82,110.73,105.76,97.45,1.02
3,247.517,10.49,10.11,105.9,96.05,100.78,103.35,104.15,1.0,9.55,9.78,109.24,107.48,106.05,106.32,100.07,1.09
3,247.543,10.06,10.29,108.26,96.63,104.43,109.16,98.92,1.04,10.36,10.03,106.91,96.35,111.12,104.42,105.73,1.07
4,247.901,11.38,10.51,105.44,107.76,113.8,109.73,97.27,1.08,9.98,11.15,97.31,103.72,105.44,101.87,97.48,1.02
2,247.906,10.77,10.58,103.95,96.57,107.4,107.68,113.44,1.05,10.65,11.1,111.33,104.81,108.54,102.83,96.34,1.05
4,248.158,10.4,11.09,110.15,103.58,96.58,107.57,97.98,0.96,9.9,10.85,100.7,94.75,96.06,104.35,111.96,1.13
4,248.239,10.37,10.68,99.44,100.11,100.3,111.3,98.14,1.13,9.65,10.72,104.57,96.08,110.58,106.52,111.24,1.02
4,248.289,10.28,10.09,112.45,103.48,95.96,95.94,114.36,1.1,10.01,11.08,101.81,108.62,103.94,100.91,97.79,1.05
1,248.499,9.67,10.07,109.0,108.08,106.83,99.75,110.99,1.01,9.66,10.89,108.99,111.91,95.44,102.96,98.85,1.11
1,248.523,10.66,11.56,105.45,101.38,94.04,102.26,99.54,1.04,11.2,11.44,103.54,98.99,104.04,114.04,94.1,1.02
3,248.683,9.39,11.37,105.07,107.33,102.85,109.98,91.99,1.03,9.56,9.74,109.14,96.12,101.56,95.93,93.82,1.07
1,248.697,10.38,10.85,113.91,97.77,94.26,98.28,105.2,0.95,9.86,10.65,107.81,111.98,100.1,112.55,101.11,1.0
4,248.928,10.2,11.32,101.89,106.17,110.94,103.74,100.53,0.96,11.21,10.09,113.51,100.31,105.44,110.33,102.23,0.98
1,249.527,9.92,11.3,108.89,115.83,106.82,114.0,106.83,1.11,10.52,10.34,108.83,111.9,95.56,99.72,104.85,0.97
3,249.646,10.49,11.11,111.51,96.95,108.64,96.61,96.91,1.16,10.65,9.97,97.05,101.75,103.4,102.0,103.56,1.02
3,249.936,10.05,9.68,113.04,103.63,107.79,96.04,97.33,1.14,9.72,9.98,106.42,95.29,97.84,108.6,102.05,1.04
1,250.016,10.37,11.38,115.09,99.74,105.42,108.52,111.04,0.95,11.07,11.6,114.68,107.59,96.5,102.29,105.16,0.95
2,250.06,10.26,9.67,96.76,95.34,94.08,98.58,108.61,1.08,10.82,10.29,96.76,99.88,107.41,103.19,103.7,1.06
4,250.229,10.75,10.51,103.02,102.57,102.04,107.16,103.72,0.99,10.72,10.84,103.54,104.68,108.97,105.09,100.67,1.02
3,250.967,9.67,11.18,102.78,108.22,100.87,109.12,103.42,0.98,10.24,9.85,108.61,95.89,112.86,99.92,104.2,1.13
1,250.976,11.21,10.31,104.42,113.21,105.12,107.8,97.35,1.03,10.55,10.43,114.54,108.04,108.64,112.06,93.66,1.01
4,251.206,10.81,10.51,107.72,107.84,98.25,108.26,108.86,1.04,10.33,9.7,98.56,110.78,99.54,109.3,100.22,0.96
4,251.577,10.91,10.36,98.07,102.16,112.62,102.34,104.99,1.0,10.08,10.35,111.96,102.87,108.63,108.43,109.6,0.97
2,252.183,10.79,10.82,111.74,93.6,104.88,99.25,109.05,0.93,10.47,10.71,102.56,99.14,94.4,97.05,97.09,1.08
1,252.448,9.6,10.28,101.43,115.31,96.82,99.2,94.22,1.08,11.02,10.34,105.36,104.64,100.0,98.52,100.26,0.95
1,252.833,11.11,10.67,105.15,107.95,94.15,103.31,93.85,1.1,10.52,11.42,100.47,97.95,93.39,106.04,99.54,1.0
4,252.856,11.31,10.69,95.82,106.72,110.12,106.45,100.27,1.0,11.1,10.08,112.12,100.4,108.04,96.34,105.19,1.13
4,252.976,11.02,10.36,103.58,103.49,104.66,104.15,107.89,1.01,10.78,9.77,105.9,108.57,113.5,105.2,112.29,1.13
2,253.576,10.6,11.23,113.37,93.26,102.31,100.48,102.21,1.02,10.26,10.91,110.87,95.05,99.63,102.28,102.34,1.1
2,253.587,10.67,11.07,104.18,96.0,102.64,111.11,113.37,1.06,10.69,9.63,112.92,105.8,100.16,109.73,110.2,1.04
1,253.792,10.7,10.26,105.02,105.87,99.45,115.03,99.76,1.05,11.2,10.46,110.31,112.65,99.8,97.53,104.37,1.0
1,253.801,10.68,11.53,114.9,106.32,97.18,110.84,103.38,1.04,10.1,10.01,112.17,98.34,97.45,106.03,109.02,0.96
1,253.871,9.56,10.26,112.25,102.88,97.76,101.83,101.31,1.06,9.55,11.28,107.38,103.88,96.87,105.92,103.87,1.07
3,254.127,9.65,11.1,104.24,96.12,106.94,110.43,99.97,1.05,9.9,10.59,108.76,104.01,103.67,105.75,102.2,1.08
3,254.734,10.75,11.46,101.3,97.54,103.75,100.65,92.43,1.03,9.32,10.11,96.97,93.8,103.4,106.43,93.15,1.07
2,255.253,11.33,9.75,106.12,106.85,107.76,111.2,111.02,1.0,10.01,10.43,97.62,108.0,94.05,97.42,96.94,1.08
4,255.272,10.42,10.72,99.44,107.22,108.58,99.45,107.28,1.07,11.12,10.64,107.72,100.6,104.68,110.3,110.88,1.0
1,255.52,9.8,10.71,100.35,98.49,100.37,98.35,101.84,1.0,9.79,11.42,107.32,103.16,98.17,112.79,96.21,1.08
4,255.643,9.63,11.24,96.09,103.58,105.07,99.35,110.71,0.98,11.12,9.85,113.9,100.63,112.26,94.56,101.67,1.02
2,255.878,11.28,10.91,107.1,100.23,98.0,100.5,97.12,1.01,10.65,10.56,112.77,99.24,97.93,97.47,95.85,1.01
4,256.019,10.2,10.84,99.71,106.13,97.43,106.71,109.45,1.12,10.79,10.73,97.46,96.53,108.09,110.4,106.17,0.96
4,256.522,10.96,10.72,113.5,100.18,101.45,109.2,114.07,1.09,9.88,10.58,106.6,109.11,101.54,100.4,113.26,0.96
2,256.733,11.56,11.09,107.9,100.14,108.1,101.46,106.36,1.0,11.24,10.43,107.79,94.57,95.45,98.6,109.58,1.1
3,257.104,10.83,9.81,108.24,103.25,109.45,96.33,106.03,1.02,10.63,10.3,97.79,106.02,100.23,99.55,105.79,1.14
3,257.393,11.03,10.23,101.66,94.69,108.98,103.97,107.48,1.1,9.69,10.38,103.14,105.06,111.48,110.58,104.03,1.05
2,257.448,10.75,10.03,108.1,104.17,104.4,95.53,104.56,1.1,10.23,9.69,109.58,109.3,99.89,101.02,98.13,1.02
4,257.787,9.59,10.49,99.16,105.12,106.74,109.09,112.22,0.98,11.14,9.92,101.98,109.17,100.33,97.16,110.08,1.08
4,258.311,9.68,10.28,102.57,110.16,104.32,104.38,113.06,1.02,9.8,10.28,99.2,101.96,96.16,109.11,107.0,1.1
1,258.313,10.77,10.71,113.07,102.23,109.42,108.14,105.86,1.09,10.66,11.36,98.32,112.7,106.06,101.16,111.04,0.95
3,258.414,10.2,10.22,104.58,97.08,100.16,106.82,105.86,1.08,9.86,11.2,100.46,100.48,98.38,96.51,106.72,1.01
3,258.48,9.36,10.37,101.66,95.75,111.12,111.42,94.54,1.03,10.89,10.08,102.0,104.87,109.81,111.02,106.33,1.08
4,258.981,9.83,9.62,108.95,102.83,110.38,100.13,98.83,1.05,9.77,9.84,101.68,97.0,111.37,101.31,108.96,1.05
4,259.612,9.89,10.45,102.86,106.75,108.2,100.82,97.66,1.02,10.78,9.59,100.64,97.0,113.53,98.43,108.95,1.11
4,259.905,10.21,9.85,113.9,104.79,111.86,104.55,104.61,1.09,10.13,10.86,110.54,108.32,107.96,107.43,114.3,1.08
4,259.981,10.61,10.4,104.44,98.94,106.55,107.79,102.32,1.07,9.77,10.63,106.94,98.14,97.37,105.5,108.57,1.03
1,260.308,10.72,10.23,97.59,115.89,104.05,101.18,93.52,0.99,11.15,11.73,111.13,100.51,109.86,115.11,104.48,1.05
2,260.46,11.67,10.54,111.09,100.28,108.27,97.38,110.84,1.01,10.12,11.36,104.98,95.38,95.98,109.28,101.92,0.94
1,260.755,10.66,10.39,101.06,101.39,105.96,105.88,108.57,0.97,10.26,10.48,109.28,105.87,101.55,113.44,98.1,1.02
1,261.111,10.45,11.09,112.93,113.81,109.06,103.47,102.87,1.05,11.12,10.22,110.27,109.22,98.61,109.63,94.18,0.98
2,261.56,10.74,10.29,110.87,96.47,97.45,110.47,106.48,0.94,11.29,10.49,110.22,95.85,93.8,97.72,101.59,1.0
2,261.566,10.17,10.16,106.13,105.79,102.08,98.24,107.21,1.06,11.55,10.8,112.34,96.47,99.95,112.11,110.34,1.08
3,262.063,10.78,10.43,110.35,92.74,109.45,102.0,99.66,1.11,9.9,9.81,104.76,94.75,103.97,97.35,101.16,1.01
4,262.169,9.77,9.61,104.94,109.02,109.16,106.99,101.78,1.07,10.38,10.0,110.94,105.14,108.04,111.05,114.58,0.98
3,262.349,10.22,11.06,105.15,104.01,100.62,110.17,102.1,1.14,9.6,10.69,102.73,108.09,111.1,107.18,99.83,1.12
3,263.263,10.98,11.31,109.85,99.78,100.68,111.6,97.87,1.01,9.48,10.16,107.39,95.02,104.05,102.83,99.11,1.1
4,263.543,10.58,11.18,104.04,99.1,106.96,104.62,106.29,0.96,10.66,10.28,113.43,100.27,102.09,110.83,112.05,1.08
3,263.65,10.65,9.72,105.9,96.48,107.91,96.96,109.23,1.07,10.8,10.44,112.11,98.35,104.94,103.35,98.64,1.0
1,263.927,9.94,10.98,103.93,101.04,96.87,103.27,110.28,0.95,9.73,11.06,113.51,101.62,103.37,112.31,108.38,1.0
3,264.378,9.75,11.31,103.28,92.48,104.5,107.27,92.54,1.15,10.36,9.84,103.39,107.1,102.78,100.53,103.31,1.01
4,264.736,11.15,10.58,113.69,104.79,106.02,95.54,109.09,1.13,11.0,9.76,110.54,94.88,97.05,110.24,100.76,0.96
3,264.897,9.3,10.54,95.75,95.15,103.4,101.99,108.53,1.0,9.9,11.04,106.68,106.94,109.54,101.45,94.32,1.11
3,265.004,10.59,9.77,104.49,101.67,113.67,101.3,108.58,1.08,10.59,10.32,111.42,94.29,99.66,103.25,97.86,0.98
2,265.036,10.54,10.34,104.88,110.43,100.78,97.19,96.91,1.02,11.57,11.04,112.84,110.2,95.62,101.96,106.24,1.1
2,265.526,11.37,9.82,99.86,108.42,102.54,97.89,108.71,1.08,10.63,10.86,102.56,100.03,93.51,107.31,110.33,0.97
4,265.557,10.53,9.93,108.83,96.11,108.25,98.33,100.34,1.02,10.64,9.69,101.48,94.45,96.24,105.4,108.12,1.11
1,266.03,11.05,11.09,106.02,102.95,110.13,112.42,104.6,1.02,11.16,11.64,109.74,105.57,95.81,113.39,98.84,1.01
1,266.074,10.22,11.07,97.17,108.72,105.55,98.52,103.36,1.03,9.87,10.98,104.5,100.89,94.22,108.52,105.36,1.11
2,266.403,10.79,10.76,100.75,97.27,100.49,101.36,105.88,1.03,10.76,10.57,104.59,110.36,102.26,100.28,99.46,0.97
4,266.604,10.91,9.68,112.58,94.63,98.67,111.44,106.26,1.13,10.05,9.98,100.04,102.15,101.75,99.08,102.31,1.12
1,266.67,11.31,10.5,106.05,101.84,105.09,102.42,106.83,1.01,11.09,10.3,98.99,110.1,103.73,97.69,99.71,0.98
4,266.685,10.24,10.18,97.28,93.57,104.67,107.29,107.3,1.02,11.32,10.35,101.61,100.51,97.78,111.05,100.7,0.96
1,266.721,10.39,11.73,109.07,108.83,106.64,105.45,105.35,1.0,11.11,11.83,115.1,97.81,107.17,107.45,108.09,1.0
3,266.764,10.97,10.81,102.66,98.1,98.65,105.96,97.37,1.0,10.91,10.68,110.51,101.27,98.87,98.34,94.18,0.98
2,267.163,10.07,10.71,97.94,95.34,108.84,97.54,102.51,0.93,10.81,10.14,107.62,104.46,103.74,105.96,98.96,0.97
4,267.559,10.72,9.63,98.48,107.76,112.81,100.93,114.78,1.13,11.37,10.34,98.32,100.36,112.41,103.85,98.52,1.12
3,267.611,10.89,10.96,96.54,95.86,111.48,102.08,106.93,1.08,10.05,10.41,97.91,96.9,110.35,100.18,103.77,1.04
3,267.75,10.82,10.41,96.86,101.7,100.41,108.65,98.92,1.06,9.59,9.85,98.6,98.35,112.93,106.66,94.98,1.05
4,267.905,10.63,9.85,98.59,101.79,111.47,109.15,107.15,0.96,11.19,10.77,95.94,93.14,108.96,111.91,101.49,1.06
2,269.112,9.98,10.42,102.66,97.44,108.59,108.03,98.47,1.05,9.88,11.36,102.15,98.22,108.2,96.65,105.17,1.07
2,269.744,11.61,9.8,97.64,102.48,109.45,109.15,95.8,1.04,10.42,10.59,108.53,100.3,103.86,104.75,108.5,1.06
3,269.843,10.91,10.95,106.91,108.47,112.09,105.56,102.33,1.08,10.01,9.7,109.6,91.61,114.01,101.4,96.66,1.14
4,270.103,10.14,9.79,110.68,107.93,111.41,105.18,97.75,1.06,9.57,9.8,96.84,108.73,106.33,100.8,115.04,1.11
3,270.493,9.32,11.09,95.88,97.93,103.14,96.07,99.84,1.07,10.14,9.86,108.13,104.54,110.66,106.15,92.14,1.07
3,270.5,10.37,10.96,95.62,92.98,109.3,102.99,93.64,0.99,9.72,10.93,108.3,100.51,112.55,99.96,92.31,1.03
1,271.063,10.63,11.56,109.69,101.22,100.84,111.08,104.2,1.1,10.14,11.4,107.81,104.26,96.86,104.75,110.0,0.98
2,271.491,10.35,11.32,109.08,98.89,99.58,102.52,110.2,1.06,10.39,11.26,104.48,98.63,107.76,99.72,98.5,1.1
4,271.963,9.59,9.74,100.69,96.07,107.55,110.47,107.76,0.96,9.8,9.67,98.45,109.02,97.83,101.73,111.66,1.03
2,272.23,10.99,10.84,110.26,96.41,98.52,103.91,98.35,0.95,9.88,10.74,100.84,98.26,96.28,108.29,100.79,1.01
4,272.395,11.21,11.26,110.33,95.07,110.12,110.23,99.33,1.12,10.75,10.28,99.2,102.73,106.96,94.61,97.92,1.12
3,272.536,9.91,11.33,111.88,92.91,111.23,109.16,105.36,1.03,10.87,10.59,109.51,101.83,113.63,97.67,107.83,0.98
3,272.701,9.59,10.65,107.79,103.75,109.6,111.29,104.95,1.13,9.74,10.94,104.4,98.04,103.43,104.05,99.6,1.02
1,272.933,10.3,10.52,104.15,105.51,109.06,102.89,103.03,1.05,9.69,10.78,109.69,108.05,106.63,101.36,104.49,1.07
2,273.173,10.23,9.7,97.33,95.73,106.99,100.48,100.68,1.02,11.22,11.38,113.03,107.08,105.66,98.83,112.7,1.06
3,273.515,10.61,11.4,100.26,94.8,99.02,101.06,106.29,1.06,10.26,10.42,110.18,97.63,112.5,105.41,102.38,1.02
1,273.579,10.07,11.6,108.59,115.61,94.47,111.38,95.8,0.95,10.29,10.25,98.87,97.77,108.01,100.2,97.7,0.97
3,273.739,9.86,10.42,107.8,94.52,105.07,100.32,103.12,1.14,10.93,10.22,104.42,103.59,114.92,95.9,105.91,1.07
1,274.095,10.59,11.51,101.88,110.1,94.32,113.64,101.44,0.96,10.64,11.56,97.13,109.5,98.06,99.49,95.59,1.05
3,274.141,9.4,10.52,106.6,98.54,107.2,95.36,97.05,1.16,9.55,10.2,109.07,103.88,99.66,100.91,101.76,1.12
3,274.357,9.71,10.42,96.66,93.32,113.64,107.91,99.17,1.04,9.52,11.17,107.92,102.59,103.16,106.95,99.66,1.02
3,274.649,11.01,11.07,106.28,102.84,101.61,108.61,106.26,1.02,10.97,10.41,96.54,104.04,102.61,95.56,101.12,1.12
4,274.775,10.43,9.72,96.22,110.42,101.34,102.03,111.66,1.09,10.59,10.36,97.4,110.15,103.25,100.93,114.43,1.06
3,275.015,10.53,10.68,103.83,108.88,101.06,110.03,103.91,1.15,10.75,11.05,95.62,93.86,110.76,99.1,93.23,1.09
2,275.056,10.59,11.02,104.44,93.91,101.76,107.12,102.2,1.07,10.8,11.03,109.37,109.2,105.65,99.66,102.32,1.03
4,275.064,10.43,10.51,96.54,95.47,109.76,97.24,99.21,1.01,10.33,9.55,106.11,108.29,112.57,111.94,103.71,1.03
1,275.721,10.91,10.13,98.35,113.83,99.52,102.05,110.34,1.0,11.09,11.06,98.77,99.63,96.25,101.08,108.18,1.03
4,275.909,10.59,10.03,113.15,102.13,97.27,108.41,107.69,1.03,11.28,10.35,112.58,102.68,106.52,95.29,115.27,1.06
3,276.763,10.91,10.22,110.33,105.42,111.31,95.26,102.67,1.0,10.44,10.68,97.2,92.91,115.72,109.55,92.8,1.12
4,277.028,9.79,10.57,111.77,110.06,107.82,105.76,111.54,1.09,9.81,9.91,102.19,94.45,98.66,105.54,110.62,1.03
3,277.762,9.32,9.75,111.06,96.52,111.48,104.13,99.33,1.14,10.08,11.49,111.74,101.3,107.72,110.93,98.12,1.01
1,277.794,9.82,11.88,105.23,104.26,96.4,110.15,102.94,1.05,10.64,11.71,114.91,110.98,97.87,104.72,97.86,1.08
4,278.996,11.39,9.83,99.56,97.01,104.59,99.92,97.69,1.01,10.97,10.79,106.81,107.07,96.06,100.2,112.91,1.07
4,279.114,11.03,10.34,108.9,106.91,105.63,95.41,98.63,1.11,10.89,11.26,102.91,106.08,104.28,104.33,102.91,1.05
3,279.184,10.09,11.29,96.44,106.43,105.58,99.03,103.07,0.98,10.27,11.1,101.13,98.18,97.98,110.36,98.21,1.01
3,279.233,9.35,10.02,112.92,102.14,110.7,98.89,95.53,1.08,10.55,10.44,101.23,104.5,102.34,102.82,95.28,1.06
3,279.584,10.84,11.38,96.13,106.21,98.98,98.34,96.74,1.14,9.57,10.33,106.67,102.94,99.28,109.46,109.03,1.09
4,279.878,10.42,11.16,104.21,105.63,109.63,97.32,97.48,1.09,11.38,10.03,109.63,107.22,110.98,104.72,97.41,1.01
2,279.888,10.25,10.99,107.35,102.39,100.67,101.03,101.55,1.09,10.03,10.94,110.93,104.75,106.82,101.0,101.76,1.09
1,280.107,10.27,11.55,112.0,105.29,105.91,113.56,109.91,0.95,10.7,11.18,107.89,109.08,110.02,101.43,106.06,1.04
1,280.334,10.49,11.21,102.62,111.03,110.16,108.53,105.58,1.0,10.32,11.09,99.02,99.5,95.0,108.99,107.85,1.04
1,280.347,10.3,10.47,99.01,98.01,105.51,110.94,110.93,1.03,9.98,11.15,97.51,113.69,98.62,106.12,103.0,0.95
4,281.02,9.89,10.03,101.78,107.79,104.52,104.2,97.45,0.96,11.18,10.63,112.35,108.03,101.67,107.93,104.61,1.11
1,281.143,11.03,11.72,108.83,116.3,100.01,97.52,100.83,0.94,10.66,10.84,105.01,113.21,108.0,103.58,96.57,0.99
3,281.236,9.48,11.16,110.18,107.61,109.6,111.43,96.67,1.05,10.97,10.63,107.88,102.63,109.4,102.08,99.6,1.06
3,281.84,9.4,11.23,104.54,92.56,108.01,99.56,103.05,1.13,9.5,9.83,100.37,101.85,108.16,111.43,97.27,1.06
1,282.36,10.68,10.65,113.28,109.0,102.27,106.19,110.0,1.02,11.03,11.48,109.89,100.2,106.06,108.02,99.25,0.99
4,282.41,10.52,10.38,113.59,102.87,109.37,94.5,105.62,0.96,9.95,11.08,97.31,99.3,113.96,108.01,98.29,1.07
2,282.461,10.78,10.94,111.68,107.05,93.88,97.16,105.91,0.96,10.82,9.59,103.68,95.47,102.46,109.78,104.16,0.94
2,282.484,11.19,9.84,110.45,107.48,97.96,98.36,102.49,1.0,11.45,11.1,105.64,94.92,103.88,101.03,110.06,1.08
4,282.489,11.18,9.77,102.16,99.92,98.36,105.23,107.35,0.97,9.95,10.82,113.5,100.27,103.79,103.36,109.67,1.02
1,283.837,10.43,11.42,107.48,103.2,109.73,108.66,100.54,1.02,11.12,11.37,102.54,104.46,96.43,98.96,99.21,1.11
4,283.842,9.95,10.41,106.73,104.17,103.28,107.74,106.25,1.01,10.29,10.03,98.35,95.08,111.67,96.68,107.33,1.1
3,283.876,10.97,10.65,109.83,104.94,105.64,110.03,97.04,1.06,10.78,9.74,113.31,93.01,102.2,98.37,97.85,1.16
2,284.575,10.88,10.97,96.66,98.09,97.4,108.62,101.14,0.97,11.62,10.26,110.45,102.9,94.68,106.04,105.49,1.07
2,285.286,11.15,10.05,112.24,110.05,93.74,108.13,108.16,1.01,11.56,9.87,97.72,103.52,95.69,95.58,106.49,0.96
2,285.377,9.92,10.76,99.73,103.7,99.85,95.6,98.73,0.99,9.91,10.64,108.76,102.31,107.32,107.72,98.53,1.01
2,285.55,11.08,10.66,102.09,110.2,99.32,98.24,103.76,1.0,11.56,10.17,111.72,97.38,108.56,96.44,107.12,1.07
1,285.917,10.14,10.58,100.52,103.4,109.48,109.4,107.62,0.97,9.86,10.79,108.88,109.02,104.66,99.64,99.71,1.09
4,286.064,10.85,10.86,100.42,107.29,111.85,107.01,98.95,1.07,9.8,11.24,98.79,107.38,113.02,98.06,115.29,1.06
3,286.287,9.84,9.83,96.92,101.21,103.75,109.46,108.48,1.07,10.13,11.26,110.62,93.76,110.56,98.66,94.12,1.07
2,286.729,10.12,10.12,96.86,107.88,107.84,108.99,106.24,0.99,10.23,10.73,103.06,100.04,103.69,100.75,96.91,1.04
4,287.158,9.66,10.57,104.84,106.61,99.83,108.51,107.45,1.03,10.09,10.57,98.14,106.79,107.52,99.83,107.96,1.08
2,287.744,11.31,9.69,102.15,102.48,101.21,112.07,107.37,1.04,10.14,10.02,102.67,96.52,92.45,95.86,100.98,1.0
2,288.145,11.29,10.85,105.19,100.81,101.82,96.7,98.75,1.07,10.31,10.73,101.76,107.76,100.2,111.0,112.48,1.04
1,288.403,10.33,10.21,112.36,106.35,105.18,102.04,102.32,0.95,10.65,11.02,100.08,102.18,101.24,108.83,102.08,0.95
2,288.58,11.12,10.3,106.26,108.47,102.06,110.9,100.42,1.0,10.88,10.0,110.93,104.46,109.56,107.11,100.74,0.98
4,288.622,10.58,11.1,105.01,110.43,108.89,110.74,101.7,1.08,9.84,10.58,104.52,102.32,99.83,104.12,109.16,1.1
3,289.499,11.03,10.22,100.55,105.71,113.15,106.76,96.91,1.06,9.32,9.7,107.86,93.93,109.26,99.7,93.77,1.14
2,289.634,10.18,11.15,111.64,102.46,94.03,111.14,108.03,1.01,10.02,10.21,113.69,96.69,102.97,98.62,113.8,1.07
3,289.816,11.01,9.7,99.44,107.96,113.37,98.69,104.2,1.1,10.69,10.33,110.56,106.55,108.0,103.65,95.28,1.1
1,289.905,10.65,11.19,113.12,107.38,110.1,109.63,110.12,0.94,10.13,11.21,101.36,97.87,105.3,101.02,107.22,1.0
1,290.311,11.04,11.03,109.07,108.17,96.37,105.36,102.5,1.01,10.97,11.35,103.72,112.93,105.92,99.99,95.24,1.0
2,290.412,10.54,10.27,103.95,95.81,94.82,98.82,102.43,0.97,11.02,10.58,96.71,104.75,93.09,112.2,97.89,1.05
2,290.451,10.33,9.89,99.72,103.14,104.85,103.71,110.2,0.96,10.94,10.58,99.3,103.85,100.35,97.28,102.32,1.03
2,291.131,10.53,10.05,111.08,99.64,98.19,110.31,110.06,1.08,11.29,10.69,99.24,94.28,108.72,109.89,112.23,1.06
3,291.242,9.48,10.3,104.54,96.29,110.48,100.82,101.38,1.01,9.61,9.73,107.03,97.92,100.22,100.04,95.93,1.02
2,291.418,10.07,9.83,100.34,100.8,99.22,111.51,109.42,1.08,10.38,10.68,112.21,105.67,94.01,104.17,96.03,1.04
1,291.656,10.7,11.48,112.93,101.71,98.98,102.86,96.59,1.02,10.43,11.91,104.98,111.42,110.12,100.27,95.91,0.96
2,292.317,10.1,10.31,99.2,108.94,102.94,100.5,101.35,1.08,10.29,9.87,105.42,95.68,103.55,100.4,102.09,1.05
1,292.402,9.61,10.98,111.01,102.54,97.15,111.46,101.76,0.95,11.07,11.87,107.85,99.82,105.44,98.35,102.88,1.11
1,293.08,10.72,11.05,114.35,106.88,102.49,108.54,102.82,0.98,10.87,11.51,100.94,103.34,99.79,100.76,98.33,1.07
2,293.182,11.09,10.48,112.14,103.22,97.51,96.7,112.66,1.0,11.29,10.42,102.77,93.68,94.78,108.46,97.89,0.93
2,293.292,11.08,11.1,104.86,103.45,95.42,108.53,107.37,1.07,10.59,10.26,100.06,104.06,104.37,96.65,107.25,1.0
2,294.272,11.38,10.02,112.21,107.55,102.64,99.7,111.6,0.98,9.89,10.07,106.45,100.28,94.64,107.24,101.26,1.07
2,294.571,10.36,10.32,110.96,98.07,94.88,95.99,105.79,0.99,10.6,9.98,96.78,93.8,107.39,110.18,111.94,1.05
3,294.62,10.73,10.79,109.69,101.81,101.28,103.94,94.44,1.03,10.91,10.12,111.1,102.69,110.08,97.06,101.48,1.04
2,294.894,10.42,10.36,108.03,109.97,109.05,98.92,106.92,0.99,11.46,10.83,110.41,105.7,93.09,101.21,98.53,0.98
4,294.913,10.59,10.41,109.14,96.62,98.33,97.24,115.05,0.97,10.29,10.65,100.2,107.64,104.41,95.7,102.14,1.12
2,294.952,10.58,11.19,103.75,94.09,94.16,100.29,102.54,1.07,10.22,9.77,103.49,96.8,93.12,100.05,109.36,1.01
4,295.12,10.34,11.28,104.83,103.09,108.44,107.62,109.12,1.12,11.14,10.95,101.26,95.74,104.56,108.89,110.08,1.08
1,295.319,9.69,10.84,110.13,108.09,104.46,106.13,98.85,1.06,10.47,11.03,108.21,108.74,101.51,102.46,98.21,0.97
4,295.326,10.01,10.95,113.16,105.46,106.6,110.91,97.03,0.96,10.92,10.18,112.36,100.87,107.38,99.71,98.16,1.05
2,295.388,11.1,10.17,102.28,92.97,102.94,94.59,109.76,0.93,10.39,9.97,103.15,96.32,99.57,98.41,98.83,0.94
2,295.425,10.0,10.55,108.91,106.23,95.42,99.27,108.2,1.06,11.29,9.94,98.25,108.49,92.72,102.98,102.09,0.94
1,295.635,10.74,10.02,98.91,112.7,106.2,112.74,102.89,1.04,9.78,10.83,107.85,114.58,95.87,98.12,94.18,0.95
3,295.667,10.96,10.4,102.07,108.47,104.87,98.54,101.49,1.06,10.21,10.98,108.56,103.31,112.65,95.27,95.01,1.06
3,295.752,9.42,10.08,111.03,108.71,115.94,110.06,104.7,1.11,9.61,9.68,96.73,102.92,98.83,109.74,108.03,1.03
4,296.154,10.62,10.38,98.18,97.37,103.87,103.6,101.67,1.01,10.22,10.25,106.82,100.36,100.86,108.01,104.17,0.98
3,296.791,9.81,11.46,102.67,108.71,103.26,102.89,95.53,1.0,10.93,11.14,108.63,97.63,112.5,98.88,92.41,1.1
4,296.855,9.73,11.04,97.25,98.42,107.42,99.54,113.8,1.04,10.36,10.46,108.91,109.02,110.67,100.1,101.44,1.08
3,296.861,9.6,10.39,96.84,91.77,105.82,105.69,97.45,1.14,9.98,10.43,102.8,104.9,108.0,109.32,100.88,1.01
2,297.11,9.88,11.25,102.64,105.06,106.23,104.28,102.84,1.09,11.08,10.74,107.3,99.24,105.65,98.95,97.67,0.99
4,297.164,10.87,10.4,97.23,99.66,107.96,98.81,101.41,1.06,10.76,9.86,101.86,100.31,108.1,100.43,110.14,0.98
4,298.26,10.3,11.15,97.6,107.42,107.86,100.29,102.61,1.1,10.45,10.59,96.66,94.07,98.37,107.7,100.22,1.09
3,298.771,10.81,10.4,105.68,101.35,104.78,100.21,93.82,1.12,10.84,11.02,109.48,101.32,110.68,108.97,97.57,1.06
1,299.013,10.86,10.95,106.36,112.86,98.35,110.66,98.97,1.05,10.88,11.88,99.87,115.34,94.97,101.8,101.76,0.98
4,299.506,10.8,10.91,97.89,104.79,105.62,98.03,104.36,0.96,11.12,9.8,113.72,94.08,98.13,99.09,112.0,1.02
1,299.517,9.61,11.58,97.46,108.97,105.44,103.72,98.52,0.98,9.89,11.01,97.16,99.86,99.77,102.25,95.95,1.05
3,299.776,9.55,10.32,105.75,104.33,102.6,107.92,106.77,1.09,10.91,11.03,103.94,96.68,101.06,95.53,103.91,1.02
4,300.53,11.09,11.15,107.29,108.1,101.69,111.44,98.08,1.1,11.32,9.62,104.99,103.25,108.09,95.51,110.5,0.96
2,300.603,10.34,9.83,98.43,94.79,98.12,103.81,109.54,1.09,10.52,10.19,95.81,104.6,99.81,109.24,113.29,1.06
1,300.661,10.25,10.82,109.28,106.88,106.93,99.45,98.03,0.99,11.06,11.86,106.34,103.87,102.75,101.74,98.52,1.05
2,301.418,11.16,9.88,105.54,104.64,108.64,96.94,112.48,1.08,10.48,10.71,109.31,99.13,104.79,94.53,99.23,0.98
4,301.479,9.72,10.4,108.67,98.16,96.84,111.77,109.45,1.01,11.17,10.84,100.9,95.4,106.52,94.56,102.61,0.96
1,301.668,9.97,11.3,100.59,111.82,95.94,108.52,104.2,1.09,10.6,10.99,113.34,111.55,101.2,108.92,105.68,0.95
1,301.827,10.0,11.01,114.86,98.62,102.79,109.12,94.1,1.0,10.38,10.08,112.97,103.82,95.27,106.12,109.45,1.0
2,301.832,10.18,10.1,97.79,103.0,107.36,109.45,107.36,0.96,10.74,10.44,104.82,108.06,94.51,103.53,108.92,1.07
3,302.763,9.77,11.36,97.9,101.43,110.26,94.85,104.8,0.98,10.0,10.47,101.21,99.39,103.16,104.1,92.36,1.07
3,303.238,9.77,10.89,99.73,97.79,107.54,102.26,92.41,1.08,9.37,10.63,102.88,104.23,103.16,95.48,100.42,1.13
4,303.806,9.6,11.06,109.14,109.62,113.63,96.72,100.54,0.99,11.39,10.27,103.42,104.58,110.86,96.09,104.89,0.98
1,303.98,11.27,11.57,100.46,105.04,104.24,104.2,108.26,0.94,10.51,11.84,98.38,101.93,108.84,103.56,100.73,1.08
1,304.266,10.15,10.03,100.26,98.5,99.69,109.06,99.71,1.02,10.78,11.38,97.03,109.35,107.38,97.6,96.82,0.98
1,304.413,9.89,10.65,108.88,97.81,94.1,105.89,94.05,1.07,10.66,10.35,102.93,107.02,98.35,108.23,100.73,0.98
4,304.572,11.05,10.26,102.33,101.97,110.16,101.04,102.13,0.99,10.26,11.3,99.44,100.63,103.51,96.34,106.95,1.03
3,304.752,9.62,10.05,96.31,105.4,114.32,105.29,106.77,1.15,9.88,9.72,99.02,108.11,108.33,107.33,98.65,1.02
2,304.783,11.0,11.12,99.88,99.8,106.41,95.97,99.03,1.0,9.97,10.41,109.94,98.71,104.15,101.26,107.76,1.09
2,305.197,10.0,9.91,111.46,98.07,99.33,103.17,110.08,1.08,10.8,10.02,102.03,100.6,96.0,107.68,100.58,1.04
2,305.43,10.03,11.37,103.43,101.44,98.72,100.4,97.4,1.04,11.29,11.13,107.19,106.13,94.05,99.71,103.61,1.06
3,305.575,9.32,11.33,105.18,105.97,110.45,105.6,104.83,1.15,10.88,9.9,103.78,105.06,105.08,101.28,99.76,1.08
3,305.777,9.88,10.36,100.29,100.61,108.19,106.15,96.95,1.16,10.4,10.74,100.0,104.11,111.12,106.82,96.04,0.99
2,306.024,10.76,11.03,107.08,97.4,107.33,104.86,109.21,1.08,11.3,11.04,101.67,100.4,106.15,108.29,111.77,1.04
3,306.274,9.41,10.3,101.62,95.4,103.58,100.5,102.67,1.16,10.96,11.02,107.73,103.48,100.39,100.32,102.75,1.14
4,306.79,10.97,10.49,109.14,101.94,103.73,106.97,111.49,1.01,11.23,10.08,97.39,99.78,112.31,108.76,97.98,1.08
3,307.452,9.44,9.67,111.88,91.74,99.47,109.46,106.36,1.07,9.66,10.45,106.59,96.63,106.44,96.7,101.6,1.03
4,307.909,11.3,10.25,104.64,109.19,105.42,107.44,98.48,1.01,10.24,10.51,103.06,104.06,106.03,104.12,100.85,1.07
4,307.93,11.18,11.02,108.67,94.08,106.08,110.13,105.44,0.97,9.65,10.36,111.62,107.91,102.68,95.08,110.34,0.98
2,308.165,10.47,10.97,112.17,106.62,103.29,105.37,111.07,1.06,10.47,9.92,113.76,105.31,100.35,105.1,112.7,1.06
4,308.386,9.9,9.8,100.82,101.22,104.85,110.74,114.66,1.09,10.69,10.95,109.67,109.85,106.87,106.36,108.08,0.98
1,308.425,10.64,10.98,100.07,106.95,101.17,101.82,109.39,1.08,9.88,11.48,104.26,109.26,106.71,102.1,94.88,1.03
2,308.52,10.95,10.36,110.06,95.09,100.0,104.6,113.41,1.08,11.21,10.07,96.3,101.99,104.8,104.04,111.15,1.05
3,308.878,9.31,11.5,98.42,105.47,113.52,94.97,108.61,0.99,9.48,11.03,104.49,100.32,98.98,96.2,97.47,1.11
3,308.941,10.55,11.01,104.7,97.07,109.5,96.66,93.82,1.16,9.87,11.4,104.08,98.16,109.83,97.52,99.73,1.0
3,309.032,9.79,10.95,111.23,108.88,114.7,99.92,102.86,1.0,10.35,10.89,108.12,95.64,107.36,107.91,109.24,1.02
4,309.214,10.45,11.31,107.12,106.9,97.05,105.87,107.62,1.08,9.87,10.86,99.84,97.39,99.48,105.87,110.19,1.1
1,309.981,10.81,10.19,110.07,100.81,109.8,114.21,109.61,1.05,11.03,10.62,114.63,114.25,98.48,113.23,109.53,1.0
4,310.034,10.68,10.44,102.56,107.25,109.53,110.0,97.98,1.11,10.58,10.32,113.45,109.4,102.08,98.94,115.13,1.08
3,310.367,10.05,10.36,105.71,103.94,107.72,107.27,94.63,0.98,9.37,11.36,111.94,101.7,107.63,103.8,98.1,1.15
1,311.429,11.06,11.18,112.26,102.42,102.31,103.96,101.64,1.07,10.52,10.92,114.51,103.87,96.66,101.47,104.01,1.08
2,312.259,11.33,10.9,105.45,94.15,103.37,109.76,96.33,0.98,9.92,11.08,107.62,106.12,107.72,105.63,96.53,0.96
4,312.338,10.59,10.41,111.39,99.47,102.18,99.77,103.87,1.07,11.0,10.03,96.86,105.89,108.59,95.68,108.67,1.08
1,312.595,11.09,10.22,104.59,105.41,99.97,101.16,109.13,1.0,10.22,10.36,113.28,100.21,96.05,100.75,104.86,1.08
3,313.012,9.51,9.81,106.2,103.25,108.37,95.95,97.48,1.13,10.84,9.99,97.87,100.12,103.47,99.87,92.09,1.16
3,313.176,9.6,9.83,109.47,97.54,104.41,102.02,103.79,1.1,10.48,11.0,110.61,96.63,99.6,108.83,99.45,1.16
3,313.718,9.34,9.84,111.24,93.94,108.85,102.51,109.03,1.05,9.43,10.45,104.48,95.73,110.72,103.94,97.6,1.07
3,313.87,10.48,10.07,95.85,100.42,112.38,94.07,101.42,1.0,9.89,10.09,103.6,102.83,99.8,99.52,92.57,1.01
2,314.202,10.84,10.34,98.58,109.09,106.99,111.84,108.7,0.99,11.62,10.07,110.77,99.04,92.81,98.76,103.43,1.01
4,314.378,10.88,10.1,109.43,106.4,111.85,100.85,102.17,0.96,10.19,11.13,101.75,107.26,110.68,98.34,97.5,1.08
2,314.542,10.91,10.81,99.31,93.88,101.14,94.67,110.96,1.04,11.17,10.65,101.64,108.0,102.75,105.88,103.76,0.99
1,314.574,10.7,10.39,112.76,109.9,107.7,97.66,98.29,1.0,10.21,10.82,100.19,107.5,100.51,107.68,100.1,0.99
1,314.596,9.64,11.04,112.54,101.91,92.86,99.76,100.02,1.06,9.59,10.34,102.26,100.66,107.56,112.8,94.67,0.97
4,314.603,10.69,11.31,102.16,109.02,110.67,101.45,111.0,1.09,9.6,10.14,108.2,94.87,108.71,110.48,100.11,1.04
3,314.849,9.69,9.79,100.54,97.02,110.36,105.19,108.15,1.08,9.52,10.42,103.66,95.73,108.89,96.73,104.06,1.0
3,315.237,10.12,10.15,100.29,101.59,114.15,97.61,108.97,1.13,9.52,10.36,111.13,99.36,106.13,102.27,105.36,1.16
3,315.91,9.61,10.55,103.37,93.69,115.91,98.83,101.62,1.1,10.14,10.57,99.7,108.88,102.13,105.05,106.1,1.1
3,315.941,10.51,11.46,111.87,91.71,108.61,103.16,102.39,1.05,11.06,10.82,100.34,106.0,115.91,99.0,102.79,1.06
2,316.064,10.82,11.19,98.72,106.04,108.91,102.82,100.37,1.02,10.87,11.28,104.12,95.06,106.5,105.01,111.35,1.05
2,316.561,10.91,10.91,97.73,108.31,105.5,96.37,97.4,1.01,10.88,10.5,112.02,102.68,108.46,102.45,97.06,0.94
1,317.319,9.55,10.59,98.52,101.29,106.24,114.41,100.34,0.95,10.1,10.98,111.61,111.33,102.59,114.72,105.19,0.96
1,317.429,11.06,11.67,106.53,116.18,105.47,114.9,108.09,1.07,10.02,10.82,114.25,99.86,94.75,110.06,100.29,1.03
1,317.521,9.9,11.64,102.45,103.37,96.92,102.79,100.84,1.05,10.61,10.12,105.28,101.66,101.24,106.58,100.22,1.05
1,317.604,9.78,11.42,104.51,106.94,97.26,105.01,106.24,1.06,10.97,10.57,106.91,111.57,105.44,98.05,103.0,1.11
3,317.637,10.19,10.52,102.82,102.59,110.2,96.98,97.0,1.04,10.02,10.1,109.79,100.36,109.35,95.67,96.0,1.0
4,317.888,9.65,10.18,100.03,109.4,105.74,98.24,115.37,1.07,10.15,10.48,108.2,97.77,98.56,104.96,109.68,1.01
3,318.132,9.75,10.24,96.31,99.21,108.7,103.42,108.03,1.03,9.4,10.04,103.31,99.47,97.87,110.49,108.78,1.16
1,318.2,9.94,10.88,99.96,114.57,99.6,105.42,101.88,1.04,9.99,10.65,105.62,100.66,98.08,109.22,95.96,0.96
3,318.363,10.56,9.7,107.46,102.63,98.54,95.9,91.94,1.06,10.14,9.97,107.09,106.06,112.28,99.56,107.61,1.05
4,318.913,10.35,10.1,108.12,110.29,96.24,105.43,111.75,1.1,10.42,9.94,110.44,96.13,112.32,109.32,110.69,1.12
1,319.054,10.37,10.73,103.88,100.32,95.58,108.54,103.36,1.07,9.72,10.05,97.86,101.34,98.82,105.52,99.38,0.99
1,319.091,11.08,11.54,113.28,108.86,99.99,102.52,107.24,1.08,11.28,10.68,100.39,113.1,106.18,109.4,108.89,0.99
2,319.119,11.66,11.22,99.65,95.82,102.14,99.11,104.46,1.03,11.66,9.72,99.03,96.83,96.67,106.99,105.03,1.01
2,319.207,10.52,9.9,102.94,99.6,104.29,103.05,105.57,0.99,9.89,10.63,110.14,95.0,96.34,95.1,101.09,1.09
4,319.218,9.86,11.25,101.89,104.24,97.43,109.17,106.14,1.04,10.06,11.12,98.04,105.92,108.99,99.36,111.35,0.96
2,319.269,11.62,10.42,109.06,101.34,97.74,107.68,109.91,0.95,11.19,11.04,99.3,103.19,93.88,97.19,100.3,1.05
3,319.414,9.94,9.85,107.52,96.77,104.42,95.54,99.75,1.12,10.9,10.76,105.69,91.56,114.94,106.95,91.98,1.12
3,319.465,9.36,9.8,97.09,100.48,104.4,104.93,98.58,0.98,9.42,10.98,107.4,107.68,103.6,108.65,99.88,1.03
1,319.643,11.16,10.84,108.5,98.45,93.23,98.57,110.54,1.07,10.87,10.83,97.75,110.03,106.49,98.08,99.02,1.11
1,319.757,11.08,11.05,109.72,109.4,94.84,107.58,109.73,1.01,10.07,10.95,108.45,99.13,100.84,98.43,109.61,0.99
2,321.206,11.39,11.05,95.76,107.09,94.16,107.68,103.2,1.06,11.45,10.4,111.08,106.14,102.05,96.61,98.13,1.06
1,321.727,11.15,11.81,101.38,100.24,94.99,104.57,102.67,0.99,9.88,10.31,114.35,113.82,96.17,98.44,102.67,0.96
2,322.176,10.0,10.65,112.24,107.76,93.7,100.45,106.11,1.08,10.76,11.28,107.71,100.3,100.22,94.84,104.66,1.01
2,322.24,10.09,10.02,96.48,102.38,97.64,104.66,97.81,0.97,10.71,9.69,106.26,96.09,109.63,101.52,96.95,0.98
2,322.326,10.73,10.52,96.78,107.08,108.24,100.86,107.49,1.08,11.68,11.09,104.0,98.46,95.86,96.94,106.73,0.99
4,322.352,10.53,10.54,108.57,93.24,96.27,105.75,98.0,1.04,9.97,10.43,111.96,101.6,114.02,102.98,107.08,1.1
2,322.417,10.68,10.39,100.74,108.33,99.61,100.62,107.68,1.08,10.88,11.28,102.98,93.16,98.65,111.81,98.87,0.94
1,322.422,10.26,11.52,111.06,106.01,108.34,103.53,98.12,0.97,9.96,11.27,114.47,113.84,100.9,111.38,103.29,1.08
2,322.56,10.56,10.96,102.56,106.14,95.36,97.91,111.39,1.07,10.25,10.75,104.44,98.35,94.76,110.71,103.83,0.93
4,322.781,9.92,10.09,112.32,96.48,105.97,102.97,111.98,1.07,9.84,10.0,103.12,96.93,112.71,108.96,107.14,1.08
1,322.833,10.21,10.92,108.83,106.26,102.45,106.12,100.03,1.01,10.02,11.64,102.93,104.49,97.18,98.96,97.02,1.07
1,323.407,11.05,11.42,102.57,98.02,103.17,98.46,94.55,1.06,9.82,11.8,100.63,97.95,96.34,113.39,98.22,0.95
4,323.664,10.2,10.44,100.14,94.38,113.73,111.22,112.87,1.02,9.97,9.66,109.1,96.76,106.4,104.78,107.67,1.0
2,323.954,9.9,9.9,113.48,98.16,103.49,107.85,96.91,1.1,10.09,10.41,102.65,96.04,100.98,110.18,99.98,1.04
1,324.112,10.65,10.91,98.29,101.34,93.93,104.42,106.09,1.0,9.83,11.02,111.61,105.07,107.06,102.13,110.0,1.08
3,324.701,9.4,10.18,108.76,107.52,101.48,111.8,92.12,1.16,10.44,11.22,111.07,92.39,110.26,111.12,100.57,1.07
4,324.84,10.82,10.46,96.31,104.43,103.49,99.77,101.81,1.02,11.19,10.33,110.2,106.72,99.86,104.43,103.3,1.11
1,324.935,10.0,10.15,102.66,104.21,94.92,112.24,108.87,0.96,10.07,11.11,108.84,99.16,109.42,99.34,104.86,1.05
1,325.234,11.21,11.72,111.06,99.82,104.05,98.84,102.09,1.07,10.84,10.09,103.35,111.47,94.34,97.84,103.38,1.0
4,325.357,11.06,9.59,112.58,94.87,110.64,101.4,97.79,1.12,10.01,9.56,108.78,107.75,109.73,106.14,99.73,1.12
1,325.677,9.96,10.19,108.83,98.54,107.25,112.34,109.6,0.99,9.65,11.46,111.13,111.6,103.61,105.71,94.8,1.02
3,325.972,9.68,9.79,97.05,101.02,98.92,97.18,108.52,1.13,9.49,10.66,107.06,101.82,109.54,107.34,98.48,1.05
1,326.969,9.67,11.06,115.09,107.95,108.1,98.15,98.26,1.12,10.67,11.15,112.31,114.99,100.99,104.61,110.99,1.04
3,327.079,9.99,9.99,108.73,92.02,100.42,106.66,106.72,1.02,10.82,10.44,110.25,103.9,101.89,99.3,106.12,1.14
4,327.105,11.04,9.97,105.83,103.54,98.83,100.89,108.8,1.06,10.83,10.02,105.95,97.06,104.08,108.25,106.57,1.08
2,327.328,11.59,9.8,112.62,103.72,96.31,100.55,112.75,0.95,11.57,10.5,105.64,104.8,107.39,107.95,104.56,0.93
4,327.517,11.03,10.06,112.2,98.22,98.68,104.75,104.17,0.99,10.46,9.7,102.11,96.08,110.32,101.04,101.4,1.02
1,327.553,11.12,10.27,110.19,108.24,96.9,102.89,97.47,1.05,11.0,10.83,108.91,106.16,97.64,104.42,102.18,1.06
4,327.847,10.73,9.88,108.81,102.15,109.69,107.88,104.98,0.99,10.99,10.24,110.69,104.95,102.62,97.58,112.56,1.01
3,328.134,10.94,11.14,110.51,96.9,102.13,96.02,101.61,1.0,9.35,11.19,107.24,93.88,101.62,104.72,102.33,1.11
3,328.199,9.98,10.77,100.06,99.93,105.97,100.98,97.41,0.98,10.06,10.93,109.28,96.8,105.96,97.52,96.55,1.09
1,328.4,10.54,11.17,107.63,105.86,101.85,102.42,101.1,1.11,9.92,10.39,101.21,100.23,98.61,114.04,106.07,1.05
3,328.505,9.5,10.2,104.64,101.86,110.81,110.32,103.66,1.13,10.95,11.0,100.33,107.46,109.3,100.53,102.56,0.99
2,329.067,10.22,10.54,110.93,106.76,94.73,110.4,99.64,0.93,10.57,11.01,103.96,99.05,100.06,97.9,106.92,0.95
1,329.25,10.36,10.71,104.52,111.7,100.4,99.72,95.73,0.95,10.48,11.35,106.45,100.27,104.24,113.44,94.21,1.09
4,329.372,11.08,10.61,108.34,105.51,99.45,106.52,99.51,1.1,10.83,11.02,109.4,104.36,102.68,106.36,113.58,1.09
3,329.418,10.12,9.73,111.67,98.35,102.18,107.58,95.76,1.1,10.91,9.99,106.44,106.87,102.36,110.35,93.26,1.05
3,329.805,9.9,11.4,95.86,107.62,113.66,103.43,101.12,1.14,9.76,9.83,111.03,94.13,101.19,100.91,101.17,1.01
2,329.915,10.65,10.33,105.68,104.66,98.33,110.09,111.18,0.95,10.97,10.44,106.25,102.97,102.94,101.33,109.02,1.08
4,330.017,11.18,10.73,110.81,101.13,110.71,104.88,105.71,1.02,9.76,10.2,100.07,97.0,103.82,95.17,112.74,1.06
3,330.817,9.99,10.69,105.46,99.45,111.36,95.36,103.41,1.01,9.32,10.08,96.13,106.61,105.66,100.86,96.55,1.02
1,332.165,10.74,10.97,96.91,100.1,108.04,97.53,110.78,1.02,10.94,10.69,110.14,115.09,108.92,110.8,102.39,1.06
1,332.813,10.21,10.05,108.94,108.5,106.5,110.57,109.64,1.09,10.48,10.95,111.76,99.12,108.88,106.17,101.86,0.99
1,332.882,10.0,10.83,113.85,111.82,106.06,111.05,108.86,0.98,10.31,11.18,105.81,107.39,102.79,97.81,106.83,0.95
4,333.506,10.95,10.94,99.04,98.26,100.61,106.28,114.34,0.97,10.47,10.05,99.56,97.4,97.83,105.34,109.09,1.12
1,333.832,10.38,11.81,98.66,102.84,97.99,107.7,98.42,1.06,10.38,10.42,111.89,109.42,101.98,100.84,109.83,1.01
4,334.36,10.52,10.64,98.45,93.57,103.86,111.99,112.52,1.07,9.94,10.83,108.58,98.27,113.1,102.5,111.88,1.08
1,334.533,11.15,11.84,102.13,100.18,102.75,99.44,98.0,0.95,10.61,10.59,104.0,116.17,107.88,98.57,109.04,0.98
2,335.336,10.75,10.16,103.15,95.73,105.63,99.28,104.47,0.96,10.43,9.59,96.55,95.82,109.82,111.4,103.67,0.98
3,335.354,9.43,10.55,110.35,92.51,101.34,110.17,98.38,1.03,10.55,10.64,101.42,100.77,101.32,104.8,99.97,1.01
4,335.459,9.76,9.9,103.03,95.54,97.43,99.62,102.76,1.05,11.25,9.61,108.54,107.67,110.58,98.24,106.25,0.98
2,336.059,10.45,10.26,108.03,94.92,105.59,98.79,104.18,1.05,10.62,9.71,98.95,99.82,108.87,101.22,96.52,0.95
3,336.871,9.55,9.71,110.02,99.27,105.75,110.2,97.87,1.13,9.63,10.95,108.49,92.68,112.5,96.58,98.09,1.05
1,337.055,9.58,10.9,110.12,109.9,108.32,101.65,94.96,1.01,11.21,11.63,110.61,103.16,109.08,108.91,109.78,1.08
4,337.285,10.25,10.48,110.1,108.22,113.97,99.09,107.6,1.08,10.55,10.06,110.05,102.72,101.25,100.85,106.36,1.02
2,337.679,11.15,9.92,98.31,106.65,94.97,101.6,101.62,1.05,10.47,9.63,111.88,104.44,97.0,104.11,106.29,1.07
2,337.716,10.7,10.23,106.36,93.91,95.14,103.02,97.95,1.08,11.14,10.34,108.77,105.61,100.58,95.15,107.49,1.1
2,338.182,10.82,10.9,97.22,96.13,97.38,96.35,104.46,0.97,11.48,10.04,105.1,108.61,98.54,111.0,97.63,1.09
4,338.387,9.61,10.3,100.08,94.46,96.36,104.68,99.72,0.98,9.68,10.25,96.88,100.31,98.0,107.01,102.64,1.13
1,338.421,11.14,10.16,108.15,101.27,100.4,108.71,94.22,1.08,11.27,11.66,102.85,112.36,99.39,98.82,111.06,1.08
2,339.157,10.96,11.34,99.24,106.1,106.42,110.48,102.05,0.95,10.35,10.41,104.89,96.94,101.94,111.14,106.38,1.0
3,339.266,9.41,10.19,105.85,108.68,108.33,109.56,96.4,1.16,10.57,9.91,104.97,106.08,103.4,108.25,101.07,1.07
2,339.736,10.2,9.95,98.94,93.67,109.8,110.32,110.05,1.07,11.08,9.81,100.7,96.35,95.45,95.0,110.69,0.93
4,339.757,9.78,10.34,103.63,107.14,96.65,108.44,108.87,1.01,9.67,11.04,108.82,107.26,100.0,109.52,111.35,0.98
2,339.855,10.78,11.08,106.12,107.48,106.52,108.34,113.51,1.03,10.75,11.11,109.13,103.33,98.67,104.76,98.42,1.03
3,339.961,9.43,10.7,104.06,96.05,100.78,99.57,107.44,1.01,10.27,9.91,110.87,100.05,113.61,98.19,97.48,1.09
2,340.006,11.26,10.9,107.22,102.51,92.58,109.08,107.87,1.05,11.54,10.89,100.16,95.47,105.25,97.54,112.33,0.97
2,340.71,10.02,10.18,113.14,106.73,106.0,96.65,105.88,1.01,10.02,11.09,97.17,110.23,108.03,111.0,104.42,1.0
2,340.913,11.72,10.8,103.54,108.06,102.04,101.02,96.45,0.98,10.6,10.12,107.71,103.84,101.26,106.04,107.37,0.97
4,341.22,11.13,10.54,112.28,102.4,107.01,100.03,115.15,1.06,10.98,11.12,106.16,103.05,101.45,102.34,102.55,1.03
2,341.917,9.93,9.83,107.65,110.43,108.14,111.84,106.77,1.06,10.57,11.12,97.5,96.72,99.88,111.2,106.9,1.05
4,342.496,10.44,10.91,108.46,105.16,108.63,107.17,110.5,1.0,10.38,10.36,96.45,94.19,113.53,100.83,115.38,1.1
2,342.686,11.03,10.72,106.3,102.78,102.12,94.78,98.75,1.04,11.61,10.44,108.59,108.49,101.25,104.74,109.37,1.05
1,342.695,10.64,10.45,102.72,100.24,104.02,106.03,103.08,0.96,9.74,10.74,101.06,111.6,101.17,105.03,108.94,1.07
3,342.834,10.38,11.43,107.32,98.51,112.0,104.32,109.22,0.98,9.74,10.96,107.86,98.91,113.62,107.34,96.12,1.11
2,343.21,10.26,10.47,101.61,105.09,98.24,97.04,111.94,1.08,10.74,10.0,101.72,105.79,99.86,99.11,111.9,0.95
1,343.317,11.18,10.67,109.07,105.57,108.66,100.25,106.18,0.97,10.31,11.07,102.11,99.5,97.57,98.23,103.61,0.99
2,343.578,10.01,10.9,99.09,103.44,109.08,105.73,98.78,1.08,10.9,11.24,108.77,96.32,97.7,99.25,108.6,1.0
4,343.705,10.42,10.7,103.06,96.16,98.81,96.68,97.69,1.04,11.12,9.91,105.62,105.46,109.92,108.06,112.04,1.02
3,343.912,9.74,10.46,102.6,100.98,98.8,106.31,109.25,1.07,10.21,11.19,103.28,105.67,109.11,94.63,106.77,0.99
1,344.49,9.88,11.38,97.73,102.0,108.01,107.68,103.07,1.02,9.76,10.54,108.33,109.5,97.26,100.2,95.56,1.03
3,344.567,10.38,10.23,110.65,95.31,103.4,95.46,96.57,1.09,10.48,11.5,102.98,105.34,116.06,98.02,98.96,0.98
1,344.583,10.1,11.47,114.86,97.77,103.1,107.8,105.14,1.08,10.23,11.84,100.66,101.33,95.55,101.8,94.65,0.95
3,344.599,10.66,10.38,113.1,99.6,107.34,99.47,94.2,1.03,10.83,11.43,109.65,107.71,108.51,101.52,95.64,1.06
2,345.21,10.62,9.9,108.68,110.22,95.5,95.53,100.05,1.03,10.42,9.84,103.21,104.63,100.06,103.12,102.94,0.98
2,345.236,10.6,9.92,105.45,94.62,101.1,95.74,100.18,1.09,10.88,10.24,112.62,107.19,102.31,100.3,104.19,1.04
3,345.359,10.8,10.64,98.3,106.54,114.56,94.56,93.14,1.14,10.49,11.11,95.63,102.43,110.03,94.66,97.27,1.16
4,345.572,11.26,10.05,112.44,103.46,107.14,103.97,104.92,1.06,11.38,10.32,99.59,97.46,102.96,104.95,111.85,1.08
4,345.999,11.12,10.32,110.48,95.08,106.85,103.48,113.37,0.96,11.22,9.96,99.77,100.1,113.96,103.6,112.77,0.97
2,346.006,11.33,9.61,113.76,104.6,94.31,103.24,111.35,1.04,10.31,10.78,99.65,99.76,99.6,107.17,107.36,0.94
2,346.051,10.92,10.94,109.06,105.38,92.39,96.12,109.86,0.98,10.41,9.74,108.02,105.58,108.5,103.67,97.25,0.93
3,346.062,9.32,10.86,110.0,106.21,113.37,109.18,92.0,1.08,10.22,10.61,109.52,108.85,99.28,110.89,92.84,1.04
2,346.261,10.84,10.83,113.31,101.32,100.45,104.23,96.51,0.98,9.88,10.84,96.26,107.01,98.65,108.66,110.48,0.95
3,346.273,9.46,10.36,96.07,94.19,105.79,107.92,106.26,1.03,10.02,10.32,102.71,104.89,111.31,96.94,108.21,1.06
3,346.31,9.87,10.48,113.28,100.15,104.15,99.25,104.78,1.1,10.0,11.16,106.51,98.17,102.52,102.0,97.68,1.04
3,346.334,10.99,11.36,107.67,95.44,111.55,107.95,100.88,1.14,10.66,10.84,99.49,96.44,114.56,98.59,92.12,1.13
4,346.391,11.06,10.83,105.9,103.7,109.83,110.2,109.62,1.04,10.3,10.45,106.45,105.98,98.86,104.64,113.37,0.96
3,346.795,10.87,9.81,101.2,91.57,113.3,107.41,106.23,1.06,10.09,11.17,112.29,107.37,98.11,95.12,101.89,0.99
1,347.096,10.64,11.33,103.94,112.71,103.62,105.26,100.89,1.0,11.05,10.52,99.2,100.32,106.71,103.37,97.1,1.06
1,347.223,10.81,10.18,112.35,101.38,96.5,106.03,98.9,0.96,9.87,10.13,114.63,111.45,98.24,100.73,106.18,1.01
4,347.448,10.65,10.28,109.02,94.83,107.96,97.89,106.33,1.04,10.12,9.92,112.07,108.92,104.66,97.76,104.76,0.99
3,347.606,10.26,10.72,113.03,108.88,114.02,109.46,101.49,0.98,9.93,10.64,101.8,108.12,114.65,96.17,100.58,1.06
1,348.008,10.13,10.38,104.22,100.68,100.09,109.03,106.2,1.01,10.33,11.41,108.31,111.24,94.76,107.74,108.32,1.07
1,348.023,10.02,10.66,108.1,103.4,104.95,113.94,100.06,1.1,10.28,11.91,107.2,104.64,101.89,103.1,107.64,1.1
3,348.093,10.29,11.42,102.87,104.87,110.4,107.44,106.08,1.14,10.97,10.18,103.06,104.3,112.56,110.35,92.54,1.05
1,348.188,10.84,10.37,100.17,100.32,99.43,104.38,110.47,0.96,11.14,10.87,112.44,99.82,93.75,97.53,108.88,1.11
1,348.259,9.84,11.12,104.68,114.57,107.53,110.76,94.91,1.02,10.24,10.08,98.05,101.39,103.37,112.0,104.42,1.06
2,348.452,11.04,9.59,102.97,97.71,94.74,110.47,103.69,0.94,10.33,9.63,107.22,105.97,93.72,102.53,100.53,0.95
3,348.915,9.38,10.27,107.77,96.9,99.8,96.37,107.55,1.15,10.85,11.23,107.21,94.54,97.79,107.28,100.62,1.15
2,348.991,10.96,10.51,107.99,93.72,96.54,106.42,107.59,1.01,10.87,10.32,111.33,101.44,95.86,95.15,112.33,1.08
2,350.646,11.59,9.93,107.65,107.6,105.57,106.22,106.54,0.98,10.6,11.05,108.04,107.65,100.56,104.76,99.03,1.05
3,350.87,10.52,11.04,105.46,106.08,112.44,98.1,105.37,1.03,10.91,10.71,110.42,106.7,110.45,96.73,99.33,1.02
3,350.897,9.38,10.96,111.53,107.37,100.41,95.35,96.74,1.12,10.0,9.94,100.61,93.95,105.93,111.14,106.72,1.12
1,350.986,10.25,11.81,104.35,105.04,95.44,101.99,109.39,0.96,11.31,10.87,108.41,113.85,97.36,111.35,94.88,1.03
4,351.22,9.62,10.47,112.21,103.95,99.83,108.65,114.51,1.11,10.5,10.15,112.23,94.04,105.44,107.99,103.41,0.96
2,351.342,11.55,10.32,108.59,103.16,109.44,111.19,113.62,1.01,10.61,10.56,97.62,100.23,99.22,106.53,102.78,1.06
2,351.426,10.04,10.18,99.55,103.65,109.2,112.14,108.56,1.06,10.65,10.36,113.76,110.13,99.16,105.62,101.26,1.02
3,351.924,9.55,11.07,99.29,107.81,104.0,95.35,109.1,1.04,10.66,10.68,111.87,104.89,101.72,99.34,97.85,1.02
2,352.027,10.12,10.52,104.61,99.04,94.11,99.44,111.69,1.06,10.8,10.86,112.77,95.82,107.2,111.0,101.14,1.02
4,352.038,10.83,9.87,99.86,95.73,104.8,94.76,110.31,1.12,9.6,10.71,108.27,101.46,109.07,109.82,97.92,1.1
3,352.326,10.75,10.94,106.27,101.82,110.44,106.84,109.26,1.15,10.78,10.44,104.4,94.82,113.61,102.61,94.91,1.09
1,352.523,10.74,10.8,114.9,103.13,94.47,103.19,102.39,1.03,9.58,11.63,113.07,109.27,97.99,103.68,101.41,1.05
2,352.786,10.97,9.93,108.52,100.6,102.09,97.81,96.49,1.07,10.39,11.13,98.62,101.8,103.88,101.34,96.52,1.03
1,352.859,10.82,10.64,108.52,114.0,103.69,109.78,101.57,1.02,10.77,10.94,101.16,97.95,107.2,102.83,109.16,1.05
1,353.299,10.64,11.42,106.07,114.51,100.48,110.66,107.85,0.99,10.76,10.27,105.63,100.68,110.1,103.97,109.3,1.09
3,354.709,11.0,9.8,110.82,103.94,103.87,98.95,99.37,1.04,10.78,10.71,108.96,96.76,97.76,95.67,96.27,1.1
4,354.719,11.19,10.07,96.31,108.49,103.89,97.04,105.74,1.13,10.43,10.22,102.83,108.94,100.82,103.6,111.63,0.97
3,354.836,10.05,10.83,106.69,94.24,102.78,108.09,107.23,1.16,9.68,10.13,98.25,92.85,110.67,100.07,108.56,1.16
3,354.96,9.48,10.22,98.76,100.4,98.92,96.27,103.91,1.06,10.35,10.15,97.67,107.25,104.35,99.27,95.7,1.14
4,355.266,9.84,9.92,108.9,108.64,110.26,102.24,105.52,1.03,11.06,9.94,105.36,106.29,99.56,101.3,103.62,0.99
1,355.27,10.87,10.42,111.4,106.35,101.32,112.51,110.97,0.94,10.06,10.63,109.82,112.71,102.39,96.96,94.33,1.1
3,355.298,10.26,10.71,108.54,100.74,100.87,106.09,109.01,1.0,9.51,11.23,98.03,104.31,101.06,110.01,94.83,1.12
4,355.355,10.85,10.82,103.68,98.43,98.86,108.06,111.44,1.02,9.93,11.26,96.09,93.97,113.14,103.37,104.13,1.12
1,355.415,10.22,11.3,105.96,106.6,105.91,102.57,106.06,1.08,11.06,10.58,102.84,115.17,97.01,101.11,104.79,1.02
4,355.776,9.98,9.62,105.9,105.45,112.91,110.47,102.64,1.1,10.97,10.63,95.89,99.03,96.8,99.53,98.25,1.02
1,356.125,11.26,10.98,100.84,112.09,109.92,104.72,101.43,0.95,10.05,11.02,112.81,109.98,102.98,110.94,101.41,1.04
3,357.015,10.75,9.9,102.72,100.93,111.27,102.8,95.05,0.99,10.54,10.65,104.47,92.3,100.91,105.05,106.29,1.01
1,358.585,10.69,11.71,107.66,107.9,102.14,109.63,102.71,1.09,9.84,11.29,108.88,115.43,108.73,112.09,100.04,0.96
4,358.779,9.69,11.19,109.61,103.22,107.82,96.9,99.44,1.01,9.86,10.7,100.22,106.16,112.02,108.82,103.98,1.01
3,359.136,10.75,9.68,101.92,106.55,106.94,100.07,101.77,1.12,9.58,11.45,97.2,93.93,110.37,107.27,96.74,1.0
2,359.185,11.6,11.09,102.77,102.9,97.32,99.7,106.54,0.93,10.3,10.1,97.12,98.97,106.74,102.86,99.62,1.06
2,359.216,9.89,9.66,104.94,94.94,94.82,94.52,101.95,0.92,11.06,10.12,110.46,98.43,102.9,102.32,101.72,1.04
4,359.564,10.85,10.58,110.24,101.71,99.8,103.32,99.48,1.13,10.81,9.81,103.35,96.96,96.6,96.46,105.65,1.12
2,359.686,9.94,9.69,105.99,105.44,107.9,97.19,96.94,1.03,10.3,10.83,95.97,108.77,101.0,104.76,98.47,0.96
2,359.762,10.02,10.78,99.35,100.06,94.16,109.09,98.46,1.03,10.6,9.72,96.03,100.36,99.32,101.38,106.47,0.98
2,359.828,10.29,11.2,98.32,103.38,104.55,98.75,105.57,0.97,10.45,9.82,108.04,105.6,109.38,102.12,109.86,0.95
2,360.343,11.04,10.97,101.54,106.41,102.67,100.34,112.37,1.0,10.93,9.97,97.17,104.01,104.01,101.02,98.46,1.06
2,360.861,10.52,10.76,102.49,93.64,94.83,100.62,102.43,1.06,10.32,9.75,100.48,96.22,96.57,111.68,105.81,1.08
1,361.011,10.01,10.54,106.42,111.24,106.89,102.72,94.53,1.04,9.68,11.16,108.15,98.39,106.21,110.01,103.92,1.01
1,361.181,10.9,10.87,113.4,101.38,103.99,99.22,108.94,0.99,10.48,11.2,107.46,113.85,101.64,108.83,93.85,1.08
3,361.638,9.98,11.35,102.48,100.65,100.34,108.42,101.84,1.07,9.71,10.51,97.48,91.79,98.27,99.96,109.17,1.03
3,361.85,9.88,10.32,104.0,91.7,98.81,102.97,93.32,1.1,10.14,10.19,107.52,92.28,110.79,95.96,101.6,1.03
2,361.873,11.6,10.43,111.92,102.48,106.08,103.42,105.7,1.06,10.96,10.8,99.86,105.66,105.66,107.52,101.06,0.99
2,362.379,10.34,10.36,106.26,98.88,96.0,101.8,100.05,0.95,9.92,10.85,98.7,93.64,93.81,111.91,109.45,1.09
1,362.999,10.08,11.17,108.52,106.95,96.75,100.9,110.03,1.06,10.22,11.51,105.18,97.94,104.0,107.59,98.0,1.07
2,363.129,10.47,10.3,104.93,98.93,97.27,97.43,101.78,0.99,10.85,9.67,106.24,98.16,94.16,110.05,113.68,0.98
1,363.156,9.64,10.27,101.64,113.91,106.83,107.21,99.35,1.02,10.07,10.57,110.73,108.9,96.14,112.74,98.92,0.96
3,363.206,9.7,9.76,96.06,91.61,114.86,99.96,98.65,1.13,10.16,11.05,105.63,91.9,110.26,105.35,105.89,1.04
2,363.704,11.49,9.98,106.1,108.68,97.64,108.29,105.95,1.06,11.69,10.99,113.19,104.77,97.29,105.52,101.62,1.05
3,364.293,9.56,9.71,106.98,100.65,104.4,107.96,107.45,1.07,10.84,11.04,106.93,106.08,103.59,110.79,106.07,1.15
2,364.519,10.96,10.72,99.43,101.32,102.14,108.02,104.66,1.08,10.04,9.75,97.28,96.04,99.7,104.04,111.54,1.05
4,365.025,9.88,10.87,96.1,102.48,96.65,98.04,106.53,1.12,11.37,10.0,101.26,108.4,109.99,109.92,100.88,1.04
3,365.038,10.86,11.28,95.69,105.66,114.15,103.74,92.84,1.14,10.33,10.07,110.25,106.94,115.51,103.56,95.21,1.13
4,365.284,10.52,10.87,101.81,93.54,96.32,101.06,111.36,1.02,10.47,9.74,108.82,102.09,100.1,95.59,103.18,1.11
4,365.737,11.34,10.64,102.6,109.58,106.96,106.75,105.56,1.1,10.16,10.85,110.44,95.4,97.3,99.47,111.32,0.99
2,366.27,11.67,11.05,96.96,104.54,96.06,104.93,97.06,1.08,10.87,10.44,99.57,96.58,108.07,99.77,97.89,1.02
4,366.354,11.14,10.08,101.81,105.45,110.24,99.36,109.83,1.02,9.93,10.45,109.81,108.92,95.94,110.7,100.58,1.05
1,366.614,10.31,11.36,114.23,112.24,103.17,103.19,107.84,0.97,9.85,11.38,102.66,98.58,109.42,104.37,104.2,0.94
1,366.904,10.74,11.44,101.08,106.0,98.61,103.13,110.0,1.06,10.74,10.42,110.13,109.55,105.92,98.08,103.43,1.02
3,367.522,9.98,10.96,109.1,106.01,116.07,103.37,106.12,1.11,10.4,9.81,109.56,93.47,100.26,98.17,102.8,1.12
2,367.567,11.28,10.77,101.45,93.5,100.13,103.49,107.25,1.02,10.14,11.08,101.73,95.73,95.64,105.91,112.39,1.07
3,367.874,9.57,10.3,103.67,93.32,105.28,105.32,102.93,1.07,9.59,11.46,108.39,98.37,102.33,104.38,103.56,1.12
4,368.153,10.82,9.94,104.61,109.65,110.82,111.21,105.15,1.11,10.95,10.3,110.86,95.29,109.8,104.1,106.15,1.05
4,368.794,9.8,9.7,101.51,110.15,99.53,95.77,110.5,1.12,11.2,10.78,101.64,108.47,107.81,98.65,106.0,0.98
1,369.065,10.74,11.45,105.21,102.67,107.22,107.29,99.63,0.94,10.13,10.66,108.3,102.11,108.77,99.46,105.65,1.02
3,369.338,10.96,9.97,107.52,107.33,101.48,94.89,109.22,1.0,10.07,9.7,113.07,108.24,110.44,111.19,97.37,1.04
2,369.602,10.46,10.91,97.73,99.69,98.83,95.02,106.47,0.98,10.62,9.93,106.46,93.78,107.39,111.62,112.76,1.0
4,370.382,9.91,10.42,104.8,104.99,104.42,108.15,108.67,0.98,11.19,9.64,97.77,93.82,113.73,100.43,106.09,1.06
3,370.501,9.3,10.52,98.6,100.15,105.48,109.85,99.12,1.0,9.92,10.31,101.19,107.06,110.08,102.08,102.93,1.08
1,371.042,10.35,10.21,103.88,99.12,99.84,112.06,102.09,1.08,11.24,10.86,98.88,100.23,102.86,101.82,110.78,0.98
3,371.042,9.93,11.17,110.12,105.47,107.08,111.54,97.11,1.12,10.73,11.28,108.36,94.82,114.42,97.22,94.47,1.15
1,371.135,10.47,10.61,101.99,104.47,97.56,103.25,110.27,0.99,9.89,10.02,108.57,109.27,93.39,103.66,111.02,1.02
2,371.154,10.41,10.73,104.24,105.41,106.13,98.44,103.34,1.01,10.07,10.55,97.14,94.15,100.02,96.22,113.36,1.03
4,371.33,9.68,11.28,96.86,102.58,111.24,100.81,107.68,1.05,10.6,9.8,104.46,104.36,113.98,111.12,108.36,1.13
3,371.608,9.36,9.83,103.6,106.14,105.34,95.68,107.74,0.98,9.9,10.18,107.29,101.67,105.54,101.94,107.48,1.1
2,371.87,10.96,10.22,106.94,104.62,109.4,107.34,104.19,1.01,11.03,10.7,96.86,93.28,96.31,112.15,109.26,1.03
4,371.914,9.96,10.36,103.0,106.45,110.66,106.73,97.46,1.12,11.19,10.97,111.62,107.84,102.29,108.34,109.95,1.03
4,372.082,9.98,10.55,103.5,99.49,99.06,105.97,98.19,1.05,11.13,10.44,111.88,96.32,103.94,96.72,102.05,1.0
4,372.147,9.59,10.79,106.06,97.13,96.35,104.32,99.04,0.99,9.88,11.03,98.29,94.83,103.25,109.53,100.74,0.97
3,372.236,10.18,10.11,99.91,94.69,113.64,104.04,96.24,1.1,10.93,11.51,97.55,104.9,104.44,98.49,108.24,1.13
3,372.251,10.52,10.62,111.99,103.94,101.08,102.0,96.04,0.99,9.59,10.55,103.09,108.88,109.68,96.03,101.49,1.03
1,372.424,9.88,11.51,102.05,107.58,101.84,114.65,109.35,1.1,11.19,10.82,113.78,105.76,107.14,96.96,100.54,0.96
3,373.465,9.59,10.11,108.17,92.91,108.75,106.43,101.57,1.03,10.6,9.85,100.08,105.67,101.9,95.95,107.56,1.04
3,373.478,9.71,10.44,113.48,96.73,108.75,110.52,93.64,1.03,9.43,10.19,104.08,93.9,104.91,97.34,105.6,1.04
2,373.731,11.02,9.76,110.85,97.82,105.06,99.58,103.69,0.98,10.8,9.94,96.21,95.47,96.29,100.05,98.13,1.06
3,373.791,10.49,11.17,100.18,94.41,108.72,96.3,96.76,0.98,11.03,10.26,107.24,104.02,102.52,99.17,107.51,1.14
3,374.082,10.64,9.85,100.46,91.73,98.48,105.68,93.55,1.04,10.15,11.41,99.06,106.38,110.76,99.48,97.57,1.06
3,374.207,9.83,10.94,110.62,94.52,112.4,97.29,107.79,1.01,10.54,11.2,108.01,106.47,104.12,107.86,100.51,1.09
2,374.209,10.9,10.6,99.66,106.97,102.12,101.28,100.81,1.06,10.62,11.22,101.5,106.13,103.1,103.38,101.54,1.06
2,374.34,11.09,10.99,105.27,109.18,99.34,99.84,106.49,0.98,9.88,10.76,100.61,101.78,106.21,107.63,97.92,1.09
4,374.637,10.76,11.18,108.1,95.87,102.41,99.21,97.33,1.03,11.2,11.26,113.9,106.0,98.68,100.46,113.78,1.07
2,374.718,10.49,11.09,104.91,110.5,99.54,97.66,106.54,1.07,11.52,10.76,101.97,105.95,102.94,94.68,106.54,1.06
4,375.93,9.97,11.26,107.5,97.57,102.03,103.53,111.26,1.0,9.64,9.76,100.98,97.13,96.31,99.46,101.5,1.08
1,376.018,10.45,11.19,109.58,113.9,106.7,101.09,105.86,1.02,9.98,10.58,110.63,114.57,109.9,100.96,96.24,1.03
2,376.711,11.52,10.35,108.22,100.1,101.4,105.95,101.01,0.95,9.89,9.64,101.27,104.84,95.3,101.43,102.26,1.06
2,376.716,10.2,9.61,102.15,104.43,98.33,103.54,98.98,1.03,10.76,10.47,101.64,109.0,108.46,106.29,110.14,0.97
2,377.135,10.78,11.07,107.75,104.46,107.77,106.85,103.35,1.07,10.65,9.85,97.5,103.4,104.12,106.48,108.63,0.95
4,377.241,10.68,10.86,111.27,103.87,107.38,111.7,106.57,0.96,10.72,11.16,102.2,95.68,112.02,109.52,103.69,0.97
3,377.411,10.78,11.4,111.13,95.76,115.51,95.93,101.06,1.14,10.44,10.77,110.12,101.43,102.18,94.3,100.61,1.12
3,377.579,9.44,10.72,107.74,103.73,112.4,102.65,109.17,0.99,10.15,10.18,112.68,101.08,109.96,101.85,98.7,1.12
1,377.739,11.08,10.41,102.36,99.13,109.47,103.45,109.7,1.05,10.2,10.66,102.74,101.86,97.99,100.24,102.22,0.99
1,378.11,10.1,10.58,107.34,100.8,107.49,112.51,111.05,1.0,10.63,11.91,113.85,101.99,107.7,101.09,96.66,1.03
3,378.278,9.43,10.08,113.58,107.4,104.91,96.49,109.08,1.09,10.49,10.5,108.0,98.68,106.07,104.96,92.18,1.05
1,378.638,9.54,11.01,106.64,107.91,108.92,98.42,110.81,1.11,10.04,11.31,113.43,107.88,102.8,100.8,108.47,0.96
1,378.961,10.25,11.47,106.0,103.61,109.62,105.66,99.84,1.04,10.68,11.44,98.27,102.96,105.58,110.32,108.27,0.94
2,379.505,10.65,9.9,111.33,107.24,94.91,106.69,105.95,1.08,11.61,9.85,108.44,106.1,100.35,105.76,111.15,1.04
2,379.808,10.15,9.72,110.43,104.01,96.29,108.41,101.27,1.09,10.17,10.79,104.49,102.79,98.34,102.91,107.44,1.08
1,379.835,10.34,10.79,98.14,106.46,109.69,97.69,99.11,0.98,9.63,10.3,104.4,114.99,105.28,111.38,96.2,0.97
1,380.167,11.03,11.3,97.05,100.6,103.12,112.49,94.18,0.99,9.61,10.67,115.09,101.09,107.2,112.09,95.94,1.06
4,380.531,10.18,10.17,104.59,95.25,106.76,105.5,109.62,1.01,11.03,10.18,109.14,106.79,98.36,107.99,99.71,0.96
2,380.736,11.45,10.44,98.72,99.04,94.18,107.33,103.92,1.1,10.58,9.87,103.69,108.47,98.4,106.12,108.01,1.08
4,380.822,10.44,10.32,104.34,95.64,96.36,97.66,115.03,1.01,9.99,9.67,110.26,95.92,104.4,94.68,103.82,1.11
3,380.895,10.71,11.19,100.51,103.5,103.87,109.58,96.27,1.12,11.0,11.26,109.65,97.04,99.79,107.98,99.65,1.04
1,381.26,9.57,10.98,98.53,109.17,94.89,110.14,105.44,1.05,10.8,10.19,102.08,100.32,101.12,104.47,93.66,1.02
1,381.558,10.35,11.02,112.0,113.76,100.1,114.17,96.57,0.95,10.9,11.73,97.08,109.5,93.31,97.62,98.82,1.02
3,381.673,10.16,9.79,111.51,92.97,105.65,98.51,109.08,1.07,10.58,10.3,99.48,99.14,108.61,99.86,100.06,1.06
2,381.679,10.96,11.35,108.68,98.62,103.22,100.58,100.46,1.05,11.38,10.26,108.64,103.73,99.16,111.24,112.45,0.93
3,381.815,10.59,10.24,97.16,96.03,114.92,103.56,104.59,1.1,10.62,10.57,103.83,99.75,104.42,102.8,99.6,0.99
4,382.438,10.2,9.7,95.93,98.36,103.36,100.03,104.32,0.97,10.74,10.22,96.66,94.46,105.45,109.92,109.0,1.11
2,382.791,11.3,10.3,96.71,102.78,96.06,97.62,97.16,0.99,11.45,10.61,99.57,99.57,99.89,94.9,101.76,0.99
4,382.896,10.4,9.92,97.09,103.81,108.62,104.29,114.87,1.06,10.63,10.46,107.83,95.13,103.65,99.4,110.95,1.1
1,383.229,10.47,11.35,97.08,112.65,94.5,99.34,110.47,0.95,9.52,11.84,98.77,115.74,95.83,110.28,110.27,1.06
4,383.325,10.97,10.61,102.69,106.74,102.85,94.96,113.3,1.03,9.93,10.44,99.85,94.08,100.85,98.74,113.71,0.95
3,383.432,9.7,10.5,109.88,99.57,104.91,96.96,96.04,1.13,9.89,11.45,96.73,100.15,100.36,104.86,92.14,1.16
3,383.802,10.63,10.4,103.06,94.1,99.86,103.78,100.88,1.15,9.95,11.18,109.66,107.52,114.23,100.5,102.94,1.09
2,383.905,10.51,10.9,112.66,107.99,93.51,109.45,96.42,1.08,10.08,10.65,103.06,109.0,108.33,105.93,105.99,1.05
2,384.0,10.52,11.36,111.34,100.61,97.19,111.04,108.6,1.05,11.34,11.08,105.12,98.94,108.86,94.86,98.76,0.93
3,384.274,9.35,11.4,96.77,108.28,101.92,107.41,102.1,1.12,10.37,10.14,100.33,96.26,102.82,99.55,101.97,1.06
4,385.21,9.92,10.21,112.87,99.08,104.59,100.81,112.74,1.12,10.91,10.32,107.46,110.15,101.41,104.87,109.47,0.96
4,385.538,10.54,11.27,103.03,100.36,102.18,94.96,102.84,1.03,10.68,10.46,110.16,102.09,114.0,97.2,107.86,0.98
4,385.541,10.68,9.8,112.77,107.73,98.48,108.83,103.82,1.08,9.83,9.81,96.23,110.33,106.77,103.53,103.98,1.06
2,385.773,10.35,11.08,106.59,108.38,108.51,104.98,104.74,0.99,11.56,9.9,96.5,106.75,108.32,102.52,109.36,1.05
3,385.894,9.72,11.2,110.25,105.75,111.39,103.56,103.91,1.04,10.6,11.01,111.24,107.47,113.02,108.88,96.22,1.13
1,386.104,10.2,10.69,106.83,101.91,109.16,107.64,103.46,1.08,9.75,11.58,114.98,105.72,103.56,98.57,104.31,1.09
1,386.487,9.95,11.0,107.0,111.47,100.57,115.1,103.08,1.07,10.26,10.39,106.19,104.47,108.27,114.21,97.35,0.99
3,386.929,10.97,10.47,104.02,95.86,105.58,107.41,94.72,1.13,10.47,9.84,100.73,102.86,110.45,110.93,105.04,1.06
3,387.325,10.51,11.02,103.6,106.87,103.38,107.27,92.14,0.98,9.84,10.02,102.99,99.13,108.86,98.93,108.25,1.04
1,387.526,10.48,11.87,104.52,98.86,103.74,100.84,94.18,1.01,11.11,10.79,98.52,114.41,95.15,107.14,107.57,0.98
4,387.527,11.25,10.51,103.05,94.9,98.92,96.21,105.71,1.03,10.21,11.3,110.68,97.26,104.92,95.16,110.61,0.95
2,388.342,11.65,11.28,105.3,103.73,98.0,97.35,110.08,1.04,11.72,10.58,103.92,98.77,101.98,105.93,106.44,0.96
2,388.665,10.87,11.28,105.14,94.5,98.14,98.84,110.33,0.94,11.65,10.72,113.76,109.96,109.01,102.26,95.78,0.98
4,389.079,11.09,9.9,109.14,104.36,112.59,110.48,108.31,1.11,10.3,11.18,108.32,96.46,97.6,111.51,111.03,0.97
3,389.786,10.66,9.94,100.57,101.63,103.27,102.35,100.14,1.12,9.96,10.38,104.78,103.65,105.41,104.08,104.78,1.12
4,389.892,9.93,9.56,110.16,108.14,106.03,105.96,114.55,1.02,10.86,11.11,105.76,93.73,103.67,99.89,101.45,1.01
1,390.143,9.66,10.93,99.99,98.19,109.33,110.54,98.17,0.94,10.18,10.17,97.21,112.95,105.47,108.0,109.61,1.01
2,390.161,10.87,11.17,103.69,101.4,102.31,100.31,103.92,1.08,11.23,9.66,107.22,98.71,94.78,107.04,111.8,1.09
3,390.692,10.21,10.5,111.74,103.91,108.33,109.85,98.12,1.14,9.6,9.79,104.56,101.63,110.48,105.32,108.46,1.13
2,391.678,11.53,9.98,97.72,93.72,98.33,97.04,107.36,1.06,10.72,9.82,111.33,101.78,100.14,108.14,110.52,0.99
2,391.745,10.73,9.9,95.66,103.0,96.0,111.04,101.14,1.0,11.14,9.81,104.07,108.94,105.57,106.93,106.2,1.0
4,391.758,10.23,10.4,99.16,99.42,107.6,95.39,104.89,1.07,10.38,11.08,111.69,99.64,101.16,106.56,98.99,1.12
3,391.889,9.8,9.98,111.74,93.14,97.71,110.2,96.06,1.08,10.91,11.0,111.55,94.81,109.09,103.8,101.16,1.05
1,392.207,9.92,11.54,107.66,106.35,109.08,99.48,109.92,1.11,9.98,10.27,103.15,99.84,108.01,112.7,100.29,0.95
1,392.283,11.28,10.74,108.3,108.39,103.9,99.91,98.46,1.01,10.26,11.34,98.9,102.85,97.19,100.82,106.97,1.01
3,392.572,9.69,10.95,110.02,98.68,115.24,108.6,98.07,1.02,10.3,9.76,109.91,103.94,115.69,99.13,104.16,1.16
2,392.692,10.18,10.32,101.45,105.66,97.47,110.31,99.11,1.07,11.56,10.82,113.22,103.73,99.07,98.24,100.7,0.98
3,392.783,9.98,10.81,107.67,107.61,102.54,96.96,100.25,1.1,10.86,10.42,101.1,102.14,112.44,110.11,96.91,1.16
1,392.976,11.09,11.28,103.83,111.91,109.55,103.31,103.32,0.95,10.15,10.7,105.18,109.2,95.26,111.66,101.44,0.96
2,393.474,11.6,10.14,102.66,94.01,109.65,98.78,97.92,0.93,10.31,10.28,109.35,100.09,98.36,99.04,98.5,1.0
1,393.801,9.89,11.23,101.38,106.95,95.78,112.44,99.35,0.96,10.92,10.7,114.63,103.99,95.94,114.08,106.89,1.0
3,393.839,10.37,10.07,100.39,92.83,100.23,107.6,101.72,1.08,10.22,10.8,100.37,94.58,105.08,109.32,100.06,1.15
1,394.053,9.52,10.58,112.09,102.74,104.68,97.81,98.14,1.04,10.45,10.7,112.17,111.3,97.24,106.03,110.9,1.05
4,394.377,10.01,11.13,111.88,97.44,107.0,103.02,106.58,0.98,10.74,9.7,105.06,102.28,98.08,109.15,97.5,1.13
3,394.631,10.41,11.41,101.19,96.0,103.06,109.58,93.75,1.01,10.37,11.29,95.94,94.82,113.64,97.8,107.8,1.14
3,394.748,10.35,10.37,108.81,99.09,102.27,99.99,107.64,0.99,10.04,10.8,111.07,93.41,103.43,111.49,106.08,1.0
1,394.899,9.86,11.78,98.91,107.86,103.41,105.5,99.91,1.1,11.22,10.74,102.74,105.92,104.48,112.51,101.31,1.1
3,394.992,9.62,10.35,111.55,92.56,110.82,99.96,103.33,1.1,9.49,10.63,100.46,101.75,104.65,104.76,105.84,1.16
3,395.014,9.41,11.26,109.56,105.4,109.68,107.18,97.36,1.04,9.46,11.06,101.12,93.86,103.63,98.26,106.36,1.14
2,395.261,10.92,10.29,98.83,99.77,99.33,105.62,106.49,1.01,10.32,9.81,99.49,99.21,94.83,96.94,106.13,1.04
4,395.303,9.93,11.26,100.71,94.84,104.61,108.86,100.56,0.97,10.2,10.54,101.64,94.43,99.54,99.3,113.89,1.1
4,395.983,10.91,11.33,104.21,106.06,100.48,102.14,105.44,0.97,10.66,10.84,109.99,106.89,102.3,98.53,109.06,1.06
1,396.082,9.73,11.48,110.27,105.2,94.97,105.04,104.64,0.95,9.78,10.41,98.91,108.67,94.23,103.97,102.18,1.06
2,396.828,11.4,10.18,105.77,100.64,103.29,100.05,108.64,1.09,11.07,10.99,99.05,102.92,106.74,103.48,101.09,0.94
1,397.436,10.01,11.0,101.06,113.9,95.09,102.56,101.77,1.03,11.14,11.63,97.51,108.11,93.74,114.46,98.98,1.04
3,397.594,10.45,10.84,106.06,103.84,101.26,110.83,96.63,1.03,10.97,10.66,97.87,105.36,106.22,98.34,95.81,1.12
1,397.606,11.16,11.41,108.5,105.12,105.47,104.2,110.99,1.03,9.58,10.51,113.36,103.13,95.25,97.48,103.45,1.03
1,397.707,11.19,11.56,102.62,105.09,105.46,105.01,98.98,0.96,10.96,10.21,110.06,100.32,100.6,104.49,106.97,1.1
4,398.067,10.25,10.28,98.34,100.36,99.44,97.16,112.31,1.0,10.94,11.04,99.17,105.98,109.73,111.12,108.07,1.12
1,398.101,11.25,11.21,104.38,111.82,103.08,100.76,96.88,0.96,10.81,10.67,112.45,114.51,96.37,108.39,101.46,0.99
1,398.114,10.85,11.24,97.4,113.43,95.27,114.17,101.86,1.06,11.21,11.7,103.4,108.39,104.48,100.9,97.1,1.08
3,398.291,9.8,10.45,104.69,96.9,109.11,104.1,106.12,0.98,10.81,9.69,101.86,103.75,98.55,110.47,104.09,1.12
2,398.617,11.1,11.13,112.62,94.76,109.63,98.95,110.76,1.01,11.67,10.77,112.91,100.4,99.96,103.65,98.53,1.05
1,398.829,10.76,11.15,98.28,106.74,108.72,102.26,99.48,0.98,10.27,10.62,105.36,115.09,102.63,109.55,109.83,1.01
2,398.852,11.39,11.14,108.22,101.82,102.7,95.79,112.39,0.97,10.65,11.15,96.03,96.05,97.97,102.83,108.89,1.05
4,398.915,9.6,9.97,101.52,103.62,98.56,99.11,111.29,1.04,9.93,10.8,106.55,108.18,106.03,95.24,107.37,1.01
4,399.1,10.45,10.46,101.74,101.9,104.66,111.11,110.82,1.03,10.39,10.6,112.74,94.88,112.21,105.43,103.61,1.03
3,399.12,9.48,9.83,107.4,98.27,98.58,105.96,107.29,1.14,9.51,10.13,109.48,101.66,110.67,100.42,98.55,1.14
3,399.139,10.86,11.16,103.1,108.88,100.87,109.18,109.01,1.06,10.21,11.19,113.55,96.56,113.64,108.82,92.38,0.99
4,399.516,9.89,9.92,109.47,101.86,99.8,103.46,104.42,1.07,9.91,9.6,96.7,104.13,104.77,94.96,102.12,1.12
2,399.692,9.9,10.54,108.77,94.52,94.81,96.18,97.31,1.09,10.17,10.29,106.74,97.67,93.76,108.3,102.09,1.06
3,400.959,10.86,11.34,111.14,92.39,101.34,109.12,94.24,1.07,10.08,11.42,97.87,107.33,106.08,103.53,102.31,1.06
2,401.27,10.75,10.58,104.82,102.23,99.58,105.06,105.25,1.03,11.3,9.59,103.34,102.9,109.63,105.16,103.67,1.04
4,401.725,10.57,11.23,102.63,107.64,109.54,108.28,103.21,1.06,11.39,9.76,105.0,105.46,109.99,95.24,105.82,1.09
3,401.968,9.3,10.12,104.59,100.73,113.62,102.54,98.9,1.12,10.35,10.68,111.03,99.72,103.6,100.79,95.11,1.1
2,402.067,11.1,11.09,100.39,94.5,105.86,107.24,113.8,1.08,11.35,11.34,96.12,99.16,109.8,99.76,104.95,0.92
3,402.557,9.47,10.48,109.78,98.88,114.1,106.77,100.99,1.08,10.84,10.12,112.97,103.48,107.96,109.92,93.77,0.99
3,402.614,10.8,9.71,108.02,99.37,115.7,111.42,107.23,0.99,10.05,11.11,103.83,102.14,108.76,109.46,106.48,1.06
3,402.691,10.73,10.13,96.21,103.87,99.24,98.77,109.22,1.01,10.07,10.4,108.97,96.8,105.8,106.18,95.63,1.03
1,402.826,10.73,10.09,113.78,99.91,92.85,101.66,109.35,1.03,10.12,11.83,104.86,103.85,103.08,112.09,106.48,1.11
1,402.896,11.07,11.7,104.36,111.3,101.03,106.12,102.16,1.07,9.66,11.15,108.76,115.13,99.43,97.17,98.59,1.07
2,403.135,10.09,11.14,110.96,99.7,98.29,109.7,99.94,1.09,10.87,9.88,100.92,105.82,107.61,101.0,100.26,1.03
1,403.273,10.19,11.02,103.72,107.65,94.76,97.84,108.71,1.03,10.12,10.39,110.48,99.13,98.98,102.42,110.8,1.04
4,403.998,11.36,9.85,97.09,106.91,103.78,106.92,102.75,1.12,10.3,9.98,113.88,107.96,113.75,106.03,101.07,1.02
1,404.177,10.83,11.74,106.38,114.0,105.9,96.95,103.7,1.1,10.94,10.7,100.39,97.95,96.87,101.66,105.76,0.99
1,404.664,9.67,10.45,108.36,101.28,105.19,111.77,106.7,1.07,9.54,10.98,107.87,110.4,104.3,106.78,98.88,1.03
3,405.077,10.39,9.86,100.46,105.6,115.1,99.67,101.54,1.05,9.68,9.76,103.31,101.83,98.11,94.0,100.06,1.03
2,405.587,10.75,10.22,104.35,107.09,102.05,97.58,105.64,1.09,11.05,10.59,97.17,93.12,94.68,108.14,101.88,1.09
4,405.964,9.87,10.51,95.89,97.94,101.64,106.14,105.9,1.1,11.19,10.54,104.77,95.32,104.02,104.03,111.79,0.97
2,406.143,10.53,10.92,95.78,99.6,108.66,108.34,103.08,1.03,9.88,10.56,113.76,101.54,107.68,104.75,102.88,1.02
2,406.173,11.52,10.43,101.15,109.72,106.13,101.73,101.38,1.04,10.07,9.91,103.61,106.69,108.98,100.63,103.52,0.98
4,406.442,10.53,9.93,113.83,106.72,98.81,101.56,111.02,1.08,10.02,10.26,107.52,106.29,97.09,108.28,108.36,1.11
4,406.995,10.45,9.58,104.26,94.25,112.21,108.5,109.45,1.03,10.93,11.16,110.12,96.0,108.96,102.72,112.49,1.01
1,407.547,10.74,11.57,105.04,116.17,109.65,114.05,104.83,0.97,10.64,11.02,98.23,100.3,102.49,102.51,101.66,0.98
1,407.623,10.27,11.02,99.45,112.65,96.39,101.42,106.87,0.95,10.18,10.65,104.51,99.52,94.78,98.04,97.62,1.11
1,407.71,11.1,10.82,107.48,110.57,93.74,105.33,99.2,0.96,9.88,11.53,105.44,102.02,106.82,112.55,98.92,1.03
4,407.757,9.92,9.66,112.96,108.93,98.18,99.39,111.35,1.06,10.1,10.83,106.58,93.84,104.85,102.72,99.25,1.1
1,408.085,10.31,11.74,107.63,107.95,93.33,96.8,102.37,0.98,10.94,11.73,100.08,104.31,95.27,98.46,104.1,1.01
1,408.262,9.64,10.98,103.15,98.01,98.71,113.01,104.73,1.11,10.26,11.14,112.77,114.43,103.9,113.53,101.31,1.06
4,409.479,10.99,10.17,96.37,110.14,109.01,100.56,114.34,1.0,11.07,10.28,96.64,99.93,109.18,102.37,107.42,0.99
1,409.849,10.74,10.08,106.88,106.11,97.41,97.62,110.0,1.02,10.59,11.72,112.19,115.2,109.36,97.12,109.73,0.98
2,409.97,11.67,9.85,97.99,107.76,98.14,96.69,108.1,0.98,11.26,10.12,107.98,106.62,106.96,98.04,97.81,1.08
2,409.993,10.96,11.24,101.22,109.3,102.13,96.22,104.74,1.03,11.06,11.02,108.04,99.75,98.56,97.72,102.25,1.08
2,410.004,11.39,10.92,106.25,93.36,109.05,108.59,106.67,1.09,11.17,9.69,99.09,101.34,99.69,99.27,104.78,1.06
2,410.229,10.72,10.66,97.17,109.3,97.9,99.88,111.18,0.99,11.39,9.69,99.72,106.85,101.78,111.86,101.3,1.01
2,410.286,11.39,9.78,110.86,106.31,92.94,99.4,100.95,1.03,11.06,9.81,104.06,99.16,99.85,100.62,107.84,1.05
2,410.661,10.02,9.82,97.91,99.75,108.63,105.2,110.7,0.95,10.59,10.4,101.95,100.6,108.56,106.66,113.66,1.06
4,411.034,11.33,10.97,111.77,101.67,108.62,103.58,108.96,1.04,10.68,10.89,107.79,95.58,102.84,105.16,105.33,1.01
4,411.728,9.73,10.3,112.5,99.23,99.21,98.8,102.13,1.04,11.12,10.89,110.76,98.43,99.62,101.29,104.61,0.99
2,411.885,11.15,10.41,113.4,106.52,109.78,100.36,107.76,1.09,11.52,9.98,102.28,109.25,105.54,99.28,101.14,0.93
2,411.942,9.98,11.37,102.97,99.88,95.37,100.64,109.87,1.02,11.31,11.08,99.2,93.09,97.32,109.3,110.92,0.96
1,412.156,9.89,11.1,108.9,108.65,107.96,104.93,99.18,1.05,10.16,10.17,108.21,108.72,102.79,109.1,104.87,1.06
4,412.248,9.99,10.74,96.44,106.75,103.49,102.34,98.96,1.08,10.39,10.63,105.0,104.36,110.67,100.18,100.95,1.1
3,412.402,9.87,10.2,113.28,95.07,102.49,109.93,95.82,1.08,9.82,10.15,104.68,103.44,101.53,98.69,97.85,0.98
3,412.477,9.62,9.91,99.41,95.5,107.03,99.79,109.24,1.01,11.05,10.59,96.22,101.3,98.24,109.5,97.37,1.11
1,413.707,10.78,11.14,101.58,103.57,100.05,114.77,109.17,1.1,9.99,11.2,107.94,106.64,96.75,110.94,106.79,0.96
1,413.915,10.53,11.8,112.36,114.92,98.89,111.62,95.4,0.96,10.78,11.71,114.13,114.84,97.76,97.61,100.28,1.0
1,414.493,9.82,11.6,101.06,101.62,105.48,99.82,101.77,1.11,10.04,10.69,114.81,108.67,104.83,110.94,93.55,1.11
1,414.795,11.31,10.25,104.06,110.21,108.75,100.93,105.67,0.99,10.67,11.04,97.97,113.07,101.17,107.74,94.18,1.01
2,414.925,10.54,10.65,100.92,104.01,102.26,102.6,108.18,1.02,11.36,10.62,106.3,98.66,106.13,104.31,96.94,0.95
3,414.963,9.52,10.32,97.46,104.54,103.97,108.65,109.03,1.1,10.87,10.6,101.52,100.7,109.35,96.85,100.16,1.0
3,415.076,9.49,10.2,102.98,95.65,102.49,105.93,105.4,1.1,10.45,10.29,109.24,97.94,101.28,104.67,103.32,1.11
3,415.447,10.7,10.43,108.72,103.6,112.53,104.8,99.15,1.06,11.0,10.5,105.6,91.96,112.36,104.59,99.42,1.05
2,415.934,11.12,11.12,107.99,96.68,102.09,103.65,100.1,1.0,10.01,11.12,99.72,105.79,93.67,97.62,110.02,0.98
3,415.948,9.31,11.37,109.78,95.75,104.25,100.59,99.97,1.12,9.91,10.08,105.75,101.63,104.34,100.05,108.6,1.04
3,416.271,10.91,10.99,110.78,99.14,101.98,98.37,109.19,1.09,10.17,10.68,100.78,102.18,110.47,107.86,106.54,1.05
2,416.45,10.86,10.72,95.64,107.33,106.23,107.7,104.72,0.95,10.32,10.34,98.09,106.47,98.24,103.88,110.33,1.07
1,416.741,10.66,11.37,106.44,104.48,109.55,100.76,101.86,0.98,10.87,11.1,110.45,114.92,100.28,107.65,96.24,1.04
3,417.065,9.52,9.75,109.33,108.37,109.81,110.61,99.08,1.13,10.59,11.47,98.68,92.51,112.53,95.86,104.61,1.1
3,417.31,9.9,9.98,97.97,97.93,104.4,108.14,105.47,1.01,10.92,11.17,102.82,95.65,101.56,107.86,102.71,1.16
2,417.429,10.81,10.89,97.75,102.88,93.88,96.4,104.95,1.08,11.25,10.27,108.32,108.31,97.4,101.48,111.41,0.93
3,417.539,10.86,10.4,111.86,97.46,112.28,100.18,97.62,1.03,9.4,11.39,101.8,100.83,104.14,105.91,103.68,1.02
4,417.662,10.19,10.68,111.53,94.89,97.72,111.14,110.08,1.0,10.02,10.26,109.58,109.55,98.56,105.06,110.81,1.08
4,417.913,10.81,11.18,103.45,108.41,106.6,99.11,103.3,0.97,10.3,10.55,104.46,105.87,110.42,107.63,111.67,1.12
1,417.943,10.58,11.57,97.8,106.6,105.49,112.4,97.88,0.96,10.29,10.34,107.87,100.23,94.67,107.9,108.34,0.97
2,418.082,10.15,11.23,111.8,103.8,98.2,110.29,112.58,0.98,11.35,10.8,110.35,107.95,92.47,108.6,97.88,0.97
3,418.667,10.05,10.12,113.06,92.98,107.04,106.82,105.04,0.98,10.8,11.2,112.75,99.25,110.68,99.57,101.19,1.07
4,418.734,11.38,10.9,104.87,105.87,103.56,99.21,107.03,1.05,10.74,10.05,100.7,97.35,100.8,110.49,114.36,1.08
3,419.21,10.65,10.68,104.76,103.87,102.66,104.51,101.43,1.0,10.87,10.72,99.06,101.03,104.54,109.74,94.76,1.14
1,419.274,10.67,10.17,105.62,115.24,104.66,104.16,102.5,1.1,9.57,11.69,114.98,114.94,94.5,110.05,102.32,0.99
3,419.353,9.32,11.4,104.65,92.7,105.82,101.13,97.93,1.04,9.69,11.19,101.91,104.03,113.86,103.94,109.24,1.15
4,419.69,10.34,9.96,113.38,105.23,103.67,106.47,107.6,1.01,9.78,9.99,111.14,109.82,103.51,94.53,106.09,1.08
1,419.755,10.82,11.5,105.18,114.43,102.13,113.17,110.34,1.04,10.26,10.16,112.78,109.34,104.66,98.04,106.01,1.04
1,419.817,11.05,10.73,98.38,98.83,105.33,100.8,102.95,1.04,9.88,11.54,101.48,102.82,99.99,113.33,107.88,1.06
3,419.981,9.8,10.69,104.85,92.83,98.54,107.31,96.0,0.99,10.64,11.08,104.68,100.61,99.61,101.91,96.57,0.99
1,420.145,11.04,10.68,97.38,100.95,108.84,106.95,95.93,1.1,11.0,10.65,99.99,109.0,95.58,101.82,98.29,1.09
4,420.148,9.8,10.01,112.35,110.5,102.84,100.79,111.36,1.08,10.16,9.7,106.68,109.22,107.23,95.46,98.9,0.98
3,420.643,9.55,10.24,101.63,104.11,100.29,110.77,103.41,1.1,9.7,10.25,99.53,96.35,111.27,100.42,107.09,1.07
4,421.046,10.04,9.91,108.53,104.06,101.62,104.88,98.2,1.02,10.9,10.45,111.91,97.15,104.16,98.53,111.02,0.99
1,421.51,10.09,10.16,101.97,110.21,107.49,110.58,94.8,1.01,9.78,11.44,110.15,106.11,98.61,109.1,109.83,1.07
1,422.026,9.56,11.57,112.21,104.21,105.42,97.12,110.34,1.06,9.7,10.08,103.44,113.49,109.1,101.79,94.82,0.98
2,422.263,11.24,11.24,96.39,96.53,107.61,97.55,113.46,1.02,10.35,10.94,110.96,93.4,104.24,105.48,99.28,1.06
4,422.324,11.2,10.07,106.12,110.15,97.6,98.4,107.07,1.06,10.33,11.19,105.56,95.64,112.21,95.85,101.78,1.1
1,422.547,11.15,11.04,111.62,105.76,105.09,109.4,96.0,0.95,11.11,11.63,112.79,106.35,100.05,111.54,106.95,1.06
3,422.921,10.24,11.24,105.74,106.43,108.64,103.56,94.53,0.98,10.62,11.0,104.78,93.32,109.4,102.84,107.97,1.13
2,423.224,10.7,10.73,99.35,105.51,97.53,100.63,112.33,1.02,10.74,10.42,112.02,110.23,94.38,105.62,110.26,1.06
2,423.566,11.07,10.36,98.57,109.3,102.5,102.98,97.88,1.03,11.62,9.86,108.91,93.26,97.95,100.12,107.4,1.0
4,423.587,11.32,10.78,102.66,99.29,108.74,101.06,108.84,1.11,10.4,10.92,100.82,106.93,113.14,111.91,102.32,0.99
2,423.914,10.35,10.04,107.65,100.65,108.1,105.8,104.56,1.02,10.5,10.84,100.92,107.99,98.34,95.46,107.36,0.97
1,423.958,10.15,10.31,112.53,106.95,104.55,115.02,110.12,1.05,10.59,10.09,112.78,105.04,100.12,101.58,106.79,1.03
2,424.004,10.73,10.08,110.86,95.09,102.75,95.7,96.53,1.0,10.6,10.76,108.36,106.52,103.11,110.83,105.99,1.01
4,424.524,9.65,9.89,110.26,102.02,100.3,94.98,111.44,0.96,9.78,9.84,108.57,95.36,100.3,94.86,103.41,1.03
2,424.563,10.8,9.59,112.76,107.48,100.89,100.86,102.25,0.92,10.67,11.19,107.0,103.39,107.39,107.85,104.35,0.97
2,424.663,10.29,9.95,102.17,98.64,107.4,97.9,101.9,0.97,10.72,11.24,103.99,100.23,97.75,95.05,101.82,1.03
2,424.869,11.34,10.32,107.38,104.44,102.67,105.29,103.32,1.01,10.96,10.8,107.75,97.91,108.92,110.98,111.56,0.96
3,425.106,9.36,11.34,113.73,95.76,104.69,104.1,106.51,1.14,10.47,11.48,112.0,94.24,105.15,106.8,92.75,1.11
2,425.802,11.36,9.95,107.22,109.98,99.95,94.68,100.62,1.09,11.19,10.52,112.81,99.19,109.86,109.08,105.91,1.03
4,426.052,10.52,10.51,109.23,97.71,111.29,104.12,113.06,1.1,9.98,11.04,102.71,106.93,105.89,111.99,104.98,1.02
3,426.173,9.61,10.42,99.44,108.44,102.6,110.41,107.79,1.12,11.03,10.77,104.97,97.71,100.22,106.77,104.87,1.03
2,426.342,10.93,10.15,111.49,96.8,93.88,104.08,97.92,0.99,10.03,10.79,106.9,104.18,92.47,102.72,97.4,0.98
4,426.4,11.33,9.9,96.87,105.36,103.21,107.31,113.31,0.97,9.6,10.85,103.68,106.17,103.82,102.28,101.89,1.06
4,426.423,9.88,10.37,104.57,105.02,97.04,109.16,111.98,1.07,10.02,10.54,105.86,100.09,113.33,96.84,112.32,1.12
2,426.732,11.62,10.11,104.35,98.42,96.4,103.67,105.72,1.0,10.98,11.26,106.57,101.43,105.66,96.22,103.69,1.04
3,426.764,10.42,9.81,111.78,101.95,116.17,107.78,101.23,1.04,10.8,9.97,96.48,106.62,105.39,103.72,99.45,1.15
3,426.798,9.93,10.69,99.86,107.18,109.5,105.04,109.15,1.14,9.48,11.0,110.84,106.08,114.9,106.72,92.12,1.03
3,426.986,10.62,10.8,101.27,98.25,103.74,100.26,99.18,1.02,10.94,10.15,98.3,102.25,99.63,99.79,102.58,1.07
4,427.285,9.81,10.93,103.12,99.29,99.94,96.15,114.07,1.06,10.8,11.21,97.09,103.81,110.78,103.28,102.64,1.05
2,427.538,10.74,10.91,103.09,98.46,108.68,109.99,100.51,0.99,10.23,9.76,101.69,105.41,108.36,111.17,99.62,0.96
2,427.58,11.63,10.48,95.85,106.06,92.9,103.2,111.53,0.99,11.11,9.66,96.3,102.88,100.59,108.63,104.72,1.02
4,427.755,10.45,10.4,101.89,99.28,106.32,111.3,103.34,1.11,11.07,10.0,104.0,94.83,105.05,100.43,106.9,1.08
1,428.069,10.41,10.95,97.8,105.04,107.98,105.01,108.08,0.97,9.82,11.04,107.03,103.4,108.1,113.7,103.4,1.06
1,428.633,9.56,10.86,97.97,113.1,100.37,104.09,108.38,1.01,11.12,11.3,101.09,116.05,105.51,105.16,97.8,0.96
1,428.72,9.77,10.67,114.81,97.86,105.97,100.02,97.57,0.94,9.84,11.87,107.87,101.04,98.57,107.68,110.93,1.09
3,429.577,9.9,10.33,95.88,104.39,98.8,99.22,106.09,1.13,9.62,10.11,107.94,105.87,100.46,104.1,108.95,0.98
1,429.6,11.1,10.27,114.07,114.29,97.51,99.77,108.73,1.09,10.87,11.78,97.8,101.56,101.44,96.96,104.2,0.96
1,429.678,10.49,11.57,107.0,107.17,103.36,98.4,105.47,0.99,10.01,11.33,107.04,103.3,102.48,104.25,102.78,1.05
1,430.01,10.3,10.1,98.14,100.32,93.74,100.85,108.32,1.02,11.14,10.62,98.05,99.42,104.0,103.47,99.44,1.11
3,430.199,9.55,9.94,108.26,99.45,99.82,110.52,97.85,1.1,9.8,11.2,110.96,104.23,99.78,99.19,96.55,1.15
2,430.22,9.96,10.76,109.94,98.32,92.71,103.52,108.92,1.0,11.12,10.56,103.08,93.12,94.95,106.04,96.45,1.02
1,431.125,9.83,11.27,112.07,112.23,105.47,106.68,111.2,1.07,9.62,10.51,112.59,107.56,105.6,102.23,95.14,1.08
1,431.28,10.61,10.73,101.06,101.66,101.85,104.18,105.83,1.06,9.78,10.74,110.54,109.34,105.9,111.24,109.38,1.08
4,431.29,10.25,9.97,99.75,100.16,100.12,98.49,100.56,0.98,10.5,11.03,108.12,102.5,106.45,111.54,113.46,1.13
4,431.426,11.13,11.0,100.85,108.21,106.29,104.1,102.17,1.1,10.45,10.18,102.31,95.73,97.47,98.14,99.82,1.03
3,431.444,10.49,10.82,99.05,104.29,98.8,95.53,93.15,1.02,9.55,9.99,97.7,96.11,113.78,102.54,93.82,0.98
3,431.448,10.44,9.83,104.07,100.74,100.41,106.78,103.59,1.06,10.57,10.45,111.07,94.2,105.03,97.61,108.44,1.01
1,431.467,10.88,10.43,110.54,104.39,93.28,114.77,97.02,1.11,10.68,11.19,109.62,104.46,106.63,98.45,100.25,0.95
4,431.862,10.86,10.36,108.46,93.2,100.35,105.2,103.82,1.13,10.34,9.83,98.22,106.12,99.44,97.79,104.98,1.08
1,432.421,10.47,11.72,112.54,114.41,96.37,110.83,107.82,1.08,10.22,11.44,114.26,104.48,94.56,104.96,104.76,0.97
2,432.526,10.04,10.41,110.34,93.8,96.72,107.19,112.98,1.0,11.12,9.9,105.6,102.9,107.68,97.47,107.49,1.05
1,432.762,9.61,11.2,112.37,98.42,93.06,112.34,103.03,0.97,10.26,10.3,105.02,100.67,102.45,98.4,98.14,0.99
1,433.221,10.42,11.55,106.4,106.64,103.63,104.08,99.35,1.07,10.6,11.09,108.13,102.39,99.4,106.85,101.31,0.99
3,433.319,10.64,10.35,101.33,103.12,110.08,100.07,98.29,1.06,10.13,11.19,105.15,103.48,101.62,108.8,102.71,1.11
1,433.519,10.19,10.43,102.26,101.18,99.7,104.73,102.44,1.1,11.22,11.51,109.48,101.83,97.99,113.21,94.1,1.11
1,433.543,11.08,10.31,106.59,114.41,96.9,110.83,102.11,1.04,10.05,11.82,108.98,100.18,103.03,97.0,95.48,1.02
3,433.628,9.93,11.05,96.66,93.0,114.63,95.36,107.41,1.04,11.05,11.15,98.53,108.36,104.42,110.12,100.33,1.02
4,433.744,10.7,11.29,106.1,106.2,107.44,110.35,106.41,1.06,11.11,10.47,102.16,97.14,108.05,110.06,99.24,1.12
3,434.25,9.77,11.1,102.7,103.79,101.76,100.01,107.48,1.0,9.95,10.5,113.32,91.7,115.13,104.46,107.78,1.0
4,434.554,9.64,10.68,96.61,104.47,108.88,110.36,109.67,1.07,11.39,10.25,100.01,101.49,105.89,110.98,109.37,1.1
3,434.729,9.59,10.94,104.21,106.61,98.46,97.0,93.7,1.0,9.41,9.78,113.55,99.92,102.52,103.58,96.06,1.16
4,434.829,10.53,10.6,109.23,98.84,96.21,104.29,100.08,1.08,10.49,9.75,103.68,106.2,102.92,94.99,111.46,1.07
3,435.097,9.68,11.02,97.75,92.12,110.06,111.02,106.1,1.09,9.94,11.01,105.65,96.29,103.83,109.26,106.08,1.0
2,435.211,11.48,10.8,108.39,102.78,99.16,103.22,96.42,0.99,11.46,9.75,106.12,98.42,108.56,104.76,102.25,1.1
2,435.434,11.66,9.83,97.01,101.82,92.67,95.58,100.92,0.98,10.13,9.83,103.1,98.98,108.28,109.08,110.6,1.06
3,435.476,10.39,10.59,106.2,105.76,112.94,106.61,100.23,1.11,10.87,10.68,111.21,106.99,110.67,100.07,106.5,1.0
4,435.528,10.89,10.47,112.45,101.41,96.06,96.94,101.89,1.12,10.07,10.08,108.49,103.4,102.3,98.91,104.05,1.1
4,435.551,10.53,9.77,109.84,107.64,103.39,98.09,104.71,1.06,10.47,10.24,106.89,100.41,110.67,107.2,102.54,1.11
1,435.647,10.64,10.09,100.86,101.44,105.54,114.02,102.96,1.06,9.57,10.32,99.31,100.18,100.1,113.6,110.0,1.08
2,436.378,10.44,9.81,98.09,106.97,94.66,94.86,111.64,0.96,10.75,10.71,108.91,103.72,99.54,99.71,107.57,1.09
2,436.514,10.55,10.64,99.78,107.05,93.52,94.64,110.68,0.98,10.01,11.07,110.71,110.5,93.0,105.69,107.87,1.0
1,436.862,10.8,11.36,104.86,108.67,101.93,105.8,107.86,0.99,10.74,11.77,97.42,105.12,106.49,104.1,108.66,1.08
2,436.881,11.24,10.2,100.69,98.42,93.9,96.05,105.6,1.04,11.72,9.95,100.22,99.1,97.02,97.62,99.15,1.09
4,437.424,9.84,10.14,108.49,97.98,103.87,100.03,102.14,0.95,10.25,10.93,110.94,97.6,95.98,104.32,114.36,1.0
1,437.647,11.09,10.73,107.48,112.71,94.4,112.86,97.58,1.06,9.59,11.01,113.28,104.21,106.18,106.07,102.75,1.09
3,437.685,9.43,11.14,100.34,100.48,97.79,97.84,107.61,1.12,9.44,10.49,111.45,106.55,103.33,101.85,103.7,1.08
2,437.864,10.52,10.56,101.39,96.85,96.64,106.22,98.16,1.07,11.6,10.33,99.73,105.67,104.74,105.13,112.99,1.05
2,437.932,11.67,10.74,102.77,98.52,96.67,98.55,104.66,0.98,10.81,10.09,110.7,102.43,106.08,99.65,113.28,0.93
2,438.037,10.42,10.18,105.05,98.43,102.0,97.02,110.69,1.0,11.14,11.08,103.19,101.54,106.4,104.78,98.98,1.1
1,438.059,10.02,11.46,100.91,101.26,102.5,99.76,94.04,1.01,10.74,10.26,106.8,100.72,98.27,105.17,104.99,1.1
1,438.228,10.66,10.89,105.83,109.76,96.29,101.58,100.54,1.06,9.89,11.63,112.93,107.95,97.01,98.49,95.12,1.05
1,438.315,10.76,10.31,100.26,110.58,106.93,110.84,95.48,1.07,10.13,11.58,97.01,110.94,103.03,112.56,95.33,0.95
3,438.451,9.52,11.1,110.25,94.66,109.46,95.67,103.63,1.06,10.22,10.2,95.85,105.72,102.3,96.48,93.75,1.06
2,438.529,10.29,9.7,112.76,110.05,97.17,99.25,104.18,0.99,10.72,10.57,107.39,100.04,96.74,94.98,112.5,1.07
2,438.726,10.79,10.12,111.56,107.05,105.65,106.24,106.92,1.01,10.12,11.13,96.86,98.77,103.49,111.19,110.19,1.06
4,439.016,11.21,10.84,101.77,107.12,110.66,99.4,112.04,0.99,9.92,9.67,105.03,94.27,107.34,111.79,106.41,1.03
2,439.473,9.87,11.16,101.17,110.06,98.12,97.62,101.62,0.97,10.96,10.71,103.98,104.3,97.27,111.4,105.03,0.97
1,439.986,10.36,11.6,99.47,106.11,100.18,101.98,100.25,1.01,9.9,11.64,108.99,114.21,94.86,114.4,97.11,1.1
3,440.203,9.49,10.15,97.0,94.86,107.87,104.46,96.0,0.98,10.15,11.48,100.18,105.56,106.27,97.4,98.03,1.06
3,440.671,10.78,11.4,108.84,105.95,100.34,103.76,96.74,1.0,9.93,10.01,100.78,103.38,114.92,100.07,100.35,1.02
1,440.741,10.25,10.26,114.25,103.9,100.72,101.65,105.68,1.09,9.62,11.29,103.34,105.44,100.0,97.33,98.71,1.1
3,441.092,9.87,11.14,107.46,102.87,97.87,104.32,92.11,1.02,10.97,9.92,101.63,94.22,99.82,98.26,99.17,1.14
2,441.309,10.88,11.09,100.01,92.97,95.36,98.75,102.32,0.96,10.08,10.75,105.68,96.06,98.83,97.05,98.84,0.93
4,441.413,11.09,11.21,110.34,103.58,99.2,102.04,97.41,0.98,9.92,10.44,100.46,103.74,110.66,94.5,114.34,0.95
1,441.692,11.24,11.58,112.26,98.86,94.68,103.37,100.14,1.09,10.81,11.44,100.36,97.91,101.97,98.12,95.61,0.99
3,441.693,9.73,11.23,100.61,103.29,114.1,107.31,107.85,1.06,10.83,10.0,101.77,103.54,110.21,107.86,104.06,1.15
3,441.707,9.84,10.63,105.78,106.54,111.79,104.66,99.16,1.15,9.73,10.16,108.93,100.74,100.23,106.31,105.28,1.06
3,442.175,10.74,11.13,111.67,98.68,116.02,109.46,107.41,1.05,9.9,11.28,102.24,101.83,98.54,98.34,99.13,1.08
2,442.537,10.73,9.61,112.84,108.28,105.2,107.45,112.07,1.01,11.08,11.22,96.86,98.45,109.43,94.52,107.21,1.01
3,442.597,9.88,9.75,96.48,96.95,98.19,108.7,96.97,1.04,10.59,9.67,105.85,100.98,111.41,100.88,107.9,1.04
4,442.726,10.06,10.22,102.31,103.08,113.5,103.17,105.39,1.04,10.0,10.92,108.2,95.64,101.56,111.91,114.37,0.98
1,443.117,10.33,10.05,106.24,113.61,106.84,104.73,96.82,1.08,9.81,11.01,112.89,103.56,106.93,98.56,101.88,1.0
2,443.309,11.14,10.67,97.58,94.74,105.29,97.43,105.95,1.0,10.48,11.21,112.21,102.51,101.78,104.36,112.79,1.07
4,443.391,9.97,11.32,104.36,109.06,101.74,97.48,109.11,0.99,11.02,9.93,98.05,109.37,97.72,97.79,107.16,1.04
1,443.595,9.64,10.19,113.31,102.6,109.14,111.34,102.32,1.06,11.1,10.54,113.85,110.94,100.38,104.1,104.79,0.94
2,444.539,11.59,10.47,100.44,106.1,104.89,96.61,101.7,1.01,11.65,9.78,110.87,97.38,96.97,109.8,109.79,1.08
4,444.768,11.33,11.03,110.7,94.01,113.1,97.2,107.15,1.03,10.21,9.63,106.68,108.49,107.87,96.87,110.32,0.96
1,444.949,10.59,10.01,96.89,109.27,93.49,107.65,106.9,1.09,10.33,11.84,113.72,105.3,110.16,101.4,96.55,1.02
2,445.046,10.96,10.55,106.6,109.72,92.52,95.53,104.28,1.09,10.17,10.84,106.1,104.71,94.94,109.53,105.88,1.08
4,445.586,10.96,9.62,98.7,108.98,113.58,106.13,101.67,0.98,9.61,9.64,101.88,95.64,112.41,104.15,101.64,1.1
1,445.899,10.74,10.79,114.12,104.11,98.17,102.26,94.91,1.08,10.34,11.67,98.87,107.88,100.53,104.18,103.13,0.94
2,446.045,10.33,10.17,101.39,96.22,94.51,98.66,102.34,1.04,10.5,10.59,102.65,110.13,93.95,110.36,109.4,1.05
2,446.1,11.68,9.6,100.87,107.02,102.08,102.83,108.92,0.97,11.36,9.7,102.65,101.51,102.67,104.98,105.49,1.07
2,446.424,10.33,10.14,111.67,108.67,105.06,110.25,100.05,1.0,10.27,11.26,96.37,99.48,95.17,108.8,99.8,1.07
2,446.521,11.73,9.69,97.82,96.13,103.62,97.02,96.15,0.98,11.12,11.31,101.15,96.87,109.18,107.34,110.1,0.96
1,446.877,10.35,10.5,98.1,109.26,94.97,111.71,103.38,0.95,10.3,11.02,104.4,112.1,106.42,107.51,102.88,1.02
1,447.48,10.31,10.42,104.0,110.77,93.78,111.88,100.16,1.0,10.94,11.28,110.59,100.32,96.37,103.1,105.58,1.1
1,447.761,10.49,11.56,112.74,102.86,106.31,108.22,110.12,0.95,10.8,11.15,107.1,115.23,101.84,98.08,106.48,1.04
3,447.965,9.4,10.07,107.03,100.07,110.06,111.01,93.21,1.07,9.89,10.27,102.98,101.85,105.54,106.97,100.99,1.15
3,448.271,10.27,10.77,104.99,108.82,109.4,102.34,97.41,1.13,9.96,10.14,111.41,91.57,111.61,103.42,101.6,1.05
3,448.358,10.02,11.05,100.26,93.65,108.99,107.27,106.02,1.07,10.54,11.5,110.77,103.2,105.75,102.26,109.22,1.12
2,448.683,10.44,10.56,106.61,107.02,100.63,101.12,100.78,1.01,10.84,9.96,101.41,99.6,101.93,102.42,97.0,1.08
1,448.873,10.05,10.51,112.63,100.32,110.1,114.17,99.34,1.05,10.78,10.35,111.32,105.15,92.89,106.38,104.37,1.07
1,449.07,10.26,11.01,98.87,114.57,105.19,103.53,110.69,1.07,9.82,11.04,110.6,98.17,99.06,99.72,107.33,0.98
4,449.18,9.88,10.93,102.75,93.97,96.06,95.85,111.61,1.04,9.65,11.3,112.1,107.18,109.64,104.88,105.19,1.11
4,449.355,9.71,10.06,108.51,102.91,106.85,94.27,109.04,0.97,11.33,9.7,99.84,106.74,104.88,103.6,111.02,1.12
2,449.547,9.9,10.91,111.02,102.53,95.11,108.14,104.95,1.09,11.65,10.9,107.52,94.26,100.48,99.39,102.47,0.93
2,449.802,10.57,10.29,97.19,102.9,103.11,107.72,98.48,1.01,11.4,10.21,100.39,93.88,101.68,105.58,113.68,1.09
1,450.44,10.26,11.72,99.01,108.66,99.81,97.64,99.35,0.95,10.08,10.79,106.34,113.82,96.05,96.8,108.58,0.95
4,450.809,9.88,9.73,105.77,106.75,95.92,99.92,99.24,1.13,10.94,9.86,113.52,101.96,107.87,108.25,113.41,1.1
2,450.984,11.25,9.95,97.57,105.9,107.87,104.14,110.92,0.99,11.6,11.28,112.81,101.34,104.13,107.44,98.75,1.0
4,451.509,9.67,9.53,108.23,108.06,111.01,95.85,103.52,1.05,10.09,10.96,104.34,99.34,103.28,110.37,104.29,1.03
1,451.544,9.82,10.98,103.55,106.01,106.58,108.81,105.58,1.01,9.87,11.78,102.93,108.49,105.93,107.51,102.06,0.98
3,451.947,10.82,11.02,111.85,101.67,107.78,99.34,92.91,1.15,10.97,9.96,100.74,103.98,98.9,107.27,93.6,1.02
4,451.985,10.09,9.78,108.53,97.77,109.16,111.9,110.39,1.0,11.09,11.07,104.85,94.1,101.62,99.02,99.52,1.02
2,452.603,11.13,10.36,96.08,99.79,105.55,100.64,105.17,1.06,11.73,9.87,105.91,108.26,93.09,98.33,111.41,1.05
3,453.407,9.45,10.35,106.06,95.29,110.81,109.06,92.08,0.98,10.45,10.68,110.25,103.63,114.24,104.8,109.22,0.99
3,453.565,9.87,9.81,105.71,98.61,114.46,109.98,106.02,1.0,9.86,10.15,103.83,103.97,114.95,106.03,100.46,1.05
2,454.224,10.19,11.34,111.56,97.62,93.31,100.9,96.0,0.93,11.31,10.91,105.57,99.69,106.14,110.53,96.28,1.03
4,454.341,10.55,10.3,110.53,107.16,105.82,100.75,114.67,1.06,11.22,10.58,110.48,97.15,112.77,103.6,111.14,0.98
4,454.56,10.94,11.22,108.49,105.84,102.29,110.39,108.27,1.02,10.46,9.78,100.85,100.31,108.9,109.2,101.1,1.12
3,454.604,10.92,10.13,110.25,98.33,115.31,100.28,102.51,1.16,10.29,10.2,108.49,92.27,107.54,101.22,101.1,1.04
2,454.722,10.62,10.1,100.44,105.31,95.68,104.93,103.69,0.95,10.23,10.57,103.9,103.84,106.73,109.73,96.86,0.97
4,454.794,10.29,10.56,111.47,99.99,107.34,110.93,109.12,0.97,10.4,10.87,110.48,106.9,109.2,103.71,113.86,0.96
4,455.343,9.68,11.06,104.34,100.15,102.42,101.83,98.31,1.13,10.09,11.19,105.77,96.44,96.74,99.91,112.74,1.12
3,455.367,9.5,9.92,109.14,97.2,107.57,109.46,103.07,1.1,9.3,10.44,106.69,106.15,111.78,101.02,93.32,1.03
4,455.564,10.91,9.85,103.74,107.91,112.94,106.31,98.06,1.01,10.81,10.02,101.77,106.26,96.6,97.2,99.47,1.06
1,455.859,10.56,11.79,100.04,112.04,99.66,104.01,105.36,1.01,10.81,10.16,113.47,108.44,101.9,109.33,104.56,0.96
2,455.934,11.46,11.12,103.88,110.23,94.51,105.62,102.04,1.08,9.87,11.34,109.02,106.46,106.23,94.79,104.42,1.02
2,456.188,10.23,11.14,111.56,105.06,109.04,95.93,113.14,1.04,11.51,11.03,107.17,94.6,105.54,98.66,96.22,1.03
1,456.228,10.07,10.44,111.5,101.53,95.05,101.85,106.87,1.04,11.08,10.4,101.08,100.81,101.76,115.03,99.17,1.07
3,457.001,10.94,10.24,109.82,102.02,114.88,105.96,93.96,1.0,10.32,10.68,103.37,96.21,110.66,97.43,107.32,1.07
1,457.448,11.12,11.16,100.72,106.16,107.96,108.71,101.54,1.03,9.87,10.21,98.63,105.55,108.78,100.9,111.02,1.04
3,457.721,9.6,10.47,103.6,91.78,106.77,106.34,92.31,1.14,10.09,9.97,110.78,105.76,113.87,107.27,96.22,1.02
4,457.742,10.33,9.59,110.09,106.91,106.09,107.29,107.69,1.13,11.16,11.15,110.27,96.08,98.4,95.36,98.29,1.04
2,458.386,10.56,10.67,108.01,105.06,98.34,99.44,104.01,0.97,11.5,11.12,106.61,108.42,104.72,108.47,106.48,1.02
2,458.551,11.48,10.75,109.01,95.82,94.88,106.87,97.32,0.93,11.55,10.33,101.97,96.4,106.29,103.0,100.23,0.93
4,459.061,10.45,10.25,96.45,100.36,105.21,108.67,97.65,1.03,10.7,10.41,105.27,106.93,112.59,95.83,97.21,1.12
2,459.091,11.04,10.63,106.74,109.73,100.52,103.7,107.05,1.06,11.7,9.89,105.56,98.3,105.92,94.55,108.5,1.08
4,459.269,10.2,11.0,98.37,99.88,101.94,104.98,106.29,0.98,10.04,10.3,109.0,99.98,113.17,109.22,98.11,1.01
1,459.413,11.15,10.52,106.16,109.86,107.38,107.65,102.23,1.09,9.83,10.67,107.05,98.61,105.12,113.23,104.71,1.11
2,459.747,10.77,9.99,106.88,100.6,97.45,97.57,110.51,1.0,11.64,9.9,112.22,93.6,92.47,99.94,106.88,0.95
1,459.959,11.05,10.7,113.43,111.6,100.99,108.23,106.64,1.01,11.12,11.04,105.15,102.44,96.48,97.69,97.34,1.11
4,460.388,10.45,10.78,98.37,106.13,97.94,95.17,101.25,0.97,11.26,10.15,100.71,96.1,100.93,111.55,109.35,1.09
1,460.534,10.55,11.58,112.3,103.61,106.09,111.01,105.34,1.11,10.64,10.58,113.27,101.91,104.67,109.02,98.22,0.95
4,460.586,9.61,10.94,104.94,102.75,102.09,110.2,109.49,0.99,10.0,10.71,103.0,97.6,108.97,100.12,112.55,1.04
4,460.933,9.81,10.69,97.04,110.43,112.77,100.79,102.46,1.0,11.17,10.85,98.1,108.82,104.85,101.06,106.08,1.02
1,461.064,10.5,11.71,98.82,104.57,110.01,106.49,110.54,1.11,10.35,10.13,111.07,110.58,109.55,100.43,106.76,1.07
4,461.112,9.72,11.24,96.58,97.33,100.36,96.3,98.91,1.1,10.07,10.29,109.01,110.38,112.22,110.2,102.54,0.97
1,461.544,10.31,10.07,107.63,108.9,97.75,107.68,111.05,0.95,9.63,10.63,112.52,112.4,96.35,102.49,94.39,1.07
3,461.911,11.04,9.88,107.05,103.07,111.63,109.41,105.78,1.04,10.02,10.38,110.55,98.35,100.08,94.83,102.89,1.06
2,462.062,10.27,10.14,108.36,98.32,106.31,96.26,104.46,0.99,10.31,10.1,105.6,103.26,98.03,106.98,113.68,0.94
4,462.551,11.19,10.74,98.56,102.5,97.3,110.88,108.96,1.12,11.3,10.4,109.48,97.08,100.35,106.09,101.92,0.95
2,462.558,11.48,10.41,108.88,94.18,105.55,95.74,101.06,1.06,11.57,10.68,98.67,101.72,94.97,104.08,106.88,1.07
1,462.726,9.94,10.26,99.96,113.87,109.88,102.28,102.44,1.0,10.7,10.3,114.39,99.1,95.26,110.44,96.1,1.05
3,462.851,9.43,10.23,95.88,96.56,110.16,104.07,105.23,1.06,10.26,10.96,109.23,106.07,109.52,105.76,95.06,1.0
4,462.996,11.35,9.69,98.98,93.84,112.57,103.29,102.12,1.01,10.34,11.19,96.7,105.45,113.31,95.55,110.93,1.08
1,463.054,9.67,11.37,114.75,103.13,108.92,108.22,95.3,1.11,10.64,11.6,100.86,106.32,92.89,99.8,109.1,0.98
3,463.158,10.86,11.14,103.0,104.06,110.79,104.9,105.79,1.1,10.52,10.25,106.39,108.33,104.87,106.39,107.09,1.07
1,463.183,11.27,10.25,112.52,103.14,107.25,107.26,111.06,1.09,10.63,10.77,105.14,104.02,109.65,102.53,99.28,1.08
1,463.31,11.14,11.15,102.93,108.39,102.0,108.16,109.02,1.03,9.93,10.43,97.25,100.23,102.79,99.84,94.55,1.08
2,463.333,10.84,9.88,96.21,96.74,92.89,104.7,107.68,1.04,10.39,11.07,106.94,96.58,99.7,106.93,98.83,1.06
4,464.579,11.34,10.15,111.33,100.16,101.56,111.98,104.27,1.07,10.95,10.26,101.77,107.07,102.99,109.09,113.75,1.1
3,464.815,10.86,11.23,95.74,97.56,101.32,106.5,100.94,1.05,9.43,10.4,96.06,101.96,108.98,107.79,93.61,1.02
2,464.894,10.72,11.03,100.31,101.72,107.87,104.17,106.01,0.96,11.67,9.75,99.34,94.0,97.93,102.12,100.42,1.03
4,465.103,11.34,9.87,108.88,102.72,104.97,101.3,114.81,0.99,11.11,10.57,109.42,93.9,108.89,105.74,104.64,1.12
2,465.467,11.2,11.26,96.77,110.5,106.82,111.12,104.64,1.01,10.18,10.71,98.53,95.0,109.45,98.62,111.07,1.08
3,465.866,9.31,10.37,103.17,103.39,99.76,110.0,106.23,1.12,10.44,11.02,101.6,103.98,98.6,108.93,103.97,1.11
1,466.003,9.96,11.37,98.14,114.45,102.16,104.1,104.86,1.1,9.9,10.98,113.72,105.15,97.78,100.93,96.03,1.01
3,466.56,9.98,9.79,104.68,108.04,98.92,94.76,109.18,1.03,10.7,11.04,108.54,102.92,102.13,95.9,101.53,1.12
4,466.676,10.06,11.17,111.96,93.26,105.17,100.7,107.08,0.95,9.71,10.41,97.64,99.23,102.42,100.7,98.25,1.04
2,466.693,10.72,9.65,113.48,97.5,105.33,106.98,106.29,1.07,11.53,10.17,102.65,98.35,92.79,110.62,101.23,1.07
4,466.921,9.84,9.71,96.64,96.8,104.16,101.95,114.42,1.05,9.8,11.01,111.33,95.5,98.12,95.2,97.21,1.0
3,467.495,9.6,10.17,101.65,108.44,103.4,94.88,102.35,1.09,10.5,9.84,109.24,99.09,105.41,106.01,97.61,1.03
2,467.682,11.28,10.4,106.12,104.71,105.79,98.52,103.24,1.03,10.8,11.26,105.22,103.72,109.4,104.6,112.37,1.07
2,467.769,11.14,10.56,100.69,93.5,109.63,104.22,111.39,1.03,10.7,9.96,105.1,97.5,97.27,97.95,101.35,1.01
2,468.24,11.24,11.07,113.76,106.82,95.45,101.67,111.02,0.94,11.43,11.0,108.36,105.38,98.72,106.56,107.67,0.99
2,468.444,11.22,10.84,108.33,96.32,108.4,96.65,110.86,1.05,11.15,9.98,101.69,102.78,102.84,105.93,102.79,1.09
4,468.68,10.7,10.62,105.32,96.78,98.93,94.3,102.1,0.99,10.66,9.71,113.69,108.94,107.97,98.86,103.85,0.98
3,469.72,10.46,10.62,109.14,105.26,110.51,106.51,93.53,1.0,10.01,9.7,109.85,95.66,98.83,110.98,98.7,1.09
2,469.783,11.63,9.87,104.94,106.63,100.49,107.7,103.0,1.09,10.42,11.2,107.06,99.11,106.81,108.41,111.28,0.92
2,470.195,10.23,11.23,109.65,110.12,98.45,99.69,108.92,0.97,11.61,10.08,107.91,105.69,103.62,98.43,110.1,1.0
2,470.247,10.52,10.14,110.27,100.32,98.83,108.34,97.24,1.02,10.15,11.3,106.96,104.71,106.85,100.46,101.49,1.08
3,470.539,10.28,10.49,106.4,103.87,107.38,110.93,104.24,1.0,9.89,10.15,109.78,91.82,111.32,101.24,98.38,0.99
1,470.748,10.07,11.71,110.13,107.69,97.98,107.38,111.04,1.04,10.3,10.61,109.97,103.63,94.51,104.38,100.16,1.1
3,471.207,9.32,10.01,102.44,94.86,99.55,95.42,94.03,1.07,10.21,9.7,101.91,101.64,103.85,99.55,96.55,1.02
4,471.356,10.43,10.46,111.88,93.24,110.63,102.34,111.36,1.04,10.42,11.04,98.7,108.64,108.0,96.3,105.44,1.12
2,471.383,10.69,10.91,107.74,96.87,98.5,96.13,110.77,1.08,11.0,10.37,95.92,100.07,94.31,99.07,107.24,1.05
1,471.76,11.13,10.68,114.41,100.24,95.81,107.51,110.82,0.99,9.99,10.35,107.08,102.96,103.37,97.14,100.16,1.08
4,471.849,10.35,9.78,101.64,110.09,109.18,99.3,107.37,1.07,10.46,9.65,97.09,110.52,109.5,98.36,107.05,0.98
2,471.871,10.15,11.28,110.85,99.88,93.71,106.95,100.23,1.09,10.79,9.79,101.43,102.24,101.09,111.2,110.02,0.97
3,472.092,10.88,10.01,100.18,108.44,105.34,104.04,100.74,1.02,10.17,9.91,100.78,104.77,107.54,107.86,104.03,0.99
1,472.419,10.75,10.31,105.84,105.4,101.55,104.54,109.45,0.96,10.13,11.87,102.34,108.25,95.97,100.03,98.38,0.94
1,472.437,9.85,11.02,105.17,106.52,109.53,103.05,98.45,1.11,11.18,11.37,110.13,107.65,93.25,97.61,105.11,1.05
3,472.542,10.86,10.25,98.84,94.0,106.9,99.19,106.63,1.03,11.03,11.27,106.71,106.6,104.06,104.46,105.36,1.03
1,472.674,9.82,11.16,111.4,115.19,95.56,104.75,99.22,0.98,11.15,10.96,97.72,101.56,93.23,112.34,96.24,1.06
2,473.045,11.07,10.64,108.8,96.72,94.05,106.56,100.23,0.98,9.9,10.36,105.68,95.36,106.71,105.88,105.06,1.05
3,473.093,10.95,9.98,110.78,103.03,97.73,108.82,99.76,1.1,10.94,11.23,104.91,102.14,107.08,103.78,97.54,0.99
2,473.22,10.77,10.36,100.22,93.4,105.2,95.84,108.5,1.03,11.3,11.26,98.48,97.71,107.32,95.1,106.65,0.98
3,473.262,9.92,10.01,106.18,104.81,115.17,98.69,107.79,1.08,10.5,9.74,96.13,103.03,105.34,107.9,97.62,1.06
1,473.662,10.57,11.15,107.08,109.6,97.34,108.22,105.59,1.07,9.89,11.05,115.0,107.19,102.75,101.83,102.06,1.01
2,473.745,11.25,11.32,111.09,94.64,97.77,104.23,95.85,0.95,11.59,11.03,110.24,95.44,105.78,100.58,100.3,0.99
4,474.208,10.89,10.62,97.6,96.0,95.98,107.97,98.11,1.08,10.02,10.76,100.83,106.61,102.84,104.55,109.71,1.03
4,474.228,10.96,10.41,106.58,105.4,113.97,105.73,112.83,1.04,9.99,9.94,100.38,102.82,110.34,111.3,115.21,1.07
4,474.26,10.14,9.92,107.6,107.14,114.02,97.16,108.84,1.12,10.55,9.82,100.08,104.84,104.59,105.76,106.08,1.12
1,474.914,9.53,11.04,111.8,100.18,97.34,101.74,101.41,1.06,10.26,11.91,103.99,105.85,104.83,99.72,108.27,1.0
3,475.085,10.07,11.29,97.55,91.56,116.17,110.08,109.01,1.02,10.51,10.1,100.37,96.52,112.4,109.32,93.29,1.15
4,475.318,10.86,9.96,103.08,97.74,105.7,110.98,102.99,1.06,9.64,9.82,99.8,95.22,100.97,99.98,112.83,1.12
3,475.961,9.59,10.39,100.28,103.32,101.62,105.7,103.82,1.13,9.57,10.8,106.71,98.21,104.39,106.22,95.18,1.01
3,476.248,10.48,11.19,104.36,93.38,112.92,103.04,94.63,0.99,9.3,10.44,103.28,92.3,103.99,103.78,108.54,1.12
1,476.526,9.54,11.37,101.12,113.31,93.31,112.25,97.8,1.01,9.97,10.63,104.18,114.38,94.51,100.24,105.67,0.98
4,476.731,10.68,10.94,104.3,108.32,110.64,106.97,110.5,1.0,10.77,10.87,109.25,103.91,109.73,96.04,101.7,1.0
2,476.821,9.98,11.06,95.78,101.14,95.94,104.98,96.0,0.95,10.18,10.85,100.92,107.25,98.04,110.98,112.07,0.92
3,476.914,9.6,9.82,112.04,104.76,111.27,97.12,100.43,1.0,11.06,11.18,108.0,100.12,103.0,107.34,103.97,1.16
4,476.991,10.13,9.98,100.12,95.56,111.52,104.0,106.25,1.02,11.19,9.75,103.68,98.27,110.62,110.3,115.17,1.13
4,477.104,10.2,9.76,100.85,107.03,112.83,104.33,104.76,1.02,11.0,11.0,104.61,110.51,109.46,108.43,115.3,1.07
3,477.151,10.7,10.04,104.97,101.53,105.48,109.42,106.03,0.99,9.38,10.21,105.15,93.88,106.88,108.11,99.42,1.13
3,477.652,9.3,10.69,104.64,94.81,111.58,105.53,106.67,0.99,10.75,10.12,107.09,102.53,111.55,111.42,108.23,1.05
4,477.724,11.14,9.83,104.81,96.3,102.68,107.16,111.65,1.04,9.7,11.32,98.22,108.66,112.31,103.26,108.07,1.06
4,478.027,10.65,10.11,104.21,97.71,105.7,109.13,114.11,1.1,10.7,10.51,110.09,106.9,113.75,102.61,109.81,1.01
4,478.061,10.34,10.5,101.77,103.63,113.77,99.79,107.28,1.06,9.74,9.61,107.84,93.85,108.28,102.97,101.05,1.03
3,478.256,10.52,10.21,104.98,99.21,111.0,102.27,100.12,1.08,9.46,10.52,99.64,99.13,107.06,106.5,106.62,1.07
3,478.902,9.86,11.49,95.93,106.54,109.89,110.46,91.98,1.03,10.91,10.1,105.63,103.22,109.94,102.36,94.18,1.08
2,478.998,10.87,9.61,108.6,94.18,108.71,99.17,107.37,0.98,11.25,11.24,111.49,110.41,108.03,105.01,100.78,1.05
1,479.103,11.27,11.81,102.68,105.76,110.13,112.16,94.83,1.05,10.3,10.66,115.0,109.92,96.14,105.8,104.64,0.97
3,479.898,10.44,10.98,107.2,95.29,104.85,99.11,106.23,1.1,9.56,10.12,101.49,95.34,103.6,99.3,92.24,0.98
3,480.029,9.88,11.14,96.81,106.0,106.56,98.39,104.44,1.08,9.42,9.9,111.06,97.54,110.7,97.06,107.74,1.08
3,480.158,9.9,10.92,113.48,100.98,109.83,107.27,104.83,1.0,10.29,11.0,95.94,98.21,104.19,100.21,95.47,1.12
2,480.174,11.72,10.8,100.87,102.28,99.74,97.39,103.43,1.08,10.9,11.04,103.86,105.52,102.73,107.1,106.1,1.08
4,480.951,11.31,10.75,104.85,105.77,106.74,100.79,111.44,0.99,10.0,10.75,104.41,95.03,109.32,103.64,104.61,1.04
4,480.961,10.69,10.09,105.11,101.41,103.36,107.63,98.95,1.02,10.69,11.06,101.75,103.38,111.76,111.51,100.37,1.09
3,481.486,10.66,10.7,109.64,105.59,101.55,109.58,93.34,1.08,10.78,10.49,102.72,92.22,107.97,107.92,109.24,1.07
3,481.608,9.4,10.48,95.86,105.0,105.82,99.41,104.61,0.98,9.82,11.44,100.19,108.24,115.24,110.41,102.72,1.05
1,481.697,9.78,11.4,113.12,101.4,102.48,98.26,107.49,1.0,10.53,11.01,107.32,106.6,110.12,104.88,99.54,0.98
1,481.86,9.74,10.31,112.77,116.25,95.24,104.09,107.27,1.08,11.1,11.08,100.47,104.73,106.83,113.4,99.65,1.0
4,482.295,11.24,10.85,108.48,106.93,108.71,104.64,97.5,1.04,10.3,9.81,96.41,93.51,111.19,105.1,111.84,0.96
1,482.341,10.24,11.46,97.29,111.6,95.6,100.52,96.0,0.98,10.07,10.31,100.19,100.61,99.4,114.91,95.12,1.11
2,482.554,11.26,10.75,103.1,110.43,103.82,99.43,108.04,0.94,11.06,11.25,106.12,99.19,108.4,94.84,107.18,0.96
2,482.583,10.14,9.9,106.54,93.34,92.79,103.69,110.12,0.97,11.72,10.6,98.4,106.75,104.81,106.86,111.27,0.98
1,483.199,10.91,11.02,109.29,108.27,97.59,114.68,103.7,0.95,9.99,10.82,98.14,102.28,94.51,102.13,110.1,1.08
4,484.061,10.37,10.98,97.72,94.73,108.39,94.53,105.85,1.0,11.26,10.64,101.5,98.36,103.92,96.91,102.31,1.0
4,484.121,11.07,10.73,110.04,105.89,107.0,111.21,113.55,1.11,10.89,9.71,99.7,105.43,100.0,104.72,98.71,1.13
2,484.169,9.9,10.95,111.2,99.04,105.49,97.31,99.19,0.99,10.62,9.98,98.58,102.39,94.81,104.75,103.9,0.99
2,484.269,10.1,9.99,113.43,107.46,101.82,108.03,101.31,0.96,10.35,10.82,107.5,102.78,100.16,94.55,97.89,0.99
1,484.409,11.0,11.43,101.95,109.66,100.3,101.8,99.01,0.98,11.06,10.35,107.86,109.88,96.82,105.38,102.65,1.03
3,484.415,10.2,11.43,97.05,98.04,112.68,101.4,95.95,1.12,10.21,10.51,106.38,92.6,103.72,107.78,93.63,1.12
2,485.924,10.65,10.25,106.65,95.13,98.77,98.14,111.27,1.02,10.99,11.02,104.74,95.79,96.34,102.26,105.06,1.02
1,486.023,10.31,10.98,112.63,97.95,99.4,113.09,108.29,1.09,9.82,10.6,114.45,99.72,105.97,107.51,95.21,0.94
2,486.231,11.45,10.98,97.67,100.22,104.87,110.04,99.03,1.03,11.22,10.7,97.64,99.8,108.85,95.79,103.98,0.97
1,486.327,9.54,11.17,97.86,98.33,104.17,114.78,97.8,1.09,10.81,10.95,100.07,100.1,103.17,101.25,94.49,1.1
1,486.466,9.92,10.37,99.34,113.81,96.29,98.46,101.03,1.1,10.05,10.94,101.99,105.36,103.95,101.26,95.09,1.01
4,486.575,10.59,10.21,103.68,108.82,109.46,104.18,114.87,0.95,9.91,10.09,100.69,99.74,100.93,111.04,111.67,1.07
2,486.692,9.98,10.72,109.08,105.95,102.19,106.98,102.33,0.98,9.87,9.58,107.91,95.5,102.18,103.95,104.68,0.95
1,487.261,10.03,10.43,98.28,101.89,94.41,99.72,105.36,1.11,9.92,10.12,97.71,108.1,100.4,97.92,96.82,1.04
1,487.552,9.77,11.04,98.02,108.08,106.56,101.65,110.34,1.12,10.23,11.18,97.27,98.96,101.03,107.58,108.49,1.09
1,488.07,10.02,10.41,110.16,112.7,100.1,98.28,103.1,0.98,10.44,10.02,108.31,102.83,96.39,98.02,103.29,1.08
4,488.085,10.0,10.7,104.98,98.73,109.61,110.91,104.92,1.01,10.75,9.53,96.84,97.02,102.56,110.4,106.98,1.07
2,488.222,11.46,11.24,108.22,96.34,100.3,98.83,107.87,1.06,11.24,10.43,99.16,101.31,108.72,103.06,101.35,1.07
2,488.227,11.62,9.6,101.5,107.05,94.95,105.91,99.23,1.08,10.35,10.21,112.02,103.14,108.2,103.06,99.44,1.02
2,488.405,11.45,10.36,100.53,96.66,108.33,106.43,104.34,0.94,11.62,10.46,112.58,94.0,106.13,96.7,100.74,0.93
2,488.494,10.49,10.27,97.2,93.5,94.76,104.22,104.71,1.05,10.94,10.47,107.52,109.2,101.14,103.95,97.84,1.07
4,489.224,9.77,10.48,98.21,96.31,99.56,103.4,105.76,0.98,9.9,10.71,99.89,101.67,107.23,104.88,98.44,0.96
4,490.252,10.22,10.08,104.57,99.48,102.48,94.6,99.81,1.05,11.13,10.41,104.01,94.6,112.55,109.51,113.07,1.03
1,490.33,10.66,10.57,98.32,115.44,106.91,114.68,105.49,1.03,11.3,11.53,100.86,109.86,99.75,98.83,101.49,1.02
2,490.335,10.34,10.17,112.11,95.85,99.61,94.84,105.21,1.09,11.67,10.53,108.2,105.79,98.0,99.86,101.35,0.93
2,490.396,10.48,10.4,111.25,101.2,102.98,98.51,101.11,1.08,11.11,11.15,113.66,103.65,109.4,102.55,104.05,0.99
4,490.422,10.07,11.0,110.68,99.58,110.08,104.87,111.14,1.01,9.64,9.6,106.73,108.04,111.82,107.02,114.87,1.09
1,490.912,10.76,11.44,103.83,112.45,96.12,110.57,108.27,1.07,9.83,10.4,99.99,104.21,105.19,105.33,94.21,1.09
1,491.096,10.83,10.35,102.92,106.35,101.3,105.2,98.98,0.94,11.07,10.92,111.61,105.54,103.77,98.75,101.04,0.95
1,491.58,10.15,10.98,113.51,110.19,107.27,113.16,95.97,1.04,10.23,11.71,100.98,112.71,108.39,108.91,107.81,1.02
1,491.612,10.21,11.86,100.36,106.65,94.6,98.42,108.58,1.11,10.72,10.09,100.36,98.89,109.4,99.54,98.24,1.08
1,491.868,10.67,10.37,101.64,100.67,110.18,107.06,105.0,0.96,10.49,11.57,112.13,101.8,108.35,102.53,109.22,0.98
2,493.157,11.13,10.97,101.72,100.4,102.42,99.88,108.03,0.99,10.87,9.76,111.04,97.01,102.67,103.64,102.23,0.97
1,493.425,11.27,11.73,104.42,112.72,94.99,97.47,95.09,1.01,10.7,11.54,110.12,107.58,94.78,104.75,93.66,1.1
4,493.996,9.96,10.3,96.88,98.77,98.4,98.99,101.89,1.08,10.14,9.88,109.06,99.79,99.47,104.9,114.22,1.0
2,494.022,10.72,10.72,97.25,101.82,94.4,111.77,97.31,0.97,10.45,10.89,97.74,97.29,109.09,105.69,101.62,1.05
1,494.351,11.11,10.08,112.35,108.02,103.97,100.63,100.18,1.1,9.69,11.06,98.84,114.23,100.51,97.26,107.84,1.06
2,494.632,10.45,11.12,109.36,106.1,102.31,97.48,106.1,0.92,10.54,11.0,102.66,93.34,94.18,111.46,105.97,0.93
2,495.292,9.98,10.75,99.81,95.05,93.17,98.06,108.92,1.08,10.6,11.29,109.47,105.25,94.76,101.66,100.48,1.03
1,495.398,9.56,11.04,97.64,113.66,92.89,102.63,99.25,1.11,9.75,10.23,98.23,113.69,105.55,102.79,104.51,1.02
4,495.522,11.35,10.7,105.56,95.92,108.39,109.39,98.11,0.97,10.19,11.19,103.05,100.62,112.02,96.97,112.41,1.07
4,496.077,10.29,10.05,112.7,106.63,113.14,107.21,101.57,0.98,9.82,10.27,109.67,105.35,106.09,106.31,114.16,1.02
2,496.262,10.64,9.84,111.25,104.66,95.98,105.2,110.37,1.0,9.9,9.9,102.66,93.14,95.19,99.77,103.67,1.05
1,496.472,10.78,10.55,100.86,113.1,93.53,98.04,108.26,1.0,10.87,10.16,112.58,101.56,93.23,111.88,106.78,1.09
4,496.536,10.61,10.75,101.57,103.79,111.44,101.05,104.17,1.04,10.8,10.08,113.83,95.13,110.24,102.09,101.14,0.96
4,496.549,11.14,10.03,112.91,101.01,99.83,104.53,102.45,0.97,10.66,10.77,106.73,97.39,102.71,96.29,108.76,0.99
4,496.689,10.14,9.77,111.27,110.28,111.17,110.86,97.32,1.06,10.97,9.58,99.44,107.42,110.13,98.3,103.33,1.06
1,496.855,10.3,11.66,96.95,109.17,98.12,100.24,95.61,1.01,11.18,10.66,112.35,107.91,97.4,114.88,105.17,1.0
1,497.177,10.98,10.38,98.66,102.3,101.62,106.68,107.88,1.02,9.94,10.45,113.4,110.04,100.01,104.81,103.13,0.95
4,498.06,10.87,10.77,104.81,108.9,110.24,110.91,106.15,1.13,11.17,10.1,103.05,109.53,107.71,99.46,103.61,0.96
1,498.649,10.24,10.96,111.06,104.73,94.43,114.91,107.83,1.08,10.27,11.84,112.21,98.01,94.57,99.54,96.61,1.01
2,499.356,11.08,10.66,103.98,107.25,102.09,108.68,96.58,1.06,10.84,10.12,97.58,105.16,98.29,94.96,101.54,0.98
4,499.665,10.38,11.33,101.86,96.11,109.69,109.66,104.13,1.08,11.3,10.4,101.81,97.95,104.81,111.43,101.74,1.01
4,500.297,9.68,10.27,96.29,98.06,103.36,106.47,110.66,1.12,10.38,9.53,112.98,102.58,101.52,96.28,111.27,0.98
2,500.697,10.29,10.58,109.08,99.96,109.17,102.06,112.79,0.94,11.07,11.33,97.62,102.31,105.13,95.43,101.55,0.95
1,500.989,11.1,10.87,100.07,98.64,99.63,112.24,104.15,1.07,11.3,10.7,111.5,113.9,106.7,103.37,108.49,1.09
2,501.92,11.35,11.08,104.48,98.23,101.1,105.2,111.69,0.96,10.0,10.14,104.93,110.33,107.83,108.08,100.48,1.08
2,503.785,11.46,10.32,106.32,109.93,106.01,110.83,104.96,1.08,10.16,10.15,106.54,99.77,96.28,95.92,100.42,1.02
1,503.944,9.69,11.64,105.89,99.12,109.78,99.97,109.66,1.08,10.0,11.71,112.35,111.47,106.0,98.37,108.86,1.12
2,504.498,11.21,10.16,97.82,100.23,97.64,100.29,97.0,1.08,9.98,10.78,98.64,99.7,108.5,105.73,109.07,0.98
2,504.664,9.92,9.76,106.17,101.31,98.63,108.5,107.67,1.01,11.39,11.1,99.65,93.64,107.06,106.65,107.69,0.93
4,504.947,10.6,10.89,99.5,106.93,103.74,94.5,99.78,0.97,10.33,10.78,111.88,95.79,110.49,109.1,105.78,1.12
4,505.153,10.5,11.3,99.47,102.5,110.67,108.51,98.57,1.11,10.61,10.26,101.64,107.29,96.35,104.17,105.61,1.0
1,505.584,9.82,11.46,102.93,101.8,101.76,109.02,109.76,0.98,10.48,10.66,105.36,98.86,110.17,98.09,109.97,0.96
4,505.847,11.14,10.66,105.9,103.02,109.28,98.73,113.01,1.03,10.01,9.95,99.08,100.65,97.78,94.84,106.15,1.08
4,506.014,10.19,9.85,105.0,106.9,100.33,94.82,109.6,1.08,9.82,11.12,105.32,109.11,100.8,97.31,110.95,1.08
2,506.159,11.56,10.79,103.66,105.44,98.14,107.37,108.6,0.95,10.08,10.76,103.06,97.57,107.96,105.17,103.63,0.95
1,506.242,10.78,10.4,104.76,108.53,96.47,98.97,104.56,0.95,10.67,10.17,108.03,113.42,102.4,110.74,95.21,1.0
2,506.446,11.64,9.81,110.7,98.02,106.5,100.67,112.77,0.98,11.73,10.5,99.84,95.09,103.22,102.98,99.11,1.0
1,506.604,10.08,11.34,97.59,111.08,95.76,104.08,109.97,0.99,9.84,10.85,97.75,104.57,97.18,111.36,109.83,1.01
2,507.798,10.77,10.84,100.92,99.39,94.61,99.39,97.24,1.04,10.44,11.06,102.56,110.43,97.32,105.58,111.47,1.01
2,507.85,11.59,9.92,103.75,99.6,102.05,105.91,112.75,1.07,10.56,10.64,103.15,104.66,106.1,110.0,112.5,0.94
1,508.095,10.66,10.03,103.94,100.32,107.23,105.92,107.39,1.02,9.92,11.58,109.48,110.36,108.42,113.6,98.67,1.0
2,508.118,11.3,9.9,104.86,94.01,94.5,96.8,101.31,1.08,11.38,9.69,101.59,97.71,107.89,96.29,101.6,0.97
2,508.411,10.54,10.99,107.54,100.26,108.87,110.2,99.19,0.96,11.0,9.89,104.12,97.25,102.28,99.7,101.92,1.01
2,508.445,11.14,9.84,98.81,100.3,104.23,96.67,104.61,1.09,11.08,10.12,97.14,97.28,108.74,109.08,108.6,0.99
1,508.512,10.95,10.71,112.93,103.52,106.24,100.96,108.25,0.98,10.22,11.18,108.98,111.57,106.56,104.25,107.94,0.99
4,508.859,9.64,10.24,98.68,105.97,96.84,107.34,97.02,1.02,10.45,9.93,100.42,110.09,105.52,102.25,108.22,0.96
1,509.766,10.8,11.6,97.55,98.03,102.92,103.24,106.94,1.04,9.95,11.64,103.93,107.22,94.64,104.73,101.23,1.01
4,511.735,10.07,9.78,108.14,99.11,106.45,108.01,109.84,0.96,10.28,11.14,108.72,101.49,101.56,94.39,109.49,0.99
4,511.868,10.84,10.74,109.69,96.76,105.63,105.4,107.79,0.97,10.3,10.6,103.27,109.56,110.42,105.06,108.94,0.98
4,512.28,9.62,9.9,112.23,98.72,104.11,107.68,105.11,1.02,10.05,10.3,110.21,106.21,99.8,107.2,111.41,0.96
4,512.549,10.59,9.82,101.74,110.42,104.42,101.62,105.82,0.96,10.74,10.82,111.08,101.71,106.4,101.47,111.83,1.08
1,513.093,9.89,11.56,113.36,98.17,93.49,98.12,95.4,0.98,9.64,11.77,108.84,111.83,99.41,113.78,101.12,0.99
4,513.243,11.21,10.87,102.18,102.64,104.66,101.08,112.6,0.95,10.74,10.02,112.73,93.39,110.12,99.09,102.61,1.13
4,513.996,9.82,10.35,102.28,108.01,112.05,95.07,104.15,1.1,9.9,10.08,113.9,94.9,104.5,104.27,99.24,1.1
4,514.28,10.61,10.3,109.36,99.08,96.31,104.32,97.74,1.12,9.82,10.32,110.26,105.23,109.26,100.53,104.82,0.96
1,514.372,10.63,10.37,97.03,111.97,105.48,99.55,105.34,1.05,11.08,10.99,102.62,113.51,104.66,106.5,102.34,1.08
1,514.843,10.8,11.13,114.82,107.27,100.12,109.05,99.71,1.02,10.77,10.22,108.48,104.25,107.82,98.75,108.86,1.03
4,515.737,11.19,10.3,97.39,105.94,103.64,98.81,113.7,1.01,11.04,10.82,103.94,106.3,109.83,107.98,106.24,1.11
1,516.675,9.59,10.69,98.03,112.52,108.1,113.17,100.24,1.04,9.81,10.96,101.92,109.4,95.55,98.21,104.83,1.04
4,516.707,10.39,9.62,107.47,94.01,112.58,105.81,97.81,0.95,10.95,10.69,110.12,97.77,108.44,99.81,101.47,1.01
4,516.733,11.07,10.99,101.18,97.46,105.44,108.86,111.46,0.98,10.94,10.79,108.78,101.15,101.52,105.96,110.93,1.01
1,518.196,10.48,10.58,114.76,98.94,94.69,105.42,107.38,0.95,10.65,11.05,106.61,105.07,96.87,96.98,95.48,1.07
1,518.279,10.43,10.02,108.27,106.35,94.6,111.08,94.05,1.12,10.48,10.68,107.57,98.04,93.25,104.42,105.36,1.09
4,520.007,11.16,11.13,102.06,107.01,98.54,103.54,113.79,1.12,11.16,11.32,107.68,105.23,110.71,111.7,112.58,1.01
1,521.631,10.88,10.08,114.67,109.02,103.77,103.04,106.79,1.01,9.61,11.55,113.9,113.64,94.04,101.94,99.74,1.06
1,522.187,10.14,10.38,98.13,98.99,97.78,113.44,106.89,1.11,10.02,11.64,98.64,107.3,110.29,114.48,100.84,1.07
1,522.821,9.54,10.52,103.54,110.77,98.9,96.82,105.65,1.04,10.94,10.89,110.11,109.71,100.49,107.58,102.18,1.02
1,523.112,10.13,10.5,100.35,101.4,98.67,103.04,106.69,0.98,10.01,10.36,110.73,105.57,108.53,110.97,102.5,1.02
4,523.427,10.69,10.26,96.7,106.69,98.48,102.34,109.67,0.99,10.97,11.27,111.27,100.11,98.02,99.47,107.26,0.98
4,524.185,11.12,10.7,99.8,108.01,100.81,104.73,111.02,1.04,11.34,10.04,97.6,100.89,101.56,98.15,97.31,1.11
1,524.878,10.59,11.7,96.89,99.09,101.3,102.86,111.17,1.04,10.82,10.3,104.86,109.23,96.25,96.96,98.03,0.97
1,525.076,10.8,11.73,113.07,106.98,95.77,102.79,110.43,0.94,9.85,10.9,106.16,101.59,94.78,103.15,97.58,1.1
1,526.171,10.57,10.71,114.41,109.5,100.48,114.32,103.26,1.01,10.4,11.48,112.35,98.48,109.09,106.5,101.12,1.03
1,526.418,9.82,11.32,111.42,107.86,97.75,101.16,94.21,1.1,9.74,10.17,114.13,113.84,109.04,105.43,101.26,0.95
4,526.524,10.1,9.97,113.15,109.35,103.27,99.46,102.28,1.1,10.84,9.62,96.87,101.97,106.87,102.97,108.39,1.11
1,527.54,9.98,10.13,109.07,107.87,100.97,104.49,110.56,1.06,9.92,11.7,112.44,113.1,109.9,103.19,109.16,1.04
4,527.626,10.66,11.13,99.85,95.07,96.36,110.34,99.6,1.01,9.65,9.73,100.01,104.54,109.08,109.01,109.1,1.09
1,527.881,9.72,11.02,105.3,107.01,95.8,110.97,110.98,1.04,10.02,10.22,97.12,103.3,94.52,103.32,105.49,1.06
1,528.693,9.9,11.47,102.74,106.47,99.52,114.02,97.26,0.99,9.86,10.92,110.67,108.64,109.77,107.65,101.04,1.11
4,529.013,10.69,10.72,95.99,101.22,96.77,105.48,103.15,0.99,11.21,10.54,108.17,105.34,110.58,105.16,100.54,1.12
4,529.159,11.26,10.62,113.25,101.6,103.94,104.27,106.29,0.98,9.72,9.81,100.05,99.47,106.6,106.09,106.57,1.07
1,529.561,9.71,11.47,103.8,113.81,107.49,103.1,109.72,1.09,10.91,10.89,97.06,98.21,100.1,111.89,105.49,1.02
4,530.542,9.57,9.53,97.62,99.44,98.83,111.3,110.95,1.04,10.3,10.55,111.39,106.08,108.53,100.7,100.49,1.06
4,531.189,9.95,10.06,100.44,97.74,109.48,98.01,101.89,1.04,11.06,10.77,106.78,101.92,109.26,95.83,112.75,1.11
1,531.234,10.49,11.42,105.36,97.77,101.64,100.75,97.36,1.07,10.53,10.93,99.99,113.87,94.23,102.83,98.56,1.02
4,531.954,11.26,9.8,104.92,96.16,111.9,105.03,98.96,1.12,10.73,10.92,96.87,95.6,104.8,110.36,100.24,1.07
1,531.958,9.56,10.82,97.42,105.12,97.04,105.35,96.0,1.08,9.73,10.68,110.02,111.74,105.3,100.73,104.63,0.98
1,532.997,10.54,10.19,112.19,107.44,93.33,103.19,94.72,1.01,10.38,11.12,113.9,100.67,94.26,106.78,96.67,1.11
1,533.001,9.69,10.18,110.6,103.27,97.19,110.59,108.64,1.03,9.81,11.24,107.66,116.03,104.17,104.09,98.92,0.97
4,534.258,11.39,10.08,103.17,108.47,96.1,105.81,114.66,1.1,10.33,10.08,105.33,103.99,112.06,95.36,103.41,0.97
4,534.504,10.41,10.28,103.49,99.18,109.2,97.39,108.42,0.98,11.12,10.98,97.38,110.06,96.16,103.39,114.1,0.95
4,535.802,9.98,10.78,106.94,107.27,110.55,101.96,112.05,1.13,10.45,10.85,100.47,105.55,103.94,101.36,103.3,1.06
1,536.113,10.23,10.91,105.42,99.72,97.98,108.96,93.92,1.07,9.85,10.62,102.18,106.35,95.73,105.38,100.33,1.05
1,536.772,9.54,10.85,97.25,106.02,103.19,97.11,97.99,1.04,10.36,10.3,99.33,98.82,95.48,104.75,100.13,1.06
4,537.274,11.18,11.09,104.9,93.97,107.07,98.15,108.95,0.96,9.91,10.11,97.89,94.8,108.47,105.97,115.27,1.07
4,538.423,11.35,10.81,96.23,99.62,112.66,100.92,110.18,1.12,10.5,9.67,102.66,108.66,113.73,95.05,108.8,1.05
4,539.576,10.85,10.95,103.12,96.48,96.37,106.34,102.61,1.11,11.05,9.57,111.94,106.47,108.0,109.64,114.62,0.96
4,540.077,9.65,10.41,96.99,109.11,112.26,108.29,99.72,1.08,10.95,9.66,110.69,100.36,99.81,94.57,106.42,0.98
1,540.85,10.3,11.75,101.12,100.76,101.96,102.26,101.76,0.98,9.82,11.18,102.72,109.9,97.18,99.46,96.67,0.96
1,540.887,10.99,10.77,110.48,108.02,99.01,108.94,109.38,1.05,10.03,10.69,100.08,98.11,103.41,108.66,95.34,1.05
1,541.275,10.44,10.3,99.36,102.11,93.74,98.57,107.21,0.98,10.85,10.26,97.42,114.41,96.21,113.56,109.38,0.96
1,542.072,11.21,10.91,103.56,102.92,94.92,99.66,98.0,1.06,10.59,10.67,112.93,99.01,96.12,103.46,96.0,1.11
4,543.466,9.65,10.37,106.12,108.71,112.59,107.58,110.14,1.01,11.25,9.85,96.61,107.55,110.08,99.84,109.63,1.09
4,547.022,10.83,10.91,113.03,102.26,100.85,104.78,101.91,1.11,11.35,10.5,98.52,93.3,102.31,106.79,105.19,1.07
4,547.391,9.92,10.02,111.72,105.84,109.25,108.5,108.34,0.96,9.69,10.68,112.21,99.02,113.67,105.48,105.65,0.96
4,547.972,9.65,10.48,99.67,101.04,104.42,104.0,103.07,0.97,10.26,10.28,99.42,94.63,110.94,95.98,112.56,1.07
4,548.003,10.84,9.68,113.64,97.15,104.08,96.27,105.77,1.12,10.95,10.22,112.56,95.9,98.02,107.7,97.28,1.03
