task_type,arrival_time,est_m1,est_m2,est_m3,est_m4,est_m5,est_m6,est_m7,est_m8,ext_m1-1,ext_m2-1,ext_m3-1,ext_m4-1,ext_m5-1,ext_m6-1,ext_m7-1,ext_m8-1
T7,0.01,26.36,5.58,28.81,97.2,170.62,26.21,5.68,4.75,27.2,5.18,26.32,113.21,149.95,26.86,5.34,4.86
T7,0.015,29.36,5.33,27.36,113.01,156.88,26.37,4.89,5.23,26.74,5.47,25.25,106.76,145.74,26.28,5.17,5.05
T5,0.049,26.84,4.95,26.74,102.89,141.69,27.68,5.38,5.02,25.79,5.5,28.02,105.8,142.76,25.86,5.02,5.24
T7,0.092,24.92,4.99,27.5,107.21,159.71,24.19,4.94,5.28,26.86,5.37,26.54,102.91,169.11,23.76,4.93,4.78
T2,0.108,23.92,5.42,23.63,97.56,154.54,26.98,4.91,5.09,25.56,5.48,27.23,107.28,157.7,27.83,5.66,5.69
T2,0.537,26.75,5.23,23.62,96.94,158.95,26.42,5.54,5.25,27.46,5.5,27.29,92.81,161.15,28.69,5.77,5.15
T6,0.553,28.91,5.3,25.97,103.29,141.91,27.24,4.88,4.71,25.87,4.92,25.42,101.3,147.49,28.14,5.18,4.73
T3,0.583,26.97,4.84,25.34,93.33,154.3,24.72,5.03,5.52,27.97,4.86,27.53,94.72,157.26,26.52,5.36,5.65
T1,0.616,26.32,5.19,29.33,100.95,159.47,24.22,5.63,4.79,27.3,5.55,25.93,103.29,172.6,25.36,5.14,5.24
T6,0.631,24.99,4.85,23.52,106.32,158.66,24.39,5.27,4.98,29.04,5.09,26.0,104.96,159.69,26.53,4.91,4.98
T4,0.747,24.81,4.76,25.2,96.8,146.17,26.07,5.58,5.23,27.1,5.53,24.8,99.4,164.26,24.03,5.62,5.66
T3,0.891,25.39,5.05,27.8,108.72,156.7,26.73,5.11,4.84,26.04,5.43,27.99,96.55,144.57,25.41,5.12,5.42
T6,0.909,26.02,5.08,25.95,92.08,146.57,25.8,5.13,5.43,27.42,5.13,26.92,106.58,158.86,26.85,4.64,5.17
T1,1.345,26.37,4.84,29.01,102.63,170.52,26.37,4.86,5.04,24.48,5.55,28.48,108.94,159.69,24.74,5.68,5.01
T5,1.943,25.75,5.15,27.72,107.68,154.73,26.42,5.11,5.47,27.69,5.14,25.51,93.92,156.54,27.13,5.46,5.18
T1,2.003,23.95,5.54,25.36,101.89,163.77,25.87,5.14,4.64,25.2,5.35,28.0,92.48,160.95,24.73,5.67,4.76
T3,2.441,28.9,5.19,27.99,103.92,151.85,24.42,5.24,5.28,26.02,4.89,27.55,108.59,163.74,27.0,4.98,5.04
T2,2.446,27.65,5.13,25.49,106.4,161.57,28.2,5.08,5.77,27.44,5.21,24.64,102.96,146.45,25.1,5.57,4.9
T3,2.468,26.28,5.02,27.42,93.71,149.89,26.8,4.72,5.59,27.76,5.05,25.52,102.39,155.79,26.99,5.45,5.55
T3,2.59,26.55,5.4,25.96,104.06,167.4,28.64,5.07,5.53,25.82,5.11,28.0,94.4,157.21,25.27,4.92,5.7
T4,2.639,27.75,5.59,27.34,99.95,149.82,26.83,5.84,5.61,26.66,4.86,28.05,100.5,164.47,23.74,5.08,5.23
T7,2.718,28.5,5.18,25.83,111.3,148.16,24.23,5.23,5.25,25.69,5.53,26.06,103.89,166.0,26.14,5.35,5.42
T6,2.811,25.06,4.84,23.15,95.19,146.16,24.41,4.67,5.45,24.79,4.69,22.94,102.65,156.74,27.35,5.21,5.26
T7,2.856,27.96,5.12,27.3,108.56,172.2,26.93,5.48,5.23,28.85,5.06,26.47,110.15,167.72,23.9,5.04,4.72
T10,2.95,25.85,5.26,28.04,99.13,160.09,27.76,4.96,5.04,28.79,4.89,27.7,97.9,166.6,27.03,4.84,5.18
T5,3.0,25.56,4.9,27.05,102.79,155.01,26.2,5.27,5.8,27.48,4.89,28.37,105.47,148.6,25.86,5.22,5.81
T5,3.007,27.65,5.25,29.62,93.58,151.54,25.61,4.8,4.95,26.7,4.89,29.61,100.22,160.76,26.44,4.61,5.39
T9,3.084,27.65,5.57,26.8,92.56,151.5,27.84,4.96,5.34,26.52,5.5,28.54,101.77,174.7,27.82,5.1,5.29
T9,3.272,25.37,5.86,24.5,100.0,150.04,27.72,5.33,4.76,26.44,5.88,26.44,93.22,174.72,25.17,5.07,4.91
T1,3.373,26.08,5.1,24.92,98.7,170.33,24.33,5.24,5.24,24.7,4.94,27.19,100.4,148.87,27.88,5.32,5.13
T2,3.383,25.56,5.88,24.97,100.62,148.28,25.14,4.92,4.93,25.83,5.89,24.82,101.77,159.96,28.8,5.49,5.12
T9,3.386,25.72,5.34,24.69,93.12,150.23,25.57,5.36,5.23,28.0,5.71,27.4,92.13,159.98,25.86,4.9,5.55
T3,3.728,28.85,5.08,25.85,99.16,170.03,26.99,5.48,5.47,26.74,5.22,27.43,97.16,155.0,28.89,5.39,5.32
T6,3.831,27.52,5.27,23.62,93.28,148.62,26.56,4.85,5.08,26.16,5.22,26.84,101.01,167.08,27.25,5.15,4.97
T10,3.973,28.09,4.65,26.16,104.27,164.03,27.02,5.03,5.66,25.82,4.67,25.87,95.49,176.6,26.44,5.3,5.36
T7,4.331,25.36,5.14,26.25,110.12,164.74,27.55,4.99,5.15,25.38,4.94,25.34,98.87,158.3,23.62,5.39,4.87
T1,4.446,27.3,5.35,26.62,103.86,150.49,25.05,5.67,5.25,26.15,5.3,27.39,99.87,157.0,25.44,4.98,5.02
T4,4.505,27.58,4.95,27.96,110.73,151.8,25.34,5.74,4.98,24.07,4.87,27.52,112.62,150.56,24.49,5.72,5.41
T4,4.513,25.78,5.43,26.31,112.92,164.52,25.1,5.64,5.2,26.62,5.42,23.92,99.05,162.98,25.78,5.7,4.84
T6,4.57,27.58,5.2,25.1,101.94,148.76,24.71,5.18,5.0,29.14,5.43,24.18,94.25,168.78,25.26,4.62,4.94
T1,4.768,27.39,5.39,29.31,100.1,151.64,25.24,5.51,5.11,24.48,4.99,27.34,93.13,145.83,27.31,5.56,4.71
T9,5.207,26.15,5.77,25.88,103.14,175.25,27.07,5.53,4.72,28.81,5.79,24.27,108.37,167.82,23.75,5.0,4.82
T5,5.275,25.8,5.26,27.97,95.44,161.38,25.19,5.36,5.47,26.18,5.47,27.8,93.51,164.88,24.98,4.69,5.44
T5,5.395,26.76,5.31,26.57,102.04,161.69,26.28,5.33,4.99,26.24,5.68,28.2,97.81,164.4,28.33,5.44,5.39
T6,5.621,25.61,5.31,23.15,99.63,149.49,25.28,4.94,5.3,28.49,5.13,23.76,99.28,156.07,27.64,5.42,5.08
T9,5.661,27.43,5.72,28.39,93.53,173.79,25.2,5.68,5.51,25.02,5.05,27.93,106.45,162.36,24.71,4.98,5.45
T5,5.752,27.23,4.94,25.47,103.68,161.22,28.31,5.24,5.2,27.51,5.47,26.7,107.9,160.84,27.92,5.41,5.47
T9,5.862,29.06,5.0,24.22,98.28,156.27,25.4,4.87,5.55,27.96,5.85,24.4,96.62,174.44,24.44,5.63,4.82
T6,6.026,26.88,5.31,22.88,104.63,159.66,25.88,5.3,5.15,25.64,5.29,25.38,97.88,158.21,25.05,4.73,5.25
T2,6.034,26.06,5.07,25.96,106.33,147.12,27.68,5.7,5.58,26.31,5.1,23.71,107.33,156.98,24.9,5.76,4.88
T4,6.112,27.08,5.26,25.6,111.16,157.4,27.18,5.38,5.03,24.71,5.18,25.52,98.12,155.46,23.94,5.77,4.97
T9,6.432,26.61,5.55,24.84,103.38,150.45,23.9,5.19,4.72,26.81,5.13,27.04,96.75,167.09,25.18,4.96,5.17
T7,6.699,28.3,4.97,27.59,109.35,161.62,25.96,5.42,5.27,26.11,5.78,26.64,102.23,171.0,24.18,5.32,4.66
T3,6.711,28.96,5.54,27.72,106.84,147.24,25.61,4.69,5.6,25.76,4.97,28.38,96.18,170.05,25.39,5.46,5.07
T10,6.924,28.98,5.28,27.36,101.73,154.18,27.6,5.14,5.91,25.82,5.35,27.17,97.8,156.97,26.89,5.48,5.78
T3,6.969,27.0,5.23,26.1,98.88,164.38,24.51,5.33,5.52,27.62,5.16,25.37,102.3,153.56,27.5,4.66,5.61
T2,7.298,24.11,5.42,25.07,102.56,141.45,28.16,5.56,5.01,24.34,5.07,25.13,109.31,144.55,26.6,5.22,5.32
T10,7.391,26.75,5.02,27.66,95.39,171.99,26.17,5.55,5.71,29.1,4.8,24.58,101.95,174.4,28.17,5.49,5.04
T9,7.411,26.98,4.96,24.85,93.61,157.25,26.37,5.18,5.5,27.88,5.29,25.17,96.1,155.31,23.71,5.33,4.84
T1,7.411,26.03,5.34,26.64,108.18,152.09,24.78,5.66,5.04,25.96,5.12,28.62,92.53,153.73,25.22,5.47,4.87
T5,7.474,25.86,5.52,28.23,102.45,156.19,25.54,4.62,5.75,26.27,4.9,29.62,100.19,149.44,26.28,5.09,5.51
T6,7.796,29.12,4.86,26.19,91.87,166.44,27.29,5.44,5.22,27.15,4.68,25.01,92.91,149.49,25.47,5.24,5.01
T3,7.801,25.57,5.36,28.52,98.38,163.47,25.6,5.02,4.9,27.51,5.42,28.38,109.62,160.91,24.74,5.07,4.9
T5,7.82,26.92,5.63,27.86,95.32,154.3,25.14,5.05,5.24,25.51,4.97,28.13,99.63,161.3,29.16,5.46,5.78
T10,7.844,29.42,5.04,27.41,105.84,165.05,25.87,4.94,5.19,29.1,4.9,27.45,106.61,166.43,24.12,4.73,5.17
T8,8.109,26.18,4.83,25.59,99.12,178.01,26.46,5.51,5.34,26.5,4.8,27.03,101.47,169.71,24.9,5.4,5.75
T4,8.763,28.31,5.58,26.73,100.58,158.43,23.81,5.78,5.51,28.4,5.46,25.34,95.71,163.86,23.6,5.58,4.85
T7,8.934,26.85,5.35,25.45,102.34,146.2,27.46,5.56,4.9,28.15,5.64,28.51,106.22,147.37,25.47,5.18,4.71
T7,9.038,28.61,5.71,29.26,113.49,171.58,24.55,5.55,5.22,25.28,5.37,28.85,114.58,149.22,23.26,5.64,5.22
T10,9.164,29.33,4.83,27.8,105.88,160.53,27.89,5.46,5.75,26.28,4.96,25.38,110.11,153.88,28.01,4.92,5.3
T10,9.179,29.09,4.76,24.57,109.06,158.31,26.84,4.74,5.9,25.91,4.6,27.31,103.86,163.36,25.98,5.18,5.94
T5,9.259,27.04,5.3,26.26,101.45,163.89,25.5,4.64,5.24,25.98,5.13,28.65,95.72,144.56,27.45,5.46,5.51
T8,9.289,24.75,4.8,26.67,107.77,165.3,24.03,5.0,5.73,24.37,4.9,24.08,106.46,165.67,24.29,5.43,5.14
T1,9.403,24.25,5.52,28.24,94.6,150.2,24.45,5.07,5.03,23.36,4.95,27.67,95.63,161.84,24.52,5.22,5.12
T6,9.794,28.28,4.86,24.64,95.88,161.65,27.2,4.7,4.98,28.52,5.07,23.78,94.54,160.17,26.21,5.23,4.73
T8,9.796,24.85,5.31,27.97,110.26,160.82,26.7,5.46,5.44,26.76,4.68,26.03,105.59,159.36,24.22,5.49,5.26
T2,10.069,27.13,5.95,25.34,107.84,151.04,24.4,5.7,5.22,27.56,5.52,26.96,104.42,158.14,28.14,5.42,5.22
T4,10.098,27.38,5.18,24.56,108.49,168.1,24.58,5.56,5.21,26.15,5.5,28.24,108.99,149.55,23.79,5.38,5.08
T1,10.205,26.23,5.04,24.86,94.27,162.81,25.4,4.94,5.12,24.67,4.92,28.28,96.98,156.66,27.84,5.68,4.99
T9,10.251,26.77,5.56,26.4,109.16,168.46,24.1,4.84,4.76,25.78,5.03,25.1,104.6,151.77,23.91,5.65,5.25
T10,10.463,26.57,5.33,28.35,102.21,154.36,25.87,5.04,5.66,27.42,5.39,25.55,111.42,167.67,27.23,5.2,5.45
T4,10.715,25.75,5.61,24.18,108.15,162.85,24.12,5.3,5.5,25.78,5.43,27.28,95.5,160.52,24.71,5.18,4.83
T9,11.101,25.53,5.52,27.94,95.98,174.65,27.44,5.29,5.11,29.08,5.28,27.2,98.92,167.08,27.1,4.93,5.02
T4,11.102,27.19,4.76,25.75,96.48,166.86,26.72,5.55,5.69,27.76,5.1,27.0,108.25,166.43,23.3,5.31,5.01
T10,11.104,28.34,5.22,26.03,104.87,172.52,27.89,5.21,5.48,26.95,5.44,28.32,104.3,156.85,28.38,5.24,5.17
T4,11.197,27.72,5.59,25.52,109.2,147.14,26.32,4.96,5.58,27.66,5.0,27.66,105.94,164.25,25.73,4.96,5.07
T5,11.429,23.98,4.93,25.12,96.21,146.28,26.93,4.84,5.68,26.67,5.37,28.08,102.73,140.87,28.25,4.89,5.29
T7,11.434,25.12,5.54,24.85,105.26,157.93,27.21,5.38,4.94,28.34,5.05,25.43,109.0,165.6,23.37,4.9,5.27
T6,11.825,29.42,5.26,24.89,100.07,152.54,25.57,5.13,4.9,27.0,5.01,23.61,94.59,155.94,25.87,4.85,5.39
T2,11.981,25.38,5.74,25.72,108.97,152.02,27.42,5.29,5.44,26.44,5.13,25.45,105.61,165.54,25.71,5.42,5.0
T5,12.302,24.06,4.93,25.84,104.22,147.54,27.18,5.07,5.6,24.94,5.18,28.74,101.08,142.83,26.69,5.43,5.21
T9,12.463,26.82,5.7,27.39,100.34,171.06,26.55,5.0,5.12,28.53,5.0,25.48,93.52,153.67,25.24,5.19,5.3
T1,12.599,26.7,5.24,25.68,100.49,170.87,24.94,4.95,4.86,26.47,5.39,25.58,108.89,162.32,24.32,5.7,4.89
T10,12.815,25.03,4.74,24.48,96.44,159.04,25.71,5.37,5.17,27.94,4.88,25.54,104.57,172.09,28.16,4.84,5.09
T7,12.898,24.96,5.05,25.11,112.43,171.95,27.3,5.29,4.65,27.87,5.57,26.47,97.4,168.01,25.27,5.18,5.29
T8,12.938,27.01,5.44,27.02,110.42,163.42,26.0,5.02,5.06,24.18,4.81,28.16,103.1,151.27,25.1,5.49,5.62
T7,13.117,25.36,4.96,26.22,106.7,147.22,24.28,5.09,4.88,27.45,5.01,26.9,99.07,169.55,24.0,5.29,5.33
T6,13.164,27.82,4.76,23.3,99.93,144.24,28.04,4.9,5.16,25.57,4.83,25.67,101.15,166.96,28.58,5.03,4.85
T2,13.173,25.6,5.12,27.33,96.72,149.12,26.98,5.57,5.28,27.48,5.62,23.68,99.72,143.05,24.61,4.96,5.56
T9,13.411,28.59,5.59,28.3,98.14,151.07,27.2,4.9,4.95,24.94,5.8,28.55,106.84,158.18,25.99,5.18,5.57
T3,13.581,25.7,5.39,25.98,95.97,156.79,25.0,5.14,5.05,25.59,4.91,28.23,106.69,159.38,27.56,5.16,4.93
T4,13.632,26.72,5.52,26.79,111.42,143.32,27.08,5.17,5.4,27.02,5.19,24.14,103.1,160.43,25.46,5.44,5.73
T1,13.692,26.06,5.37,29.43,107.04,163.0,24.4,5.55,4.74,24.12,5.64,27.37,92.33,163.97,28.12,5.44,5.01
T4,14.06,24.26,4.88,24.29,104.67,151.18,23.22,5.21,5.19,28.24,5.29,24.11,111.07,155.73,24.9,5.7,5.66
T3,14.08,28.67,5.12,25.96,104.98,163.08,28.66,4.72,5.3,25.48,4.93,26.78,109.68,165.45,28.01,5.45,5.48
T7,14.471,26.54,4.97,29.24,110.26,155.72,25.35,5.04,4.71,28.48,5.46,25.57,109.96,165.33,26.91,4.94,5.44
T3,14.504,25.79,5.51,27.61,103.47,170.06,24.51,5.45,5.0,25.61,5.58,27.32,98.47,153.81,27.17,4.89,5.43
T1,14.572,26.9,5.4,25.23,101.62,151.95,28.54,5.52,4.97,27.55,5.52,25.64,107.82,171.94,28.18,5.61,5.04
T6,14.827,25.98,5.05,23.92,102.32,162.07,26.25,4.65,5.21,27.64,4.92,24.65,103.65,152.85,28.31,5.16,5.17
T3,14.849,25.6,4.87,27.22,96.14,155.34,25.04,5.13,5.41,26.94,5.45,28.36,96.6,164.35,27.45,5.01,5.04
T3,14.959,28.06,5.45,27.38,99.04,161.85,28.02,4.74,4.96,28.72,4.88,24.25,95.18,152.93,26.4,4.87,5.59
T9,15.013,28.31,5.57,25.92,102.21,152.58,26.82,5.25,4.85,29.1,5.56,27.03,95.8,154.67,25.47,5.35,4.72
T4,15.192,27.74,5.42,26.34,110.74,164.23,27.14,5.33,5.71,26.58,4.94,25.37,95.59,166.01,24.54,5.4,5.68
T7,15.234,27.36,5.19,28.32,99.02,148.63,27.33,5.58,4.66,27.6,5.16,26.78,107.1,156.65,27.1,5.16,5.24
T5,15.278,26.87,5.62,25.51,101.61,155.35,25.82,5.2,5.39,24.02,4.93,27.48,106.96,162.83,25.93,5.19,5.7
T3,15.4,27.8,5.44,27.39,106.66,144.5,26.25,5.13,5.71,25.98,4.78,24.94,108.36,166.13,24.47,5.28,5.18
T2,15.405,23.85,5.03,23.45,105.87,149.84,27.44,5.67,4.93,25.36,5.62,25.96,109.25,142.22,27.4,5.23,5.07
T8,15.476,23.97,4.84,28.5,104.36,168.61,26.29,5.6,5.19,27.21,5.07,27.52,98.36,178.74,23.9,5.3,5.43
T2,15.514,26.97,5.52,25.57,94.93,145.62,26.34,5.02,5.69,24.1,5.32,27.38,109.21,158.72,24.42,5.62,5.74
T6,15.586,27.42,5.18,26.46,99.79,157.16,24.77,4.96,4.97,28.59,5.47,26.0,97.79,142.64,27.83,5.19,5.33
T10,15.692,27.08,5.15,26.16,104.57,177.58,26.39,4.95,5.58,26.21,5.41,28.77,102.93,167.98,24.66,4.71,5.04
T10,15.832,27.82,4.7,28.07,103.68,156.52,26.07,4.78,5.88,27.76,5.36,26.41,110.06,174.6,25.4,5.41,5.08
T3,15.931,26.78,5.54,24.91,107.6,157.81,26.1,5.32,5.55,25.14,5.51,26.12,102.39,154.45,24.64,4.66,5.64
T10,15.954,26.64,5.26,26.73,108.41,170.31,27.44,5.03,5.01,29.23,4.8,28.58,104.14,174.18,26.49,5.44,5.52
T9,15.961,28.31,5.68,26.22,93.97,153.83,27.84,5.17,4.99,26.44,5.07,24.39,100.03,171.45,23.77,5.19,5.33
T3,16.391,27.05,5.41,27.3,94.36,152.0,25.61,5.4,5.49,27.85,4.71,24.19,95.26,161.5,24.77,4.64,5.01
T1,16.449,23.81,5.67,27.12,99.77,156.11,24.38,4.91,5.04,23.61,4.95,25.0,101.32,168.22,28.3,5.59,4.96
T8,16.477,27.61,5.41,27.48,110.64,169.29,23.36,5.07,5.82,25.32,5.29,26.77,111.05,177.32,27.2,5.49,5.34
T9,16.491,26.66,5.02,26.89,103.38,166.22,25.3,5.17,5.34,28.38,5.62,26.28,99.32,159.79,24.08,4.92,4.82
T1,16.525,23.81,5.45,27.02,102.57,167.41,28.14,4.88,5.13,25.59,4.8,26.23,99.96,154.86,27.71,5.14,5.3
T1,16.594,27.31,4.81,26.12,92.39,153.38,25.12,5.08,4.58,26.85,5.28,29.03,107.79,162.67,24.3,4.97,4.74
T10,16.716,26.39,5.35,26.15,104.74,178.52,26.81,4.71,5.79,27.74,4.66,26.93,98.25,166.3,25.62,5.11,5.07
T6,16.823,24.95,5.08,24.2,95.23,165.31,26.12,5.38,5.02,26.49,5.32,23.47,101.91,158.05,27.23,5.38,5.09
T1,17.308,23.77,4.92,26.45,97.83,163.11,26.35,4.97,4.68,25.92,4.88,27.08,92.7,168.03,24.73,5.7,5.06
T2,17.354,24.31,5.78,24.54,97.43,148.38,28.7,5.06,5.07,27.1,5.42,26.92,98.82,164.8,28.56,5.05,4.91
T5,17.433,24.25,5.57,27.69,109.85,152.08,28.58,4.84,5.11,25.13,5.03,28.34,97.56,155.56,25.05,5.34,5.38
T9,17.482,29.09,5.29,25.61,105.03,153.1,27.79,5.34,4.96,24.6,5.44,26.06,100.91,163.54,25.1,4.97,4.89
T8,17.571,26.87,5.21,24.41,103.23,172.0,25.65,5.81,5.02,23.94,4.77,24.9,95.56,174.75,23.48,5.04,4.97
T1,17.824,27.22,5.21,28.78,109.07,152.64,25.92,4.98,5.02,26.36,5.62,28.84,94.91,166.27,25.92,5.62,5.2
T3,18.238,27.95,5.42,27.25,106.66,152.94,24.72,4.95,5.08,24.98,4.94,25.73,94.91,163.9,27.81,5.3,5.45
T1,18.263,25.88,5.59,28.53,92.37,172.11,28.53,5.62,5.43,24.3,5.4,28.13,100.69,167.34,24.59,5.38,4.72
T4,18.357,27.4,5.59,24.1,106.98,166.19,26.84,5.75,5.71,25.98,5.15,24.39,104.72,163.22,24.85,5.07,4.88
T3,18.403,26.18,5.09,28.07,101.4,156.79,26.71,4.85,5.18,29.17,4.7,27.92,109.4,164.49,25.86,5.34,5.45
T5,18.465,27.38,5.3,25.77,97.4,153.17,28.75,4.65,5.44,25.61,5.1,26.36,103.74,155.22,28.58,4.94,5.64
T1,18.649,26.3,5.22,26.26,108.94,158.44,27.71,5.6,4.64,25.35,5.44,27.37,99.4,163.0,24.17,5.14,4.97
T1,18.973,27.02,5.47,27.59,103.85,169.23,28.32,4.92,5.08,25.44,5.55,27.72,95.89,153.76,25.81,5.51,4.82
T10,19.038,25.13,4.83,26.3,96.91,176.28,25.06,4.77,5.35,24.98,5.24,24.98,104.3,154.02,24.19,5.54,5.83
T7,19.077,29.29,5.77,28.72,110.75,165.31,25.97,5.07,4.69,29.21,5.42,27.03,99.65,170.43,24.06,5.33,4.65
T10,19.119,27.75,4.75,26.69,112.58,170.98,23.94,5.1,5.51,28.7,5.07,27.31,99.49,153.66,25.59,4.8,5.89
T8,19.189,25.01,5.55,24.84,99.37,155.02,24.65,5.78,5.26,25.43,4.8,25.0,107.48,154.01,23.75,5.59,5.84
T10,19.334,28.29,4.96,28.76,110.45,167.75,27.6,5.25,5.74,27.64,4.71,25.84,102.85,168.68,26.1,5.33,5.66
T7,19.708,25.36,5.51,26.67,100.8,155.6,25.28,5.21,5.37,26.58,4.96,26.14,106.31,168.78,25.64,4.93,5.15
T10,19.964,28.28,4.68,26.05,96.22,153.04,24.44,5.05,5.08,25.65,5.34,26.21,107.41,155.15,27.02,4.79,5.82
T7,20.145,25.84,4.99,28.59,100.65,148.51,24.18,5.22,5.12,26.9,5.44,25.8,104.58,154.68,27.25,5.44,4.66
T6,20.322,25.32,4.86,23.62,108.7,157.39,28.66,5.15,5.19,28.29,5.17,24.19,108.39,147.49,27.08,4.75,5.09
T7,20.416,29.04,5.27,28.85,108.19,155.58,25.38,5.25,4.64,26.42,4.98,28.32,99.57,164.71,25.2,4.91,5.25
T9,20.561,26.07,5.48,27.02,105.32,160.47,25.03,5.67,4.83,25.28,5.2,27.46,99.74,163.6,27.75,5.46,4.84
T1,20.584,27.39,5.64,27.61,105.09,160.54,27.88,5.26,4.67,23.83,5.64,28.63,94.59,171.6,24.8,5.21,5.08
T3,20.92,27.31,5.24,27.7,101.76,151.79,27.04,4.73,4.9,25.77,5.18,27.51,97.12,161.67,24.63,4.99,5.45
T2,20.958,27.29,5.06,27.14,105.43,145.45,28.76,5.22,5.07,25.82,5.11,26.99,97.66,164.56,24.55,5.68,5.77
T10,21.444,28.04,4.82,28.85,110.95,159.33,24.51,5.37,5.81,28.28,5.37,27.02,105.86,174.22,26.1,5.38,5.9
T10,21.467,25.73,4.79,28.03,111.39,169.69,28.38,4.84,5.55,26.27,4.72,24.85,108.56,161.25,24.34,5.47,5.72
T1,21.477,27.58,4.8,25.74,94.02,148.16,24.16,5.04,4.91,27.38,4.92,28.19,101.68,147.15,28.34,5.5,5.3
T4,21.582,27.92,5.52,28.26,105.91,161.47,26.07,5.36,5.24,27.96,4.86,27.53,96.17,169.24,24.18,5.06,5.02
T8,21.709,27.42,5.05,25.81,95.84,172.47,24.65,5.66,5.66,24.15,5.37,25.41,99.48,150.74,26.84,5.05,5.4
T10,21.762,25.03,5.13,27.36,101.37,173.43,25.55,4.96,5.21,28.25,4.82,27.35,106.19,158.55,27.43,5.05,5.41
T9,21.842,28.16,5.79,26.04,104.04,160.69,23.76,5.12,5.51,25.93,5.17,27.13,106.8,159.31,26.57,5.41,4.98
T7,21.862,25.44,5.72,27.6,99.8,170.65,25.06,5.64,5.17,27.97,5.77,25.04,98.06,156.47,25.87,5.04,5.09
T3,21.881,29.14,5.34,26.38,97.27,152.02,25.28,5.07,5.14,28.28,4.99,25.67,107.78,147.14,27.31,4.76,5.02
T1,21.922,23.81,4.98,28.79,97.9,160.56,26.01,5.19,4.71,26.49,5.31,25.52,95.7,160.08,24.32,5.24,4.99
T10,21.954,27.27,5.24,26.7,102.51,163.22,27.88,5.18,5.45,27.58,5.16,27.46,108.44,155.07,24.91,5.28,5.14
T2,22.006,27.38,5.67,24.47,95.32,152.94,24.72,4.9,5.29,23.85,5.19,24.0,97.12,153.3,28.79,5.58,5.32
T5,22.068,27.66,5.22,27.77,104.4,150.07,25.35,5.45,5.67,25.52,5.58,25.27,103.61,149.96,26.84,5.02,5.27
T10,22.136,25.25,5.04,26.33,109.73,163.15,27.76,4.78,5.2,28.99,5.25,28.32,96.09,157.66,28.44,5.17,5.74
T4,22.182,24.62,5.62,26.84,99.11,155.27,24.32,5.78,5.46,25.41,5.53,23.88,106.27,144.96,23.77,4.96,5.17
T10,22.203,25.72,5.35,27.35,97.08,173.56,28.0,5.34,5.01,28.29,4.64,26.11,108.16,177.39,24.02,4.89,5.94
T2,22.286,27.11,5.3,23.2,100.35,152.72,25.1,5.01,5.58,24.53,5.88,23.18,108.48,156.04,28.06,5.11,5.51
T5,22.415,24.0,5.71,28.72,101.08,161.22,28.4,5.36,5.08,27.15,5.14,25.87,106.14,158.28,28.33,5.4,5.69
T10,22.419,28.69,4.65,25.62,111.33,174.44,24.05,5.17,5.64,25.8,4.99,28.14,98.6,155.8,27.96,5.27,5.45
T4,22.517,25.49,5.03,24.82,96.68,147.13,23.76,5.58,5.53,27.98,5.12,23.86,109.8,145.71,23.91,5.66,5.68
T6,22.621,25.98,4.79,23.51,108.04,142.53,27.94,4.85,4.83,27.4,4.73,27.04,108.76,166.47,24.35,4.89,4.93
T1,22.654,26.0,5.67,26.89,108.63,164.08,25.52,5.05,5.2,25.71,5.44,26.74,99.49,157.41,26.92,5.35,5.0
T9,22.882,26.91,5.19,25.32,96.35,165.87,27.71,5.62,4.93,27.84,5.66,24.12,102.77,165.14,24.64,4.87,5.19
T8,22.911,24.48,5.41,24.4,109.7,157.15,24.3,5.07,5.14,25.39,5.48,25.46,100.4,162.47,27.44,5.49,5.02
T3,22.945,25.05,4.75,24.53,103.44,148.83,25.83,4.78,4.9,25.92,4.82,24.95,109.86,145.3,27.09,5.22,5.11
T2,23.014,27.38,5.37,25.21,92.53,144.16,27.0,5.57,5.18,26.25,5.77,25.15,93.56,151.71,27.92,4.98,4.95
T3,23.07,26.03,4.98,24.25,96.41,157.63,27.2,5.27,5.56,26.34,4.95,26.59,93.3,170.05,24.5,4.86,5.5
T2,23.197,25.7,5.68,25.75,105.99,160.54,27.94,5.14,4.94,24.26,5.66,27.08,96.02,154.13,25.92,5.19,5.35
T10,23.33,26.21,5.2,26.17,97.9,169.07,25.29,5.19,5.61,25.13,5.42,28.19,100.1,169.56,27.69,4.72,5.88
T3,23.333,25.71,4.99,26.69,100.46,151.74,26.01,5.03,5.37,27.92,5.53,28.19,96.89,155.83,25.75,5.08,5.57
T1,23.378,26.75,4.78,28.6,98.84,171.6,24.09,4.97,4.93,23.39,5.63,27.93,99.45,155.78,25.19,5.09,5.28
T1,23.427,24.06,5.29,26.21,99.77,146.49,26.35,5.48,5.23,24.15,5.01,28.5,93.94,166.23,27.46,5.3,4.94
T6,23.504,26.25,4.72,26.85,92.61,159.34,24.46,5.3,5.44,28.28,5.17,26.99,108.3,156.99,25.52,5.31,4.89
T9,23.589,24.92,5.08,27.76,103.61,167.03,26.24,5.71,5.56,25.07,5.63,27.84,105.91,164.28,25.29,5.5,5.54
T1,23.597,27.09,5.08,29.39,99.22,149.31,24.44,5.24,4.66,23.89,5.14,25.32,102.78,156.26,24.52,5.62,5.27
T2,23.673,25.07,5.66,26.13,100.75,144.9,26.65,5.38,4.99,24.88,5.39,24.69,92.4,164.56,28.86,5.74,5.53
T3,23.718,26.0,4.71,25.65,108.28,147.74,28.59,5.04,5.24,29.07,5.1,28.36,100.09,152.94,28.14,4.64,5.16
T7,23.725,28.49,4.97,29.24,98.05,157.74,26.72,5.31,5.03,27.13,5.43,29.0,104.5,163.96,25.71,5.22,5.21
T1,23.758,25.03,5.4,27.38,99.43,165.06,24.81,5.06,5.32,23.33,5.19,25.96,101.52,157.92,24.26,5.13,5.2
T7,23.806,29.3,5.71,28.29,98.06,147.49,26.83,5.22,5.3,28.09,5.43,27.65,99.02,147.38,26.83,5.15,4.66
T8,23.934,26.69,4.9,27.8,100.58,155.1,25.77,5.14,5.2,25.87,5.31,26.29,107.1,177.45,23.54,5.75,5.6
T8,23.998,24.13,4.82,27.59,95.66,155.15,23.47,5.46,5.81,26.64,4.98,25.8,104.59,172.51,23.74,4.92,5.37
T9,24.024,28.9,5.72,24.96,95.11,162.12,26.12,5.02,5.2,28.16,4.96,26.78,94.64,165.47,24.0,5.01,5.24
T1,24.123,26.0,5.13,28.13,105.99,164.39,25.58,5.53,5.42,23.52,5.49,24.92,97.75,150.98,27.94,5.26,4.91
T7,24.169,28.7,5.38,29.37,110.96,151.34,26.4,5.26,5.27,28.59,5.27,25.3,110.65,148.37,24.11,5.62,5.01
T3,24.182,25.99,5.55,24.27,100.01,156.94,27.34,5.01,5.42,27.75,5.4,28.49,102.91,155.17,25.34,4.81,4.99
T9,24.198,25.24,5.22,26.98,104.49,170.06,24.1,5.69,5.42,27.98,5.1,27.7,109.16,149.18,26.21,5.2,5.34
T10,24.287,25.89,5.41,24.83,99.55,177.12,24.87,5.48,5.59,27.26,4.9,24.5,107.8,153.01,26.37,4.76,5.39
T10,24.421,27.24,4.81,28.7,112.44,155.82,24.63,4.91,5.02,27.6,5.23,27.91,104.09,168.26,28.23,5.04,5.29
T10,24.644,29.02,5.35,28.08,105.97,172.31,24.64,4.75,5.07,29.23,4.7,27.26,98.2,156.05,25.9,4.75,5.22
T8,24.781,23.83,5.45,24.36,109.39,178.16,26.99,5.11,5.73,23.85,5.3,25.43,99.26,151.56,24.7,5.33,5.0
T4,25.032,25.22,5.16,25.93,111.25,162.78,23.73,4.99,5.36,24.5,4.99,26.26,105.24,145.59,23.04,5.52,5.19
T2,25.096,24.71,5.04,24.97,108.96,156.57,25.83,4.94,4.96,27.87,5.12,27.03,100.23,163.24,26.97,5.21,5.47
T7,25.134,29.27,5.76,25.11,102.31,166.35,24.67,4.9,4.82,26.35,5.66,28.6,114.58,163.47,26.98,5.62,5.11
T8,25.216,25.53,5.36,26.36,103.0,155.78,24.2,5.4,5.43,24.76,5.41,25.34,111.3,178.83,23.36,5.64,5.41
T5,25.222,27.75,5.52,25.59,105.62,153.29,26.93,4.86,5.63,26.91,4.93,25.19,107.15,155.17,25.75,5.24,5.79
T8,25.382,24.63,4.83,24.87,95.59,178.23,25.28,5.17,5.26,26.02,5.05,24.07,112.54,161.58,24.12,5.32,5.32
T5,25.609,26.61,5.22,27.14,100.32,160.74,28.18,5.31,4.95,25.18,5.29,28.43,97.02,148.5,26.29,5.32,5.41
T9,25.662,27.99,5.19,28.49,93.44,168.15,23.93,5.58,5.15,27.02,5.75,25.08,94.04,174.04,26.04,5.04,4.97
T2,25.662,25.56,5.13,26.97,99.4,162.45,25.21,5.16,5.14,26.47,5.71,24.35,107.58,142.5,24.67,5.48,4.93
T7,25.688,27.15,5.05,25.21,107.75,162.23,23.6,5.52,4.61,29.42,5.11,27.64,112.51,147.49,24.06,5.0,4.95
T2,25.769,27.99,5.64,26.14,97.1,165.87,28.67,5.7,5.38,27.37,5.45,24.16,96.92,166.54,26.47,5.44,5.75
T6,25.801,26.9,5.19,25.85,104.61,153.89,26.6,5.43,4.94,26.14,4.74,23.75,104.54,168.05,25.34,5.15,5.05
T6,25.874,29.36,4.99,26.42,99.81,147.51,28.48,5.44,5.0,25.56,5.34,25.77,102.8,151.16,26.59,5.21,5.24
T6,26.186,29.36,5.36,24.89,108.82,148.28,28.14,5.17,5.14,25.07,5.46,25.69,97.69,163.78,27.66,4.83,5.08
T10,26.202,26.95,5.3,26.25,104.74,170.78,25.59,5.07,5.23,26.64,4.98,26.23,102.26,169.56,28.06,5.48,5.64
T8,26.287,25.4,5.04,28.38,102.97,151.45,23.64,4.92,5.18,27.19,5.25,25.37,96.62,174.2,26.46,5.5,5.32
T10,26.409,26.86,4.63,28.98,103.35,167.13,25.28,5.18,5.4,25.01,4.64,25.82,99.51,157.1,27.75,5.01,5.45
T10,26.531,28.34,4.96,27.14,110.07,152.84,25.18,5.36,5.94,25.42,4.59,27.7,102.17,155.86,24.08,5.13,5.65
T7,26.674,26.0,5.42,26.96,115.09,170.56,23.4,5.41,5.21,25.36,4.98,27.85,102.86,167.8,27.43,5.39,4.77
T6,26.68,29.0,5.45,23.28,94.23,153.2,27.8,4.82,5.22,27.07,5.33,24.04,96.67,147.34,28.95,4.69,4.83
T2,26.84,27.78,5.49,26.28,98.18,143.23,25.0,5.68,5.61,24.68,5.09,23.63,107.43,165.77,28.13,5.51,5.58
T5,26.861,24.08,5.07,29.05,96.56,141.96,29.18,4.76,4.96,25.17,5.7,29.76,109.23,147.38,27.9,4.62,5.72
T7,26.983,28.77,5.63,27.71,114.2,164.93,24.64,5.57,4.81,29.54,5.24,26.42,113.82,152.49,23.94,5.07,4.96
T8,26.998,24.42,5.11,26.27,97.6,159.98,23.42,5.47,5.1,24.03,5.39,25.81,103.48,173.12,23.35,5.13,5.25
T1,26.998,27.0,5.14,27.0,107.5,157.0,26.41,4.88,5.39,27.03,5.3,26.59,101.82,147.8,26.15,4.99,5.3
T1,27.178,26.08,5.28,26.6,94.77,154.65,24.6,5.47,5.34,26.24,5.03,27.61,93.55,145.83,26.96,5.59,5.06
T2,27.218,26.56,5.84,27.22,100.02,153.74,27.13,5.42,5.77,27.64,5.87,23.42,96.72,146.7,27.5,4.89,5.52
T7,27.225,27.02,5.22,26.25,109.72,148.34,25.78,5.41,4.62,27.74,5.03,26.67,101.44,167.15,25.08,5.19,4.95
T4,27.508,26.92,5.42,25.14,106.18,151.06,25.07,4.93,5.64,26.66,5.44,26.87,111.1,166.15,25.85,5.76,5.48
T5,27.652,24.82,4.86,26.58,103.56,164.61,27.62,4.61,5.81,25.91,4.89,25.17,97.52,153.85,25.4,4.82,5.43
T10,27.713,25.2,5.23,28.05,98.97,169.19,27.61,5.18,5.6,26.39,4.81,26.5,100.84,162.52,26.21,4.78,5.23
T6,27.943,26.96,4.7,23.07,93.96,143.15,25.46,4.77,5.27,28.59,5.19,23.21,91.86,158.43,27.01,4.66,4.7
T9,28.005,24.97,5.59,27.18,98.5,159.9,26.21,5.72,5.46,26.31,5.59,27.26,100.58,155.31,27.72,5.36,5.08
T5,28.21,23.98,5.66,25.47,104.68,159.24,27.01,5.44,4.97,26.84,4.89,27.44,102.13,151.75,25.99,5.13,5.88
T9,28.283,28.85,5.69,24.89,105.3,176.13,25.43,4.96,4.99,24.65,5.51,24.85,100.34,164.04,26.47,4.89,5.04
T8,28.31,28.0,4.83,26.77,111.74,170.66,26.83,5.69,4.94,26.66,5.4,28.08,109.82,157.32,24.59,5.58,4.93
T4,28.869,23.94,5.23,27.45,97.74,162.01,23.28,5.05,4.88,27.04,5.15,25.94,107.81,143.51,24.58,5.63,5.37
T6,28.887,27.02,5.17,26.07,92.43,142.9,27.85,5.13,5.18,25.07,5.02,26.02,102.38,154.56,28.55,5.16,5.3
T6,28.951,26.23,4.84,25.37,95.73,145.9,24.88,5.15,4.91,28.35,4.74,23.66,104.22,156.54,28.15,4.69,4.73
T8,28.992,26.8,4.8,27.18,102.06,172.77,26.96,5.04,5.08,25.08,5.52,25.32,97.66,168.89,25.01,5.82,4.98
T2,29.076,26.03,5.07,23.44,93.22,156.08,28.42,5.71,4.95,27.06,5.94,27.17,92.11,143.66,27.04,5.55,5.2
T6,29.122,27.66,5.29,24.73,99.03,148.28,28.03,4.93,4.75,27.77,4.74,23.74,97.04,157.67,28.63,5.08,5.01
T8,29.164,25.38,5.45,27.05,98.83,171.58,23.7,5.79,5.1,26.03,4.93,25.41,104.8,153.49,26.71,5.02,5.02
T4,29.25,26.82,4.89,24.13,100.26,156.03,23.92,5.74,5.2,27.76,4.84,27.69,101.24,156.36,26.55,5.6,5.13
T7,29.258,29.6,5.24,25.17,98.65,158.37,26.18,5.18,4.67,25.55,5.52,26.44,114.35,159.01,24.71,5.31,4.71
T3,29.309,26.83,5.22,26.15,93.71,146.23,25.45,5.18,5.12,27.8,5.54,25.09,108.67,160.88,25.21,5.0,5.16
T5,29.689,24.56,5.36,27.04,103.07,140.96,27.46,5.46,5.33,25.0,5.66,28.22,105.77,161.58,26.2,5.15,5.14
T5,29.703,26.7,5.53,27.17,97.73,141.57,25.99,5.22,5.51,26.29,5.5,25.15,108.17,160.04,26.9,5.44,5.79
T6,29.767,29.19,5.1,27.0,101.59,149.4,27.24,5.07,4.89,25.42,5.02,23.78,97.34,166.19,25.43,4.93,4.99
T9,29.797,28.61,5.1,27.05,98.69,157.34,27.16,5.55,5.21,26.3,5.18,26.81,93.77,169.7,27.36,5.16,5.02
T2,30.225,27.05,5.43,27.42,104.64,159.46,25.58,5.16,5.02,26.56,5.05,25.8,97.73,159.24,27.37,5.52,5.67
T8,30.431,27.5,4.91,25.61,110.1,159.22,26.93,5.29,5.62,27.46,4.99,24.26,100.75,165.99,23.8,5.02,5.85
T1,30.498,25.73,5.59,28.95,102.26,171.38,26.92,5.63,4.99,27.57,4.78,28.93,101.45,168.21,25.46,4.94,4.96
T5,30.561,26.68,5.2,29.28,102.04,159.57,25.44,5.36,5.25,25.56,5.61,26.15,102.33,162.84,26.99,5.31,5.38
T9,30.976,27.95,5.3,24.74,100.03,165.02,26.56,5.07,4.96,25.18,5.29,25.57,97.1,174.3,27.51,4.88,4.96
T9,31.085,26.66,5.25,28.02,94.77,171.09,27.2,4.97,5.04,26.19,5.37,27.69,100.61,162.43,23.62,5.33,4.91
T1,31.091,26.88,4.91,26.59,107.35,168.25,26.4,4.89,5.37,27.24,5.3,25.57,99.65,151.06,26.41,5.56,5.06
T10,31.244,29.19,5.01,24.42,99.34,159.87,27.55,5.28,5.31,28.42,4.86,28.4,96.62,161.65,24.08,4.85,5.14
T7,31.386,25.5,4.96,29.36,107.1,171.76,26.37,5.05,4.97,27.75,5.44,27.68,109.0,171.69,23.58,5.15,5.09
T3,31.603,28.76,5.5,27.91,106.74,150.72,27.14,5.5,5.15,26.63,5.38,25.71,103.83,160.98,25.83,5.47,5.21
T3,31.628,26.14,4.89,24.94,93.02,158.15,26.18,5.26,4.99,26.45,4.93,25.51,109.42,162.26,27.33,4.83,5.68
T8,31.914,25.01,5.15,27.95,96.76,177.63,23.66,5.37,5.09,27.74,5.14,27.85,106.09,155.5,24.26,5.14,4.98
T3,31.94,28.66,5.54,27.56,99.85,154.84,25.74,4.72,4.84,26.97,5.25,27.97,94.0,154.83,26.43,5.41,5.34
T8,32.065,26.81,4.83,26.77,110.92,166.58,27.17,5.04,5.3,26.01,4.84,26.19,111.52,170.59,26.23,5.61,5.0
T3,32.082,25.57,5.53,26.1,109.63,151.41,24.82,4.99,5.01,29.4,5.55,26.54,94.0,163.02,24.77,5.21,4.92
T6,32.201,28.82,4.68,24.69,106.11,161.5,27.22,4.72,5.17,29.06,5.28,25.36,96.03,165.27,26.62,4.89,5.0
T6,32.237,28.6,5.24,24.81,94.94,162.79,27.82,5.04,4.75,25.35,4.74,26.03,98.5,144.44,25.25,5.26,5.27
T10,32.248,26.96,5.04,26.22,106.78,176.14,26.37,5.37,5.19,25.4,4.93,28.64,96.5,163.11,24.99,5.39,5.01
T8,32.374,24.02,4.96,27.1,103.11,166.64,27.47,5.54,4.95,24.38,5.45,25.45,107.08,164.34,26.32,5.38,5.12
T3,32.45,28.38,4.96,24.99,110.4,154.97,27.25,4.95,5.05,26.62,5.32,24.61,100.84,147.27,27.36,4.98,5.16
T8,32.641,25.58,4.78,26.43,109.71,173.16,26.8,5.71,5.51,25.05,5.13,24.18,111.92,172.35,23.58,4.95,5.46
T10,32.641,28.1,4.9,28.44,101.55,165.3,26.3,4.73,5.82,26.59,5.15,24.51,110.11,171.84,25.44,5.03,5.72
T4,32.674,26.72,5.22,27.19,105.84,151.07,23.44,5.31,5.1,23.97,4.88,26.01,98.05,168.7,25.66,5.81,5.21
T3,32.772,27.77,5.09,27.38,109.53,162.7,24.63,5.43,5.68,26.22,5.36,28.65,109.62,149.87,24.85,5.11,5.08
T1,32.838,26.57,5.13,28.35,97.58,165.04,26.07,5.11,4.92,26.08,5.07,27.01,92.64,171.99,25.1,5.06,4.98
T2,32.86,27.87,5.56,24.59,93.06,155.92,26.11,4.92,5.07,24.05,5.12,26.04,104.44,154.55,24.37,5.17,5.75
T2,32.86,25.49,5.06,24.18,105.54,146.45,28.62,4.98,5.11,26.25,5.66,25.14,105.26,165.45,24.29,5.06,5.46
T9,32.917,28.13,4.98,28.43,107.09,156.79,25.39,5.11,4.78,25.94,5.33,26.55,95.16,168.74,24.03,5.38,5.48
T6,32.946,29.22,5.2,25.02,105.69,149.31,25.73,4.69,5.44,29.09,4.74,25.18,104.22,158.16,28.74,4.58,4.91
T7,33.147,27.79,5.65,27.54,112.49,165.92,24.06,5.58,5.03,25.49,5.62,27.54,113.9,158.32,24.92,5.42,5.4
T5,33.204,24.2,5.02,29.0,95.77,147.53,26.84,4.67,5.09,25.68,5.64,28.57,106.57,153.69,28.6,4.8,5.27
T3,33.254,28.66,4.88,28.56,106.14,161.85,28.06,5.12,4.89,27.02,5.54,24.35,108.72,164.38,25.34,5.41,5.58
T10,33.262,26.2,4.67,29.0,99.77,153.63,26.7,5.39,5.3,27.75,5.3,27.44,96.72,176.16,27.29,4.8,5.55
T7,33.439,28.27,5.09,28.86,115.35,157.99,23.31,5.47,5.01,29.43,5.82,24.85,110.8,157.9,24.58,5.13,4.78
T8,33.449,23.88,5.17,28.01,110.37,165.36,23.32,5.49,5.16,24.57,4.77,24.21,95.28,170.1,25.5,5.27,5.83
T7,33.589,27.67,4.97,27.68,98.02,171.92,24.16,5.3,4.7,26.06,5.87,28.12,113.69,171.88,27.36,5.52,4.74
T7,33.663,26.04,5.68,28.21,99.33,160.74,24.5,5.05,4.61,29.48,5.83,27.59,108.2,164.36,24.45,5.5,4.93
T10,33.83,26.15,5.43,28.52,103.16,176.77,27.96,5.17,5.44,25.68,5.03,28.72,105.14,174.35,25.67,4.86,5.72
T3,33.848,29.37,4.72,27.56,95.2,161.4,28.06,4.84,5.55,29.0,4.93,24.31,99.68,159.63,25.5,5.32,5.57
T9,33.876,28.41,5.2,27.39,107.71,157.69,25.3,5.16,5.26,26.79,5.43,28.25,99.98,153.65,24.11,5.42,4.74
T6,34.051,25.02,5.47,24.45,106.3,160.98,25.96,4.9,5.26,29.21,5.24,25.15,96.83,151.16,26.74,4.93,5.18
T9,34.229,26.18,5.86,24.35,103.34,173.72,24.22,4.99,4.76,27.42,5.86,25.32,97.6,153.53,28.0,5.73,4.69
T8,34.264,25.48,5.36,27.2,104.32,178.77,26.55,5.5,5.82,26.85,5.04,25.96,109.43,160.88,24.95,5.81,5.66
T6,34.451,27.42,5.05,25.53,104.4,146.13,27.62,4.64,5.01,26.66,4.73,24.39,105.41,149.3,27.64,5.06,4.66
T10,34.939,26.92,5.04,27.22,96.72,171.23,27.92,4.96,5.04,26.95,4.91,25.52,109.22,151.27,26.26,4.75,5.15
T1,35.07,23.36,5.51,29.45,99.01,172.24,28.22,5.24,5.05,26.26,5.64,29.35,98.46,157.15,25.68,5.05,4.96
T8,35.155,26.87,4.92,25.44,102.72,174.84,25.79,5.23,5.1,24.55,5.16,25.61,101.39,176.02,23.44,5.63,5.57
T2,35.393,24.24,5.82,25.36,95.87,163.35,28.08,5.65,5.65,27.36,5.87,24.75,102.13,151.11,25.66,5.72,5.31
T1,35.462,26.53,5.28,28.07,108.83,166.49,26.84,5.63,4.76,25.58,5.53,25.75,92.43,167.04,25.56,4.94,4.58
T5,35.554,26.91,4.97,25.71,110.0,150.82,29.26,4.68,5.07,27.47,5.55,28.36,97.93,143.32,28.11,4.79,5.2
T1,35.778,26.12,5.56,26.35,99.31,148.83,26.63,4.89,5.23,24.99,5.44,25.07,107.38,157.24,27.5,5.28,4.66
T6,35.955,27.39,4.71,25.21,92.54,156.82,25.67,4.71,5.31,29.3,5.09,23.99,108.3,152.95,28.7,4.71,5.31
T2,36.112,23.65,5.77,26.14,93.75,167.32,27.32,5.19,5.21,26.49,5.34,25.42,104.64,157.54,26.15,4.92,5.49
T5,36.188,27.56,5.3,28.11,94.56,148.48,26.63,5.42,5.5,25.77,5.66,27.16,96.55,164.41,27.67,5.11,5.44
T3,36.381,25.07,5.29,27.63,95.5,168.8,26.99,4.81,5.7,27.97,5.24,28.62,105.52,167.5,25.59,4.83,5.15
T3,36.587,25.57,5.04,28.61,99.85,163.46,26.8,5.12,5.02,25.77,5.48,25.76,107.31,160.91,27.69,4.85,4.91
T3,36.592,27.91,4.79,24.55,103.34,162.54,24.67,5.46,5.63,28.44,5.55,26.2,93.46,166.9,24.68,4.76,4.94
T6,36.621,25.32,4.62,24.5,105.31,158.86,25.05,5.12,4.69,28.86,5.18,25.55,108.63,156.9,26.66,5.17,4.97
T2,36.627,23.66,5.31,23.89,101.13,153.79,27.49,5.05,4.92,27.84,5.7,25.34,103.89,164.15,27.92,5.06,5.34
T7,36.72,27.72,5.52,26.42,101.71,164.32,25.36,4.95,5.27,27.67,5.83,28.93,115.37,156.98,26.17,4.99,4.75
T2,36.818,25.7,5.26,23.66,107.09,154.09,26.08,5.19,5.51,25.08,5.21,26.7,92.85,164.73,26.55,5.79,5.35
T9,36.957,25.18,5.58,27.56,98.31,151.27,27.55,5.08,5.14,24.56,5.0,26.17,97.62,154.31,24.69,5.57,5.11
T2,37.014,25.27,5.38,23.83,96.99,149.23,26.89,5.45,5.56,27.34,5.4,24.28,98.46,158.02,24.81,5.64,5.51
T6,37.092,27.64,5.28,23.13,100.5,165.78,26.4,4.88,5.24,26.6,4.74,24.51,104.29,143.86,28.92,5.3,5.32
T8,37.104,25.0,5.4,27.09,97.91,172.94,25.22,5.54,5.72,26.23,4.9,27.04,106.82,163.58,25.2,5.75,5.37
T2,37.188,24.34,5.82,23.71,96.57,164.15,28.15,5.32,5.47,26.36,5.7,23.52,93.06,159.85,24.67,5.6,5.69
T6,37.268,26.4,5.04,23.94,102.44,148.94,24.95,5.42,5.25,27.43,5.04,23.16,93.16,148.34,25.66,5.17,4.84
T1,37.424,23.32,5.32,26.85,107.83,166.82,24.73,5.54,4.79,23.63,5.66,27.84,107.72,152.84,28.02,5.05,5.19
T10,37.474,27.71,4.59,27.68,100.67,175.28,26.63,5.56,5.52,26.96,4.89,27.67,107.8,175.68,24.74,4.72,5.06
T7,37.589,27.06,5.57,28.45,104.69,145.96,23.51,5.15,5.4,29.15,5.4,26.91,109.37,153.24,24.14,5.34,4.97
T10,37.72,27.61,4.85,28.19,97.04,159.09,26.84,4.86,5.43,28.33,5.35,28.03,100.12,167.92,25.99,4.98,5.58
T7,37.974,27.87,5.06,27.55,104.41,166.87,24.11,4.93,4.86,26.57,5.62,27.21,111.24,171.88,25.08,5.56,4.65
T3,38.171,29.66,5.54,25.06,106.8,164.44,27.47,5.27,5.09,26.5,4.93,27.4,103.64,170.36,25.99,5.34,4.95
T8,38.404,23.6,5.09,25.07,104.22,177.21,24.26,5.01,4.97,27.4,5.44,24.89,105.96,169.99,26.28,5.45,5.36
T2,38.694,26.95,5.38,27.08,99.36,144.86,26.44,4.9,5.77,26.47,5.05,23.33,102.53,154.61,27.6,5.13,5.0
T7,38.72,26.9,5.31,27.25,97.83,145.71,24.04,5.75,5.38,25.5,5.18,26.01,105.34,169.56,24.54,5.24,5.22
T6,39.089,27.32,4.94,23.24,101.99,149.34,26.58,4.89,5.36,25.36,5.25,24.01,93.09,166.78,25.26,5.12,4.84
T9,39.124,27.26,5.67,24.38,93.42,158.48,27.17,5.63,4.95,27.98,5.11,24.48,100.55,150.6,26.8,5.71,5.42
T8,39.421,26.18,4.71,24.49,97.09,163.98,25.79,5.44,5.61,27.85,5.0,26.6,100.76,161.49,26.52,5.43,5.56
T9,39.944,25.1,5.51,25.51,100.92,154.94,26.88,5.46,4.7,27.28,5.52,26.95,104.61,153.53,25.24,5.21,4.85
T3,40.037,29.42,4.91,24.38,96.56,144.38,24.9,5.14,5.55,25.1,5.12,26.56,105.24,144.46,26.54,5.08,4.96
T9,40.099,26.42,5.01,26.3,100.55,152.16,27.01,5.12,4.88,26.03,5.49,27.17,97.07,164.86,25.24,5.34,5.31
T7,40.113,27.67,5.09,25.08,112.75,152.54,25.71,5.18,5.29,27.7,5.73,26.72,98.19,172.6,24.71,4.88,4.87
T7,40.12,26.84,5.57,27.41,114.64,155.78,23.51,5.64,4.76,25.69,5.66,28.9,113.69,160.6,25.43,4.85,5.4
T3,40.291,27.79,4.88,24.88,101.75,144.32,25.74,5.17,5.23,27.22,4.82,25.96,95.36,145.33,27.97,5.06,5.39
T8,40.351,25.5,4.79,26.0,96.56,170.75,24.85,5.57,5.73,27.4,5.35,26.74,101.92,158.92,23.66,4.96,5.26
T10,40.422,26.16,5.3,27.53,104.12,154.29,24.35,5.17,5.03,28.76,5.34,26.9,106.38,166.93,25.81,4.8,5.88
T7,40.691,28.11,5.55,26.78,108.46,160.64,25.38,5.44,5.38,29.15,5.4,25.04,101.01,169.76,26.24,5.41,4.7
T5,40.863,26.62,5.05,25.35,105.68,150.82,27.59,5.11,5.1,24.27,5.16,29.22,108.6,160.12,27.19,5.03,5.83
T8,41.196,27.82,5.42,26.98,103.98,177.32,25.91,5.68,5.41,27.66,5.47,24.76,111.64,165.82,25.28,5.43,5.48
T8,41.224,27.59,5.43,27.46,100.26,161.12,27.52,5.1,5.69,26.28,5.54,28.0,108.88,177.08,24.34,5.72,5.22
T6,41.255,25.28,5.44,24.63,94.2,161.3,27.55,5.14,5.3,29.3,5.35,26.58,108.97,148.95,25.08,5.27,5.2
T6,41.344,25.85,4.73,24.18,94.68,157.39,27.51,4.82,4.76,26.93,4.88,24.43,92.43,152.59,28.4,4.88,5.12
T10,41.349,28.1,4.86,24.58,95.84,173.96,25.67,5.28,5.82,27.02,5.45,28.02,103.71,162.9,25.6,4.76,5.73
T4,41.425,26.71,5.39,25.58,96.9,144.3,25.86,5.42,5.53,26.58,4.99,24.37,109.82,148.72,24.26,5.19,5.01
T9,41.482,26.83,5.2,28.33,93.4,151.56,26.51,5.05,4.86,26.36,5.52,26.56,93.44,177.13,24.58,5.53,4.94
T1,41.503,23.46,5.34,29.45,95.91,157.6,27.9,5.59,4.77,27.5,5.38,29.08,99.18,148.0,24.77,5.51,5.41
T2,41.555,26.3,5.14,26.67,93.07,167.32,28.85,5.62,5.4,23.7,5.45,24.5,94.28,154.09,28.06,5.34,5.24
T6,41.954,28.78,5.1,24.72,108.23,161.5,28.58,4.8,5.3,27.42,5.45,23.27,99.23,142.86,28.87,5.27,5.34
T1,42.019,26.9,5.11,26.93,105.57,171.02,26.44,5.61,4.7,25.58,5.07,25.6,107.49,158.41,26.9,4.92,5.12
T1,42.193,26.57,5.25,29.31,106.47,167.01,25.22,5.44,4.96,26.64,4.93,28.26,103.86,162.81,27.94,5.46,4.89
T9,42.243,26.17,5.34,26.57,106.12,150.32,24.58,5.56,4.96,25.42,5.87,26.21,106.41,166.58,26.05,5.55,5.16
T5,42.262,24.98,5.24,25.29,97.28,148.32,26.78,5.41,5.81,25.54,5.18,28.57,108.44,145.77,27.96,5.01,5.83
T1,42.389,27.64,5.56,25.08,102.2,149.52,28.52,4.84,5.23,25.47,5.36,29.35,95.58,155.18,24.85,5.45,4.84
T2,42.441,25.23,5.18,26.85,92.41,163.88,25.35,5.36,5.17,27.25,5.14,23.42,94.73,141.62,25.57,5.79,4.87
T4,42.517,27.76,5.14,23.89,104.78,150.28,24.46,4.97,5.47,27.96,5.27,27.52,111.24,168.26,26.37,5.56,4.89
T8,42.598,26.85,5.24,27.43,107.32,158.61,26.66,5.71,5.0,25.66,4.9,24.56,111.18,163.67,24.39,4.94,5.31
T7,42.612,29.33,5.12,26.13,108.56,167.55,26.9,5.45,4.6,27.34,5.72,28.96,101.43,158.98,23.78,5.52,5.07
T2,42.755,25.42,5.04,25.28,92.93,157.08,27.71,5.66,5.27,26.64,5.35,23.3,108.36,144.98,25.34,5.44,5.28
T5,42.805,25.25,4.9,28.31,107.52,160.84,25.4,5.12,5.2,24.63,4.96,25.89,110.0,161.8,28.51,5.32,5.45
T7,42.811,27.79,4.97,28.55,107.2,163.37,24.56,5.44,4.93,27.75,5.49,28.85,115.4,158.66,25.87,5.43,4.86
T2,43.015,24.64,5.46,26.0,101.54,159.06,25.07,5.24,5.22,26.19,5.24,25.56,108.88,150.56,26.39,5.44,5.67
T8,43.11,23.85,5.09,27.83,110.17,171.31,24.42,5.52,5.64,23.78,5.48,27.3,112.21,150.6,24.0,4.98,5.22
T8,43.172,24.16,4.94,27.74,100.2,156.07,25.38,5.49,5.49,24.73,4.89,24.59,102.12,176.01,24.44,5.1,5.37
T9,43.457,25.93,5.01,28.02,97.46,172.43,27.23,4.93,4.99,26.01,5.0,27.84,93.29,166.22,24.63,5.5,5.15
T1,43.562,26.44,5.29,25.96,97.91,170.87,28.55,5.57,5.14,26.9,4.9,28.54,102.57,168.03,28.47,4.88,4.84
T8,43.567,27.69,5.52,28.14,95.82,176.74,24.26,5.63,5.62,27.4,4.68,25.57,111.18,171.06,26.02,5.53,5.22
T10,43.641,25.94,4.75,28.78,101.89,155.8,28.29,5.43,5.21,29.17,5.1,24.48,103.35,176.17,26.79,4.71,5.64
T8,43.655,26.2,4.88,28.07,100.61,172.28,24.0,5.49,5.63,27.25,4.89,28.07,99.42,153.93,23.8,5.8,5.52
T4,43.767,27.09,4.75,25.86,106.22,165.33,23.36,5.12,5.26,24.07,4.96,25.8,101.27,151.32,24.23,5.83,5.01
T10,43.816,29.7,5.12,28.43,103.77,163.19,27.32,5.56,5.07,26.37,4.9,25.13,111.87,153.78,24.32,5.46,5.11
T2,43.819,25.53,5.46,25.33,95.81,166.27,27.02,5.17,5.26,24.1,5.95,24.37,104.39,148.44,26.76,5.35,5.52
T8,43.898,26.8,5.45,27.92,105.3,173.85,25.15,5.79,5.5,25.71,5.18,25.48,95.39,157.36,25.06,5.57,5.62
T7,43.972,29.37,5.61,25.72,110.46,158.07,23.78,5.09,4.96,27.29,5.79,28.9,108.56,172.77,27.12,5.06,5.31
T4,44.172,26.8,5.01,24.74,98.02,164.6,23.44,5.06,5.54,25.38,5.48,26.82,112.36,156.81,27.12,4.99,4.86
T1,44.187,26.0,5.3,29.21,99.18,152.05,26.05,5.35,4.8,27.36,5.37,26.94,106.02,172.12,25.36,5.22,5.02
T1,44.294,26.94,5.67,25.83,105.02,168.22,26.11,4.86,4.66,23.57,5.6,27.61,104.25,167.9,28.36,5.13,4.86
T1,44.364,23.78,5.08,26.36,100.52,165.08,26.63,5.14,4.96,27.38,5.05,28.29,105.53,170.66,27.32,5.23,4.61
T10,44.368,26.53,5.42,26.14,108.14,155.14,24.76,5.05,5.19,26.35,4.86,28.0,109.56,156.92,23.92,5.29,5.74
T8,44.654,25.64,5.53,25.0,103.31,165.22,27.04,5.07,5.72,25.4,5.1,26.73,100.07,152.48,23.55,5.65,5.01
T2,44.729,26.08,5.26,23.94,104.07,142.22,27.07,5.54,5.46,27.77,5.94,27.01,105.47,162.2,24.93,5.7,4.94
T10,44.884,27.29,4.91,27.39,110.07,155.27,28.32,4.88,5.83,27.74,4.67,26.75,96.93,174.19,27.97,4.88,5.45
T9,44.932,25.22,5.25,28.44,102.0,153.36,25.63,5.66,4.81,28.96,5.53,28.48,100.95,169.76,26.44,5.61,4.83
T5,44.956,27.24,5.04,26.15,96.73,147.94,25.85,5.34,5.28,26.88,4.89,28.64,100.74,140.19,28.51,5.46,4.99
T6,45.144,25.8,4.98,26.98,101.88,157.84,26.34,4.66,5.44,28.08,4.75,26.22,98.71,146.54,24.89,5.12,5.19
T3,45.27,25.79,5.2,27.37,109.52,144.51,24.8,5.3,5.57,26.53,5.22,28.44,96.29,170.65,28.48,5.38,5.02
T6,45.27,27.92,5.0,27.16,98.74,151.87,25.14,5.16,4.96,24.88,5.0,27.19,98.22,155.88,26.54,4.77,4.82
T9,45.283,25.96,5.58,28.22,97.36,172.02,24.48,5.29,5.22,24.9,4.96,26.92,92.03,152.92,26.19,5.59,5.56
T7,45.403,27.01,5.53,27.76,97.32,148.97,27.19,5.68,4.71,28.28,4.97,28.93,112.86,149.18,23.19,5.41,5.15
T1,45.472,26.68,5.64,29.52,97.24,158.77,27.29,5.16,4.71,27.21,4.96,26.27,97.02,147.17,27.62,5.53,4.78
T5,45.646,24.89,4.95,28.77,97.18,139.61,28.54,4.9,5.34,25.65,5.61,28.68,103.67,140.81,28.83,5.03,5.64
T8,45.885,26.26,5.11,26.49,103.14,152.02,24.37,5.11,5.56,27.12,5.51,27.82,107.99,174.89,24.22,4.99,5.52
T10,46.07,25.82,4.81,25.96,105.66,166.42,27.48,4.96,5.82,25.46,5.4,28.26,98.31,175.12,28.09,5.15,5.05
T2,46.149,24.92,5.82,25.25,103.93,148.28,24.45,5.41,5.47,24.32,5.14,25.84,96.32,150.27,25.86,5.02,5.46
T7,46.238,27.67,5.76,28.36,110.13,154.33,27.36,5.42,5.07,29.24,5.61,29.18,108.66,146.66,24.23,5.26,4.68
T2,46.251,25.67,5.29,24.14,103.28,155.46,26.96,5.37,4.91,23.99,5.63,25.91,101.17,164.88,26.05,4.92,5.11
T4,46.592,26.1,5.32,24.31,103.11,154.76,25.3,5.02,5.35,26.46,5.52,23.92,101.36,167.01,23.3,5.1,5.11
T1,46.623,26.41,5.54,27.95,94.81,151.17,26.32,5.52,5.26,24.41,5.2,28.34,102.73,151.96,24.68,5.48,5.29
T2,46.651,23.7,5.46,26.14,95.48,155.92,24.51,4.92,5.4,24.36,5.73,27.15,108.07,154.26,24.99,5.03,5.16
T3,46.896,27.26,5.44,25.87,110.42,166.55,27.98,4.75,4.91,27.0,5.56,28.12,102.29,148.22,24.4,5.38,5.32
T2,46.942,25.7,5.95,23.27,92.81,161.79,27.71,5.28,5.65,24.53,5.01,23.79,94.23,154.35,25.32,5.64,4.93
T2,47.017,25.0,5.15,23.9,99.17,157.99,26.6,5.46,5.45,24.55,5.28,23.46,102.36,155.82,26.93,5.11,5.38
T5,47.02,26.68,4.81,29.02,103.74,149.88,27.76,5.42,5.17,26.49,5.11,26.33,100.58,156.05,25.84,5.2,5.13
T9,47.073,25.52,5.39,25.24,92.88,170.08,27.12,5.17,5.4,24.84,4.97,28.18,99.04,173.73,26.37,5.29,5.28
T1,47.152,27.35,5.26,27.32,97.84,150.4,28.25,4.84,5.22,23.78,5.1,25.62,92.15,155.5,25.38,5.29,4.96
T5,47.162,26.75,5.69,28.4,103.59,159.6,28.38,5.31,5.66,24.06,5.36,26.89,100.65,144.96,28.54,4.67,5.82
T9,47.396,26.34,5.05,24.55,103.23,163.59,27.07,5.55,5.25,26.34,5.69,27.03,107.64,156.03,24.72,5.37,5.52
T4,47.442,26.92,5.25,28.23,103.72,148.74,24.99,5.68,5.41,25.0,5.05,26.92,106.56,143.59,25.91,5.13,5.3
T3,47.542,27.85,5.25,27.72,109.4,171.07,26.99,4.99,5.49,27.66,5.51,28.24,100.67,169.83,28.26,5.31,5.52
T9,47.563,25.14,5.15,27.52,106.0,168.55,27.59,5.54,5.52,27.87,5.33,24.35,95.08,165.14,23.59,5.59,5.52
T4,47.579,24.48,4.82,28.2,105.47,147.88,25.67,4.96,4.88,27.08,5.08,24.4,108.42,144.36,26.66,5.52,5.49
T10,47.596,25.9,4.89,28.86,113.04,157.82,25.07,5.01,5.37,26.04,4.81,26.02,105.49,158.3,27.76,4.7,5.4
T2,47.63,24.97,5.35,25.34,98.8,142.72,25.59,5.76,5.12,24.24,5.86,27.42,96.79,147.21,24.34,4.94,5.65
T10,47.64,26.71,5.03,28.52,96.99,173.71,24.54,4.68,5.45,26.84,4.93,28.81,102.34,151.54,26.26,5.25,5.58
T3,47.748,26.61,5.56,26.63,110.19,149.62,27.23,5.22,5.6,27.55,5.3,24.51,109.31,154.3,25.5,5.13,5.24
T5,47.793,27.53,5.48,29.56,106.81,141.21,26.49,4.98,5.12,26.82,5.64,28.39,109.93,144.37,28.85,5.3,5.07
T1,47.918,25.14,4.85,27.95,92.07,172.05,24.11,5.63,5.41,27.23,5.4,28.97,105.52,154.2,24.61,5.46,5.37
T9,47.972,28.8,5.66,27.17,99.94,164.46,26.04,4.91,5.29,25.61,5.72,25.64,103.39,164.46,25.87,5.02,5.18
T9,48.056,28.53,5.67,26.66,98.53,174.49,27.32,5.03,5.13,24.52,5.59,24.47,100.54,169.66,23.66,5.18,5.29
T9,48.128,25.72,5.35,25.6,106.35,160.69,25.46,4.97,5.18,27.05,5.88,24.85,105.65,170.7,27.12,5.08,5.36
T7,48.485,26.23,5.45,28.73,97.28,156.15,24.1,5.12,5.3,27.67,5.14,26.85,103.75,167.34,27.17,5.57,4.74
T6,48.503,29.19,4.75,26.77,103.82,166.96,24.42,5.13,5.39,27.46,5.12,25.66,103.88,147.78,27.95,5.06,4.91
T7,48.739,25.04,5.58,26.39,112.87,147.38,24.56,4.93,5.28,29.34,4.99,27.88,110.11,159.38,26.53,5.54,5.15
T2,48.82,25.5,5.35,23.73,95.02,145.46,26.99,5.65,5.21,26.24,5.18,23.5,94.76,154.08,26.94,5.19,5.19
T5,48.849,25.5,5.16,27.64,103.22,149.51,27.2,4.84,5.68,27.83,5.27,27.3,94.9,138.79,27.13,5.46,5.6
T8,49.012,23.83,5.16,28.4,105.7,158.67,23.59,5.82,5.56,27.42,5.14,26.85,102.36,155.75,24.74,5.8,5.24
T2,49.109,24.28,5.54,26.9,95.22,147.94,26.42,5.01,5.65,24.06,5.51,23.51,109.31,157.01,24.56,5.03,5.46
T3,49.143,28.58,4.71,24.51,101.97,163.35,27.48,5.02,5.16,26.51,5.45,24.86,103.54,148.06,24.37,4.82,5.47
T3,49.246,29.38,4.8,27.66,99.96,162.86,26.58,5.16,5.64,28.58,5.1,27.88,106.14,157.63,28.62,5.14,5.03
T1,49.359,25.68,5.28,25.48,104.67,172.11,25.36,4.97,5.39,24.23,5.15,26.5,104.08,164.08,26.4,5.42,5.19
T2,49.39,27.02,5.46,23.84,102.61,144.9,25.52,5.47,5.63,27.36,5.07,24.1,100.19,163.69,24.56,4.98,5.22
T4,49.695,28.33,5.34,24.74,107.86,165.09,23.89,5.46,5.12,25.66,5.03,28.12,106.52,147.68,23.62,5.78,4.89
T2,49.854,26.63,5.65,26.88,97.24,158.54,25.14,5.2,4.91,24.31,5.39,25.8,95.92,163.2,25.41,5.3,5.29
T4,49.867,26.37,5.36,25.44,107.8,148.01,26.66,5.34,5.44,25.82,5.43,27.87,96.7,164.86,25.6,5.37,5.1
T6,49.877,27.54,4.88,23.2,105.79,163.77,24.66,5.19,5.05,28.65,4.8,26.86,102.69,153.02,26.58,4.94,4.77
T7,50.045,29.01,5.01,28.81,102.7,160.99,27.45,4.91,4.78,26.45,5.41,27.53,113.1,157.72,25.43,5.38,5.1
T7,50.349,28.48,5.26,26.38,100.98,158.87,24.66,5.71,4.94,26.32,5.26,25.96,110.13,167.4,27.19,5.63,5.15
T5,50.715,27.22,5.12,27.23,101.38,142.38,26.37,4.87,5.82,23.81,5.02,28.53,101.93,141.71,25.86,4.74,5.46
T10,50.732,27.54,4.97,26.97,108.64,175.57,28.12,5.03,5.42,29.29,5.4,27.5,104.19,173.43,28.41,5.33,5.9
T7,50.86,29.2,5.81,26.44,113.28,164.69,27.24,5.08,4.94,25.96,4.96,28.84,115.58,147.48,23.96,5.3,5.1
T7,51.022,27.44,5.05,26.21,109.37,170.62,27.01,4.96,5.41,28.14,5.11,26.77,110.98,161.74,24.61,5.02,4.77
T2,51.03,25.65,5.43,23.52,105.32,145.38,25.9,5.16,5.01,23.7,5.26,27.38,95.72,166.73,27.2,5.28,5.64
T9,51.139,25.41,5.33,28.26,105.01,156.35,25.29,5.14,5.51,27.3,5.33,24.42,99.32,171.53,23.75,5.23,5.14
T4,51.231,26.8,5.01,26.54,109.2,163.34,26.55,5.0,5.19,26.08,5.19,27.16,99.58,165.36,23.74,5.46,4.93
T3,51.473,26.15,5.1,25.98,104.0,146.23,24.51,4.88,5.56,29.0,5.53,25.74,106.74,164.12,26.93,4.95,4.97
T10,51.627,24.98,5.42,28.73,98.87,150.7,25.04,4.88,5.6,25.82,5.03,25.63,103.03,164.25,26.17,4.88,5.4
T5,51.676,27.12,5.27,29.66,99.75,157.37,28.91,4.79,5.83,24.67,5.41,27.88,95.52,163.06,28.31,4.68,5.39
T5,51.807,25.8,5.1,25.24,97.68,157.73,27.14,5.31,5.46,26.87,5.57,27.24,97.28,151.34,27.55,4.73,5.02
T1,52.326,25.1,4.92,25.05,105.76,167.36,26.16,5.14,4.58,26.0,5.06,25.35,95.44,159.07,27.22,5.32,5.02
T7,52.435,26.57,5.35,29.1,107.12,145.58,23.91,5.66,4.67,29.12,5.1,29.0,113.47,157.0,27.02,4.93,4.88
T1,52.447,23.36,4.94,28.66,106.8,162.55,26.32,5.47,4.99,25.58,4.9,28.5,95.22,165.97,25.41,5.04,5.1
T10,52.618,26.92,4.79,29.01,107.8,159.25,27.1,5.36,5.13,27.15,5.2,27.14,103.33,159.33,26.56,5.25,5.49
T10,52.727,27.86,4.63,28.32,108.09,159.25,26.02,5.27,5.61,29.13,5.05,26.03,103.77,161.15,24.08,5.03,5.9
T3,52.751,24.97,5.3,27.69,104.96,161.83,27.59,5.5,5.53,29.03,4.97,25.46,110.44,164.71,27.03,4.98,5.23
T6,52.828,27.09,5.4,24.36,96.52,156.99,26.27,4.68,5.31,27.19,5.24,26.74,104.77,155.84,27.42,5.31,5.12
T2,52.887,27.48,5.73,24.92,105.48,155.49,25.2,5.33,5.36,26.44,5.69,26.88,97.75,160.43,24.32,4.96,5.03
T1,52.941,27.26,5.6,25.04,99.35,172.27,25.73,4.98,4.95,26.96,5.64,29.06,93.17,156.14,25.51,5.49,5.41
T2,53.029,26.21,5.13,23.9,103.28,167.44,24.37,5.13,5.64,27.96,5.84,24.56,105.48,151.54,27.2,5.25,4.93
T10,53.08,28.23,5.26,25.84,105.71,154.31,25.28,5.12,5.08,29.27,4.8,28.64,108.13,175.56,27.1,4.96,5.28
T6,53.13,26.76,4.76,24.26,96.01,157.84,25.73,4.6,5.43,25.14,5.22,23.96,107.99,158.83,25.87,5.02,4.79
T7,53.15,25.28,5.76,27.7,104.99,172.58,23.51,4.93,4.68,25.25,5.49,27.42,107.46,161.66,23.51,5.7,4.93
T1,53.161,24.97,5.28,28.45,100.1,171.59,27.6,5.12,5.31,27.5,5.67,29.18,100.41,170.1,24.7,5.06,4.62
T4,53.753,26.43,5.01,25.57,103.88,155.41,24.83,5.12,5.47,25.87,4.93,27.39,95.46,160.07,27.18,5.18,5.17
T8,53.774,24.9,5.45,28.42,102.29,174.44,24.08,5.47,5.52,26.78,5.17,25.8,96.34,160.37,23.22,5.34,5.62
T5,53.833,25.3,5.17,25.79,106.79,143.06,27.61,4.71,5.59,26.39,5.14,28.36,107.46,163.22,28.04,4.84,4.97
T1,53.86,23.65,5.27,25.57,101.19,169.62,24.83,5.56,4.86,27.36,5.29,28.16,101.74,170.13,25.57,5.26,5.29
T3,54.129,28.98,5.49,24.63,104.85,144.84,28.34,5.23,5.19,26.84,5.26,24.94,104.98,163.23,26.08,5.38,5.07
T3,54.167,29.62,5.52,24.6,106.64,168.93,27.16,5.16,5.28,24.94,5.29,25.97,101.44,153.34,26.04,5.3,5.12
T6,54.184,27.12,5.14,24.39,93.12,145.12,27.64,5.42,5.4,27.5,5.03,25.46,103.07,167.52,28.28,5.29,5.44
T8,54.249,27.1,4.81,24.5,96.0,167.64,25.46,5.48,5.25,27.68,5.05,24.54,108.51,159.28,24.05,5.65,5.31
T4,54.273,26.34,5.57,26.28,111.46,168.8,25.86,5.21,5.13,27.02,4.99,25.66,109.16,150.43,27.08,5.17,5.31
T2,54.403,23.66,5.33,24.16,101.42,160.16,27.76,5.39,5.37,25.68,5.19,26.66,102.09,155.41,28.01,5.0,5.16
T10,54.418,29.26,5.45,27.58,109.44,157.34,27.64,4.81,5.13,27.15,4.84,28.43,106.22,169.53,25.41,4.84,5.78
T7,54.517,25.9,5.53,27.06,110.75,168.99,24.11,5.47,4.9,24.99,5.1,28.06,106.05,157.47,26.73,5.43,5.19
T5,54.53,26.34,5.15,28.52,103.3,154.02,26.1,5.4,5.19,26.24,4.92,27.39,96.33,139.18,28.44,5.42,5.43
T4,54.689,25.09,4.88,26.24,100.84,166.18,23.64,5.01,5.12,25.28,5.0,27.78,107.09,164.64,26.63,5.77,5.14
T10,54.843,25.76,5.33,27.96,98.84,172.12,26.1,4.84,5.28,28.72,5.31,26.36,106.46,161.79,24.81,5.43,5.69
T7,55.054,28.73,5.35,27.62,107.21,168.84,26.11,5.68,5.45,29.21,5.84,27.16,102.88,171.95,24.3,5.12,4.86
T5,55.596,25.02,5.19,29.08,108.2,159.76,27.87,4.91,5.64,25.74,5.22,27.35,96.63,157.0,26.88,4.93,5.77
T3,55.614,25.38,5.39,27.84,93.32,149.07,27.95,4.64,4.88,25.15,5.53,25.24,102.24,144.62,27.35,5.24,4.96
T9,55.641,28.21,5.36,25.44,96.66,164.72,25.12,5.64,5.19,26.32,5.11,25.29,105.05,172.76,27.02,5.56,5.12
T8,55.66,26.32,5.23,24.4,108.1,154.58,25.39,5.55,5.52,25.79,5.11,26.45,100.12,168.97,25.53,4.95,5.62
T6,55.69,25.07,5.45,22.89,102.22,165.91,24.37,5.36,4.7,25.27,5.16,23.73,98.71,147.56,25.47,5.25,4.65
T6,55.881,25.68,5.28,25.74,103.25,164.1,26.23,4.81,5.0,27.67,5.03,27.12,98.33,157.71,28.9,4.96,5.3
T8,55.894,26.99,5.5,24.86,112.1,165.94,26.29,5.0,5.27,24.73,5.43,24.1,107.84,163.62,26.18,5.22,5.65
T1,56.055,26.8,5.13,24.86,97.42,159.01,25.83,5.13,4.66,25.79,5.42,25.04,97.83,150.51,24.83,4.86,5.31
T10,56.181,29.24,5.27,24.74,106.5,154.6,25.5,4.89,5.6,25.2,5.07,27.96,99.6,171.82,25.84,4.86,5.36
T10,56.334,26.23,4.86,25.74,96.18,163.6,26.47,4.98,5.03,29.1,4.69,28.93,98.4,165.51,27.61,5.55,5.07
T6,56.592,27.7,5.12,23.4,100.01,165.27,25.81,4.7,5.12,28.28,5.1,25.41,98.06,144.49,24.46,4.81,4.73
T9,56.673,26.52,5.51,25.39,93.47,163.07,24.06,5.73,5.28,25.85,5.57,24.57,92.68,171.18,27.59,4.99,5.2
T9,56.753,25.42,5.79,27.2,100.72,173.57,25.82,5.16,4.77,25.98,5.08,25.48,93.94,166.63,25.85,4.89,5.12
T9,56.856,29.14,5.22,26.96,95.98,152.54,26.18,5.4,5.12,26.94,5.1,27.4,104.58,157.79,24.44,5.72,4.88
T5,56.985,25.98,5.15,25.88,94.05,153.34,25.98,5.42,5.73,25.04,5.4,28.32,102.11,153.15,26.61,5.34,5.61
T7,56.993,25.78,5.37,26.42,110.0,160.43,23.76,5.49,4.76,27.85,5.01,26.49,106.86,151.22,24.52,5.7,4.87
T6,57.069,26.78,4.95,24.55,96.29,161.27,28.4,5.01,4.8,25.48,4.86,24.81,96.92,143.92,24.42,5.36,4.73
T7,57.076,27.9,5.3,26.53,113.21,159.81,27.24,5.6,5.03,26.39,5.32,27.79,107.91,156.37,26.77,5.24,4.83
T4,57.362,27.0,4.82,27.44,98.35,162.91,23.6,5.32,4.96,25.1,5.58,27.74,108.7,148.75,24.94,5.74,5.33
T7,57.41,25.95,5.62,25.66,101.42,148.28,25.67,5.56,4.96,27.13,5.12,25.22,104.2,156.99,23.17,5.36,5.17
T1,57.412,23.89,5.23,25.99,99.87,172.15,25.41,5.27,5.28,23.81,5.44,29.44,92.64,156.3,25.94,5.63,4.76
T9,57.414,27.46,5.87,26.96,92.64,153.58,27.38,4.94,4.75,27.5,5.02,27.95,97.39,151.38,24.65,5.11,5.31
T3,57.434,27.55,5.15,27.21,106.33,164.79,26.99,4.8,5.15,27.12,5.19,27.77,97.52,159.17,26.36,5.17,5.35
T8,57.437,25.47,4.97,27.24,111.0,166.45,23.85,5.22,5.66,26.8,4.72,27.18,100.42,178.75,24.9,5.66,4.99
T8,57.448,24.22,5.04,26.16,108.97,171.06,27.2,5.52,5.36,27.75,5.49,25.18,102.27,156.59,25.11,5.65,5.32
T8,57.631,26.79,5.17,25.09,111.21,173.68,24.52,5.7,5.5,27.19,4.94,28.23,98.2,155.02,23.62,5.07,5.0
T7,57.652,25.12,5.09,28.57,100.23,157.18,25.43,5.66,5.0,27.04,5.06,24.91,97.5,168.65,23.9,5.08,5.21
T2,57.731,27.14,5.35,26.53,102.4,149.87,24.31,5.48,5.74,23.72,5.95,25.36,96.21,158.56,24.37,5.53,5.51
T9,57.763,26.85,5.62,25.89,106.33,166.45,27.16,4.9,5.38,26.24,5.68,26.7,100.69,164.95,24.04,5.62,4.84
T8,57.834,28.0,4.68,24.36,98.38,163.36,26.77,5.01,5.72,23.75,4.93,26.72,110.42,163.62,23.33,5.04,5.22
T2,57.963,25.0,5.11,27.41,92.83,147.93,28.06,5.56,5.55,27.88,5.16,26.91,102.61,161.4,25.42,5.5,5.1
T4,58.27,25.72,4.82,27.55,102.35,153.9,24.99,5.3,5.3,27.1,5.19,24.68,103.31,159.04,25.12,5.12,5.71
T3,58.391,27.25,5.13,25.0,100.96,164.58,28.41,5.48,4.84,25.77,5.29,24.31,96.26,168.74,25.17,5.18,5.49
T3,58.46,27.22,4.74,25.58,105.59,144.52,27.92,4.75,5.65,26.93,5.46,27.72,100.48,148.3,28.92,5.21,5.46
T8,58.542,25.84,4.91,24.46,95.52,152.79,25.79,5.51,5.61,27.3,4.88,28.23,107.35,152.44,25.16,5.58,5.0
T8,58.603,23.6,5.2,24.38,100.22,169.75,23.57,5.36,5.36,26.75,5.0,28.36,100.72,163.41,24.22,5.22,5.55
T3,58.664,26.44,4.72,26.4,101.46,145.16,27.57,4.89,5.34,27.82,5.54,24.19,102.8,147.17,27.25,5.29,5.35
T6,58.747,25.11,4.94,22.86,97.83,152.2,28.94,4.77,5.34,28.63,5.23,24.18,94.74,166.12,26.91,4.73,5.03
T7,58.772,28.05,5.0,25.43,98.38,161.69,27.53,4.85,4.92,29.38,5.48,26.19,106.22,156.69,25.34,5.45,5.46
T9,58.877,24.57,5.75,24.58,97.81,164.25,25.58,5.33,5.51,28.44,5.72,25.17,100.54,172.83,27.59,5.3,5.38
T1,58.909,23.42,4.89,28.05,102.73,167.22,27.55,5.22,4.93,23.63,5.56,29.48,92.44,168.99,25.07,5.38,4.71
T6,59.033,25.68,5.03,25.28,100.8,167.06,24.6,4.64,5.4,26.14,5.22,26.83,103.07,158.11,27.79,4.71,4.7
T4,59.049,24.0,5.04,26.89,102.24,164.03,25.86,5.33,5.73,26.35,4.81,27.84,100.68,147.38,25.1,5.8,4.84
T9,59.195,25.59,5.67,27.42,101.39,163.47,25.96,5.72,5.26,27.18,5.15,25.33,100.03,151.87,26.98,5.4,5.04
T6,59.233,27.54,4.89,26.23,97.06,143.31,28.03,4.66,4.95,28.41,5.26,26.81,97.08,146.73,27.94,4.95,5.15
T10,59.388,26.12,5.05,28.48,109.47,155.21,24.03,4.79,5.55,27.1,4.98,25.69,106.22,152.56,28.21,4.84,5.25
T3,59.453,25.6,5.19,25.78,110.06,168.4,26.72,5.12,5.02,28.03,4.91,26.65,99.0,163.16,25.69,4.73,5.47
T9,59.48,25.28,5.75,27.87,106.71,163.15,25.87,5.69,5.2,28.81,5.08,27.54,97.39,170.08,27.95,5.08,4.8
T6,59.581,27.76,5.29,25.36,100.45,158.2,26.3,5.08,5.46,28.82,5.36,23.84,98.67,161.75,25.16,4.8,5.29
T2,59.866,26.1,5.74,26.91,105.92,159.59,25.57,5.67,5.47,27.48,5.45,23.25,103.58,163.9,28.31,5.39,5.31
T5,60.193,25.16,4.84,29.03,100.39,142.54,26.45,4.66,5.41,25.47,5.63,27.35,107.3,140.4,26.57,4.78,4.96
T2,60.245,25.39,5.73,23.34,101.16,161.73,27.42,5.19,5.34,27.2,5.6,23.72,95.02,162.7,25.21,5.2,5.18
T3,60.326,28.99,4.73,25.62,96.23,154.97,25.37,5.16,5.05,25.54,5.3,27.96,93.11,167.23,26.2,5.38,5.28
T3,60.402,26.68,5.46,25.72,102.85,166.69,24.61,5.22,5.54,27.26,5.42,25.61,93.88,169.3,25.73,5.31,5.49
T3,60.493,28.35,5.03,24.4,94.32,149.85,25.07,5.27,5.44,28.99,5.56,24.66,95.08,166.56,26.53,5.21,4.92
T5,60.503,28.11,4.98,29.48,94.06,147.85,26.31,5.46,5.76,24.28,5.1,25.12,94.04,149.86,29.24,4.65,5.38
T9,60.551,25.0,5.87,25.47,102.05,160.64,27.1,4.9,4.81,26.39,5.11,27.16,93.12,172.47,26.37,4.82,4.8
T2,60.625,27.57,5.08,26.76,95.32,148.03,24.95,5.13,4.86,25.88,5.22,27.25,92.82,156.04,27.15,5.27,5.02
T9,60.891,28.15,5.2,27.49,97.56,167.76,24.01,5.08,5.42,24.9,5.11,26.44,98.18,166.27,24.76,5.41,5.44
T6,60.92,27.76,4.98,23.96,100.46,147.53,27.27,5.38,5.15,29.19,4.76,24.81,93.61,153.48,25.06,4.62,5.39
T7,60.953,28.43,5.73,27.23,101.53,152.18,24.6,5.1,4.75,25.84,5.62,27.78,106.03,159.33,27.02,5.0,4.96
T3,60.965,27.48,5.42,26.99,97.52,157.04,25.05,5.38,5.28,29.51,5.24,27.46,93.97,157.27,28.12,4.96,5.21
T7,61.048,26.6,5.5,24.87,110.62,151.91,24.98,4.97,5.2,27.37,5.0,27.29,99.02,148.29,25.18,5.63,4.93
T6,61.297,25.68,5.04,23.68,93.12,149.79,25.5,4.89,4.79,25.38,4.62,23.2,107.37,143.29,25.28,4.62,5.37
T7,61.378,27.2,5.09,26.06,97.84,149.97,23.82,5.51,5.43,25.27,4.95,28.41,98.82,157.79,27.03,5.01,5.35
T6,61.401,27.64,4.95,25.33,103.75,159.69,25.9,4.83,4.64,24.93,4.9,25.92,102.32,145.57,27.57,4.62,4.74
T4,61.51,26.87,4.74,26.06,102.72,158.22,26.13,5.76,5.11,26.14,4.83,28.02,108.32,162.71,24.22,5.66,5.15
T6,61.607,25.9,5.43,23.24,96.53,156.24,26.91,4.84,4.75,27.87,5.39,23.35,101.91,157.81,24.68,5.33,5.41
T1,61.631,26.99,4.92,26.51,95.16,155.82,24.33,4.97,4.64,25.2,4.96,25.34,100.15,155.0,26.86,5.05,4.77
T2,61.698,27.53,5.07,25.88,98.71,156.66,24.59,5.24,5.42,27.05,5.87,26.81,108.77,145.01,26.77,5.71,5.18
T2,61.738,26.67,5.48,27.03,100.64,147.32,28.23,5.45,5.18,27.32,5.69,23.35,96.21,146.43,28.01,5.81,5.23
T3,61.799,27.43,4.71,24.24,109.96,158.64,25.67,5.11,5.49,27.17,5.15,27.18,106.23,171.57,26.94,5.14,5.04
T5,61.834,26.64,5.25,29.61,101.21,157.71,27.55,5.05,4.95,25.37,5.42,27.93,97.14,150.51,28.85,4.61,4.98
T1,61.835,23.86,4.91,27.37,102.81,159.85,25.08,5.5,5.02,25.83,5.13,27.69,94.34,168.66,26.83,5.12,5.19
T2,61.904,25.99,5.05,27.19,104.9,152.46,25.46,5.15,5.27,25.28,5.82,27.0,101.06,159.24,27.58,4.92,5.55
T5,62.061,24.56,5.36,29.02,109.22,151.42,29.38,4.99,5.68,24.34,5.12,26.83,93.31,161.87,25.94,4.97,5.77
T6,62.387,27.39,4.69,24.68,103.34,155.16,26.69,5.06,5.45,28.6,4.97,24.26,99.73,142.36,25.9,4.6,5.02
T3,62.533,25.7,5.35,28.29,96.29,163.58,24.36,5.45,5.67,26.61,5.36,25.32,99.89,158.42,27.03,5.35,4.91
T3,62.548,25.25,4.77,27.18,108.57,170.04,28.81,5.48,5.16,26.28,5.28,28.43,100.46,160.91,26.62,5.16,5.66
T6,62.575,25.94,4.6,25.69,96.53,167.77,25.73,5.24,5.32,28.0,4.95,26.99,98.16,145.24,27.64,5.41,4.63
T2,62.612,24.28,5.53,23.63,104.42,146.89,28.52,5.58,5.18,24.11,5.79,25.86,106.54,143.92,25.88,5.27,5.63
T4,62.685,26.84,5.2,28.28,109.51,169.73,23.99,5.79,4.96,26.98,5.56,27.01,105.79,165.57,22.95,5.68,5.1
T5,62.945,23.77,5.31,28.07,98.76,141.21,26.38,5.0,5.66,23.89,5.42,25.02,109.31,161.0,27.34,5.3,5.83
T9,62.95,28.18,5.4,27.45,94.35,173.99,24.96,5.15,5.2,27.26,5.82,28.27,102.05,157.45,26.31,5.18,4.73
T3,62.959,27.38,4.99,24.61,102.84,170.04,25.52,5.34,5.28,29.11,5.48,25.97,107.04,169.64,24.47,4.84,5.71
T10,62.961,29.28,5.05,27.7,109.03,157.14,27.46,5.35,5.0,26.23,4.77,27.83,107.51,162.14,27.43,5.54,5.4
T8,62.995,24.84,4.9,26.72,111.42,161.98,23.33,5.4,5.35,25.29,5.1,24.67,97.59,162.7,24.3,5.31,5.57
T7,63.0,28.65,5.82,29.2,110.15,172.48,23.96,5.22,5.14,28.27,5.33,25.66,101.98,153.67,26.14,4.93,5.31
T8,63.047,24.96,5.15,26.4,104.4,175.31,25.66,5.45,5.59,24.35,5.04,25.37,98.07,177.71,23.54,5.74,5.02
T2,63.249,26.65,5.82,26.51,96.03,166.27,26.58,5.03,5.26,25.28,5.55,26.91,102.35,161.08,28.25,5.66,5.44
T5,63.368,23.76,4.84,26.78,107.22,162.65,28.36,5.3,5.14,23.94,5.58,25.71,98.13,157.33,24.95,5.09,5.21
T7,63.543,25.53,5.83,29.09,109.86,163.25,24.61,5.26,5.46,26.84,5.82,28.67,100.34,166.53,24.25,4.96,5.16
T3,63.581,27.77,4.81,26.63,96.37,146.46,26.53,4.89,5.64,27.0,5.0,24.63,93.64,150.99,25.45,4.73,5.31
T10,63.77,28.0,4.89,26.61,103.74,155.71,28.07,5.53,5.25,26.74,4.74,25.46,108.09,152.82,26.3,4.81,5.71
T1,63.879,26.54,5.11,25.12,99.18,150.05,27.33,5.18,4.61,27.28,4.93,29.39,100.15,172.43,27.91,5.08,4.82
T7,63.939,25.26,5.01,26.64,105.75,149.67,26.5,5.31,4.94,26.62,5.46,28.98,113.69,169.15,26.25,5.7,5.41
T2,63.991,27.9,5.62,26.2,109.35,141.7,28.7,4.98,5.24,27.37,5.09,24.92,102.4,154.26,25.93,5.33,5.45
T9,64.075,27.54,5.18,28.07,92.0,151.56,27.79,5.08,4.83,25.08,5.31,27.97,94.9,174.03,26.51,5.5,5.37
T9,64.295,28.53,5.18,28.16,104.93,175.97,25.24,5.08,5.33,24.94,5.72,25.92,96.4,149.37,23.94,4.88,5.25
T6,64.423,29.0,4.78,23.68,102.48,154.0,27.27,4.78,5.03,24.82,4.89,25.71,92.15,150.68,24.74,5.4,5.27
T1,64.505,27.25,5.56,26.64,97.9,170.87,26.59,5.07,4.82,26.27,5.13,28.54,105.31,164.98,26.48,5.6,4.76
T4,64.761,26.92,5.16,26.39,98.02,148.87,25.08,5.84,4.85,28.3,5.51,24.68,111.78,159.95,27.11,5.45,5.71
T10,64.781,29.11,4.96,24.73,102.73,171.34,24.92,4.81,5.29,25.4,5.28,28.28,110.34,165.82,26.05,5.22,5.72
T5,64.79,28.06,4.82,29.45,107.06,150.55,24.99,4.62,5.64,25.38,5.23,28.25,104.3,151.83,26.35,4.84,5.25
T2,65.333,25.56,5.92,24.21,107.77,164.34,27.58,5.4,5.77,23.56,5.73,27.42,92.17,163.82,28.86,5.58,5.08
T10,65.355,29.06,4.75,27.97,99.86,151.83,27.93,4.72,5.88,28.42,5.06,26.91,96.51,168.32,27.34,5.08,5.24
T1,65.375,23.69,5.44,26.42,96.85,155.18,24.28,5.68,4.77,27.13,5.0,27.69,101.84,168.6,26.58,5.36,4.58
T8,65.376,26.65,4.93,27.89,110.42,157.11,26.96,5.54,4.94,25.83,4.71,28.21,99.85,169.44,25.49,4.94,5.04
T7,65.503,27.54,5.41,28.29,106.49,169.76,24.21,5.13,4.79,28.1,5.0,26.8,109.04,158.34,24.9,5.55,4.7
T6,65.592,27.4,5.08,23.84,104.14,164.13,28.95,4.61,4.62,27.12,4.77,24.73,92.29,164.58,28.73,4.99,4.66
T6,65.802,29.23,5.06,24.01,93.53,149.4,28.61,4.64,4.77,26.71,5.42,24.46,103.09,156.36,25.33,4.82,5.3
T2,65.839,27.77,5.85,27.04,106.42,159.79,26.76,5.43,5.38,23.84,5.83,26.31,92.27,147.52,26.54,5.45,5.27
T9,65.861,28.16,5.47,28.33,98.14,171.78,25.79,5.57,4.83,26.26,5.26,27.02,103.71,168.24,24.65,5.43,5.3
T7,65.874,26.1,5.15,25.16,110.88,164.31,25.19,5.74,5.43,25.91,5.16,25.3,104.46,166.0,23.94,5.43,5.27
T10,65.896,25.39,4.86,24.48,105.76,154.79,24.52,4.68,5.24,29.58,4.67,28.04,98.24,165.07,26.63,4.94,5.87
T4,65.919,24.74,5.07,26.56,107.1,147.23,23.42,5.47,5.65,26.16,5.58,25.37,108.86,149.65,24.74,5.85,5.64
T6,65.956,29.17,5.32,26.54,92.93,144.29,28.31,5.44,4.89,27.09,4.9,26.0,94.35,168.17,28.58,4.66,4.88
T2,66.0,26.09,5.95,25.93,94.99,153.22,26.38,5.65,5.25,25.57,5.5,27.29,92.4,155.08,27.42,4.97,5.0
T5,66.021,24.73,4.96,29.55,107.88,144.08,25.75,4.64,5.32,26.78,5.3,26.47,109.69,159.47,27.79,4.63,5.62
T8,66.295,25.13,4.84,24.94,109.36,157.03,27.38,5.66,5.52,25.46,5.16,26.02,95.79,163.84,25.56,5.3,4.98
T4,66.534,26.77,5.59,23.97,111.0,164.35,26.29,5.08,5.2,28.21,4.92,27.17,112.49,155.37,25.8,4.98,5.43
T3,66.68,25.7,5.44,27.74,99.0,152.21,25.08,4.99,5.49,26.98,5.35,28.6,102.5,167.29,27.64,4.98,5.6
T10,66.825,26.0,4.83,26.01,112.81,151.98,24.87,5.03,5.92,28.33,5.2,26.44,102.37,154.02,25.73,4.81,5.26
T4,66.856,27.24,5.35,28.03,110.31,151.06,24.32,5.79,5.02,26.92,5.34,24.55,99.31,154.94,23.18,4.97,4.89
T10,66.901,29.23,4.7,25.63,106.73,155.8,26.4,5.24,5.64,25.29,5.28,25.88,106.76,156.05,26.06,5.02,5.08
T2,67.292,27.55,5.86,26.33,93.38,164.56,25.56,5.54,5.66,26.55,5.03,25.12,96.79,153.74,27.52,5.58,5.0
T3,67.485,29.28,5.03,27.31,96.07,149.46,25.44,4.76,5.09,29.3,4.85,26.2,109.85,152.69,26.86,5.19,5.22
T6,67.537,26.72,5.43,24.96,105.31,166.78,24.99,5.42,4.79,25.86,5.2,25.84,104.96,155.25,25.7,5.1,5.27
T5,67.541,27.37,5.55,28.6,99.0,146.96,25.02,5.12,5.27,26.31,5.56,26.51,106.68,155.22,28.71,5.2,5.27
T7,67.591,29.14,5.75,27.71,113.84,150.13,25.25,5.3,5.46,25.83,4.95,25.78,108.52,169.11,25.88,4.85,5.29
T4,67.659,26.85,5.55,26.42,111.86,169.58,24.49,5.73,4.96,28.19,4.82,24.22,109.66,160.92,26.1,5.52,5.54
T6,67.66,29.0,4.77,25.35,94.82,165.51,28.35,5.17,5.46,28.52,4.78,25.33,107.33,147.67,26.75,5.31,5.36
T9,67.697,25.63,5.78,28.14,94.1,175.51,23.61,5.62,4.89,29.01,5.5,26.74,102.51,160.35,25.55,5.64,5.09
T10,67.7,29.46,5.09,27.73,106.73,168.77,24.94,4.8,5.41,28.99,4.82,29.02,96.89,152.68,26.0,5.31,5.18
T3,67.969,27.69,5.18,26.0,107.5,163.02,26.86,4.67,5.55,25.81,4.82,27.32,107.15,166.67,28.76,5.11,5.21
T9,68.109,24.98,5.26,26.8,106.54,176.54,27.53,5.64,5.19,28.05,5.68,27.72,105.62,160.92,27.23,5.0,5.12
T8,68.173,26.24,5.11,26.93,96.79,177.16,23.56,5.52,5.02,23.91,5.51,26.55,110.14,177.45,23.69,5.17,5.54
T5,68.339,27.23,4.83,25.47,105.47,153.1,29.09,4.91,5.63,24.58,4.9,26.12,101.78,162.51,26.5,5.06,5.26
T2,68.735,27.31,5.59,24.95,97.85,164.8,28.34,5.38,5.66,27.6,5.8,24.2,105.7,159.87,27.52,4.89,5.63
T9,68.739,24.63,5.42,26.57,95.01,164.87,25.93,4.97,5.33,26.22,5.0,25.28,92.64,163.66,23.9,5.34,5.38
T9,68.773,28.44,4.96,24.17,98.18,176.44,27.42,4.83,5.28,24.95,5.58,28.19,93.8,176.82,25.45,5.58,5.12
T4,68.859,26.1,5.61,25.83,108.33,164.26,25.54,5.79,5.24,27.25,4.94,26.65,106.7,144.51,25.28,5.08,5.02
T9,68.988,27.46,5.28,26.89,97.17,155.09,23.91,5.7,5.03,27.58,5.46,24.48,94.15,151.56,25.74,5.1,5.54
T5,69.034,24.46,4.94,25.69,107.88,157.2,27.54,4.98,5.29,27.13,5.37,28.24,106.48,159.21,28.69,5.31,5.76
T7,69.138,25.38,5.0,29.22,97.7,162.51,26.78,5.49,5.37,25.05,5.22,26.08,99.49,147.44,25.17,4.97,5.08
T4,69.165,27.8,5.46,25.18,107.69,147.13,24.34,5.67,5.69,28.32,5.62,27.39,111.05,159.98,26.13,5.14,5.74
T9,69.252,25.57,5.63,26.8,98.01,159.49,27.11,5.35,4.99,28.76,5.28,27.58,96.17,159.84,26.71,5.11,4.76
T7,69.277,28.73,5.75,28.55,100.11,157.44,25.67,5.13,5.23,26.23,5.47,25.35,100.63,161.66,26.72,5.29,5.13
T7,69.547,26.74,5.8,25.3,101.59,156.8,25.56,5.55,5.21,26.22,5.55,28.69,102.79,157.75,25.8,5.59,5.0
T2,69.712,25.67,5.78,25.2,99.06,145.35,24.4,5.16,5.53,24.06,5.49,23.62,99.39,151.25,24.79,5.4,4.88
T10,69.797,25.34,5.37,27.02,107.0,157.14,27.93,4.77,5.37,28.19,5.03,27.58,95.75,163.81,27.03,5.04,5.28
T1,69.834,26.04,4.88,25.57,94.11,146.32,24.11,5.35,4.83,26.22,5.39,29.11,109.3,170.72,25.41,4.9,5.19
T3,69.927,29.04,4.7,27.66,105.78,149.1,26.86,4.72,5.0,26.79,4.96,25.77,94.03,146.78,26.73,4.71,5.14
T4,69.961,28.42,5.04,27.24,101.24,149.14,24.89,5.23,4.97,24.34,5.31,26.81,104.67,156.61,26.29,5.8,5.42
T3,70.045,28.19,4.74,28.49,96.39,148.29,25.43,4.99,5.42,25.21,4.97,26.89,108.63,163.08,26.77,4.72,4.99
T3,70.106,27.92,5.32,25.76,101.57,147.65,26.83,5.01,5.62,26.37,5.15,28.53,101.2,146.02,27.4,5.23,5.06
T7,70.113,28.14,5.7,28.89,108.81,158.73,23.93,5.56,4.61,27.28,5.35,27.55,109.07,146.94,23.84,5.11,5.16
T4,70.162,27.63,5.48,27.24,109.0,146.14,25.99,5.6,5.07,24.69,5.2,23.85,105.53,153.19,23.08,5.57,5.47
T2,70.274,24.12,5.2,27.45,94.01,148.53,26.72,5.04,5.61,24.29,5.69,27.37,109.44,150.14,27.98,5.42,5.19
T4,70.46,24.84,5.06,24.46,103.88,149.62,26.13,5.74,5.34,26.16,4.89,27.86,111.86,159.93,23.62,5.12,5.3
T7,70.589,29.13,5.26,27.06,107.6,172.86,26.41,5.23,4.64,28.49,5.58,28.76,97.7,160.96,27.55,5.05,5.42
T3,70.733,25.39,5.25,28.24,97.82,150.74,26.75,5.04,5.0,29.19,5.28,24.19,99.27,169.47,26.77,4.82,5.72
T2,70.931,23.74,5.81,27.48,100.94,154.06,28.22,5.34,5.05,27.7,5.38,23.85,105.61,148.03,24.42,4.89,5.4
T8,71.035,26.88,5.38,24.54,109.51,176.63,25.96,5.81,5.69,25.04,5.0,28.52,103.66,150.63,25.04,5.64,5.82
T10,71.082,25.58,5.34,27.43,100.1,151.36,25.5,4.99,5.88,28.26,5.42,25.54,107.16,174.25,26.84,5.16,5.33
T6,71.1,25.85,4.69,26.53,95.92,155.55,26.64,5.14,5.39,26.92,5.04,22.92,92.54,151.76,26.82,4.73,5.4
T9,71.125,25.99,5.71,27.76,106.22,164.04,25.29,5.0,5.39,25.25,5.78,27.98,99.8,164.83,27.16,5.53,5.49
T2,71.257,25.62,5.67,23.33,102.72,149.88,27.21,5.33,5.48,25.08,5.91,25.55,94.45,166.45,26.85,5.57,5.55
T10,71.269,26.3,5.26,28.61,105.52,153.83,23.96,5.37,5.18,25.32,4.65,25.16,110.72,159.01,27.28,4.85,5.33
T7,71.414,27.2,5.37,27.38,105.77,163.37,24.9,5.49,4.65,25.91,5.49,28.99,111.77,164.68,24.16,4.87,5.16
T4,71.578,24.22,5.11,28.08,103.29,168.94,25.2,5.03,4.9,24.07,5.22,24.93,102.76,163.03,24.05,5.63,4.85
T6,71.753,26.14,5.26,26.46,99.35,142.06,27.6,4.58,4.95,28.93,5.35,26.03,98.14,144.79,26.52,5.08,5.48
T6,71.787,27.79,4.69,23.92,99.47,151.92,24.71,4.58,5.39,28.61,4.61,24.18,102.26,153.07,27.04,5.38,4.71
T9,71.91,28.35,5.43,25.75,96.04,163.15,24.68,5.02,5.56,27.9,4.96,28.59,105.72,152.28,26.86,5.4,5.27
T8,72.011,27.33,5.44,26.66,99.42,174.35,25.84,5.76,5.08,25.77,4.7,28.22,107.84,154.01,25.92,5.48,5.29
T10,72.185,26.66,5.38,28.2,112.44,163.04,25.5,5.27,5.67,25.8,5.08,26.23,100.46,169.57,27.09,4.72,5.74
T8,72.188,27.71,4.81,24.22,96.38,166.16,25.28,4.99,5.86,23.79,5.39,28.52,100.72,176.48,27.47,5.19,5.2
T6,72.406,27.16,5.09,22.92,98.65,165.71,27.35,4.93,4.91,25.01,5.04,27.0,105.57,153.51,26.58,5.35,4.72
T4,72.407,24.94,5.08,25.28,106.9,143.59,25.66,5.38,4.9,26.1,5.4,26.91,98.64,166.97,23.65,5.51,5.18
T2,72.61,26.37,5.33,24.85,96.23,155.1,28.73,5.07,5.68,27.49,5.52,23.53,97.54,151.71,25.58,5.58,5.41
T10,72.676,27.65,4.89,27.25,101.05,153.66,24.62,5.44,5.29,25.44,5.26,26.51,96.24,156.52,26.66,4.85,5.34
T1,72.765,26.74,5.52,28.23,107.96,147.5,26.73,5.26,4.97,24.71,5.12,26.38,100.12,163.23,26.38,4.88,4.87
T10,72.784,26.36,4.73,28.94,108.14,165.51,24.89,4.68,5.25,27.06,4.82,28.79,99.99,159.59,25.6,5.2,5.72
T5,73.225,24.17,5.26,28.84,110.46,160.29,29.51,5.3,5.21,24.57,4.94,29.68,107.88,143.06,28.26,4.69,5.39
T5,73.404,25.46,5.51,26.86,102.52,140.75,25.93,5.33,5.52,26.91,5.42,28.37,96.61,160.97,25.61,5.39,5.54
T9,73.446,25.73,5.5,27.51,103.61,159.21,24.65,5.62,5.52,27.31,5.79,27.93,101.98,175.61,24.16,5.57,4.73
T7,73.521,26.59,5.57,26.72,114.09,168.19,27.5,5.69,4.65,28.54,5.38,25.96,114.9,155.6,24.06,5.06,4.83
T6,73.618,28.31,5.38,27.11,108.03,161.65,27.02,4.86,4.82,28.9,4.86,23.47,93.14,154.94,24.94,4.98,4.95
T9,73.679,28.78,5.11,26.06,106.39,153.19,23.91,5.37,4.95,25.34,5.66,24.22,94.57,151.86,27.04,5.08,4.8
T3,73.794,25.71,4.74,28.07,98.88,169.12,25.73,5.4,5.47,28.48,4.96,26.63,109.23,149.1,26.8,4.87,5.01
T3,73.807,27.19,5.06,24.88,101.7,163.22,26.75,4.98,5.12,27.82,5.5,25.52,96.55,165.11,28.8,5.44,5.43
T10,74.044,28.05,4.99,24.92,98.44,174.58,26.37,5.43,5.77,26.87,4.91,27.88,106.19,171.33,24.76,5.0,5.31
T8,74.094,24.48,4.81,26.5,110.05,155.02,24.35,5.14,5.14,23.6,4.98,28.07,108.98,172.49,25.66,4.91,5.3
T3,74.094,28.7,5.54,28.38,107.61,158.8,28.91,5.27,5.06,26.42,4.94,26.52,103.2,165.13,28.12,4.89,5.62
T7,74.19,26.03,5.35,25.64,105.88,145.74,23.18,5.32,5.16,25.46,4.98,27.81,99.68,157.75,25.46,5.28,4.93
T6,74.228,26.02,4.81,25.55,98.71,146.34,26.28,4.75,5.18,28.93,5.45,23.0,102.56,160.83,25.96,4.85,5.23
T2,74.337,25.9,5.77,24.21,102.21,146.68,24.52,5.39,5.54,25.01,5.52,25.94,108.89,146.91,27.76,5.24,4.93
T8,74.46,27.45,5.32,27.86,98.75,165.7,26.97,5.63,5.29,25.64,5.0,27.91,108.94,151.26,24.16,5.77,5.31
T1,74.507,26.27,4.99,25.15,103.87,164.42,26.02,5.68,5.36,24.6,5.46,26.22,98.32,148.74,27.08,5.15,4.82
T6,74.638,26.38,5.0,24.16,109.1,157.52,26.04,4.92,5.47,26.38,5.39,24.72,108.38,143.9,27.43,4.67,4.68
T8,74.724,25.48,5.12,26.22,109.51,163.86,26.32,5.24,5.12,23.68,5.42,26.73,101.04,168.26,25.58,4.99,5.72
T7,74.747,26.74,5.63,27.16,115.26,156.37,23.91,5.43,4.86,27.26,5.74,27.5,105.79,146.01,24.21,5.07,4.8
T2,74.791,27.47,5.77,24.98,108.12,153.6,28.7,5.63,5.47,26.01,5.28,26.21,104.43,158.95,25.65,5.22,5.49
T2,74.814,27.72,5.68,26.36,105.26,144.06,25.89,5.15,4.87,27.57,5.38,26.6,100.94,159.85,25.1,4.92,5.04
T9,74.902,24.89,5.53,26.21,97.04,175.12,24.63,5.58,5.13,26.98,5.52,26.17,100.72,174.66,24.63,4.87,4.78
T2,75.175,24.07,5.48,25.34,96.51,166.88,25.24,5.19,5.09,23.71,5.64,24.2,101.76,165.34,27.6,5.13,4.98
T8,75.311,23.77,4.97,25.92,97.66,178.78,26.43,5.2,4.94,24.94,5.32,24.49,105.75,164.72,23.57,5.39,5.19
T7,75.323,28.41,5.32,25.99,110.2,150.1,27.53,5.21,5.03,27.13,5.4,26.86,106.27,153.63,26.63,5.09,5.39
T7,75.335,25.73,5.69,29.2,105.8,148.56,25.29,5.49,5.37,26.11,4.99,29.09,104.62,156.38,23.2,5.05,4.69
T1,75.348,27.44,4.88,25.0,94.11,155.31,25.12,5.63,5.03,25.05,5.12,25.22,100.46,166.27,26.45,5.04,5.29
T9,75.377,28.99,5.43,28.25,101.63,152.46,25.17,5.0,5.09,26.46,5.05,24.21,99.77,175.2,24.41,5.13,5.46
T2,75.378,25.2,5.6,25.81,102.4,162.24,28.78,5.47,5.05,26.88,5.65,25.8,108.65,160.96,26.82,5.68,5.47
T8,75.575,27.15,5.4,28.2,101.84,156.22,23.29,5.44,5.27,24.62,5.42,25.82,111.87,152.49,23.64,5.8,5.77
T6,75.942,25.86,4.74,23.22,107.3,152.09,26.48,5.31,5.08,28.93,5.03,25.84,92.8,166.91,28.87,4.96,5.34
T9,75.971,26.64,5.23,27.29,94.15,164.86,26.04,4.84,4.79,26.92,5.46,25.92,98.4,172.38,25.38,5.34,5.26
T1,75.985,25.06,5.14,25.58,105.12,155.75,27.08,5.7,4.91,24.41,5.48,26.56,96.62,145.85,28.27,5.54,4.72
T3,75.989,29.1,4.81,27.72,100.46,147.71,26.72,4.82,5.36,25.35,5.3,24.51,94.98,155.44,24.66,5.39,5.28
T6,76.062,29.0,5.22,23.31,106.85,158.42,27.31,5.18,4.79,25.75,5.32,25.28,101.03,149.95,28.1,5.07,4.7
T6,76.097,26.53,5.02,27.12,103.64,157.52,26.06,5.26,4.75,25.18,5.11,26.18,102.7,152.06,28.26,4.82,4.63
T2,76.107,24.98,5.21,27.31,106.72,141.76,27.26,5.4,5.27,25.5,5.48,23.99,95.68,164.16,27.08,5.06,5.02
T5,76.407,26.09,5.44,26.47,98.23,140.58,27.07,4.77,5.18,25.15,5.42,29.6,103.49,160.94,27.76,5.06,5.42
T9,76.519,29.02,5.17,26.97,104.96,158.11,24.58,4.88,5.01,29.08,5.8,24.58,107.86,174.65,25.88,5.54,5.36
T1,76.692,26.08,5.46,27.82,97.38,153.64,25.7,5.07,4.61,26.0,5.39,29.21,93.68,152.68,24.52,4.93,4.87
T2,76.785,24.46,5.27,26.17,106.59,165.09,27.19,5.63,5.3,24.92,5.88,26.26,92.13,156.14,25.51,5.74,5.33
T3,76.833,28.85,5.41,28.52,105.94,156.58,27.79,4.74,5.31,27.79,5.19,24.63,96.39,170.7,27.52,4.65,5.5
T8,76.868,25.46,5.13,24.6,98.29,165.7,25.18,5.4,5.85,23.83,5.42,24.41,106.09,174.43,23.73,5.39,5.48
T5,77.135,28.03,5.46,28.4,102.53,147.87,28.67,5.38,5.37,26.04,5.06,27.22,106.39,152.1,28.15,5.23,5.74
T1,77.141,27.44,5.63,28.02,102.73,148.87,26.32,5.1,4.99,26.35,5.01,29.12,103.9,159.01,26.02,5.33,5.23
T4,77.172,26.66,5.58,28.17,108.55,169.81,26.8,5.43,5.19,24.3,5.45,24.81,111.22,154.51,24.84,5.73,5.27
T7,77.177,29.47,4.97,26.24,102.3,148.23,24.23,5.55,5.4,27.19,5.18,28.96,98.87,154.93,27.17,5.05,5.29
T2,77.186,24.55,5.78,24.44,97.34,154.61,24.9,5.8,5.41,26.22,5.06,27.14,93.12,163.82,28.14,5.55,5.54
T7,77.209,28.32,5.15,27.0,103.14,169.81,27.21,5.42,5.3,29.23,5.31,26.45,102.93,170.57,23.74,5.34,4.84
T7,77.217,26.86,5.74,27.16,110.33,151.38,24.82,4.96,4.61,28.53,5.83,26.3,114.42,153.43,24.27,5.55,5.34
T6,77.226,24.93,5.18,24.93,105.89,148.44,27.38,5.04,4.91,28.11,5.1,24.07,107.82,148.34,26.88,5.07,5.02
T10,77.475,25.18,4.95,25.99,105.26,171.1,25.38,4.69,5.26,26.14,4.94,26.91,100.24,176.06,27.16,4.69,5.08
T7,77.535,26.53,5.59,27.68,107.12,165.47,27.44,4.92,4.78,27.1,5.33,28.18,103.75,148.01,24.82,5.14,4.69
T10,77.553,26.05,5.45,27.91,113.34,155.74,27.04,5.34,5.13,26.53,5.17,25.55,98.87,152.27,28.23,5.24,5.62
T9,77.559,29.13,5.05,25.13,102.77,159.44,24.94,4.9,4.81,27.2,5.53,26.34,107.31,150.23,24.77,5.26,4.95
T1,77.871,23.74,5.01,25.29,101.45,164.48,28.05,4.99,4.79,25.96,4.82,27.95,105.53,148.1,26.74,5.09,5.13
T4,78.089,24.84,5.36,25.86,100.74,143.84,26.08,5.56,5.46,26.53,5.45,23.88,111.46,144.96,26.38,5.12,5.52
T1,78.133,25.06,4.89,28.81,97.4,150.22,24.91,5.53,5.31,25.79,4.83,27.0,98.84,157.48,24.26,5.35,4.94
T1,78.148,23.61,5.29,25.69,104.19,152.31,24.3,5.09,4.84,23.54,4.94,27.52,105.53,157.24,26.64,5.13,4.66
T2,78.259,27.88,5.92,26.99,93.38,143.66,26.48,5.77,4.87,27.65,5.87,26.19,99.19,157.33,28.51,5.69,5.11
T4,78.347,26.62,4.92,25.0,95.18,167.92,24.17,5.33,5.61,24.77,4.89,28.17,112.51,158.31,24.25,5.19,5.27
T7,78.403,28.14,5.14,28.73,106.81,167.55,24.48,5.54,4.98,28.48,5.22,26.32,103.0,158.57,23.92,4.84,5.03
T4,78.447,26.64,4.96,27.42,95.51,147.76,26.98,5.07,5.55,26.69,5.18,27.15,105.94,159.67,24.01,5.08,5.19
T2,78.532,24.84,5.45,26.58,107.84,151.6,24.52,5.81,5.48,27.87,5.67,24.05,104.59,146.82,27.82,5.36,5.62
T10,78.536,28.91,4.9,28.69,96.03,176.83,25.69,4.74,5.35,25.69,4.74,28.66,113.08,172.07,25.72,5.49,5.25
T8,78.665,23.97,5.11,28.12,96.94,163.07,26.01,5.4,5.11,24.83,5.42,26.0,98.07,168.24,26.17,5.31,5.67
T2,78.748,27.65,5.73,23.92,109.18,146.77,25.72,4.91,5.66,26.09,5.65,26.81,98.8,161.87,24.53,5.22,5.46
T6,78.781,27.23,5.27,23.05,93.37,162.25,25.98,5.36,4.99,25.96,4.81,25.01,98.19,159.16,28.13,5.31,4.92
T5,78.987,27.78,5.63,25.94,99.29,147.87,28.99,4.69,4.99,26.02,5.71,27.93,100.3,141.01,28.14,4.98,5.42
T6,79.005,26.59,5.47,24.96,92.75,143.14,27.36,5.27,4.69,25.69,4.81,26.02,100.01,156.63,24.84,5.18,5.32
T10,79.118,29.18,5.43,25.72,113.1,175.11,24.59,4.72,5.76,29.43,4.78,27.88,96.26,177.81,25.36,4.8,5.71
T5,79.304,24.9,5.54,27.4,94.03,151.1,27.93,5.25,5.7,25.56,5.63,25.71,97.66,151.92,25.85,5.3,5.0
T6,79.378,25.37,4.87,23.62,98.41,168.0,26.48,5.14,4.83,26.99,4.71,25.82,97.89,146.51,28.08,4.84,4.95
T5,79.447,24.06,4.93,25.16,103.63,162.22,27.76,5.46,5.34,23.81,5.36,28.98,99.14,161.59,26.14,5.13,5.27
T3,79.516,26.36,5.38,26.54,100.16,162.02,25.59,5.43,5.39,27.55,5.05,24.22,99.79,163.05,25.73,5.0,5.59
T1,79.554,24.67,5.5,26.56,104.02,161.5,24.27,4.87,4.8,25.51,5.32,25.17,93.88,150.54,28.16,5.59,5.01
T1,79.641,23.4,5.14,29.11,99.95,146.62,25.68,4.86,5.31,25.87,5.32,26.56,101.32,149.13,24.37,5.05,5.34
T8,79.743,25.44,5.35,24.17,106.54,159.44,26.81,5.02,5.34,27.93,5.05,28.21,106.38,172.18,24.13,5.55,5.52
T8,79.807,25.87,5.37,28.0,106.81,152.72,25.81,5.31,5.48,26.91,4.76,25.01,99.47,169.15,24.4,4.94,5.63
T7,79.824,26.36,5.55,26.84,107.97,155.81,25.38,5.64,4.73,29.05,5.46,26.86,103.6,157.11,23.48,5.18,4.68
T4,79.966,24.82,5.52,24.67,110.49,154.75,23.52,5.26,5.61,27.98,4.79,26.23,106.1,169.32,26.34,5.14,5.0
T3,80.365,28.56,4.82,25.33,108.31,161.43,26.62,5.43,5.2,27.37,5.23,27.68,105.62,155.18,24.81,5.24,5.75
T7,80.904,28.41,5.31,28.06,104.5,169.15,24.61,5.64,5.01,28.97,4.99,24.99,111.82,163.97,27.43,5.7,4.78
T10,80.906,25.18,5.14,27.52,101.88,154.18,27.46,5.12,5.21,26.6,4.87,25.1,111.77,150.68,25.45,5.37,5.36
T8,80.936,26.0,5.36,25.05,101.25,173.38,25.63,5.52,4.93,24.8,4.72,27.8,100.27,169.79,27.11,5.65,5.34
T3,81.082,26.61,5.4,25.29,105.13,169.43,27.55,4.91,5.71,29.04,4.9,26.42,107.18,168.88,25.67,4.88,4.93
T9,81.106,26.8,5.27,28.6,103.13,163.29,28.0,5.28,4.79,28.38,5.43,28.25,93.1,164.69,24.27,4.96,4.74
T8,81.174,27.04,4.7,24.18,107.9,165.32,23.36,5.75,5.79,25.53,5.08,24.33,99.72,168.49,26.1,5.18,5.03
T7,81.219,25.24,5.19,27.37,109.05,164.68,25.6,5.27,5.36,27.86,5.34,28.2,106.49,158.98,25.82,5.47,5.22
T9,81.264,24.74,5.55,26.77,93.3,176.57,24.46,5.07,4.79,24.78,5.55,25.76,93.94,176.39,26.91,5.7,4.91
T9,81.472,27.3,5.43,24.99,108.76,170.9,26.9,4.99,4.78,24.88,5.16,27.56,104.68,156.13,27.84,4.84,5.56
T5,81.61,28.18,5.0,25.8,105.75,162.13,25.24,5.38,5.24,28.02,5.17,29.75,108.41,142.38,26.34,4.73,4.97
T7,81.695,25.68,5.84,25.27,100.2,149.08,25.53,5.17,5.15,25.56,5.4,25.35,99.82,156.15,23.97,5.64,5.03
T4,81.728,25.77,5.34,27.19,112.14,160.22,24.55,5.63,5.49,27.54,5.05,26.47,106.69,162.75,23.91,5.58,5.5
T10,81.736,26.42,4.63,26.76,108.14,162.02,24.3,5.54,5.6,28.33,4.93,28.86,112.94,151.4,26.06,4.9,5.62
T2,81.782,24.17,5.23,24.42,99.67,151.84,24.5,5.16,5.2,23.93,5.38,26.17,105.48,147.96,25.86,5.67,5.74
T10,82.043,29.12,5.13,26.12,106.61,168.62,25.33,5.45,5.11,25.11,4.87,26.03,110.08,156.39,26.08,5.17,5.23
T1,82.067,23.41,5.27,28.53,102.2,158.75,28.08,4.95,5.02,26.19,5.52,25.69,103.89,156.11,25.82,4.83,5.4
T9,82.119,25.23,5.42,26.05,102.49,168.41,24.2,5.03,5.2,25.68,5.21,28.22,97.75,164.51,24.1,5.69,5.23
T10,82.159,28.22,4.62,25.87,108.42,155.14,25.9,4.82,5.71,26.39,5.13,26.99,103.97,153.04,28.14,5.03,5.12
T3,82.16,27.97,5.02,28.37,103.17,166.83,27.78,4.82,5.64,26.4,4.87,28.59,94.2,159.95,25.29,5.4,5.17
T6,82.205,25.31,4.87,24.64,102.49,162.93,25.88,4.74,5.1,29.2,4.87,24.49,102.66,153.85,28.1,4.96,5.26
T2,82.299,25.16,5.03,26.87,99.53,166.86,25.4,5.69,5.77,24.97,5.66,25.61,97.04,160.12,27.99,4.96,5.26
T6,82.319,28.27,4.88,26.73,91.81,159.28,28.14,4.85,4.75,27.4,5.35,23.95,96.63,144.98,28.96,5.14,4.68
T3,82.542,26.0,4.97,28.49,109.45,161.02,24.48,5.07,5.42,26.78,4.83,24.86,98.2,149.14,25.5,5.16,4.98
T9,82.561,24.72,5.79,25.8,105.88,164.6,25.25,5.44,4.8,29.13,5.49,24.16,95.18,154.27,24.31,4.87,5.31
T10,82.573,28.41,5.34,28.2,102.17,176.71,26.21,5.14,5.28,25.52,5.21,25.01,112.76,158.54,26.11,4.94,5.72
T5,82.593,25.77,5.24,28.7,101.76,160.88,28.72,4.62,5.76,25.22,5.23,26.12,101.35,156.03,25.96,4.65,5.29
T5,82.604,27.15,4.85,28.77,104.96,164.4,26.48,5.26,5.12,24.21,5.48,25.12,100.39,153.29,25.94,5.19,5.46
T9,82.714,26.19,5.11,27.16,104.51,169.7,27.91,5.47,5.11,25.05,5.37,26.96,105.06,160.9,27.72,5.6,4.7
T3,82.905,28.61,4.75,25.57,108.55,148.29,26.71,4.84,5.32,29.49,5.5,25.7,101.57,163.14,28.2,4.91,5.22
T7,82.973,25.19,5.82,25.93,110.51,147.37,24.8,5.52,5.08,29.3,5.77,27.41,101.91,157.46,24.41,5.08,5.21
T9,83.015,28.75,5.01,24.19,99.43,155.19,26.26,5.01,5.16,25.21,5.73,25.62,97.43,169.09,26.97,4.93,5.54
T1,83.208,23.52,4.93,26.15,107.38,165.5,27.19,5.23,5.08,25.78,5.45,26.11,98.6,158.1,28.51,4.88,5.22
T7,83.214,27.24,5.79,25.39,111.75,169.15,23.64,5.74,4.61,25.83,5.66,25.4,103.54,171.09,23.51,4.96,5.18
T7,83.251,28.53,5.16,27.44,102.11,163.44,24.6,5.16,5.2,28.91,5.85,28.6,106.73,160.06,27.25,5.72,4.75
T2,83.448,27.85,5.88,24.17,105.1,165.86,24.8,5.52,5.17,25.28,5.18,26.17,107.35,166.13,26.87,5.03,5.03
T10,83.508,27.35,4.98,25.9,105.56,171.61,25.96,5.27,5.46,27.27,4.74,28.96,108.92,164.03,24.14,5.46,5.26
T5,83.52,25.71,5.58,26.72,110.22,155.34,29.05,4.68,5.35,25.02,5.29,26.01,102.73,146.08,25.86,4.7,5.78
T10,83.579,29.34,5.36,26.98,98.82,159.04,26.75,5.56,5.6,26.38,5.23,26.61,101.27,170.69,24.43,5.01,5.41
T6,83.75,25.06,5.11,27.17,97.08,163.78,25.35,4.6,5.12,26.84,4.74,26.52,97.15,151.42,26.71,5.11,5.27
T7,83.885,26.36,5.76,25.83,105.02,146.84,24.69,5.5,4.65,27.72,5.14,26.6,111.33,160.05,27.26,5.18,5.4
T2,84.105,26.66,5.65,26.58,97.83,156.02,25.51,5.81,5.67,26.49,5.45,25.64,104.43,146.11,24.56,5.22,5.46
T2,84.357,28.0,5.42,23.73,100.59,162.53,24.42,5.45,5.75,26.02,5.07,24.59,98.24,163.2,27.85,5.28,5.29
T2,84.379,23.58,5.65,26.47,93.73,150.52,24.57,5.51,4.9,27.58,5.12,25.2,92.59,159.29,26.02,5.6,5.39
T6,84.51,29.03,5.44,23.68,97.13,159.04,28.74,5.38,5.08,28.65,5.36,26.67,102.86,168.14,27.08,4.71,4.82
T1,84.671,24.97,5.08,25.3,103.39,159.95,28.24,5.18,5.08,25.67,5.05,26.56,95.73,168.5,25.51,5.36,4.81
T4,84.808,27.26,5.32,24.76,103.69,165.33,23.74,5.36,5.56,27.96,5.59,24.21,112.34,167.69,23.04,5.32,4.96
T3,84.828,27.99,5.09,24.91,96.64,156.95,24.46,5.45,4.91,27.0,5.29,28.09,99.44,163.14,28.7,5.48,5.62
T4,84.904,27.22,4.96,24.72,111.31,161.0,24.9,5.33,5.58,27.3,5.5,27.36,104.76,162.16,26.46,5.0,5.4
T6,84.979,26.8,4.83,23.39,92.39,167.36,25.41,5.23,5.01,25.51,4.66,25.55,97.85,159.66,28.17,4.8,5.41
T7,85.144,25.28,5.51,28.06,99.99,147.22,26.38,5.5,5.32,28.14,5.31,26.99,114.64,164.42,27.12,5.6,5.25
T7,85.229,28.48,5.59,25.43,105.28,152.6,24.61,5.54,5.09,24.92,5.41,28.07,109.09,167.54,25.48,4.88,4.77
T1,85.375,25.76,5.65,25.3,98.31,163.94,25.88,5.37,4.91,27.73,5.37,28.45,106.21,147.82,28.19,5.46,5.04
T10,85.401,26.75,5.39,28.68,104.19,153.66,25.59,4.87,5.29,25.1,4.64,24.62,112.23,168.61,25.73,4.75,5.77
T2,85.544,23.71,5.08,25.74,98.7,154.31,26.74,5.14,5.64,25.08,5.92,25.75,100.3,146.84,26.16,5.21,5.55
T5,85.56,25.04,5.42,26.82,102.89,159.57,29.13,5.44,5.36,26.72,4.93,26.16,105.5,150.2,25.24,5.3,5.34
T7,85.593,28.92,5.56,25.8,109.2,167.34,23.72,5.49,4.61,29.22,5.62,26.62,107.53,167.56,25.88,5.28,5.18
T3,85.82,27.26,4.95,24.7,108.88,148.29,25.37,4.71,4.94,25.0,5.52,24.44,104.46,156.95,26.14,5.44,5.37
T3,85.935,26.72,5.43,27.2,104.85,167.29,28.08,5.45,5.72,26.78,5.18,24.26,98.9,168.91,27.73,5.2,5.24
T9,86.122,27.15,5.19,26.65,92.51,164.32,26.51,5.38,5.2,24.63,5.72,25.42,93.6,162.65,25.25,4.96,4.76
T2,86.176,25.0,5.28,27.45,94.99,149.96,26.48,5.63,5.77,26.84,5.33,23.53,106.61,159.05,24.78,5.28,4.92
T2,86.341,23.83,5.6,25.77,100.31,159.21,27.14,5.05,5.23,24.13,5.29,25.32,96.72,156.04,28.12,4.97,5.71
T6,86.603,26.74,4.72,22.86,98.76,146.27,28.14,4.96,5.12,25.95,5.47,24.92,102.52,149.4,28.16,5.36,5.12
T2,86.774,26.54,5.4,23.41,94.94,152.94,26.48,5.58,5.09,27.26,5.82,25.89,100.62,149.49,26.64,5.56,5.37
T7,86.848,29.23,5.67,27.49,100.03,157.49,23.19,5.3,5.02,27.08,5.41,25.58,114.9,170.88,26.37,5.5,4.81
T3,86.909,27.96,5.44,26.59,93.0,170.68,25.08,4.73,5.7,27.95,5.58,27.43,93.82,152.94,27.78,4.95,5.01
T7,87.118,27.08,5.07,27.49,104.78,159.45,26.5,5.26,4.85,28.52,5.07,24.72,102.63,148.32,24.0,5.39,4.98
T4,87.222,28.46,4.96,28.32,100.44,155.44,23.45,5.58,5.48,26.62,5.22,24.82,108.07,159.68,24.7,5.64,5.17
T9,87.586,27.09,5.4,27.21,98.63,167.63,26.4,5.27,4.73,28.54,5.5,28.58,99.4,173.49,25.86,5.03,5.26
T6,87.827,27.58,5.42,24.98,98.13,160.93,26.96,5.11,5.4,28.28,4.79,25.05,106.07,149.25,28.25,5.2,4.69
T2,87.855,24.11,5.74,26.14,104.62,167.3,28.6,5.1,5.59,26.04,5.25,25.28,92.27,160.74,26.48,4.89,5.69
T9,87.938,27.11,5.69,24.35,105.54,168.41,24.45,5.21,5.3,28.77,5.77,28.34,107.18,160.44,26.61,5.14,5.54
T6,88.054,24.99,5.25,24.8,97.15,157.52,25.01,5.19,5.39,24.92,5.02,26.52,99.9,155.1,26.85,5.43,4.62
T6,88.093,24.9,4.62,25.37,96.53,147.57,28.92,5.26,5.1,25.68,5.48,23.58,101.13,153.79,28.84,4.96,4.73
T9,88.235,25.16,5.09,28.34,102.96,162.22,25.37,5.17,4.91,25.61,5.64,26.92,97.62,157.34,26.45,5.08,4.71
T5,88.247,27.95,5.35,26.04,93.76,146.08,26.49,5.14,4.97,27.56,4.99,27.81,93.66,139.58,27.12,5.36,5.77
T7,88.253,25.14,5.46,28.85,109.72,160.05,25.08,5.59,5.03,26.54,5.4,25.57,113.67,156.37,25.29,5.45,4.6
T4,88.34,24.49,5.57,24.11,104.69,160.76,26.6,5.41,4.87,24.34,4.96,26.2,103.94,167.49,25.03,5.18,5.12
T1,88.353,24.76,4.94,24.85,97.62,158.32,25.7,4.99,4.58,27.44,5.51,25.23,94.84,158.75,27.19,5.49,4.78
T1,88.377,25.92,5.43,28.82,104.45,154.25,25.86,5.16,4.86,27.1,5.11,26.19,108.51,169.66,24.32,5.48,4.83
T8,88.432,26.75,4.9,28.14,107.55,151.18,24.0,5.42,5.23,23.79,4.99,27.46,101.62,154.73,23.16,5.84,5.08
T10,88.532,29.51,5.15,26.71,108.49,168.15,28.25,5.23,5.18,28.35,5.44,28.79,103.77,160.88,27.92,4.91,5.84
T7,88.639,27.22,5.81,27.44,112.53,167.71,25.4,5.45,5.19,28.86,5.11,25.3,106.64,167.02,25.56,5.3,5.28
T4,88.676,27.89,5.01,25.2,103.59,144.27,24.24,5.41,5.44,27.09,5.56,27.96,104.11,153.22,25.25,4.95,5.6
T9,88.847,26.43,5.2,26.4,93.53,171.09,24.41,5.27,5.17,26.79,5.31,25.38,107.93,173.23,23.75,5.08,5.16
T3,88.885,27.08,4.78,27.22,103.47,152.72,26.28,5.48,5.43,27.25,5.54,28.59,108.51,160.83,27.31,5.27,5.2
T10,88.923,25.65,5.12,27.05,102.54,161.23,24.62,4.89,5.86,25.14,5.21,24.66,100.8,154.96,25.0,4.88,5.47
T1,89.059,26.81,5.27,27.51,95.27,147.16,24.34,5.46,4.82,25.24,5.51,28.82,97.75,152.55,24.78,4.86,4.81
T6,89.376,27.14,5.37,27.17,94.42,165.27,27.35,5.17,5.17,27.7,5.02,24.81,98.41,151.88,24.64,5.19,4.98
T1,89.383,25.84,5.67,27.41,95.2,150.61,24.19,5.1,5.15,26.5,4.89,27.17,101.9,163.07,27.06,5.26,5.2
T8,89.394,27.25,5.22,24.77,111.46,157.45,27.34,5.46,5.09,26.24,4.74,26.5,95.51,152.44,25.18,5.43,5.73
T6,89.448,26.07,4.95,23.07,92.75,164.18,26.85,5.14,5.34,25.76,5.34,26.18,100.5,162.92,26.98,4.65,5.37
T5,89.754,26.43,5.08,27.08,101.35,152.27,26.37,4.66,5.44,26.03,4.98,29.13,100.19,152.99,26.72,5.27,5.77
T3,90.732,29.07,5.55,27.05,108.53,146.02,28.43,5.48,5.06,27.49,4.95,28.04,93.15,168.08,24.39,4.92,4.93
T6,91.121,26.79,4.89,24.36,103.84,164.81,24.56,5.36,4.68,28.06,5.07,23.54,95.21,165.71,27.76,5.13,5.0
T5,91.262,27.8,5.31,25.28,96.97,163.18,25.4,4.91,5.6,24.24,4.9,26.54,104.85,142.49,27.36,5.44,5.85
T3,91.804,28.5,5.04,26.19,109.55,162.26,28.19,4.88,5.34,26.55,5.15,24.41,96.63,168.58,26.62,5.31,5.35
T4,91.937,27.25,5.01,24.13,100.4,157.56,27.14,5.61,5.34,26.57,5.4,25.23,104.79,148.45,25.76,5.78,5.29
T10,92.149,29.2,5.02,25.94,102.09,166.86,27.92,5.41,5.04,25.28,5.23,24.48,95.78,163.42,26.0,5.23,5.12
T4,92.18,26.58,5.57,24.43,99.4,164.47,23.91,5.05,5.34,25.9,5.04,25.76,96.27,162.41,23.38,5.52,5.48
T5,92.301,24.34,5.63,26.1,109.61,154.12,27.74,5.15,5.75,24.89,5.62,28.68,99.14,156.84,26.48,5.19,5.21
T8,92.38,24.21,4.97,25.86,100.04,170.88,27.41,5.04,5.16,26.26,5.01,28.02,106.42,160.56,26.07,5.61,5.3
T4,92.935,27.72,5.64,24.07,96.76,161.61,27.18,5.1,4.96,24.07,5.22,24.13,104.67,146.68,24.16,5.74,4.82
T10,93.03,28.78,4.86,28.64,110.41,170.16,25.01,4.78,5.27,29.32,5.19,26.46,100.67,170.36,26.25,5.27,5.11
T10,93.226,28.41,4.72,25.64,113.2,172.22,27.96,4.95,5.36,26.68,5.01,27.08,102.93,174.86,25.71,5.56,5.14
T9,93.313,25.29,5.86,26.99,92.81,176.49,25.96,5.3,5.44,24.88,5.11,24.3,92.13,168.77,27.01,5.24,4.74
T8,93.337,23.85,4.73,26.18,111.74,168.15,24.65,5.04,4.98,27.5,5.32,27.05,112.18,156.6,27.46,5.02,5.4
T3,93.711,29.27,4.72,24.37,94.12,144.32,24.46,4.93,4.86,26.07,5.49,26.42,96.9,165.48,25.66,4.76,5.0
T2,93.864,26.93,5.24,23.41,98.81,145.01,26.42,4.89,5.45,24.73,5.2,23.52,106.72,146.82,27.5,5.28,5.25
T5,94.002,24.14,5.26,28.92,93.92,145.07,25.94,5.33,5.76,26.38,5.14,25.85,109.85,162.62,28.68,4.77,5.61
T2,94.025,27.23,5.62,25.13,102.72,153.91,26.52,5.25,5.07,24.32,5.74,23.79,106.82,149.87,24.81,5.36,5.15
T5,94.199,28.18,5.34,27.46,99.8,147.24,27.9,5.35,5.04,27.22,5.38,27.46,98.46,148.18,25.39,4.78,5.39
T9,94.265,24.96,5.44,28.19,94.64,152.86,24.88,4.95,5.47,28.85,5.2,26.13,106.5,155.84,24.12,5.47,5.57
T2,94.277,24.11,5.66,26.41,93.52,148.38,26.14,5.1,5.65,23.9,5.35,27.36,103.64,144.43,26.88,5.38,5.72
T8,94.77,25.23,4.85,27.25,112.11,152.57,25.06,5.58,4.93,24.89,4.9,27.68,110.68,159.49,27.11,5.22,5.48
T6,94.834,25.51,5.35,22.89,94.45,159.65,27.13,5.29,5.21,26.69,4.99,24.61,93.7,154.56,26.0,5.15,5.2
T8,94.882,27.42,5.52,28.38,98.01,166.09,25.31,5.67,5.84,26.07,5.04,24.88,101.65,150.6,27.49,5.63,5.04
T10,94.99,25.34,4.74,28.88,112.47,178.12,26.09,5.22,5.17,26.6,4.96,27.02,98.6,151.36,26.79,5.36,5.72
T6,95.13,29.18,4.76,23.32,103.37,145.53,28.58,5.07,5.27,25.75,5.42,22.98,107.22,151.11,26.54,5.15,4.85
T10,95.249,25.79,4.78,28.08,106.49,163.25,24.04,4.94,5.86,25.42,5.03,28.64,105.7,169.3,25.2,5.01,5.41
T8,95.335,26.46,5.05,24.33,104.32,174.44,26.81,5.44,5.4,27.71,5.48,24.25,101.41,170.75,23.55,5.0,5.29
T5,95.643,27.45,5.6,29.76,102.55,160.74,27.93,5.18,5.04,28.02,5.04,25.47,103.67,149.88,27.76,5.0,5.71
T8,95.834,27.87,4.7,24.88,96.56,177.18,23.73,5.23,5.41,24.76,5.42,26.76,107.05,172.86,25.56,4.91,5.33
T8,95.875,26.41,5.33,24.74,103.98,168.71,23.69,5.14,5.16,27.49,5.31,24.49,103.67,157.84,24.36,5.38,5.12
T1,95.887,27.0,4.95,28.6,101.52,153.66,28.24,4.96,4.61,25.59,4.92,28.02,100.72,159.81,28.06,5.21,4.82
T9,96.162,25.53,5.32,24.39,103.13,169.7,27.17,5.27,4.7,27.88,5.42,25.77,107.3,165.42,25.72,5.49,5.42
T1,96.391,26.53,5.28,25.97,96.72,156.1,27.44,5.26,4.72,24.32,4.97,27.82,97.82,156.33,25.1,5.67,5.21
T5,96.429,26.25,5.65,26.94,104.73,155.04,25.38,5.46,5.73,27.14,4.93,29.54,97.71,139.76,25.86,5.4,5.17
T6,96.685,27.94,4.79,25.62,95.72,148.54,28.64,5.34,5.12,25.47,5.33,25.04,104.96,155.88,24.49,4.85,5.32
T10,96.904,26.39,5.22,28.93,108.99,150.75,24.93,5.39,5.73,26.03,4.75,26.41,105.95,163.19,24.96,4.8,5.02
T5,96.957,25.25,4.88,28.72,103.51,160.84,29.41,5.19,5.77,23.88,5.08,29.59,107.22,146.18,27.28,5.46,5.2
T1,97.042,26.6,5.57,29.19,99.28,152.4,27.05,5.62,5.29,23.49,5.48,26.02,92.81,153.5,24.84,5.2,5.23
T5,97.156,27.31,5.42,27.65,100.87,143.58,28.54,4.92,5.62,27.48,5.5,25.49,100.54,148.67,25.33,4.7,5.68
T6,97.43,29.41,5.26,24.95,96.0,162.79,24.61,5.18,5.03,27.32,5.0,26.33,106.11,145.9,24.55,4.84,5.21
T9,97.475,25.82,5.65,25.78,103.67,170.26,25.26,5.09,5.38,26.57,5.35,25.08,94.64,170.64,26.28,5.16,4.78
T6,98.012,28.34,4.75,26.73,102.45,154.18,27.97,5.39,5.34,26.33,5.4,25.98,101.72,148.13,27.39,4.66,5.28
T9,98.113,25.08,5.04,26.02,108.8,173.49,24.78,5.37,4.82,27.39,5.5,27.27,92.18,164.32,25.94,5.58,5.48
T3,98.682,26.28,5.53,27.83,109.56,152.96,26.48,4.99,5.09,25.98,5.31,25.06,99.05,165.32,28.72,5.18,5.09
T1,98.785,26.3,5.31,29.46,100.85,158.44,25.09,5.15,5.28,25.9,5.09,26.91,96.83,150.25,24.44,5.72,4.96
T5,98.837,25.08,4.93,25.89,109.62,147.75,25.2,5.02,5.66,24.83,4.85,29.06,95.06,161.36,26.2,4.78,5.78
T5,99.127,24.07,5.58,27.84,110.47,155.99,27.65,4.71,5.22,24.49,5.2,28.59,99.2,145.59,25.43,4.81,5.71
T3,99.161,28.76,5.3,25.78,93.23,152.18,27.57,5.07,5.59,29.64,5.48,25.18,99.66,157.38,25.72,4.66,5.36
T4,99.232,24.25,5.2,25.62,106.97,155.37,23.02,5.36,5.1,28.02,5.03,24.51,98.36,153.04,26.24,5.49,4.97
T1,99.552,26.77,5.5,25.04,99.05,169.75,28.3,5.73,5.1,27.69,5.6,27.31,98.41,163.45,25.16,5.54,5.08
T4,99.739,24.77,5.28,26.76,107.1,155.66,26.56,5.29,5.0,24.69,5.07,27.14,100.68,154.98,23.45,5.0,5.43
T4,100.308,27.54,5.31,24.29,102.08,161.25,24.46,5.72,5.4,26.69,5.26,26.74,104.33,155.63,23.87,5.67,4.83
T3,100.504,25.08,5.42,28.21,100.54,155.79,27.07,4.71,5.49,25.66,5.45,26.72,105.88,152.77,28.51,4.9,4.89
T9,100.579,28.95,5.23,24.63,93.3,152.25,24.27,5.38,5.51,25.29,5.45,25.65,99.05,152.08,24.64,5.38,4.98
T10,100.914,27.9,5.37,26.33,106.22,172.14,24.33,5.21,5.69,29.41,5.16,27.87,105.7,171.99,24.11,5.29,5.2
T3,100.969,29.32,5.38,25.89,104.8,157.8,27.85,5.42,5.35,29.49,5.4,24.93,93.44,169.5,25.05,5.06,5.61
T3,100.981,24.97,5.34,24.73,106.32,166.11,28.2,4.84,5.57,28.98,5.32,24.25,99.17,150.72,27.11,5.31,5.55
T5,101.013,25.17,5.58,26.66,98.96,157.72,25.92,5.14,5.29,24.6,5.66,28.47,100.06,152.27,26.73,4.92,5.29
T8,101.464,25.28,5.32,26.93,106.13,155.56,24.46,5.07,5.53,27.99,5.38,25.67,106.26,152.01,25.38,5.46,5.85
T9,101.565,26.26,5.46,28.06,104.14,169.83,24.3,5.34,5.52,28.72,5.0,28.42,103.67,151.75,26.05,5.51,5.5
T9,101.63,24.76,5.22,26.85,108.23,176.77,25.4,5.61,5.05,27.39,5.07,24.47,104.2,164.24,25.26,5.36,5.23
T5,101.885,25.94,5.04,29.2,102.84,152.23,27.98,5.17,4.99,27.83,4.84,25.38,102.07,162.67,25.99,4.73,5.21
T9,102.159,28.46,5.75,24.82,98.0,167.81,25.96,4.92,5.22,26.64,5.18,24.3,104.93,174.04,24.63,5.13,5.45
T4,102.398,27.48,4.83,24.18,108.05,148.42,26.32,5.61,5.27,27.61,5.09,26.56,109.3,149.42,23.7,5.4,4.85
T9,102.468,27.35,5.07,28.33,107.71,177.15,27.98,5.32,5.46,26.68,5.23,26.22,96.35,157.02,24.64,5.0,5.28
T9,102.475,28.17,5.72,25.94,92.18,151.31,26.61,5.33,5.39,24.97,5.8,24.74,102.81,152.46,27.33,5.4,5.41
T3,102.497,26.28,5.02,24.88,99.94,147.74,24.87,5.1,4.9,26.37,5.42,28.32,109.38,155.17,26.26,4.77,5.15
T4,102.549,25.47,4.98,24.02,109.95,157.54,25.34,5.84,5.39,24.17,4.81,27.23,107.36,145.61,24.35,4.99,5.26
T4,102.582,27.73,4.98,25.7,100.68,162.33,24.63,5.59,5.53,28.4,5.3,25.68,100.5,154.59,23.48,5.68,4.97
T10,103.111,26.06,4.65,25.16,107.8,169.5,28.24,4.8,5.39,28.85,5.15,27.59,108.68,151.72,25.66,5.04,5.04
T1,103.308,27.18,5.24,25.35,100.73,151.36,24.96,5.62,4.64,27.39,5.09,26.83,100.8,164.58,24.2,5.46,5.23
T6,103.606,27.06,5.34,26.42,108.43,144.19,26.12,4.66,4.98,28.61,5.1,24.68,93.62,147.14,24.74,4.84,4.74
T4,103.831,27.45,4.92,27.81,102.96,146.23,24.9,5.27,5.15,24.34,5.36,27.87,97.74,147.2,23.25,4.94,5.32
T8,104.12,26.18,4.72,26.03,102.89,152.93,23.21,5.02,5.19,27.15,4.9,24.21,102.93,171.88,27.44,5.31,5.04
T5,104.197,27.4,5.48,28.92,103.12,144.25,27.93,5.43,5.0,24.35,5.25,28.1,106.46,155.86,26.64,5.36,5.63
T1,104.263,26.14,5.1,28.19,100.46,156.26,24.74,5.24,5.22,24.74,4.81,26.62,100.49,149.27,24.35,5.08,5.17
T4,104.486,26.56,4.89,27.06,99.42,169.81,25.91,5.78,5.39,27.88,5.5,25.24,108.07,147.38,25.75,5.26,5.19
T1,104.686,25.29,5.35,28.26,98.46,148.37,24.73,5.18,5.42,27.05,5.52,29.24,93.97,148.21,24.43,5.62,5.1
T4,104.738,27.48,5.53,24.73,101.43,143.99,25.46,5.49,5.6,25.8,5.32,27.32,103.11,145.39,24.03,5.17,5.21
T4,104.899,26.68,4.79,25.23,107.25,164.69,23.98,5.0,4.99,27.4,5.25,26.07,96.43,160.76,23.68,5.45,5.66
T4,105.327,24.34,4.84,24.82,97.7,166.97,22.98,4.95,5.27,25.72,4.95,23.88,99.18,166.18,26.94,5.82,5.06
T5,105.56,24.4,4.91,29.3,109.04,158.5,25.86,5.42,5.36,26.52,5.46,27.26,107.79,162.65,28.28,4.97,5.85
T4,105.786,27.77,4.8,28.3,100.15,161.61,23.77,5.61,5.52,27.55,5.18,26.16,95.16,156.32,25.14,5.64,5.55
T5,105.964,24.67,5.01,27.33,95.17,145.25,29.38,5.07,5.56,25.03,5.34,27.8,102.52,159.36,25.63,5.02,5.47
T3,106.13,28.66,4.79,28.44,97.77,154.97,28.85,5.38,5.38,28.14,5.09,28.22,104.28,166.38,25.49,5.38,5.7
T5,106.146,26.64,5.42,26.28,94.19,138.93,27.74,5.28,5.64,28.04,5.09,26.44,94.85,150.07,26.97,5.38,5.47
T5,106.523,24.62,5.28,26.84,108.44,157.37,26.64,4.94,5.84,24.28,5.19,29.51,94.08,148.46,26.08,5.01,5.36
T5,106.584,24.01,5.7,29.03,108.78,144.58,27.61,5.46,5.48,26.76,4.87,25.9,101.2,139.28,25.86,5.27,5.83
T10,106.601,28.28,5.24,29.02,113.04,152.0,25.93,4.77,5.94,26.64,5.41,24.64,106.5,175.86,24.3,5.1,5.29
T6,107.391,25.18,5.21,23.05,98.76,165.27,24.51,5.42,5.08,27.76,5.29,24.72,95.6,154.25,27.43,5.07,5.38
T8,107.726,27.26,4.76,26.16,105.65,162.39,23.2,5.57,5.52,27.31,5.11,26.49,97.33,162.33,24.96,5.77,5.68
T4,107.962,24.21,4.89,24.67,99.45,151.04,26.72,5.58,5.65,25.48,5.62,25.2,96.48,153.78,27.14,5.67,4.86
T10,108.11,28.98,5.2,25.1,109.07,176.77,26.6,5.4,5.93,29.21,4.95,28.58,103.52,163.61,26.47,4.85,5.39
T1,108.245,24.78,5.04,25.73,95.02,155.5,27.08,5.32,5.11,26.92,5.62,28.5,93.51,166.93,26.93,5.47,5.37
T10,108.504,27.86,5.23,27.25,110.41,161.0,24.7,4.93,5.55,26.3,4.86,24.98,103.09,175.59,25.12,5.42,5.89
T5,108.685,25.56,5.29,29.02,109.57,155.35,27.06,5.19,5.6,25.8,4.83,26.1,110.09,145.93,26.53,5.0,5.64
T8,108.989,23.8,5.27,26.18,104.32,151.43,27.3,5.01,5.28,25.12,5.29,24.66,99.74,176.01,26.84,4.91,5.26
T5,109.293,27.68,5.37,25.27,109.93,153.9,26.8,4.85,4.99,25.86,5.6,25.03,93.89,148.78,29.31,4.72,5.45
T1,109.342,23.72,5.29,29.3,102.87,146.41,28.53,5.58,5.39,26.88,5.5,29.46,92.39,163.15,27.46,5.39,5.2
T5,109.409,26.95,5.52,25.49,109.81,142.34,24.82,4.75,5.86,25.02,5.33,28.36,100.22,162.84,25.12,4.78,5.18
T4,109.437,24.18,5.38,27.81,97.83,163.29,24.8,5.72,5.69,25.18,5.46,25.12,110.35,165.21,26.78,5.29,5.41
T1,109.695,26.92,5.3,25.46,97.48,167.56,24.37,4.95,5.26,27.22,5.38,29.03,96.38,169.23,25.16,5.57,5.15
T1,109.715,25.58,5.48,27.61,95.22,161.84,25.16,5.71,5.19,24.23,5.28,25.69,100.34,145.87,27.8,4.84,4.88
T8,109.868,27.38,4.88,27.43,96.38,168.49,27.38,5.52,5.34,25.42,5.07,26.59,99.85,151.9,25.36,5.23,5.68
T1,109.998,27.21,5.48,29.32,103.4,161.1,25.52,5.68,4.79,27.39,5.45,26.69,95.07,170.72,26.46,5.43,5.19
T8,110.184,27.06,5.31,25.92,104.8,178.23,23.32,5.64,5.0,25.51,5.12,24.26,95.7,169.02,24.55,5.06,5.0
T1,110.748,26.6,5.01,25.5,107.04,163.42,24.26,5.12,4.58,26.34,4.97,27.06,100.13,159.03,28.16,4.85,5.21
T3,111.023,27.18,4.77,25.68,97.58,149.17,26.47,5.11,5.19,29.11,5.26,24.65,99.29,170.03,27.42,4.99,5.15
T5,111.306,26.61,5.66,26.96,96.08,147.84,28.67,4.67,5.48,25.94,5.14,26.82,95.64,149.77,25.76,4.98,5.34
T1,111.397,25.38,5.67,28.27,93.74,149.31,27.97,5.47,4.84,27.41,5.23,28.77,96.16,167.01,28.06,5.2,4.98
T1,111.681,26.16,5.18,28.13,109.08,164.58,28.03,5.56,5.23,27.2,4.98,25.68,99.87,148.96,25.7,4.96,4.99
T8,112.714,25.32,4.97,27.04,112.56,176.91,26.6,5.13,5.64,26.18,4.97,24.19,106.73,176.52,26.58,5.47,5.15
T8,112.797,25.44,5.22,25.7,103.88,155.39,27.17,5.26,4.98,27.1,4.8,24.18,106.65,166.52,25.13,5.22,4.95
T8,113.053,27.46,5.24,25.81,103.93,165.7,24.67,5.16,5.36,24.68,4.77,27.09,100.25,157.08,23.57,5.72,5.73
T4,113.231,26.06,4.94,27.37,103.39,147.98,25.09,5.08,5.49,26.11,4.85,27.44,97.78,155.44,25.49,5.26,5.38
T8,113.372,24.05,4.79,28.2,96.88,150.53,23.42,5.82,5.53,24.6,4.74,27.55,95.7,169.86,23.63,5.01,5.42
T4,113.456,25.75,5.52,27.93,106.65,145.39,25.42,5.51,5.56,27.4,5.26,26.25,106.87,161.12,26.18,5.34,5.16
T5,113.62,27.35,5.56,29.71,102.04,146.09,26.2,5.44,5.85,26.78,5.62,28.04,102.5,149.23,26.1,4.78,5.01
T5,113.829,26.95,5.13,28.88,99.64,145.18,25.51,4.83,5.14,25.52,5.56,28.15,98.13,150.53,27.13,5.32,5.37
T8,113.852,27.97,4.88,26.8,103.36,174.43,26.72,5.64,5.16,24.96,5.43,24.34,109.63,178.58,23.74,5.41,5.12
T4,114.671,26.53,5.48,26.85,102.57,158.99,23.54,5.66,5.46,26.82,5.51,27.23,99.45,148.12,22.93,5.58,5.02
T8,114.972,27.66,4.76,26.56,102.8,170.01,23.83,5.05,5.54,25.39,4.67,24.72,98.8,168.47,24.59,5.79,5.85
T5,115.19,25.75,5.58,27.78,95.68,149.39,28.0,5.34,5.67,24.32,5.08,25.41,98.89,162.62,28.0,5.4,5.62
T4,115.541,27.41,5.42,27.81,111.22,161.35,23.15,5.15,5.51,26.14,5.41,26.81,112.13,150.31,24.51,5.14,4.92
T4,115.713,28.06,5.35,27.27,105.2,165.57,24.07,5.3,5.48,25.44,5.41,27.78,95.71,149.12,25.38,5.6,4.84
T8,115.811,26.99,4.79,27.32,103.85,154.39,23.82,5.78,5.25,23.64,5.34,25.99,98.29,167.44,23.78,5.66,5.24
T8,115.865,24.73,4.82,25.73,100.54,172.49,26.67,5.78,5.1,25.36,5.26,27.18,102.63,161.64,23.2,5.02,5.69
T8,115.942,25.08,5.51,24.66,107.5,165.18,25.87,5.64,4.96,27.26,4.74,26.86,112.27,156.41,26.23,5.73,5.41
T4,116.963,27.26,5.24,26.86,99.17,163.2,23.44,5.4,5.35,28.43,4.79,26.1,104.44,166.48,24.98,5.44,4.9
T8,117.253,25.68,5.11,27.18,108.94,168.87,24.53,5.45,5.74,23.91,5.2,27.93,110.25,166.38,23.29,5.67,4.97
T5,117.514,27.7,4.81,28.62,109.05,162.34,28.35,4.91,5.0,23.78,4.81,27.75,96.65,163.88,26.04,5.14,5.16
T8,117.98,25.17,4.91,26.2,111.87,154.02,23.34,5.46,5.4,26.36,5.39,24.66,107.48,157.81,26.87,5.09,5.6
T8,118.558,26.31,4.82,25.26,105.3,154.8,27.33,5.49,5.26,25.22,5.08,25.13,96.38,172.86,24.67,5.5,5.51
T5,118.667,23.73,5.36,25.78,100.58,153.68,26.65,4.86,5.13,27.48,5.64,27.56,105.13,145.09,26.36,4.69,5.17
T4,119.482,28.12,5.13,26.74,106.7,157.38,27.1,5.33,5.5,25.98,5.5,26.34,98.96,162.36,25.92,5.65,5.16
T4,119.533,24.3,5.12,26.94,104.82,164.33,24.4,5.66,4.89,28.13,5.24,24.22,99.45,143.21,23.32,5.44,5.73
T8,119.837,25.58,4.69,26.05,100.01,157.47,25.5,5.55,5.22,24.48,4.99,27.04,105.78,158.72,25.68,5.67,5.44
T5,120.248,23.88,5.08,27.93,106.38,151.36,28.15,5.42,5.07,27.75,5.48,25.82,97.28,147.0,25.96,5.29,5.82
T4,120.777,28.46,4.97,27.58,95.41,165.26,26.37,5.59,5.69,25.96,4.76,24.73,96.01,145.2,26.55,5.38,5.23
T4,120.891,26.3,5.31,25.39,99.33,155.91,25.68,5.34,4.96,27.09,4.99,26.38,96.17,161.16,26.5,5.04,4.89
T4,120.945,27.19,5.36,27.59,106.27,160.92,24.98,5.52,5.72,26.34,5.23,27.89,97.84,148.01,23.16,5.38,5.48
T4,121.543,28.07,5.31,27.13,101.41,167.9,23.35,5.37,5.73,25.84,4.75,28.2,106.39,144.32,24.68,5.06,5.48
T5,121.724,27.14,5.18,27.49,103.68,161.52,25.93,5.08,4.96,27.48,5.61,25.28,109.81,160.51,25.52,4.69,5.81
T5,121.736,26.33,5.66,28.02,95.52,160.38,28.0,5.32,5.11,26.38,5.25,27.61,100.11,162.78,26.77,4.9,5.66
T5,124.001,24.48,5.42,26.17,100.58,147.04,26.64,4.98,5.75,25.58,5.49,29.3,106.92,162.67,24.88,4.75,4.99
T4,125.481,27.66,5.26,25.2,111.9,159.82,24.59,5.39,5.22,26.92,4.94,25.89,107.5,159.66,23.48,5.56,5.62
T4,125.865,26.69,5.32,24.46,98.33,148.54,25.18,5.73,5.46,25.08,4.84,25.3,110.65,168.94,26.69,5.64,5.58
T4,127.473,25.84,4.89,26.41,96.79,163.88,24.6,5.34,5.14,27.1,5.0,27.52,96.01,145.01,24.26,5.6,4.92
T4,127.649,26.0,4.87,27.23,101.36,168.05,25.88,5.38,5.58,27.99,5.5,27.44,103.73,150.35,23.99,4.97,5.56
T4,127.657,25.08,5.25,25.57,102.72,167.48,26.56,5.17,4.92,27.78,4.77,28.24,102.24,147.42,23.5,5.48,5.07
T4,127.711,26.03,4.76,23.92,110.62,157.2,24.84,5.25,5.17,27.61,4.82,23.86,98.36,165.96,24.94,5.39,5.32
T4,127.736,24.17,5.32,25.97,107.7,169.86,26.88,4.96,5.05,24.18,5.34,24.48,107.08,145.17,26.23,5.74,5.42
T4,127.819,26.67,5.1,24.73,100.35,147.02,24.9,5.64,5.38,26.15,5.61,24.18,102.58,145.27,23.01,5.51,4.96
