task_type_id,arrival_time,est_m1,est_m2,est_m3,est_m4,est_m5,est_m6,est_m7,ext_m1-1,ext_m2-1,ext_m3-1,ext_m4-1,ext_m5-1,ext_m6-1,ext_m7-1
2,0.001,11.541,111.123,110.533,114.471,106.283,1.016,114.613,11.778,100.631,114.098,105.668,116.773,1.074,109.261
2,0.055,10.282,108.263,119.035,107.876,100.452,1.024,116.328,11.602,108.043,117.742,100.854,118.744,0.982,99.691
1,0.262,106.764,9.657,102.321,10.691,10.332,109.51,11.255,106.692,9.899,104.488,10.996,10.579,103.373,11.151
3,0.328,111.085,104.392,96.726,106.096,1.143,105.738,99.643,105.705,101.59,109.082,106.571,1.154,113.339,101.321
3,0.552,101.864,105.387,103.431,104.587,0.997,101.178,96.082,97.602,99.562,100.08,100.768,1.084,110.411,108.308
1,0.938,107.09,10.817,109.182,10.525,10.862,113.482,9.915,97.242,9.549,107.735,11.376,10.557,100.112,10.827
1,1.074,113.658,10.32,101.681,11.322,9.976,108.676,11.14,114.846,10.535,102.776,10.677,9.855,114.153,10.873
1,1.425,112.752,9.596,104.811,10.826,10.756,108.532,10.365,98.75,9.667,102.166,10.636,10.076,113.811,10.361
1,1.468,104.738,9.354,107.663,11.074,10.146,105.133,9.671,101.865,9.46,97.064,10.571,11.141,114.874,10.601
1,1.517,104.089,9.546,104.518,11.414,10.998,105.997,9.808,105.293,10.258,105.415,11.422,10.801,114.522,10.356
3,1.663,100.775,100.427,101.265,99.939,1.048,101.121,109.364,101.352,106.805,107.847,94.616,1.053,104.053,101.459
3,1.773,100.32,112.449,100.212,94.649,1.061,100.173,99.28,97.988,111.104,94.664,99.115,1.002,107.55,98.09
2,1.828,11.419,111.844,110.443,110.621,109.527,1.148,103.954,11.322,108.043,109.577,111.533,108.213,1.08,107.892
3,2.002,104.846,106.868,111.659,101.131,1.145,104.584,102.742,109.429,95.811,108.551,99.396,1.099,101.109,107.56
2,2.323,11.799,98.833,112.12,114.36,113.887,1.108,107.812,10.383,97.227,108.126,109.662,108.644,1.064,106.107
2,2.524,11.62,99.59,113.222,102.775,111.926,1.042,107.871,11.453,96.0,113.233,108.882,117.981,1.086,108.13
2,2.578,11.076,113.395,103.994,105.008,115.604,1.079,115.067,10.743,101.584,112.233,110.098,115.707,1.06,117.368
2,2.624,11.347,106.743,102.267,113.408,103.187,1.126,102.363,11.653,109.664,119.005,104.548,116.775,1.081,107.284
3,2.958,105.024,100.677,96.686,95.601,1.052,103.199,103.711,104.746,96.766,101.986,102.999,1.093,95.943,112.015
1,2.984,114.103,9.952,112.196,11.101,10.61,112.026,10.459,98.487,9.639,103.856,11.345,11.064,102.49,11.21
2,2.994,11.307,100.601,114.411,107.932,108.793,1.019,104.923,10.578,112.625,110.618,109.112,109.033,1.07,115.987
4,3.483,93.919,1.088,117.348,1.17,114.93,98.613,10.464,110.106,1.086,117.442,1.033,105.066,107.252,10.344
2,3.911,11.679,102.719,104.254,107.979,112.185,1.044,112.49,11.808,103.664,117.634,102.268,117.943,1.062,106.921
4,3.922,108.025,1.106,106.613,1.132,115.163,96.956,9.945,100.038,1.07,102.685,1.097,116.874,105.179,9.63
4,3.963,107.098,1.116,100.357,1.158,111.253,99.67,10.099,100.51,1.008,112.702,1.154,110.993,104.2,10.899
2,3.976,11.003,110.136,105.226,107.979,108.809,1.003,117.15,11.697,103.757,113.443,111.575,106.06,0.995,114.528
2,4.006,10.599,102.821,113.259,114.621,108.989,0.974,114.164,11.517,110.744,100.657,112.244,109.499,1.15,105.45
1,4.137,112.76,10.654,100.484,10.167,9.94,102.004,9.741,107.018,10.21,96.217,11.013,9.62,111.412,9.901
4,4.317,100.581,1.012,107.744,1.072,100.251,100.388,10.144,105.167,1.057,116.029,1.133,98.895,109.176,10.212
3,4.511,106.517,95.701,107.417,108.617,1.057,98.743,102.168,95.094,102.536,105.374,109.378,1.136,106.483,97.235
3,4.666,96.884,107.998,99.512,109.198,1.071,100.827,99.206,107.894,110.644,101.006,97.408,1.124,101.953,100.611
4,4.713,97.143,0.991,100.347,1.027,99.839,102.367,10.928,106.069,1.148,101.568,0.998,98.806,110.338,10.701
2,4.759,11.513,110.809,113.722,108.349,113.24,1.134,104.889,11.309,108.224,116.961,101.282,101.95,1.044,101.693
3,4.931,101.352,98.678,106.668,108.749,1.07,96.528,99.68,103.44,99.463,110.139,98.675,1.068,98.697,97.64
3,5.087,99.988,104.183,99.065,95.421,1.047,108.75,106.67,111.651,95.298,111.733,110.007,1.067,110.152,99.78
1,5.109,111.103,10.063,107.615,9.969,10.296,104.236,10.396,104.15,10.093,104.428,11.431,11.264,108.645,10.896
4,5.353,98.715,1.044,114.129,1.098,105.902,106.088,11.09,109.488,1.009,103.12,1.008,111.28,105.961,10.961
2,5.479,11.589,96.538,113.366,102.835,104.527,0.998,104.834,11.159,110.13,108.454,113.591,103.13,1.058,117.45
1,5.725,103.583,10.933,103.29,9.908,9.86,104.388,9.625,101.621,10.068,98.501,10.381,10.562,111.604,11.131
4,5.882,99.684,1.113,117.777,1.138,107.788,98.053,10.082,101.164,1.012,113.072,1.039,110.818,97.808,9.561
3,5.904,104.826,98.456,96.32,103.45,1.176,100.173,104.652,96.856,103.382,102.881,102.606,1.076,101.481,97.413
1,5.973,114.751,9.874,111.383,10.811,9.804,101.189,10.308,103.171,9.862,110.85,10.276,11.17,112.98,11.013
2,6.706,10.32,105.321,112.099,108.911,102.01,1.114,99.442,10.562,106.889,118.393,109.826,107.758,1.086,100.606
1,6.716,97.966,9.797,104.052,10.065,10.186,114.118,10.685,104.764,9.422,97.515,9.886,10.821,109.815,10.007
4,6.893,93.488,1.136,102.856,1.137,110.891,111.074,10.876,107.923,1.085,112.058,1.005,110.118,95.616,10.32
4,7.134,103.274,1.164,118.017,1.094,102.414,99.709,9.456,109.879,1.031,104.068,1.15,112.014,97.931,10.514
4,7.73,97.751,1.114,106.613,1.08,101.955,101.881,9.665,100.975,1.09,107.377,1.157,104.449,103.344,9.646
3,8.017,103.282,95.957,105.718,99.888,1.135,103.346,108.475,109.352,109.536,100.283,109.311,1.112,98.911,106.12
1,8.131,112.823,10.053,110.494,10.078,11.03,97.805,11.352,108.794,10.59,98.034,10.912,10.446,112.309,9.656
3,8.201,96.824,101.942,101.908,109.962,1.073,96.524,98.639,109.156,110.26,110.046,96.823,1.156,110.469,111.499
4,8.27,98.492,1.006,114.059,1.034,115.506,96.852,10.004,103.717,1.127,99.752,1.098,103.069,97.847,10.465
1,8.282,110.87,10.879,99.376,11.038,10.87,100.994,10.639,99.835,10.144,112.218,10.619,10.639,108.071,11.255
4,8.494,107.516,1.002,110.393,1.032,115.819,97.56,10.941,95.835,1.08,114.452,1.075,98.436,102.468,9.789
3,8.643,112.485,107.321,112.082,99.233,1.05,95.849,108.625,106.419,95.24,98.736,96.805,1.164,110.819,104.839
4,8.701,100.432,1.071,101.684,1.109,115.187,108.608,9.807,108.858,1.129,106.48,1.141,99.777,105.844,9.808
3,8.822,107.992,106.748,103.324,101.023,1.139,100.49,98.314,106.199,99.261,100.547,97.322,1.03,98.73,102.842
2,8.898,10.911,111.293,101.079,114.336,108.343,1.143,106.24,11.323,109.999,117.901,113.873,114.812,1.135,101.241
1,9.071,105.645,10.131,109.175,10.815,11.236,97.805,10.587,98.931,10.561,108.046,10.759,10.57,113.793,10.654
2,9.085,10.142,106.385,118.884,103.429,115.365,1.062,105.55,10.018,98.127,114.668,113.829,116.907,0.987,109.771
2,9.118,11.815,98.986,114.523,113.281,115.707,1.031,103.26,10.383,112.149,106.105,113.857,108.071,1.01,116.861
4,9.372,102.432,0.985,102.91,1.16,107.086,113.32,9.643,97.836,1.016,112.781,1.097,103.225,106.202,10.064
2,9.388,11.255,108.493,117.888,97.507,115.978,0.97,113.049,10.778,99.925,110.722,113.688,115.347,1.015,103.104
2,9.456,11.443,110.086,104.766,114.471,115.738,1.136,111.664,11.599,95.814,103.994,112.353,107.748,1.048,101.227
4,9.481,107.923,1.018,113.719,1.058,102.634,104.831,10.26,99.152,1.089,108.377,1.107,111.587,103.419,10.036
4,9.505,94.759,1.116,108.952,1.069,104.779,101.517,10.252,106.881,1.132,111.17,1.15,116.93,98.048,10.634
3,9.706,104.866,102.63,108.72,96.392,1.092,98.114,103.992,103.381,108.927,95.439,95.556,1.11,96.493,112.72
4,9.758,101.966,1.072,110.914,1.072,110.997,99.588,10.637,104.765,1.048,113.686,1.109,114.224,110.671,10.265
4,9.935,95.438,0.989,115.188,1.104,111.36,96.61,9.656,102.993,1.032,100.596,1.034,101.649,111.164,11.099
2,10.231,10.36,110.344,105.424,110.305,101.302,1.142,103.379,11.46,98.664,117.837,111.464,107.647,1.029,113.652
1,10.478,102.832,9.231,104.849,11.127,10.15,104.541,10.422,110.974,9.27,106.831,10.503,10.803,109.866,10.964
2,10.5,11.754,104.162,117.813,103.655,117.68,1.125,113.424,11.019,100.28,102.244,102.246,107.796,1.147,100.893
2,10.735,11.186,112.027,104.539,102.892,117.534,1.033,112.427,10.873,104.063,106.312,102.479,114.166,0.986,110.559
4,10.962,108.713,1.063,101.241,1.085,99.02,111.248,10.933,102.227,1.117,118.39,0.998,100.976,105.764,9.979
2,11.283,10.281,98.722,100.317,102.866,118.179,1.035,113.275,11.714,98.426,112.02,111.6,109.932,1.126,106.596
4,11.39,94.23,1.074,102.341,1.077,105.242,107.578,11.069,98.153,1.086,100.621,1.056,109.253,112.988,9.98
4,11.398,106.92,1.013,110.837,1.008,110.281,97.694,9.718,100.916,1.029,107.704,1.145,109.94,103.524,9.966
3,11.499,112.342,105.748,111.823,97.803,0.998,105.064,108.984,112.821,109.536,110.793,99.172,1.095,104.076,99.168
2,11.677,10.825,99.908,103.512,108.721,113.634,0.996,114.471,11.242,111.571,118.676,108.573,111.245,1.135,107.812
1,11.765,108.284,10.878,109.535,10.978,9.583,100.978,10.085,103.957,9.803,100.726,9.678,11.281,98.814,10.377
3,11.877,103.442,97.34,99.129,105.143,1.123,109.466,97.818,112.048,98.306,107.719,109.261,1.01,95.756,110.593
4,12.079,92.83,1.072,111.839,1.154,113.827,104.2,10.892,105.061,1.075,114.666,1.176,101.315,98.804,10.36
1,12.431,107.947,9.602,96.405,11.266,10.71,99.717,10.915,99.835,9.334,109.876,10.427,9.969,97.805,10.266
3,12.593,94.922,97.014,108.064,96.017,1.088,98.349,102.425,100.968,96.957,100.89,108.279,1.064,107.242,99.255
2,12.844,11.481,105.259,108.49,105.758,105.66,0.979,116.258,10.43,98.575,115.842,106.904,116.112,1.055,114.165
3,12.957,97.833,97.476,97.248,106.52,1.089,97.768,106.491,106.448,112.346,109.591,98.212,1.115,108.433,96.172
1,13.077,111.618,10.0,100.62,11.302,9.978,109.928,10.593,107.163,9.561,100.718,9.884,10.958,99.254,11.361
2,13.193,10.525,100.777,106.933,101.349,118.513,1.028,100.555,11.746,103.608,105.591,112.024,100.564,1.0,105.866
3,13.214,107.372,104.381,102.648,108.413,1.125,111.597,101.038,98.643,106.786,111.908,102.7,1.003,100.143,108.307
1,13.586,96.896,9.849,105.807,11.117,10.137,105.718,11.191,99.358,9.639,97.223,10.684,9.857,108.298,11.192
3,13.626,110.072,108.519,107.908,108.411,1.177,107.647,98.524,110.435,110.359,101.233,100.877,1.166,110.193,97.63
2,13.771,11.794,99.078,103.055,112.353,113.431,0.988,106.559,10.756,102.925,103.989,102.642,115.883,1.055,101.305
4,13.804,102.678,1.122,102.439,1.108,99.777,109.909,10.198,96.492,1.068,109.323,1.073,107.272,103.719,9.64
4,14.288,106.475,1.084,109.546,1.0,115.926,97.987,10.752,101.361,1.145,102.341,1.071,106.162,103.231,9.537
2,14.397,11.273,102.303,117.999,110.345,116.448,1.131,111.544,11.023,98.086,103.753,110.905,116.382,1.023,112.755
1,14.525,103.288,10.281,108.467,10.912,9.887,100.063,9.681,105.055,10.572,111.271,10.379,9.611,105.361,11.136
3,14.704,97.776,102.805,111.256,103.17,1.027,96.868,99.171,109.775,100.557,111.736,105.058,1.069,96.054,109.831
3,15.254,99.05,109.96,96.13,95.531,1.144,107.647,111.963,96.282,96.574,104.294,104.137,1.141,100.332,104.69
3,15.275,111.333,110.365,95.187,108.963,1.125,99.477,98.356,112.091,109.852,99.819,94.985,1.002,97.599,100.12
3,15.287,100.156,109.531,99.083,95.428,1.095,105.259,108.299,101.664,96.523,95.269,104.539,1.168,110.564,105.234
1,15.328,109.019,9.486,107.912,10.886,11.005,110.671,10.735,104.84,9.514,101.758,10.919,10.889,112.203,11.224
3,15.485,98.465,95.08,102.03,104.643,1.177,112.586,113.287,97.939,109.005,95.813,103.411,1.008,110.564,97.793
1,15.641,97.404,10.933,103.091,10.629,9.94,104.033,9.724,114.44,9.983,97.978,10.378,10.284,112.772,10.998
2,15.858,10.343,99.272,103.979,113.436,109.263,1.047,106.925,10.388,107.053,102.496,108.409,107.933,1.005,104.681
2,15.871,10.016,105.916,105.543,102.937,112.14,1.043,105.909,10.403,105.21,112.4,112.504,108.237,1.019,115.867
1,15.96,103.693,10.914,107.367,9.769,9.987,106.75,9.866,103.973,10.065,109.834,9.715,10.862,104.985,11.181
2,15.982,10.427,105.485,118.39,114.847,107.171,0.99,108.895,11.427,109.664,116.952,109.27,117.592,1.042,109.143
4,16.276,95.441,1.106,115.05,1.058,107.792,106.924,10.634,107.098,0.991,101.397,1.045,115.931,98.45,10.839
3,16.558,106.534,104.708,100.025,103.582,1.149,96.936,105.774,99.567,102.901,107.896,94.756,1.138,110.047,111.836
2,16.614,11.834,103.321,104.756,97.604,100.673,1.069,102.364,10.306,110.496,115.975,106.094,112.996,1.014,105.286
3,16.718,96.157,107.936,97.704,102.047,1.136,112.398,111.88,108.512,97.428,94.637,98.95,1.181,107.49,100.943
3,17.205,95.392,105.23,98.923,108.069,1.07,102.594,99.126,107.697,108.236,107.762,99.888,1.114,101.228,99.717
3,17.257,100.995,100.427,105.914,106.799,1.066,101.976,98.303,98.88,98.978,97.161,101.563,1.168,111.786,110.865
2,17.281,11.826,113.311,116.981,113.769,114.528,1.122,111.312,11.198,105.729,104.29,104.874,103.084,1.006,109.025
3,17.452,107.778,94.724,102.074,99.202,1.18,113.066,99.171,102.9,111.092,96.817,101.274,1.181,106.686,95.693
1,17.62,111.143,10.697,104.645,11.432,9.617,104.174,9.788,109.044,9.765,95.988,11.259,10.514,103.147,10.669
3,17.652,102.392,111.481,112.092,94.69,1.093,110.291,101.974,102.98,105.912,111.659,99.014,1.065,112.155,102.233
1,17.762,99.223,9.615,106.119,10.059,10.354,115.172,11.208,97.97,10.257,112.371,10.8,9.519,107.207,9.85
2,17.768,11.863,103.459,108.728,102.892,116.528,1.06,115.987,11.651,96.176,103.123,104.767,110.514,1.108,105.776
1,17.819,110.506,9.504,103.715,11.098,10.142,111.692,9.976,104.171,10.332,105.174,9.705,10.412,104.468,10.235
1,17.87,110.974,9.9,111.483,10.621,10.604,114.153,9.883,100.234,10.317,110.495,10.729,10.914,107.47,11.339
1,17.914,107.798,9.772,110.589,11.43,10.372,110.895,10.984,108.752,10.093,100.789,10.468,10.633,112.266,9.792
1,18.078,102.832,9.903,104.238,9.923,9.86,106.886,11.013,103.455,9.39,111.267,9.867,11.042,111.128,9.943
1,18.53,111.253,9.227,103.335,10.815,10.733,99.745,9.863,99.866,9.631,109.616,11.244,10.211,100.937,11.293
1,18.661,110.302,10.439,98.034,10.059,10.835,111.692,10.042,107.328,10.088,106.788,10.476,9.922,98.465,9.978
1,19.246,106.299,10.333,103.509,9.754,9.964,114.473,9.698,99.866,10.637,107.149,10.239,11.034,105.889,10.748
3,19.561,103.783,97.179,102.502,103.158,1.049,102.84,108.731,105.285,109.296,103.451,101.512,1.018,109.521,101.667
2,19.619,10.618,98.993,118.771,96.722,114.536,1.115,105.97,10.233,97.716,110.737,105.554,116.773,1.032,101.471
4,19.761,97.017,1.169,117.495,1.045,101.428,107.578,10.794,93.759,1.076,101.975,1.058,112.573,113.655,9.979
3,19.948,99.79,104.708,103.32,96.604,1.161,96.916,111.628,111.085,102.864,97.848,102.509,1.136,109.107,109.371
2,20.006,11.378,105.782,106.113,111.815,103.613,1.006,111.693,11.214,107.02,115.662,105.597,101.638,1.085,109.958
1,20.044,102.832,9.196,109.019,10.159,10.598,108.942,9.615,97.276,10.273,98.51,11.465,10.152,104.584,11.223
2,20.831,11.055,97.528,117.831,99.758,108.088,1.07,104.62,11.36,99.923,116.063,103.743,118.585,1.107,111.736
3,20.921,99.372,107.737,110.032,95.59,1.01,110.207,106.401,98.323,104.176,95.369,97.523,1.121,95.538,104.452
1,21.196,110.144,10.234,108.878,11.291,11.154,103.499,10.933,106.049,10.306,109.697,10.163,9.905,111.749,11.077
4,21.329,99.664,1.089,112.113,1.051,113.013,98.321,9.748,104.732,1.13,113.132,1.054,115.627,106.157,10.9
4,21.505,103.83,1.014,112.816,1.049,116.935,109.933,10.616,105.582,0.99,104.863,1.044,111.756,109.47,10.166
3,21.514,103.225,108.291,96.803,106.989,1.096,112.432,97.844,101.096,99.149,97.784,107.361,1.139,113.427,98.457
2,21.597,11.317,111.676,105.114,98.476,116.529,1.004,111.633,10.861,97.89,100.863,105.322,118.638,1.121,103.602
4,22.005,98.387,1.161,109.685,1.12,99.137,106.65,10.089,101.254,1.068,104.431,1.011,107.639,108.235,9.643
1,22.446,102.162,9.783,102.745,11.087,9.933,101.218,11.037,113.263,10.116,95.453,11.014,11.264,106.298,11.137
3,22.731,95.455,101.684,103.926,96.386,1.11,109.813,99.5,112.313,110.365,96.803,104.578,1.078,97.043,100.865
1,23.003,111.114,9.862,107.739,10.802,10.507,103.281,10.121,98.851,9.711,112.039,10.042,11.021,103.215,10.769
2,23.091,10.767,103.381,102.035,97.734,102.061,1.132,104.885,11.193,107.185,118.927,99.103,109.971,0.983,112.302
2,23.325,11.12,98.929,113.659,114.585,105.087,1.021,115.792,10.137,104.016,105.002,111.429,107.248,1.08,100.811
2,23.329,10.525,103.571,107.864,109.407,115.974,0.992,111.005,10.235,97.541,112.245,114.366,100.978,1.074,107.871
1,23.386,104.764,10.415,102.79,11.051,10.78,98.781,10.17,104.921,10.881,112.401,10.645,11.067,107.186,10.362
3,23.651,112.567,107.828,105.405,95.075,1.114,98.343,109.426,101.095,97.895,101.166,108.77,1.107,113.151,100.36
3,24.059,105.575,97.591,99.021,101.563,1.042,100.891,106.884,100.572,100.949,108.064,105.012,1.054,98.805,98.958
1,24.069,108.752,9.952,111.725,9.859,9.603,99.05,10.376,97.187,10.641,94.88,11.089,11.014,104.013,10.525
3,24.135,108.504,99.041,108.883,107.181,1.053,101.31,105.666,99.327,101.507,98.361,94.649,1.061,99.477,98.202
3,24.254,110.168,107.111,98.013,109.382,1.07,105.889,105.092,95.697,104.218,106.329,104.369,1.042,104.948,102.204
3,24.417,105.126,103.345,97.855,108.698,1.022,107.366,95.921,106.582,104.855,106.495,100.055,1.098,112.163,96.14
1,24.51,109.082,10.109,99.678,9.762,10.812,114.815,10.858,103.8,9.378,110.247,10.861,10.818,104.236,11.195
1,24.616,105.761,10.896,101.681,11.351,10.835,104.638,11.166,105.062,10.049,106.197,11.345,11.0,100.141,9.939
2,24.645,10.295,108.897,102.753,104.083,114.715,1.054,113.887,11.85,111.935,114.57,102.634,105.669,1.107,107.374
1,24.86,107.106,10.845,108.158,9.984,10.397,106.234,9.574,112.476,9.203,109.616,11.189,10.84,110.914,11.151
3,25.037,104.55,111.474,102.599,99.202,1.171,109.337,112.635,103.987,98.662,96.528,102.23,1.139,111.911,106.193
1,25.287,98.97,10.679,105.922,9.646,9.577,105.686,10.516,105.511,10.504,98.165,10.24,10.575,103.312,10.124
4,25.733,98.53,1.017,116.981,1.062,98.436,95.607,9.4,100.462,1.036,100.836,1.025,99.681,105.764,10.887
3,25.869,101.269,99.894,101.875,103.083,1.115,99.696,97.513,102.203,111.277,96.536,105.801,0.998,106.219,111.749
1,26.197,109.017,10.533,97.667,11.063,11.12,114.049,11.274,99.751,9.59,98.529,11.26,9.887,110.025,10.121
1,26.3,102.537,10.484,99.81,10.35,9.755,113.163,10.639,111.969,10.421,96.191,11.288,11.067,112.276,9.696
4,26.987,94.289,1.134,114.489,1.054,111.257,107.006,9.616,97.061,1.137,104.824,1.143,113.809,105.703,10.665
4,27.066,100.916,1.021,109.561,1.16,115.588,99.622,10.479,95.941,1.122,107.114,1.147,102.239,109.019,10.013
1,27.125,114.528,10.114,109.122,11.458,10.154,107.734,9.692,103.162,10.886,103.577,10.959,10.598,102.082,10.789
4,27.141,107.586,1.101,103.495,1.009,98.606,99.987,9.723,99.881,1.148,102.234,1.074,101.665,98.053,9.666
4,27.315,97.85,0.999,102.341,1.058,113.833,112.344,11.154,103.127,1.135,109.31,1.014,106.868,96.61,9.458
4,27.337,98.689,1.003,108.958,1.11,115.187,110.199,10.126,107.326,1.101,100.123,1.165,115.845,110.36,10.319
2,27.633,10.69,107.362,100.688,110.345,106.06,1.041,104.267,11.477,99.794,106.987,106.024,113.972,1.065,115.06
3,28.051,104.986,96.285,108.581,105.46,1.148,109.039,105.363,111.628,105.17,102.03,100.253,1.154,101.218,108.265
4,28.173,110.166,1.071,118.058,1.067,112.563,111.217,10.63,101.102,1.127,111.44,1.172,112.001,104.603,10.846
4,28.215,100.938,1.125,118.268,1.008,107.424,107.546,11.067,105.59,1.127,114.865,1.158,99.269,102.316,11.074
2,28.327,10.198,108.019,117.992,105.367,114.709,1.07,101.092,10.767,104.51,105.34,104.962,102.744,1.093,100.571
4,28.434,95.941,1.145,103.03,1.013,100.067,106.436,9.718,104.747,1.161,115.183,1.007,110.967,103.344,9.838
2,28.481,11.485,99.514,114.086,108.255,103.204,1.037,103.46,10.626,98.986,112.233,108.387,101.246,0.97,114.923
4,28.499,98.764,1.05,117.696,1.122,107.45,97.031,9.677,93.675,1.016,118.306,1.158,103.064,106.553,10.805
3,28.512,112.387,108.692,96.686,107.114,1.157,111.56,98.704,103.584,100.318,102.518,108.255,1.166,95.907,98.455
2,28.524,10.611,112.896,111.848,105.171,117.73,1.116,115.629,10.709,95.901,115.479,114.18,103.374,0.976,103.204
1,28.883,103.352,10.363,104.384,11.35,10.483,110.35,10.665,110.486,9.925,98.69,10.167,10.301,105.47,9.968
2,29.03,11.744,110.65,108.957,114.527,114.699,1.055,115.919,11.068,97.896,109.409,106.409,105.539,1.041,106.925
2,29.328,11.579,100.97,102.74,103.053,102.921,1.042,105.291,10.41,103.183,114.57,104.471,118.691,1.097,103.243
1,29.449,103.797,10.637,106.05,11.461,10.681,106.044,9.626,99.044,10.391,112.363,10.803,10.081,98.203,10.347
1,29.656,108.582,10.441,108.076,10.364,10.213,101.282,10.365,101.233,9.996,107.748,11.136,10.98,98.339,9.98
4,30.082,97.708,1.163,108.459,1.142,108.44,96.869,10.102,103.932,1.138,112.816,1.042,98.812,109.176,10.943
1,30.174,101.566,10.719,107.006,10.477,10.042,98.987,9.813,106.86,10.429,105.324,10.696,9.743,108.295,9.785
4,30.357,101.791,1.128,100.929,1.008,104.913,111.501,10.801,102.918,1.125,108.958,1.112,101.862,95.824,9.504
1,30.592,98.023,9.746,101.338,9.973,10.092,114.017,10.57,101.156,9.42,106.965,10.779,10.868,102.657,10.344
3,30.635,112.009,108.176,100.799,93.132,1.154,108.655,104.172,108.799,111.493,96.994,101.488,1.082,101.615,113.018
3,31.136,100.015,97.149,95.881,92.798,1.059,99.291,100.36,103.557,101.827,107.273,97.523,1.138,101.323,113.193
4,31.376,105.54,1.07,117.042,1.098,109.442,113.204,10.928,99.827,1.13,112.661,1.061,104.402,98.424,11.101
3,31.522,100.089,109.9,111.118,109.524,1.028,110.752,96.314,108.336,100.557,104.25,92.708,1.007,110.55,106.27
4,31.781,107.532,1.065,111.296,1.151,100.623,108.36,10.683,96.187,1.01,110.782,1.098,101.683,107.968,11.029
4,31.902,109.666,1.085,107.885,1.061,102.161,99.283,9.589,102.331,1.066,106.375,1.05,99.269,107.676,10.193
1,32.934,108.054,9.946,108.189,9.869,10.492,109.075,10.351,102.513,9.334,107.709,9.772,10.29,114.181,10.601
3,32.978,98.779,110.994,97.336,95.138,1.003,98.766,105.256,99.372,96.027,106.535,104.994,0.999,107.362,95.878
4,33.271,100.743,0.996,100.465,1.148,103.47,97.824,10.391,98.801,1.148,103.43,1.02,98.354,98.03,10.37
3,33.277,103.916,96.54,106.663,96.484,1.17,109.704,101.825,110.834,97.931,106.224,105.238,1.046,110.697,102.092
3,33.431,109.375,108.124,109.76,99.087,1.134,98.343,111.664,98.059,107.853,104.816,108.185,1.0,101.976,110.593
3,33.629,103.584,112.103,95.337,108.556,1.128,108.394,108.637,112.423,103.699,104.706,109.282,1.176,101.614,108.84
2,33.818,10.239,98.276,118.252,108.891,107.247,1.07,109.984,10.295,113.272,111.437,114.713,110.052,1.144,101.6
3,33.941,108.319,95.98,111.265,109.97,1.036,98.206,108.299,100.156,108.639,95.465,96.354,1.0,113.095,109.76
1,33.962,115.138,10.43,98.015,9.725,10.219,109.771,9.822,112.984,10.558,101.611,10.873,11.152,110.713,11.246
3,34.073,111.517,106.221,104.763,107.605,1.181,101.976,104.442,101.518,105.912,111.218,97.984,1.104,96.781,109.831
1,34.423,100.88,9.213,104.015,10.369,10.388,98.088,11.352,115.012,9.694,97.754,10.924,9.728,97.954,10.432
1,34.629,102.323,10.799,112.391,10.664,10.989,107.701,10.179,110.09,10.572,96.773,9.818,10.222,106.584,10.614
2,34.736,11.251,98.591,112.333,104.338,102.316,1.099,111.785,11.642,100.434,107.293,113.23,101.638,1.073,112.39
2,34.746,11.758,99.226,116.658,104.32,101.234,1.109,110.281,11.812,108.389,110.595,103.807,105.539,0.994,112.975
1,34.944,98.333,10.87,96.402,10.335,10.667,97.86,9.655,99.358,9.926,97.54,9.87,9.86,115.254,10.994
4,35.176,94.456,1.018,105.377,1.118,116.37,104.054,10.481,106.766,1.14,103.415,1.115,104.093,97.694,10.69
4,35.306,105.58,1.158,110.7,1.18,102.356,96.593,10.665,93.58,1.099,116.111,1.13,104.972,107.682,10.935
4,35.608,100.916,1.093,101.604,1.146,98.642,98.192,10.753,102.41,1.013,105.558,1.164,100.623,105.929,9.647
4,35.762,95.931,1.009,112.982,1.009,106.465,96.701,10.715,95.237,1.126,100.003,1.074,98.38,108.635,10.621
3,36.163,107.196,96.824,105.282,98.447,1.097,107.959,98.202,107.641,106.388,102.817,95.968,1.143,111.119,97.513
2,36.416,11.093,113.517,116.047,104.586,115.738,1.09,107.525,10.804,108.794,109.179,113.736,106.06,1.141,114.721
3,36.746,101.734,106.228,112.087,104.207,1.126,104.913,98.704,100.727,105.053,110.422,102.577,1.03,111.762,103.335
1,36.773,102.367,9.783,101.026,10.558,9.605,111.648,9.812,113.011,9.815,98.259,10.474,10.423,98.237,10.469
2,36.886,11.633,106.454,108.439,110.434,116.5,1.022,102.234,11.116,110.507,103.709,105.902,117.172,1.068,116.035
2,37.061,11.251,104.996,116.952,110.937,103.374,0.997,112.813,10.441,112.123,118.737,99.149,116.112,1.074,115.867
3,37.084,96.929,95.181,109.49,100.768,1.028,99.107,97.677,99.319,95.811,103.32,94.261,1.114,96.153,112.741
2,37.352,11.836,109.445,116.414,102.937,118.721,1.008,110.566,10.627,95.763,119.149,114.223,109.809,1.031,101.262
3,37.495,100.901,95.587,109.013,92.798,1.114,112.582,113.78,104.967,98.025,102.03,107.012,1.0,110.075,97.014
3,37.855,106.224,109.508,103.733,100.078,1.091,110.065,104.837,94.923,107.78,101.264,106.049,1.145,102.545,113.452
2,38.046,11.013,102.594,117.714,100.364,112.132,1.139,112.495,10.016,105.036,115.443,108.277,105.379,1.122,112.202
1,38.429,110.741,10.121,102.418,9.685,10.783,107.219,9.773,98.369,9.682,109.834,10.053,9.796,113.976,11.198
4,38.514,93.82,1.033,117.106,1.149,99.203,111.84,9.781,96.187,1.081,104.728,1.006,115.226,107.444,11.071
2,38.649,11.155,108.146,102.05,100.342,101.638,1.152,109.143,10.665,100.777,104.001,100.173,101.305,0.998,105.038
3,39.05,112.27,109.407,98.956,93.578,1.004,105.211,110.733,102.372,95.281,99.99,107.737,1.18,110.472,98.088
4,39.053,107.516,1.069,114.876,1.078,114.79,112.31,10.957,98.707,0.984,104.61,1.154,116.706,103.719,9.855
1,39.102,115.154,10.463,98.423,10.517,9.766,112.192,9.577,107.158,10.881,111.31,9.875,9.987,102.82,10.327
1,39.665,109.11,10.933,106.037,10.983,10.412,103.479,10.786,110.121,9.337,110.686,9.714,9.636,103.499,11.264
3,39.769,110.173,111.07,95.468,99.899,1.152,100.143,99.465,100.044,108.243,105.352,100.865,1.022,112.533,100.957
3,39.812,97.489,98.487,108.429,106.071,1.123,96.868,103.798,100.098,112.135,98.51,109.343,1.179,107.44,105.398
4,39.969,108.589,1.162,105.226,1.089,98.398,111.37,10.965,102.224,1.123,100.656,1.118,106.224,110.765,10.909
4,39.997,100.648,1.13,104.8,1.004,99.283,105.955,10.801,109.413,1.036,117.685,1.122,99.02,104.475,10.102
2,40.24,10.051,99.321,115.24,98.186,103.038,0.993,106.468,11.12,100.708,114.941,113.829,112.357,1.085,110.925
1,40.294,106.153,9.926,100.662,10.329,9.835,112.557,9.831,111.618,9.947,98.967,9.982,10.144,98.101,10.109
4,40.315,99.649,1.043,100.709,1.003,100.66,112.082,9.907,105.917,1.091,108.669,1.154,116.239,105.961,10.388
2,40.332,10.36,100.777,102.526,109.497,101.425,1.116,103.3,10.312,112.123,117.826,100.061,103.992,1.064,101.076
1,40.355,101.203,10.787,112.295,11.288,10.145,111.692,9.818,106.962,9.392,106.441,9.79,10.727,102.406,11.177
4,40.531,94.65,0.991,114.875,1.097,111.84,100.572,10.637,102.027,1.168,112.661,1.141,109.055,98.984,9.994
2,40.772,11.084,99.272,108.126,111.63,113.486,1.098,116.424,11.29,97.054,103.303,111.264,110.92,0.988,111.098
4,40.776,102.941,1.045,100.377,1.017,105.575,98.723,10.106,104.747,1.018,108.238,1.171,116.935,113.248,11.139
4,41.091,105.582,1.079,102.772,1.084,116.653,98.528,9.943,105.004,1.115,102.586,1.181,100.563,106.559,9.617
4,41.276,109.622,1.12,102.548,1.151,115.898,95.694,9.526,94.673,1.133,113.08,1.129,105.799,96.263,9.841
1,41.518,113.658,10.029,110.096,9.997,9.776,104.126,10.486,112.938,10.066,101.107,10.544,9.617,106.016,11.311
3,41.633,97.772,107.564,101.986,103.519,1.021,96.936,108.431,111.784,97.476,98.908,98.32,1.14,110.9,113.461
1,41.976,107.954,9.213,99.658,11.307,10.105,115.301,10.894,105.055,9.328,98.89,10.272,9.934,113.613,10.338
3,42.136,98.129,100.229,97.11,100.672,1.113,103.823,106.399,101.135,95.985,110.337,98.242,1.103,101.257,97.03
4,42.378,99.896,1.123,112.486,1.111,103.515,103.749,10.261,103.851,1.147,114.481,1.061,104.972,98.003,10.905
2,42.441,10.052,113.559,118.491,112.575,108.979,1.096,101.612,10.577,107.02,117.408,108.777,118.935,1.115,107.579
2,42.541,10.295,107.121,102.381,99.44,102.803,1.116,111.298,11.882,112.786,101.707,104.32,112.115,0.992,108.433
4,42.936,103.479,0.988,108.032,1.118,114.93,104.603,9.781,107.243,1.109,100.289,1.114,110.42,112.055,9.442
2,43.152,11.564,98.089,110.216,109.826,104.391,1.123,100.158,11.551,106.466,118.128,108.683,117.289,1.015,114.981
1,43.194,103.973,10.321,109.858,10.767,11.154,107.244,9.818,99.53,9.486,99.239,11.447,11.119,104.292,10.282
1,43.233,106.097,10.479,106.929,10.163,10.136,109.049,10.217,114.545,9.27,99.552,11.311,9.857,111.278,10.663
4,43.312,94.844,1.099,113.686,1.035,107.829,102.766,9.608,99.493,1.129,114.279,1.117,98.668,109.191,10.935
2,43.591,11.797,110.668,116.244,102.724,114.14,0.977,103.39,11.63,113.526,110.709,98.189,115.883,1.117,108.492
1,43.636,110.148,9.542,109.872,10.7,11.18,101.244,9.708,109.126,9.94,99.159,10.711,10.492,107.389,9.851
4,43.724,97.858,1.0,110.39,1.003,104.564,101.073,11.069,108.699,1.061,114.545,1.097,98.531,111.86,10.641
2,43.817,10.386,111.253,116.981,106.541,107.995,1.074,116.608,11.403,102.806,106.293,106.765,100.103,1.032,109.08
2,43.92,10.171,101.626,110.189,100.853,113.972,0.996,101.097,11.086,99.049,115.959,111.324,108.896,1.073,112.427
4,43.999,101.164,1.14,113.765,1.044,114.086,104.563,10.954,104.134,1.133,115.888,1.032,106.291,98.397,9.927
4,44.117,98.387,1.017,106.457,1.051,112.908,98.009,10.087,104.765,1.112,108.669,1.083,101.229,109.078,9.558
1,44.263,113.483,10.407,98.399,9.849,10.857,98.631,10.747,99.144,10.554,99.695,9.995,9.846,110.895,11.261
4,44.471,97.345,0.996,99.752,1.042,101.138,96.378,9.699,108.946,1.085,100.364,1.082,114.706,97.847,11.158
2,44.503,10.553,112.534,112.394,105.668,112.591,1.141,101.349,11.482,106.967,103.667,113.463,104.782,1.1,106.601
3,44.95,107.221,95.082,103.04,106.426,1.003,110.712,108.607,103.303,98.459,109.591,107.739,1.174,108.065,111.749
3,45.113,99.312,109.588,94.939,109.404,1.079,112.36,97.677,112.359,95.128,96.641,110.163,1.009,105.329,99.41
1,45.143,103.45,10.873,105.933,11.033,10.152,101.572,10.244,100.295,9.452,107.494,10.657,9.954,108.98,10.352
4,45.374,108.846,1.068,109.7,1.119,116.218,111.021,10.928,96.403,1.052,103.282,1.133,100.982,98.156,9.795
2,45.735,10.887,99.946,114.198,97.604,113.941,1.087,106.596,11.835,106.637,102.394,112.882,107.65,1.049,112.302
2,46.135,11.799,102.011,114.063,110.94,113.994,1.092,106.85,10.579,99.693,101.881,99.897,101.281,1.005,113.158
2,46.167,11.789,101.105,107.193,114.161,110.052,1.136,101.708,10.32,107.418,119.116,101.975,101.95,1.03,108.125
2,46.512,10.822,102.749,102.118,106.476,110.905,1.085,100.846,10.124,99.192,118.393,107.704,100.076,1.003,103.451
1,46.572,97.826,9.919,97.632,11.346,11.184,113.45,10.353,98.132,10.164,104.15,10.512,10.551,98.237,10.36
2,46.687,10.313,109.312,110.572,104.951,117.974,1.004,115.06,11.315,100.189,112.651,108.614,115.42,1.127,99.093
1,46.7,112.432,10.541,95.707,10.904,9.563,114.919,11.219,102.612,10.429,97.637,9.817,9.969,108.262,9.959
4,46.968,104.306,1.058,115.488,1.044,107.26,103.597,9.448,107.874,1.169,110.549,1.119,108.598,98.679,10.351
1,46.981,102.832,9.399,107.301,10.037,10.074,105.263,9.978,104.491,10.886,107.553,10.77,10.923,101.898,10.377
1,47.041,107.106,10.123,105.178,10.22,11.233,112.705,10.533,107.954,9.642,103.984,10.379,11.148,100.276,10.029
2,47.204,11.378,106.867,101.943,103.916,118.648,0.971,102.51,10.328,103.016,118.536,112.363,108.683,1.135,115.433
1,47.469,97.372,10.673,107.314,9.806,10.636,103.135,9.648,98.45,10.466,104.645,10.704,10.802,105.401,9.988
2,47.471,11.826,113.239,103.979,112.075,100.748,1.056,101.241,10.376,113.272,104.656,101.008,114.185,0.982,107.985
4,47.953,101.204,1.148,101.699,1.051,105.114,101.601,10.819,107.265,1.077,112.113,1.037,98.426,112.301,10.61
4,48.829,96.023,1.018,107.051,1.153,106.038,101.862,9.823,99.414,1.13,100.364,1.153,112.163,108.36,10.363
3,48.971,109.24,94.692,95.351,103.979,1.083,103.065,112.803,107.239,103.457,97.159,104.212,1.02,96.493,105.092
1,49.038,106.572,10.215,100.046,11.272,10.29,105.8,10.34,102.555,9.408,105.623,11.439,9.976,110.627,10.756
1,49.048,111.38,9.302,109.743,11.099,10.655,110.008,11.225,103.238,9.903,108.934,10.77,9.743,108.98,10.522
3,49.083,95.374,98.053,106.396,105.384,1.041,113.083,106.032,107.977,102.949,101.48,98.14,1.035,97.498,109.372
1,49.311,101.29,9.54,105.15,10.464,9.741,103.19,10.72,100.034,9.868,107.168,11.35,10.784,105.948,10.619
1,49.416,108.205,9.764,112.502,11.063,10.345,105.997,10.665,109.431,9.432,108.764,9.86,11.024,113.842,10.616
4,49.954,107.181,1.087,116.858,1.098,108.475,104.973,10.521,94.732,1.009,105.232,1.036,100.035,104.31,10.067
4,50.268,95.4,0.984,108.032,1.11,99.182,99.157,9.59,109.316,1.036,107.074,1.006,104.976,105.439,9.4
4,50.306,94.148,0.988,100.351,1.118,104.782,101.484,10.967,94.583,1.037,116.905,1.157,116.782,99.603,10.574
4,50.696,98.801,1.117,102.445,1.053,115.189,98.228,10.347,105.879,1.002,105.176,1.056,99.793,104.603,10.701
2,50.926,11.633,111.293,112.391,109.665,108.869,1.097,115.792,11.651,106.871,104.662,101.788,118.993,1.119,105.461
2,51.379,10.235,98.999,104.987,107.14,116.358,0.978,105.55,11.592,96.143,118.188,96.66,114.4,1.121,111.216
4,51.443,106.619,1.023,102.811,1.027,102.758,102.901,11.146,95.766,1.004,111.296,1.169,100.757,105.027,9.669
2,51.587,10.171,108.737,115.803,104.126,112.35,1.128,106.85,11.286,109.312,109.547,113.284,107.166,1.054,101.046
1,51.602,113.263,9.66,97.304,11.125,10.452,106.75,11.02,105.034,9.397,104.722,11.098,10.278,103.434,10.899
1,51.759,100.612,9.706,110.96,11.236,10.572,116.063,10.882,114.088,9.879,96.198,11.23,10.419,110.184,11.3
2,51.767,10.917,111.506,115.026,98.186,105.477,1.116,110.583,11.184,109.506,116.028,98.675,113.155,0.971,116.117
3,51.97,109.008,97.525,107.848,95.383,1.018,107.061,96.465,107.325,100.215,101.964,103.158,1.062,95.9,97.214
1,52.008,107.287,9.653,107.857,10.601,10.436,112.996,9.907,110.647,9.229,108.782,10.759,10.681,110.688,10.833
3,52.137,104.808,97.895,110.205,94.616,1.044,100.493,99.178,107.325,96.523,111.733,93.31,1.019,100.0,106.366
3,52.41,103.056,110.37,98.104,105.224,1.065,107.242,106.27,108.384,102.905,103.158,108.546,1.173,111.415,98.972
2,52.536,11.458,105.893,104.836,99.424,113.575,1.016,116.151,10.469,97.158,104.957,105.019,118.225,1.132,101.957
1,52.57,107.698,10.48,108.878,9.967,10.751,110.862,9.905,110.337,9.36,104.334,10.173,10.345,107.162,10.081
2,52.599,11.102,103.882,109.314,114.199,118.648,1.029,106.24,10.318,112.971,100.761,110.527,111.292,0.981,110.618
3,53.054,98.856,95.985,95.738,99.115,1.056,100.0,109.518,111.18,106.826,108.882,99.893,1.097,111.905,111.188
1,53.282,109.318,10.777,107.715,11.133,10.083,114.133,11.251,112.274,10.807,98.602,10.832,10.967,115.223,9.625
3,53.396,102.339,100.468,104.031,99.204,1.042,108.043,102.168,108.28,107.021,106.244,92.923,1.019,103.588,101.251
3,53.446,103.7,95.614,111.96,108.992,1.015,101.228,111.499,102.942,108.243,110.055,103.921,1.041,103.403,107.509
2,53.456,11.687,110.527,104.325,113.857,106.283,1.125,105.137,11.601,110.058,107.759,112.684,118.638,0.981,117.522
4,53.599,109.2,1.063,110.924,1.107,106.603,101.085,10.696,95.443,1.08,104.93,1.071,113.471,111.501,9.564
3,53.611,112.075,101.948,103.32,107.198,1.055,100.891,107.963,105.249,111.493,102.21,93.601,1.134,109.337,106.973
2,53.684,11.198,101.9,104.816,98.508,110.627,1.134,111.216,10.43,104.098,117.714,97.761,100.474,1.027,116.809
4,53.758,103.479,1.099,117.983,1.01,106.662,109.991,10.018,105.084,1.108,104.982,1.013,109.239,111.451,10.248
2,54.031,10.383,102.737,109.049,110.345,111.592,1.115,106.128,10.885,112.125,104.817,110.621,111.704,1.018,117.188
4,54.033,104.27,1.112,112.893,1.012,99.903,96.289,10.68,99.392,1.074,100.848,1.039,112.163,102.46,11.071
3,54.275,100.936,103.342,98.2,95.154,1.184,98.671,103.973,102.33,106.29,97.923,102.772,1.052,102.594,112.269
1,54.416,111.527,9.981,110.381,10.762,10.3,101.79,10.533,111.346,9.249,104.719,9.898,9.881,103.369,9.825
4,54.439,97.371,1.109,101.221,1.024,99.839,104.205,11.049,92.983,1.02,118.058,1.089,102.878,96.983,10.824
4,54.478,100.648,1.162,117.685,1.122,111.74,110.622,10.698,94.16,1.044,114.666,1.0,106.385,96.824,10.801
4,54.49,99.928,1.168,107.523,1.022,107.761,106.156,10.653,93.997,1.16,102.208,1.028,116.025,108.911,10.523
1,54.564,109.7,10.116,98.339,9.685,11.137,109.58,10.238,100.045,9.994,99.207,9.676,9.531,98.237,10.076
1,54.576,106.703,9.64,110.269,9.761,10.945,108.942,10.084,104.355,10.303,96.333,9.863,11.024,106.584,11.18
3,54.591,97.691,100.549,102.69,110.163,1.136,110.48,110.04,95.289,112.334,98.874,103.653,1.091,111.128,108.495
4,54.913,98.622,1.147,112.517,1.03,103.266,103.91,10.306,103.237,1.125,117.006,1.08,115.926,99.891,11.09
2,55.179,10.306,103.183,102.753,100.399,114.185,1.126,107.61,10.978,110.004,104.11,110.386,102.069,1.041,111.796
2,55.296,11.551,103.159,113.289,114.064,116.976,1.015,109.965,11.148,96.272,108.143,108.869,104.778,1.099,99.895
2,55.461,11.302,98.438,119.093,111.073,103.113,1.116,104.751,10.731,101.133,104.827,103.406,111.73,1.118,100.342
3,55.612,102.664,103.042,104.073,109.823,1.041,100.891,111.678,108.11,94.865,96.456,96.948,1.101,98.743,109.372
3,55.935,110.834,99.084,96.504,93.31,1.161,111.32,111.215,101.403,103.312,100.957,101.86,1.054,101.527,108.058
1,55.944,100.76,9.512,107.683,10.91,10.262,100.882,9.773,110.898,9.211,109.715,9.894,9.577,105.564,11.003
1,55.977,105.055,9.64,102.735,11.192,11.016,100.842,11.073,109.256,9.654,109.422,10.477,9.979,108.496,9.665
1,56.378,111.969,9.952,111.725,9.908,10.144,102.656,10.899,103.054,10.404,110.358,10.501,9.547,107.124,9.743
4,56.409,100.755,1.115,99.784,1.003,110.847,97.913,10.104,108.971,1.055,101.241,1.122,110.818,108.075,10.484
3,56.418,107.605,110.26,98.908,107.349,1.05,109.462,110.634,102.333,98.196,104.641,107.795,1.171,109.949,104.452
2,56.98,11.676,110.262,109.599,109.621,109.8,1.118,107.525,10.341,111.327,118.883,101.574,100.549,1.082,101.369
3,57.09,95.705,98.641,110.895,105.849,1.101,97.498,110.691,101.323,109.672,111.09,108.366,1.154,101.494,96.487
4,57.115,94.689,1.052,104.497,1.167,100.768,107.15,10.836,93.735,1.103,105.032,1.13,107.26,110.56,10.811
1,57.187,112.557,10.85,108.179,9.986,10.145,106.67,10.076,99.071,9.923,112.502,10.286,11.148,100.536,9.76
2,57.229,10.896,99.462,116.154,108.657,108.049,1.114,111.216,11.521,100.97,103.589,111.014,115.501,0.992,108.507
2,57.379,11.229,99.463,117.417,108.059,108.265,1.074,111.529,10.813,113.271,100.228,113.874,101.787,1.038,101.135
3,57.436,109.375,109.187,95.036,107.428,1.11,95.756,108.984,98.137,101.265,105.615,95.075,1.152,103.937,106.273
3,57.447,99.159,99.041,101.459,95.111,1.078,107.83,108.495,95.404,105.348,94.939,94.376,1.096,97.11,106.651
2,57.85,11.169,111.899,113.845,104.131,114.684,0.989,101.042,11.217,107.879,104.524,103.972,110.467,1.141,117.034
2,57.853,11.564,108.878,115.211,102.997,108.869,1.136,104.855,11.444,106.871,107.068,111.853,104.429,1.128,113.303
4,57.875,107.124,1.166,100.654,1.102,98.638,109.772,10.528,97.945,1.043,118.294,1.004,108.35,98.804,10.036
4,57.948,104.224,1.141,112.718,1.073,111.253,109.943,10.416,92.813,1.089,101.826,1.062,98.606,110.916,9.783
4,57.978,108.223,1.115,115.898,1.042,113.846,107.19,9.606,107.869,1.129,106.402,1.074,108.876,97.458,10.072
4,58.206,104.094,1.007,115.622,1.011,111.97,105.86,10.32,107.056,1.087,113.686,1.031,105.353,103.902,9.489
3,58.783,108.739,97.296,112.262,106.458,1.141,105.329,108.701,109.192,98.232,94.611,95.891,1.138,100.681,101.082
2,59.636,11.595,105.782,105.336,100.071,101.726,1.017,106.559,10.721,99.463,108.987,112.265,116.907,1.107,112.555
4,59.743,95.931,1.05,105.226,1.01,100.347,96.258,10.701,94.78,0.992,108.065,1.176,115.926,105.678,10.959
1,59.844,109.37,9.771,108.492,9.772,9.796,115.956,10.725,105.136,10.429,105.761,10.65,11.266,112.551,11.075
2,59.854,10.06,98.511,114.758,98.643,109.829,1.046,116.151,11.513,111.29,107.759,100.056,114.842,1.057,116.258
1,59.926,108.336,9.886,99.326,10.335,9.65,107.167,10.44,111.871,10.248,111.086,9.643,10.802,103.34,11.188
1,59.973,114.628,9.736,99.657,10.239,9.567,98.678,10.277,98.696,10.297,105.922,11.25,9.587,109.829,10.079
3,60.057,112.289,97.378,96.045,95.827,1.156,105.642,108.622,110.015,111.104,111.344,98.289,1.156,101.614,106.651
2,60.186,11.569,98.998,119.07,114.377,108.644,1.129,107.641,11.765,107.787,117.166,105.224,100.474,0.977,115.021
1,60.42,112.918,9.867,102.48,11.35,9.825,103.373,11.284,114.692,9.862,98.291,9.869,9.893,109.203,10.947
4,60.51,107.807,1.065,112.047,1.099,98.983,109.659,10.192,98.746,1.049,100.351,1.134,111.28,106.604,10.336
3,60.588,96.658,107.452,95.62,96.464,1.15,107.221,109.168,99.319,99.894,111.09,95.204,1.021,110.193,112.684
4,60.615,104.287,1.167,105.663,1.0,102.835,98.776,10.528,105.649,1.102,114.508,1.126,112.252,102.46,10.272
1,60.64,102.789,10.908,110.768,10.065,10.345,111.417,9.76,108.44,10.83,99.423,11.345,9.507,105.641,9.838
1,60.715,110.484,10.023,111.835,11.136,9.876,114.76,10.436,107.156,10.739,111.835,10.058,10.802,101.876,11.064
4,60.956,99.833,1.11,102.5,1.092,114.099,101.873,10.969,102.081,1.11,101.397,1.046,116.751,98.03,9.456
2,61.093,10.196,105.889,103.562,114.218,109.053,1.114,110.076,10.911,95.786,106.92,97.105,111.697,1.042,116.303
3,61.138,99.201,110.359,101.723,108.337,1.041,96.973,104.596,111.433,106.726,100.748,106.174,1.025,105.953,106.027
4,61.167,105.359,1.075,111.496,1.017,98.426,105.071,10.188,102.87,1.112,105.617,1.127,108.69,111.993,9.817
4,61.227,93.931,1.131,112.59,1.178,104.779,109.215,9.72,106.475,1.091,100.95,1.113,107.099,105.655,9.764
4,61.431,109.197,1.104,111.987,1.032,98.751,106.67,10.201,98.061,1.106,116.6,1.11,100.472,110.723,10.194
4,61.472,100.354,1.006,112.356,1.076,107.522,109.782,10.013,97.688,1.023,111.377,1.036,115.399,105.328,10.08
2,61.535,11.806,100.22,101.516,107.229,117.414,1.114,103.5,11.558,112.123,105.985,102.914,115.306,1.051,105.682
1,61.566,112.395,10.303,107.038,10.073,9.73,99.46,11.372,105.189,10.467,103.549,10.193,10.398,108.986,9.802
2,61.646,11.695,99.049,113.607,97.807,110.352,1.025,114.528,11.461,105.302,109.049,109.482,117.873,1.147,116.022
1,61.704,105.882,9.354,99.239,10.405,9.905,110.347,10.616,106.711,9.284,101.611,9.692,10.668,110.088,10.07
3,61.965,109.369,97.425,103.834,99.087,1.07,112.432,100.587,98.646,110.166,107.564,93.221,1.089,96.153,108.746
2,62.364,10.59,96.759,104.446,104.6,103.778,1.082,101.565,10.858,111.903,110.742,106.765,112.813,1.06,116.985
1,62.371,101.156,10.712,110.039,10.154,10.092,105.574,9.572,112.773,10.039,99.95,9.909,9.985,100.808,9.768
4,62.411,93.094,1.148,104.431,1.18,106.647,113.244,10.68,99.073,1.116,118.306,1.071,102.824,111.046,9.452
3,63.021,110.756,97.598,104.667,95.521,1.03,110.582,107.247,107.894,106.388,106.916,97.905,1.135,96.457,100.138
1,63.107,114.955,10.337,98.377,11.408,10.349,111.563,10.217,103.624,10.207,110.904,10.675,11.069,108.146,9.791
1,63.155,101.885,9.949,98.168,9.831,10.781,107.452,10.141,102.298,9.549,96.405,10.763,10.074,101.282,10.804
4,63.196,104.443,1.066,114.295,1.127,100.88,107.268,10.75,93.575,1.068,108.376,1.157,99.393,112.191,9.949
2,63.446,11.306,101.501,102.767,111.6,102.319,1.114,117.344,11.714,102.794,116.886,104.026,104.482,1.127,106.266
1,63.548,113.978,9.94,107.301,11.399,9.959,113.818,10.756,106.291,9.629,98.165,10.035,10.083,98.627,9.687
1,63.667,111.374,9.72,107.768,11.112,10.659,106.584,10.741,108.574,10.301,107.857,10.405,10.144,105.175,9.988
4,63.889,100.261,1.139,108.822,1.153,106.54,98.208,10.307,105.868,1.124,108.844,1.098,112.57,96.622,10.198
3,64.553,98.856,105.21,103.158,106.297,1.107,96.747,96.501,99.456,100.02,105.698,101.868,1.057,104.403,106.637
1,64.572,109.431,9.463,101.205,11.358,10.384,101.53,11.374,103.185,9.926,97.406,10.613,9.648,113.702,9.831
2,64.634,11.594,111.799,117.912,97.866,102.329,1.055,113.652,11.084,100.695,114.901,106.602,116.137,1.148,104.575
3,64.848,104.65,111.272,111.322,108.098,1.05,107.633,112.635,102.06,111.466,109.764,102.23,1.067,111.226,108.295
3,64.856,112.289,108.786,98.829,102.764,1.093,110.767,96.082,109.75,106.6,94.582,95.633,1.024,106.538,98.932
2,64.87,10.4,98.736,117.488,111.208,103.679,1.006,105.084,11.108,97.758,101.422,114.847,110.048,0.989,115.206
1,64.918,111.986,9.89,104.056,10.477,10.039,107.324,10.601,113.328,9.547,94.708,11.343,10.966,100.842,11.199
3,64.922,107.792,111.612,100.55,102.111,1.057,110.411,101.934,110.894,107.737,98.723,106.096,1.076,101.249,108.439
2,65.015,10.82,99.463,119.132,111.815,118.322,1.067,114.395,11.027,107.063,103.994,101.307,100.698,0.972,106.908
1,65.284,97.306,10.437,101.889,10.142,10.802,109.114,11.225,108.082,10.064,107.683,11.265,10.794,104.541,10.478
3,65.342,106.638,110.797,110.734,99.888,1.016,98.343,101.763,108.206,94.732,97.161,107.374,1.167,97.776,99.454
1,65.532,107.005,10.662,103.211,11.343,10.571,102.076,10.883,104.866,9.593,107.555,11.46,10.513,98.088,11.079
2,65.669,10.427,102.164,100.53,97.807,112.941,1.068,112.49,11.863,95.763,108.49,110.487,103.042,1.093,105.992
2,65.974,10.806,100.718,113.673,103.201,118.339,1.054,103.753,11.769,104.033,101.202,114.384,110.052,0.97,111.011
3,65.976,98.419,101.072,102.074,108.433,1.033,104.375,97.027,109.631,96.781,98.809,100.539,1.076,110.712,97.034
2,66.034,11.631,110.807,104.023,108.828,110.703,1.107,102.589,11.545,110.726,104.896,109.551,103.28,1.139,100.525
3,66.042,105.919,111.503,100.088,107.471,1.019,109.312,103.825,105.53,104.315,108.429,100.006,1.12,98.772,108.307
2,66.063,11.196,106.889,102.163,109.764,109.007,1.087,115.341,11.431,104.101,108.49,105.367,113.357,0.998,103.726
4,66.288,100.392,1.041,102.447,1.056,103.069,103.91,9.502,103.696,1.051,103.562,1.15,110.818,102.113,10.999
3,66.328,105.044,96.237,104.5,100.055,1.109,97.659,96.653,95.895,108.243,105.218,98.456,1.14,106.483,100.138
3,66.506,95.161,95.98,100.846,97.866,1.135,104.205,108.358,106.951,96.532,106.921,95.218,1.04,96.398,108.378
1,66.641,100.868,10.012,111.086,9.869,10.278,100.063,11.369,114.424,10.426,97.336,10.707,10.018,97.983,11.295
4,66.751,109.126,1.112,109.488,1.125,105.112,96.837,10.815,102.432,0.996,112.381,1.02,113.684,96.852,10.129
4,67.031,96.387,1.117,100.578,1.005,107.141,104.08,10.619,94.697,1.068,112.86,1.111,107.975,110.03,9.891
1,67.107,105.881,10.597,108.231,10.282,10.371,101.8,10.964,97.485,9.521,110.768,10.924,10.398,115.783,9.626
3,67.138,101.403,109.187,100.946,106.213,1.105,96.731,99.168,106.951,106.533,97.261,93.127,1.173,105.37,102.134
2,67.369,11.118,104.016,107.112,102.205,114.036,1.138,117.137,10.565,96.369,102.099,97.566,118.697,1.101,109.088
2,67.401,11.825,106.067,102.244,109.466,103.968,1.026,113.035,11.058,112.786,113.172,108.122,105.127,1.03,112.313
3,67.497,102.955,102.891,109.491,104.617,1.172,107.753,108.264,105.53,100.281,106.707,95.59,1.012,106.262,103.622
1,67.687,98.537,9.985,95.026,9.94,10.28,106.938,10.32,107.936,9.934,99.408,10.213,10.067,101.053,10.001
1,67.984,113.91,9.902,108.499,10.516,10.26,115.249,10.658,114.692,9.46,111.835,10.03,10.619,113.585,10.191
1,68.293,110.635,9.347,94.683,11.071,9.939,102.812,10.443,100.868,10.169,96.45,10.517,10.551,110.899,10.818
2,68.342,10.554,98.412,116.2,101.053,115.701,1.122,112.0,10.362,95.75,107.068,109.063,108.507,1.008,114.164
3,68.462,109.625,98.59,95.716,94.383,1.13,96.742,102.463,96.824,99.022,106.81,95.428,0.998,113.291,101.934
4,68.732,96.998,1.083,112.671,1.092,99.547,108.694,9.679,107.151,1.108,110.923,1.097,110.102,110.106,10.54
1,69.223,100.416,9.46,107.683,10.954,10.484,98.928,10.967,98.81,10.726,107.683,10.672,9.741,113.227,9.814
1,69.525,106.703,10.389,107.318,10.042,10.473,113.059,10.756,112.562,10.554,100.726,11.182,11.119,106.415,10.241
2,69.529,10.732,105.722,105.985,105.923,117.101,1.09,101.57,11.662,108.312,109.777,101.561,115.599,1.057,109.821
2,69.788,10.849,101.673,101.69,112.083,109.308,1.052,112.633,11.384,112.054,118.215,105.944,104.549,1.103,103.602
4,69.937,107.519,0.99,114.508,1.143,111.127,107.968,11.09,93.174,0.997,103.482,1.09,104.306,97.847,10.156
3,70.039,101.095,101.828,104.758,99.073,1.053,95.81,105.882,99.506,95.54,108.72,102.212,1.155,113.064,112.219
2,70.71,11.522,103.995,104.322,99.177,101.735,1.024,111.497,11.389,97.938,100.863,114.438,102.711,1.006,101.122
1,70.794,100.441,10.33,108.402,11.029,11.236,109.67,10.121,113.405,9.227,95.963,10.839,9.826,103.373,11.148
1,70.853,105.793,10.064,96.38,10.378,11.268,109.546,11.087,112.497,10.16,110.403,10.206,10.527,100.483,10.984
4,70.872,101.254,1.094,118.191,1.003,100.181,108.014,10.815,93.025,1.007,107.797,1.095,109.14,96.086,9.503
1,70.931,104.738,9.774,110.845,10.855,9.994,98.465,10.756,111.38,9.242,105.141,10.446,9.988,101.0,9.708
3,71.175,105.044,97.428,109.178,100.6,1.06,110.819,107.977,111.836,104.284,97.142,100.408,1.15,108.928,104.086
4,71.288,104.287,1.123,100.459,1.152,101.795,113.519,9.419,103.214,1.136,118.294,1.005,109.082,112.883,10.076
4,71.321,102.471,1.063,105.756,1.129,98.398,97.234,10.2,105.59,1.062,100.532,1.169,103.546,98.45,10.195
1,71.474,109.648,10.541,103.102,10.272,9.557,107.916,11.185,102.221,10.095,96.38,10.972,9.923,99.493,10.148
1,71.547,109.561,10.611,95.83,9.801,9.873,97.593,11.235,103.171,9.598,110.323,11.165,10.959,98.49,10.33
1,71.571,112.741,9.746,99.326,10.942,9.58,109.471,9.928,114.263,9.697,102.2,10.613,11.193,99.261,11.287
4,71.652,102.027,0.999,109.7,1.041,108.791,112.191,10.791,104.415,0.999,100.43,1.074,103.645,110.366,10.796
1,71.687,101.452,9.877,105.922,10.873,10.989,115.086,11.274,97.966,10.183,104.508,11.16,10.557,111.604,9.831
1,72.067,114.114,10.343,106.831,10.102,9.804,111.197,9.984,97.577,9.608,111.334,10.512,11.266,103.215,10.186
1,72.302,107.574,10.561,106.43,9.673,10.612,109.169,10.362,107.947,10.593,101.477,10.489,10.155,105.008,10.612
4,72.314,102.678,1.084,114.129,1.077,110.997,106.379,9.591,107.446,1.071,103.12,1.025,113.058,111.021,9.891
1,72.391,97.812,10.646,99.701,10.205,9.778,110.008,10.453,114.045,10.132,106.441,11.12,9.49,108.298,11.375
1,72.405,113.761,9.793,107.149,10.415,9.748,105.219,10.508,100.034,10.356,103.975,11.289,10.953,99.97,9.639
3,72.676,110.987,100.954,94.904,98.628,1.106,111.137,111.09,106.258,94.865,105.374,105.384,1.038,97.557,106.791
4,72.759,92.989,1.161,105.046,1.158,116.782,99.785,9.803,109.488,1.034,108.882,1.078,105.541,98.679,9.642
2,72.803,10.616,100.484,103.753,113.37,115.012,1.138,112.475,10.842,112.078,104.956,101.307,102.319,0.974,106.319
1,72.941,97.03,10.378,102.311,10.762,10.044,114.896,10.814,109.129,9.891,105.021,10.571,10.727,107.59,10.725
2,73.0,10.85,105.817,113.985,105.008,109.527,1.042,109.499,11.806,113.02,101.707,103.889,116.629,1.097,104.401
3,73.009,106.582,97.487,100.752,107.361,1.09,111.256,103.376,105.53,96.659,103.616,100.672,1.135,98.435,100.163
4,73.285,96.381,1.065,103.456,1.092,102.184,111.974,10.969,105.419,1.153,111.618,1.043,105.457,112.262,9.464
1,73.545,97.717,9.909,104.444,10.327,10.213,100.063,10.738,105.469,10.52,96.842,10.588,10.473,100.598,11.007
2,73.685,11.852,108.324,117.919,107.091,118.744,1.117,109.374,11.068,100.331,103.643,109.514,116.549,0.988,114.897
1,73.724,111.326,9.229,111.923,11.259,10.783,101.129,11.238,110.253,9.651,107.197,10.347,10.832,107.736,9.741
4,73.77,106.444,1.007,102.811,1.098,115.871,100.388,10.173,95.931,1.103,103.495,1.108,98.803,101.845,9.561
3,73.795,99.524,99.286,97.248,105.993,0.997,103.369,98.524,108.883,111.073,101.264,107.786,1.009,101.385,97.889
3,74.059,98.399,110.05,104.69,104.346,1.05,113.025,100.611,109.583,98.232,109.153,99.939,1.06,102.919,107.392
4,74.352,93.038,1.027,112.12,1.169,100.045,102.448,10.537,97.536,1.148,105.622,1.148,101.267,99.378,9.907
1,74.371,109.969,10.739,110.823,11.224,10.557,110.246,10.649,110.191,10.817,101.477,10.711,10.22,108.203,9.708
3,74.407,109.496,109.787,107.842,100.661,1.167,97.415,96.676,103.296,98.633,101.264,98.997,1.07,105.261,102.463
2,74.716,11.85,102.148,104.699,102.892,114.919,1.15,108.591,11.412,106.037,114.295,105.658,103.916,0.971,110.467
1,74.893,114.358,9.336,103.29,9.94,9.973,104.837,10.636,102.394,10.611,109.754,9.875,10.712,103.195,11.051
3,75.061,103.452,102.976,95.369,99.913,0.997,98.102,105.879,97.772,100.352,97.818,96.437,1.114,97.166,111.171
2,75.561,10.312,105.159,110.086,113.558,101.714,1.049,100.747,10.993,113.138,103.591,104.956,113.084,1.034,116.139
1,75.622,98.264,9.635,106.595,11.417,10.081,106.178,11.192,99.835,10.304,95.431,11.192,11.119,110.606,10.612
2,75.843,10.999,105.159,106.295,100.593,118.167,1.062,100.508,10.171,108.233,110.51,99.464,112.185,1.1,100.759
2,76.431,11.081,108.794,107.293,105.368,102.897,1.037,110.669,11.057,103.031,102.753,103.995,101.699,1.111,103.761
2,76.637,10.021,107.217,103.303,105.481,115.027,1.116,108.354,11.825,100.223,111.396,113.612,107.311,1.137,115.418
1,76.65,104.287,9.258,109.38,10.92,9.942,107.852,11.131,108.545,10.43,110.096,10.522,10.924,106.938,9.809
2,76.657,10.88,112.078,111.396,98.093,104.859,1.142,101.306,11.496,112.149,106.933,104.471,101.562,0.978,117.738
4,76.785,109.993,1.077,102.643,1.0,107.03,108.944,9.855,99.941,1.055,101.221,1.119,115.173,111.031,10.531
1,76.9,100.883,9.875,100.718,11.265,10.096,112.355,10.161,104.886,9.969,107.768,10.989,10.668,115.117,10.272
2,77.007,10.231,98.762,108.769,105.427,118.088,1.102,99.537,10.438,98.967,101.469,104.105,110.354,1.013,99.241
2,77.157,11.158,101.348,100.539,104.557,103.935,1.023,116.015,11.642,98.664,109.977,111.583,101.554,1.128,103.818
4,77.226,103.631,1.093,114.875,1.168,107.214,96.946,9.719,108.48,1.101,118.333,1.001,112.913,100.75,10.012
4,77.264,108.025,1.115,102.618,1.006,115.365,101.213,9.411,109.604,1.165,114.489,1.133,111.942,112.73,11.102
3,77.955,109.75,94.613,98.104,100.387,1.016,100.873,106.608,95.696,107.853,110.947,108.198,1.088,107.035,101.22
1,78.988,102.84,9.693,105.15,9.834,9.868,108.614,10.141,100.034,9.826,95.903,10.759,9.62,112.361,11.186
2,79.133,11.167,100.718,117.742,96.836,103.935,1.032,108.027,11.288,101.779,116.257,98.227,110.66,1.135,108.13
3,79.263,101.535,96.356,98.695,103.939,1.072,103.017,99.168,104.322,95.892,106.299,93.194,1.166,103.726,110.74
1,79.519,104.083,10.234,99.391,10.725,9.506,109.312,10.443,107.066,10.724,99.987,10.558,9.927,101.405,9.926
2,79.676,10.722,99.639,100.593,100.563,106.333,0.994,103.818,11.041,95.677,101.438,104.694,115.601,1.152,115.242
4,79.692,109.207,1.036,116.501,1.074,106.662,105.747,9.485,106.433,1.11,102.457,1.149,113.557,106.157,9.532
1,79.751,109.149,10.19,99.808,11.289,10.272,105.758,10.819,107.98,9.939,99.144,10.167,10.051,111.679,9.651
4,80.299,104.803,1.144,102.394,1.017,101.122,106.182,11.035,99.001,1.141,108.683,1.169,110.366,101.653,9.931
3,80.468,105.639,101.354,104.709,94.911,1.158,111.14,102.874,106.517,109.852,105.258,108.242,1.168,112.586,113.803
2,80.637,11.393,98.511,111.31,102.755,109.829,1.081,100.531,11.118,102.183,109.547,102.976,101.281,1.121,115.402
1,80.724,98.487,10.076,108.325,9.834,9.85,102.954,11.225,101.306,10.06,98.806,10.294,11.116,105.62,10.984
4,80.817,99.805,0.995,112.243,1.012,113.557,105.863,10.637,101.618,1.004,100.729,1.075,103.773,99.643,9.973
1,80.833,107.498,10.721,94.998,9.834,10.551,98.928,10.414,98.569,10.015,102.116,10.037,11.266,99.126,11.313
2,80.864,11.161,101.501,107.73,112.684,111.04,1.102,110.856,10.235,100.511,117.25,99.153,114.709,1.108,113.055
2,81.477,11.641,110.262,104.956,110.134,115.75,1.077,114.844,10.32,110.054,117.806,113.301,116.137,1.065,103.493
1,81.635,97.187,9.385,96.244,9.988,10.737,114.116,10.587,111.002,10.322,106.886,11.32,10.513,112.266,10.905
2,81.761,10.306,102.527,117.877,113.186,113.27,1.111,100.157,11.812,104.996,103.979,103.325,108.644,1.023,111.307
2,81.869,10.977,105.685,107.874,104.01,109.699,1.119,113.049,10.327,112.971,101.943,112.287,105.037,0.984,117.409
2,82.211,11.191,99.639,105.861,114.445,106.724,1.031,112.813,10.566,102.049,108.573,103.401,114.659,1.128,107.284
4,82.523,108.773,1.057,117.485,1.164,115.187,98.776,9.783,94.215,1.153,112.581,1.019,100.383,108.622,10.758
4,82.666,108.683,1.076,117.533,1.053,99.761,110.758,9.422,96.854,0.998,116.994,1.119,100.472,99.26,10.715
1,83.035,113.978,10.633,108.616,10.725,11.087,98.49,11.029,106.064,10.257,110.358,10.198,9.567,106.861,10.712
1,83.065,111.618,10.504,110.916,10.331,9.557,111.775,9.655,105.495,9.607,108.736,10.993,10.263,109.866,10.663
3,83.146,98.049,100.31,105.229,99.092,1.062,104.584,108.416,98.129,112.361,100.808,106.081,1.08,113.444,99.89
4,83.515,103.368,0.997,114.49,1.139,115.898,112.046,10.347,98.129,1.123,108.58,1.118,114.508,101.213,10.351
2,83.538,11.603,103.031,106.906,106.603,105.005,0.972,100.563,11.435,98.091,100.691,100.173,113.261,1.083,103.945
4,83.576,98.287,1.076,102.684,1.024,109.106,109.191,10.012,97.371,1.162,117.144,1.112,113.838,102.593,10.949
3,83.598,100.044,109.834,96.819,95.516,1.09,106.137,110.6,109.453,110.307,97.099,94.601,1.168,99.629,99.255
4,84.025,95.864,1.135,111.296,1.116,102.698,98.723,9.487,106.477,1.055,100.914,0.993,111.175,111.974,9.423
1,84.234,108.956,9.442,106.753,10.886,9.8,110.799,10.32,104.287,10.908,105.523,11.089,10.802,115.575,11.351
4,84.355,92.912,1.062,118.242,1.149,105.65,99.188,9.606,94.673,1.135,117.495,1.014,116.759,101.622,10.53
2,84.372,10.554,113.614,109.202,114.621,116.645,1.03,103.974,10.554,99.828,113.722,108.817,110.017,1.144,109.711
3,84.855,97.291,110.061,107.417,109.475,1.099,101.045,106.077,107.006,100.134,104.484,102.509,1.072,98.206,113.165
3,84.963,110.09,106.407,102.305,101.89,1.046,109.312,98.973,98.467,108.684,108.298,104.465,1.046,108.433,102.457
4,85.036,105.776,1.063,101.089,1.133,108.45,105.863,9.979,109.998,1.007,112.385,1.134,99.926,105.747,10.902
1,85.248,108.635,9.968,107.379,10.534,10.446,98.678,11.062,114.263,10.872,105.634,9.826,10.506,102.231,10.241
3,85.28,112.289,101.043,106.001,99.041,1.099,101.494,105.245,105.06,112.382,102.173,98.023,1.11,109.437,107.797
2,85.334,10.95,108.649,102.764,114.627,116.559,1.016,104.319,10.84,113.387,114.71,109.764,114.954,1.086,104.179
2,85.342,10.525,106.889,105.527,99.494,103.47,1.121,115.919,10.25,97.421,104.537,97.078,109.986,1.05,110.585
3,85.713,102.919,106.983,101.579,96.657,1.059,106.262,108.295,96.762,107.021,105.368,97.564,1.0,108.01,96.239
3,85.787,105.06,103.457,96.835,109.09,1.051,96.532,108.798,110.083,98.295,97.11,108.182,1.083,96.951,109.285
1,85.835,104.743,10.933,108.467,10.638,10.426,103.308,10.293,110.795,9.35,95.831,9.791,9.498,98.346,10.273
3,85.981,101.379,103.844,97.11,94.376,1.134,111.511,96.314,95.482,101.676,99.791,98.579,1.099,99.061,103.838
4,86.241,97.508,1.044,118.522,1.006,111.077,95.641,10.484,94.919,1.028,110.075,1.053,101.841,104.639,10.046
2,86.453,10.383,97.137,114.309,103.212,110.821,0.989,113.035,11.251,112.814,110.907,111.264,104.693,0.99,105.051
3,87.113,106.126,100.548,95.845,107.428,1.102,105.889,107.277,112.351,104.385,103.308,107.015,1.092,97.643,110.74
1,87.135,103.249,10.474,110.854,10.124,9.846,104.571,11.165,98.023,10.735,95.71,10.206,10.459,99.717,10.731
3,87.214,111.794,108.03,106.623,98.289,1.112,96.868,107.974,98.779,106.654,101.649,97.625,1.087,112.938,107.484
4,87.337,94.215,1.058,101.228,1.064,108.876,101.363,10.791,96.939,1.039,118.058,1.038,112.512,109.145,10.496
1,87.545,104.164,10.691,101.681,11.461,9.836,111.111,11.087,102.168,9.311,105.491,11.051,10.812,110.338,9.737
4,87.914,99.885,1.031,110.7,1.046,103.032,107.753,10.004,94.514,1.096,117.331,1.166,106.603,96.238,9.442
2,87.944,10.316,100.356,116.801,105.131,112.289,0.983,113.463,10.879,98.9,113.789,104.833,103.21,1.107,114.908
4,88.021,108.378,1.124,100.757,1.163,115.22,96.238,10.004,94.177,1.044,102.5,1.092,112.292,103.18,10.815
4,88.056,108.486,1.015,112.893,1.044,104.976,100.684,9.388,105.044,1.147,115.187,1.097,106.603,113.204,10.528
3,88.101,99.029,106.979,107.502,102.524,1.097,95.907,107.618,95.994,103.699,105.835,93.976,1.136,101.257,110.318
1,88.883,107.591,9.803,96.727,9.892,9.709,105.62,10.945,107.553,9.952,99.975,10.803,10.848,103.479,10.037
2,89.404,11.822,104.989,116.308,105.481,101.853,1.107,109.45,11.129,100.496,106.359,103.161,104.698,1.114,105.448
1,89.449,114.464,9.203,97.064,9.685,11.166,110.338,9.791,112.562,9.489,102.116,11.157,10.803,107.316,10.953
1,89.52,106.578,9.991,104.644,10.649,9.965,112.149,10.351,112.752,9.749,108.582,11.071,10.438,111.34,10.344
4,89.586,99.967,0.996,100.709,1.014,106.603,101.169,11.155,107.228,0.989,115.706,1.169,111.103,109.078,10.176
3,89.722,105.607,108.982,98.592,102.637,1.035,112.03,99.887,105.607,107.925,98.923,104.207,1.135,105.642,101.425
2,89.785,11.496,113.302,115.334,110.094,117.826,1.093,99.49,10.817,110.501,110.1,113.558,112.14,1.138,109.279
2,89.998,11.552,102.864,115.01,111.728,106.3,1.01,99.744,11.717,109.681,106.113,106.476,116.041,1.14,103.046
3,90.261,103.557,104.397,100.946,93.322,1.0,99.061,108.884,98.88,111.808,95.563,109.541,1.015,105.623,98.349
4,90.293,96.277,1.165,115.05,1.096,115.186,97.065,9.658,106.211,1.068,118.177,1.114,102.803,96.695,9.742
2,90.441,11.46,110.054,103.619,112.244,105.751,1.023,116.139,11.592,110.668,108.815,109.665,105.703,1.145,115.03
4,90.64,105.144,1.114,109.278,1.112,101.135,110.205,9.531,100.33,1.133,107.456,1.024,99.16,103.781,11.162
4,90.668,98.252,1.076,118.058,1.149,103.266,110.36,9.98,93.853,0.984,101.973,1.037,111.355,112.872,9.418
2,90.842,11.255,99.003,105.98,114.713,108.454,1.106,106.669,11.808,97.175,106.486,100.821,116.439,1.053,103.728
3,91.142,105.126,105.752,97.765,97.653,1.029,108.538,106.67,104.394,99.787,102.45,103.321,1.104,100.314,96.447
4,91.15,108.48,1.057,116.858,1.163,113.058,97.824,10.537,94.514,1.165,106.402,1.098,109.631,107.611,9.557
2,91.267,10.601,95.901,107.463,110.386,105.621,1.025,99.829,10.221,108.365,112.12,102.544,113.575,1.096,101.746
4,91.297,108.481,1.039,103.154,1.062,102.778,105.794,10.29,104.535,1.035,117.835,1.112,103.849,107.406,10.252
2,91.4,10.4,112.054,112.616,99.411,116.645,1.099,108.06,10.578,108.377,113.355,113.253,115.707,1.039,107.393
1,91.403,99.144,10.882,107.709,11.049,10.657,114.361,10.601,114.628,10.383,105.922,9.862,10.353,110.221,10.665
2,91.799,10.901,98.671,106.564,112.684,113.662,1.109,103.44,11.651,100.973,118.186,112.429,101.735,1.034,114.684
2,92.082,11.673,102.183,103.234,102.246,116.916,1.118,108.433,10.143,111.462,100.398,105.658,117.753,1.055,101.469
1,92.14,113.971,9.645,109.301,10.15,11.101,101.894,10.476,106.711,10.273,103.248,11.101,9.888,106.386,11.186
2,92.353,11.396,100.707,108.77,109.21,108.258,1.087,109.916,10.709,109.571,101.695,105.81,113.901,1.023,112.07
2,92.383,10.887,107.509,107.112,99.137,118.721,1.087,107.284,10.41,107.02,115.1,109.628,102.542,1.082,106.403
3,92.683,99.78,94.992,97.995,106.297,1.072,101.981,101.038,96.783,98.456,111.906,101.393,1.027,107.71,109.002
2,92.69,11.378,98.114,115.575,109.367,116.382,1.131,103.204,11.066,108.768,114.86,102.821,103.572,1.015,99.895
3,92.804,99.456,97.961,96.432,99.172,1.057,104.25,105.581,101.173,102.027,103.451,100.36,1.089,108.102,100.017
4,92.822,100.874,1.133,104.097,1.035,112.264,110.619,10.742,107.312,1.163,118.017,1.116,99.666,100.257,10.05
2,92.894,11.251,108.715,102.398,112.685,101.062,1.053,108.13,10.585,97.896,117.714,109.754,113.038,1.095,112.424
4,93.003,95.42,1.092,101.066,1.108,115.189,100.75,9.813,99.086,1.113,102.977,1.16,115.189,100.081,10.938
1,93.182,114.545,10.662,111.383,9.672,10.866,108.203,11.051,98.793,9.249,97.272,10.121,11.224,103.358,11.266
4,93.436,95.279,1.057,104.552,1.138,101.775,106.353,10.328,100.182,1.123,105.399,1.113,108.116,99.356,10.678
3,93.449,110.22,96.532,102.478,107.015,1.052,100.371,104.451,106.891,102.439,95.591,105.984,0.998,104.895,98.088
3,93.622,112.899,108.927,108.372,104.634,1.021,111.739,99.993,108.458,95.312,98.51,108.603,1.103,96.47,112.95
1,93.637,100.473,10.792,110.845,11.084,9.971,104.774,9.831,99.034,9.66,99.632,10.921,10.57,110.22,9.708
1,93.656,111.366,10.476,109.537,9.888,10.246,98.781,10.003,113.287,9.769,103.969,11.345,9.618,107.45,10.323
1,93.728,102.783,10.258,107.387,10.951,9.73,107.174,11.264,111.369,9.886,112.355,9.923,10.712,112.062,10.975
4,93.886,109.86,0.995,102.233,1.112,115.958,103.538,10.156,96.273,1.148,106.53,1.027,114.397,112.676,10.067
4,94.115,107.098,1.056,118.177,1.079,106.49,102.287,9.656,108.781,1.095,99.784,1.163,103.535,98.101,10.737
3,94.137,104.622,107.807,99.035,108.624,1.102,101.272,111.606,101.645,109.611,105.366,106.589,1.021,96.271,102.89
1,94.35,109.856,9.464,99.408,10.944,10.296,107.603,10.517,114.754,9.59,105.922,11.203,9.721,110.974,10.042
2,95.046,10.794,97.758,117.079,113.638,109.699,1.008,117.247,10.611,98.41,100.828,112.289,118.513,1.034,109.976
2,95.051,11.065,96.0,101.385,96.66,113.599,1.148,104.002,10.822,101.632,113.662,112.289,110.629,1.038,99.48
3,95.09,103.554,95.19,100.622,105.246,1.158,99.256,109.704,96.897,103.78,103.431,95.323,1.073,98.157,110.42
4,95.346,101.666,1.006,111.516,1.161,112.599,100.956,9.716,100.963,1.035,106.933,1.074,103.842,101.0,9.947
2,95.824,11.573,104.873,104.001,102.099,112.829,1.145,114.273,10.758,108.998,103.667,114.585,102.72,1.088,114.908
2,95.853,10.136,105.817,115.198,102.775,112.838,1.014,110.076,11.058,98.068,106.327,103.343,105.017,1.033,101.306
1,95.915,108.532,10.561,101.681,11.424,10.753,115.001,9.764,114.935,9.862,100.333,10.892,11.164,111.711,10.577
2,96.543,10.29,104.256,116.154,104.111,102.76,1.058,102.075,10.255,101.862,109.599,99.464,116.112,1.028,99.959
3,96.566,110.284,100.44,97.567,103.123,1.028,98.911,108.746,98.871,102.718,107.848,104.369,1.081,113.025,106.862
4,96.789,105.796,0.988,104.264,1.125,105.691,108.703,9.509,97.85,1.021,112.052,1.176,109.696,107.406,9.566
3,97.093,108.458,109.69,103.308,107.138,1.078,104.287,98.585,101.734,109.508,111.668,101.847,1.102,102.84,100.038
4,97.109,100.491,1.062,102.801,1.166,111.975,97.737,9.397,107.254,1.024,103.176,1.048,99.317,95.641,10.564
2,97.14,11.315,104.267,102.182,105.205,112.223,1.042,114.154,10.305,100.49,118.128,109.522,108.869,0.977,99.621
1,97.192,101.865,10.856,106.05,10.724,11.177,107.569,10.059,102.806,10.52,108.702,11.13,10.809,98.49,10.756
3,97.34,104.619,95.045,102.45,100.173,1.058,103.766,111.385,97.988,106.297,101.621,96.437,1.018,99.832,109.794
1,97.472,112.17,9.602,103.113,9.725,9.756,113.766,10.971,106.68,10.142,105.922,9.738,11.207,114.815,10.649
1,97.738,100.306,10.59,111.705,11.353,9.754,99.46,10.054,100.1,10.093,112.157,10.919,9.971,110.916,11.151
4,97.835,97.016,1.156,101.699,1.087,102.528,108.419,9.789,103.454,1.154,104.728,1.153,108.807,97.883,10.934
4,97.846,105.842,1.104,110.724,1.008,109.14,103.18,9.422,105.823,1.101,112.302,1.09,104.88,112.134,10.179
3,97.869,106.891,102.835,111.489,96.994,1.164,107.654,98.349,101.268,110.53,101.62,108.624,1.17,95.601,104.172
2,98.233,11.822,102.303,115.443,109.01,116.377,1.109,100.078,10.289,112.853,107.439,99.317,108.164,0.984,101.076
2,98.295,10.308,112.425,112.245,114.366,114.896,1.071,113.461,10.61,98.089,112.643,104.962,110.732,1.083,100.747
2,98.447,11.437,102.862,106.249,104.819,116.503,1.116,102.226,10.584,108.019,107.439,102.246,114.811,1.131,111.919
1,98.495,103.564,10.156,110.494,11.347,10.954,108.92,10.984,105.135,10.373,103.177,9.986,9.642,107.246,10.322
2,98.77,11.753,113.18,110.862,102.751,102.542,1.083,99.994,11.795,103.49,116.09,98.827,105.235,1.081,104.681
4,99.093,99.476,1.017,100.427,1.081,115.8,110.498,9.844,107.025,1.033,116.016,1.171,106.067,110.03,9.981
4,99.236,92.834,1.07,110.153,1.15,110.431,96.587,9.741,109.189,1.129,100.123,1.138,108.02,105.254,10.05
3,99.269,103.066,109.834,99.765,106.213,1.012,96.084,97.028,103.452,108.434,104.667,92.786,1.18,107.925,97.047
1,99.473,107.419,9.504,104.444,10.495,10.769,115.294,10.894,105.977,10.123,99.988,10.649,11.116,100.793,9.901
1,99.801,104.164,9.202,100.275,10.458,10.815,115.29,11.148,103.315,9.69,105.044,11.264,10.534,107.987,9.907
4,99.812,105.917,1.025,112.915,1.074,114.536,111.251,10.933,95.67,0.988,113.91,1.035,111.095,104.603,10.997
1,99.918,110.648,9.197,99.81,9.754,10.31,98.687,10.17,106.201,10.691,108.582,10.841,10.284,99.143,11.211
4,99.991,100.548,1.036,102.236,1.165,111.58,101.926,9.908,94.995,1.016,102.5,1.12,107.677,108.084,9.43
4,100.061,93.679,1.09,107.548,1.115,107.972,102.448,10.899,100.405,0.988,115.74,1.156,111.253,110.277,10.96
1,100.119,107.749,9.473,109.65,10.198,11.23,105.882,9.812,115.063,10.19,107.939,10.989,10.61,114.429,9.831
4,100.128,97.451,0.996,111.17,1.084,101.19,100.532,11.099,103.726,1.118,117.331,1.009,103.791,100.826,9.697
2,100.18,11.161,98.516,112.874,103.889,118.158,1.003,103.812,10.794,96.074,101.376,99.137,118.129,1.01,106.393
2,100.761,10.1,111.506,109.523,110.744,111.705,1.073,115.827,11.323,97.299,101.931,104.083,117.592,0.981,100.386
2,100.955,10.927,96.726,115.467,97.82,116.112,0.992,116.663,11.769,102.925,116.308,99.325,117.885,1.119,100.951
4,101.568,97.846,1.095,111.057,1.044,107.648,112.73,10.048,106.794,1.107,112.303,1.125,116.751,99.029,11.045
2,101.705,10.057,100.496,118.937,102.129,117.232,0.969,108.95,10.496,100.707,109.285,106.652,107.325,0.973,102.179
3,101.762,97.13,109.69,107.842,96.437,1.002,98.695,97.368,106.638,96.659,111.772,106.547,1.041,98.216,110.57
4,101.974,103.747,1.011,104.663,1.071,102.568,111.269,10.219,93.575,1.109,109.101,1.112,104.913,108.459,10.198
4,102.098,102.687,1.067,105.478,1.105,102.393,113.361,10.069,100.963,1.007,102.218,1.025,104.742,110.853,10.285
1,102.114,97.577,10.064,98.967,9.946,10.708,109.892,10.44,105.257,9.221,101.602,10.163,11.107,103.29,9.699
3,102.145,106.629,101.591,100.547,95.69,1.059,96.084,108.058,104.377,104.867,105.076,98.289,1.153,109.521,99.5
3,102.839,108.791,104.085,111.649,106.081,1.102,108.904,112.644,110.87,99.084,97.099,96.392,1.081,104.948,113.208
4,103.148,96.218,1.061,118.045,1.045,103.583,98.101,9.838,96.273,1.016,99.875,1.106,102.329,105.581,10.413
2,103.324,11.765,104.982,101.325,114.161,112.84,1.071,111.384,11.191,101.301,100.761,107.777,114.19,1.14,102.981
4,103.358,105.719,1.141,102.783,0.995,114.532,105.305,10.657,98.777,1.013,112.556,1.174,104.306,105.792,10.374
3,103.48,104.322,107.945,96.246,109.261,0.997,101.625,97.572,100.998,96.574,101.557,104.194,1.071,105.953,106.077
2,103.615,10.803,107.936,116.401,111.241,106.73,1.004,111.277,11.692,98.23,117.837,113.761,118.721,1.099,114.528
4,103.829,100.874,1.051,103.006,1.02,115.067,95.694,9.665,108.626,1.019,100.133,1.112,106.014,113.519,10.307
3,104.185,109.402,106.686,110.802,94.938,1.168,103.218,106.27,96.783,99.022,101.875,95.968,1.061,102.375,110.43
4,105.049,108.289,1.018,99.994,1.04,101.795,108.996,11.155,94.18,1.042,101.241,1.053,98.7,100.622,10.858
3,105.358,107.372,104.284,103.243,101.618,1.042,104.903,96.85,106.461,106.524,100.44,100.865,1.111,103.45,110.57
2,105.477,11.184,111.393,116.481,99.758,104.376,1.034,99.246,10.171,108.123,103.512,108.911,111.874,1.132,103.26
1,105.57,109.277,9.991,99.216,9.864,9.498,99.769,10.729,110.544,10.076,105.15,11.151,11.166,108.564,10.181
3,105.753,112.091,110.479,103.243,106.453,1.124,100.332,103.047,95.589,106.94,107.53,108.665,1.0,96.883,104.442
3,105.842,104.375,101.589,99.689,97.264,1.047,103.726,95.698,105.79,104.284,112.128,100.078,1.041,111.762,110.558
3,106.008,109.242,107.828,99.083,103.894,1.042,107.647,112.357,111.344,112.424,96.701,97.032,1.096,100.427,109.655
3,106.148,106.978,95.979,107.472,105.777,1.177,108.869,97.214,103.066,96.362,108.159,95.179,1.096,110.966,109.682
4,106.274,103.513,1.038,109.685,1.121,103.154,97.737,9.844,107.869,1.077,104.81,1.16,100.319,97.307,10.808
4,106.334,97.274,1.114,110.706,1.174,115.499,99.608,10.892,107.807,1.144,106.395,1.012,109.385,103.859,9.676
2,106.641,10.142,111.182,117.232,105.554,114.177,0.989,109.347,11.798,112.49,100.647,108.916,106.956,1.038,115.735
1,106.729,101.813,9.543,110.791,9.941,9.961,109.57,10.889,100.919,9.211,112.429,10.934,10.404,110.835,10.385
1,106.746,97.306,10.036,99.158,11.404,10.137,111.853,10.277,96.863,10.416,111.31,9.672,10.751,106.298,11.224
4,106.958,93.445,1.059,114.308,1.051,115.163,107.639,10.582,100.17,1.01,107.625,1.098,109.233,109.771,9.813
3,107.028,104.064,109.9,98.104,97.316,1.183,107.362,104.278,108.408,112.024,111.068,101.619,1.136,98.751,107.655
2,107.36,10.674,104.403,117.46,103.212,116.908,1.15,102.255,10.275,106.893,104.903,98.628,106.283,1.108,107.764
4,107.423,100.774,1.039,115.069,1.039,112.8,108.014,10.393,106.896,1.126,104.728,1.049,100.967,107.512,10.035
2,107.646,11.172,100.547,117.912,99.464,111.065,1.151,104.782,10.825,100.49,106.404,108.324,109.986,1.051,103.387
2,107.774,10.604,99.13,100.828,102.595,110.937,1.124,110.109,11.183,106.188,110.975,100.883,101.302,1.112,113.035
4,107.833,100.146,1.053,112.438,1.148,109.011,102.766,10.6,93.931,1.077,103.418,1.055,107.45,101.073,10.823
4,108.093,94.499,1.011,103.905,1.139,101.286,113.6,10.824,97.536,1.05,99.969,1.082,106.54,105.792,10.572
4,108.184,105.459,1.053,115.488,1.029,102.358,109.771,9.806,95.966,1.11,117.006,1.061,113.833,106.864,10.508
2,108.261,10.301,109.482,104.677,103.391,118.087,1.056,100.867,11.025,108.146,110.063,114.665,106.631,0.972,106.266
4,108.375,98.259,1.161,99.86,1.12,104.719,97.663,10.067,97.49,1.032,105.738,1.073,103.33,105.773,10.933
4,108.453,105.799,1.134,102.112,1.166,104.328,104.942,10.388,99.664,0.996,112.113,1.026,106.067,105.929,9.713
3,108.47,100.951,98.56,103.243,97.159,1.039,110.291,113.357,104.935,101.413,110.942,93.932,1.104,107.637,99.912
2,108.579,10.568,100.009,100.205,104.984,109.733,1.06,114.421,10.561,98.833,101.942,112.421,114.378,1.028,103.834
4,108.666,98.119,1.129,117.21,1.093,108.509,98.156,9.803,109.316,1.147,113.094,1.064,111.847,101.234,10.885
4,108.906,108.011,1.038,102.613,1.113,111.607,101.857,9.618,95.666,1.049,112.581,1.05,114.577,109.856,10.192
2,109.079,10.193,101.669,113.46,107.003,114.214,1.102,116.615,11.427,111.637,106.105,100.221,113.501,0.99,110.917
3,109.175,100.177,107.494,107.174,108.279,1.014,99.782,104.705,110.518,104.11,95.791,101.847,1.161,101.933,104.275
1,109.326,113.813,10.917,112.295,9.643,10.062,115.791,9.829,109.645,10.179,105.814,10.614,11.058,102.49,10.431
1,109.977,97.03,10.691,110.948,9.938,9.725,113.127,10.345,108.885,9.741,97.064,9.769,10.43,114.049,10.385
1,110.001,105.234,10.872,108.158,10.139,9.942,106.75,11.223,113.11,9.815,107.367,10.966,9.664,104.985,10.489
4,110.395,100.913,0.989,100.743,1.148,112.8,101.796,10.755,94.363,1.153,108.947,1.083,111.253,109.943,10.113
2,110.552,11.083,101.105,110.189,114.471,101.699,0.976,113.308,10.562,112.004,103.306,102.938,117.592,1.068,112.495
2,110.557,11.403,104.304,109.843,112.661,117.068,1.015,106.596,10.9,108.768,103.589,98.195,117.131,1.017,109.499
2,110.602,11.15,105.647,112.609,97.234,111.197,1.102,101.336,10.34,113.387,105.696,112.322,113.941,1.135,103.163
3,110.654,106.442,104.635,102.759,97.347,1.127,103.277,98.349,98.741,111.125,96.835,103.653,1.129,107.035,104.778
4,110.757,98.302,1.108,104.326,1.063,98.965,98.003,9.6,98.119,1.141,109.359,1.113,99.16,104.923,9.744
3,110.952,98.049,106.29,101.233,97.644,1.138,96.47,112.717,111.271,107.532,97.396,95.116,1.152,100.913,99.526
1,111.075,99.515,9.834,110.527,9.818,9.661,102.48,10.061,112.167,9.886,96.333,11.151,11.249,114.361,9.741
1,111.109,101.602,10.883,98.51,11.169,9.567,103.369,10.789,102.832,9.879,109.965,11.288,10.782,108.874,10.833
3,111.18,100.624,96.005,103.78,99.775,1.059,104.584,98.142,106.954,107.845,103.393,99.991,1.135,96.968,107.769
4,111.295,94.363,1.069,114.633,1.019,107.388,105.678,9.616,108.512,1.093,103.578,1.1,100.087,109.372,9.951
1,111.4,112.987,10.66,98.377,11.187,10.29,104.985,10.385,107.932,9.978,102.026,11.069,10.092,106.656,11.191
2,111.577,11.647,100.644,118.183,98.192,106.983,1.064,113.236,11.347,112.559,114.636,106.602,116.365,1.011,117.454
3,112.096,98.195,101.265,103.892,109.25,1.016,108.876,104.429,109.453,110.118,101.621,96.638,1.067,107.55,112.419
4,112.112,101.958,1.091,112.052,1.053,113.833,112.033,10.611,98.01,0.989,100.173,1.12,112.908,96.247,10.126
1,112.306,105.891,9.878,94.814,11.089,9.646,114.899,10.45,104.355,9.527,99.641,10.752,9.939,98.46,9.724
2,112.532,10.122,99.941,118.116,110.372,114.14,1.033,116.015,10.276,108.714,101.088,98.253,102.027,1.032,104.267
2,112.549,11.641,103.913,100.684,114.855,105.564,1.144,105.707,10.556,108.706,104.896,104.909,101.673,1.128,112.202
2,112.837,11.402,96.584,117.252,104.694,116.715,1.009,105.751,11.651,108.966,100.956,96.873,108.948,1.003,107.138
3,112.845,111.24,111.216,106.398,100.231,1.04,103.792,98.958,101.83,110.05,96.641,103.216,1.017,108.161,97.655
4,113.181,110.137,0.996,107.913,0.997,100.601,102.137,10.037,96.72,1.165,116.428,1.092,111.946,112.648,9.413
2,113.635,11.013,103.836,112.12,98.599,100.514,1.152,100.184,10.383,102.642,118.33,103.111,118.75,0.981,117.455
4,113.737,105.868,1.09,117.227,1.174,108.531,108.545,11.012,100.354,1.02,105.271,1.033,116.75,100.956,10.047
1,113.746,112.918,9.739,98.876,11.162,10.969,106.812,10.688,103.185,10.889,104.972,11.26,10.994,107.45,9.988
2,113.787,11.578,100.695,109.935,102.853,107.724,1.119,110.437,10.519,106.466,103.741,102.046,100.938,1.058,103.761
4,113.918,94.222,1.106,117.466,1.074,101.258,104.912,10.996,102.452,1.006,111.987,1.005,103.876,109.787,10.089
1,113.924,112.469,10.786,104.384,10.65,9.619,102.82,9.655,111.805,9.9,111.903,9.997,9.763,107.246,10.692
3,114.177,95.34,112.024,103.733,110.002,1.156,96.771,104.572,104.394,106.826,104.13,105.694,1.098,111.657,98.938
2,114.219,10.315,109.445,102.638,102.847,118.32,1.152,114.886,10.626,110.769,114.668,100.433,110.996,1.116,99.48
1,114.246,102.826,9.565,110.589,10.537,10.436,115.811,10.525,97.206,10.657,101.267,11.022,10.61,114.896,10.747
4,114.319,104.966,1.097,108.263,1.006,101.229,108.05,9.677,103.717,0.985,112.303,1.078,101.765,113.361,9.693
2,114.515,10.585,101.851,112.245,101.201,117.801,1.104,108.703,11.799,109.645,104.571,104.557,115.837,1.041,115.009
2,114.556,11.302,108.176,115.732,98.192,113.972,1.032,114.528,10.087,97.572,114.758,101.843,115.837,1.019,114.434
2,114.624,10.428,98.722,109.719,99.16,114.238,0.992,110.189,10.32,96.693,111.822,104.72,113.093,1.068,102.744
1,114.976,103.605,10.673,111.962,10.762,10.513,114.118,11.131,113.369,10.594,101.129,10.969,9.686,115.535,9.767
2,115.137,11.453,111.571,118.204,109.753,116.759,1.008,114.684,10.094,99.006,116.885,108.666,101.926,1.117,114.32
1,115.401,100.326,10.463,98.876,10.525,10.11,115.294,11.037,97.826,10.328,106.119,9.804,9.632,106.083,10.547
4,115.556,100.637,1.021,99.699,1.109,116.75,104.758,9.579,93.663,1.168,105.622,1.112,112.194,108.729,11.01
2,115.652,11.437,105.782,118.792,113.761,110.66,1.007,112.427,11.069,103.431,109.869,102.046,102.952,1.005,113.354
2,115.926,10.178,98.44,103.994,96.731,103.613,1.119,104.325,11.265,96.503,113.46,97.007,108.321,1.03,103.761
3,116.004,109.26,99.787,111.288,98.305,1.04,113.291,97.599,97.689,109.69,107.394,95.966,1.125,111.911,97.235
4,116.151,108.65,1.003,110.134,1.112,114.103,99.26,9.517,105.106,1.102,103.232,1.072,101.025,108.321,9.684
1,116.22,105.977,9.978,99.581,10.942,10.716,99.05,10.508,102.696,9.614,109.019,11.015,11.017,115.671,11.044
1,116.285,97.796,9.63,94.804,10.032,10.175,112.678,11.295,112.752,9.334,98.336,11.465,9.75,115.956,11.179
1,116.457,109.28,9.915,104.671,9.774,9.719,107.852,10.038,114.44,9.781,98.876,11.079,9.58,100.937,10.627
4,116.578,99.414,1.103,114.612,1.015,98.453,100.628,9.545,99.833,1.155,111.002,1.068,105.823,112.033,10.194
1,116.6,100.493,9.991,108.979,10.762,10.82,110.246,10.065,100.09,9.909,98.801,10.709,11.068,107.912,10.469
3,116.781,99.467,107.715,100.397,100.905,1.172,96.892,109.68,95.455,107.219,107.896,95.179,1.144,106.408,113.78
1,116.793,98.68,10.039,105.826,10.636,9.661,106.436,11.201,113.338,9.68,102.026,10.477,10.8,98.936,11.252
1,116.953,99.515,9.513,98.168,9.923,11.021,100.184,9.767,106.293,10.259,101.394,10.709,10.968,101.282,10.618
1,117.021,103.725,10.577,111.23,10.073,10.794,112.74,10.217,101.233,10.541,111.655,11.288,9.62,102.326,11.073
4,117.431,104.852,1.009,113.526,1.119,102.04,103.103,10.885,105.106,1.113,108.525,1.112,100.372,98.03,10.306
2,117.466,11.128,112.689,110.314,96.873,108.237,1.058,100.158,11.408,107.509,109.523,100.308,110.92,1.036,115.282
3,117.501,110.221,99.765,98.95,101.38,1.075,105.064,102.89,108.253,105.143,94.611,100.862,1.173,109.369,97.797
4,117.507,93.853,1.164,112.671,1.145,109.42,111.008,10.309,100.548,0.994,99.817,1.042,115.819,97.702,11.04
4,117.514,96.273,1.051,106.805,1.114,104.697,107.781,10.384,104.765,1.09,104.313,1.06,114.792,105.844,10.559
1,117.756,110.635,10.42,96.333,10.075,11.017,108.146,11.179,102.221,9.991,111.284,9.859,10.563,106.504,9.997
3,117.84,95.754,97.591,98.256,101.393,1.0,109.937,95.693,110.48,97.554,95.439,99.991,1.059,96.963,101.591
4,117.855,110.017,1.135,116.618,1.043,111.56,112.046,10.54,100.913,1.097,101.568,1.107,107.704,111.622,10.63
1,117.894,105.413,10.363,96.982,10.375,9.814,105.641,11.103,107.839,9.786,106.94,11.004,11.091,106.436,9.967
2,117.937,10.432,99.305,114.394,103.041,118.211,1.007,104.584,11.228,111.935,118.093,106.706,107.247,1.087,114.897
3,118.278,102.433,104.185,95.591,109.343,1.053,111.646,103.341,97.255,99.261,110.22,100.768,1.105,96.107,107.992
4,118.583,101.062,1.059,102.445,1.122,115.186,113.244,9.796,99.715,1.011,114.679,1.112,102.049,113.519,10.181
4,118.858,94.929,1.134,111.768,1.107,107.648,107.671,10.052,97.508,1.061,102.439,1.161,113.415,101.178,9.755
2,118.959,10.885,111.174,100.317,114.438,118.121,0.973,100.194,10.56,104.042,103.036,99.464,113.941,1.005,107.641
4,119.047,107.044,1.157,108.093,1.106,109.239,108.808,10.222,103.83,1.001,111.134,1.138,105.907,96.587,9.453
3,119.225,107.119,111.07,95.585,94.622,0.999,110.608,97.109,107.328,101.111,99.293,104.125,1.125,99.059,109.252
1,119.442,102.832,9.662,107.368,10.861,10.36,98.781,11.044,99.53,10.748,111.31,10.868,10.398,106.311,11.009
1,119.524,114.147,10.294,95.431,11.076,11.014,106.568,10.023,104.673,10.61,96.876,10.947,10.361,103.5,10.905
1,120.338,109.332,10.106,111.334,10.761,11.266,102.856,9.844,109.842,9.909,99.106,11.202,10.868,100.548,11.008
3,120.666,103.554,100.44,101.621,104.384,1.088,96.858,105.879,96.953,99.787,109.822,102.657,1.065,111.8,102.386
4,120.79,97.044,1.065,100.003,1.011,104.88,104.446,9.413,93.663,1.14,112.052,1.074,112.57,111.543,10.53
2,121.1,10.792,106.743,113.161,111.6,114.31,1.075,100.747,10.178,107.267,108.769,101.958,100.578,1.114,116.534
2,121.205,10.732,105.248,101.126,108.072,117.405,1.097,111.668,11.184,105.466,116.981,114.489,112.93,0.981,116.117
1,121.358,99.358,9.245,106.567,10.885,9.563,113.282,11.198,100.345,9.973,99.564,10.846,10.739,107.987,9.851
2,121.413,11.653,98.286,104.962,105.923,109.527,1.039,117.391,11.028,97.227,112.859,107.063,113.966,1.113,109.205
4,121.71,103.717,1.076,116.994,1.004,107.704,112.629,9.418,95.241,0.999,107.625,1.123,98.606,100.452,10.126
4,121.844,101.727,1.033,105.159,1.05,114.93,108.459,10.935,99.392,1.057,100.569,1.17,110.102,100.252,10.575
2,122.065,11.85,97.521,117.166,112.525,106.724,1.119,101.183,10.977,96.861,103.055,105.415,114.166,1.108,115.03
3,122.124,97.719,108.243,111.053,102.554,1.061,104.326,100.955,96.907,102.083,107.896,97.625,1.136,108.928,98.356
3,122.148,97.92,105.416,102.03,107.022,1.075,111.547,103.692,101.07,100.278,102.531,105.794,1.01,102.014,105.536
4,122.495,108.356,1.117,112.562,1.166,115.819,98.956,10.004,109.207,1.147,115.09,1.097,108.635,103.91,9.581
1,122.501,109.149,9.717,110.518,10.868,9.65,114.919,10.616,111.399,9.662,108.356,11.103,10.417,108.878,10.577
3,122.892,105.285,106.297,111.314,109.812,1.123,102.555,100.051,96.424,110.234,96.916,98.586,1.094,109.921,109.646
3,122.918,106.954,96.54,106.595,95.934,1.135,105.064,101.253,104.808,102.557,104.622,109.198,1.163,98.102,101.391
3,123.058,109.402,97.053,101.823,108.54,1.14,106.817,97.047,106.891,95.236,101.723,109.76,1.076,108.831,104.77
1,123.166,114.464,10.872,95.151,10.402,9.846,105.882,11.351,113.818,9.284,100.431,10.219,10.673,103.135,10.689
4,123.315,95.277,1.11,111.945,1.035,99.017,101.673,10.29,106.941,1.168,113.332,1.028,115.165,110.705,10.507
1,123.376,114.62,9.741,101.284,10.614,11.173,102.379,10.042,110.974,9.221,96.409,9.923,9.648,107.59,9.648
1,123.463,111.805,9.473,103.596,11.204,10.122,105.686,9.637,109.11,9.614,95.314,9.896,11.016,107.186,10.05
4,123.637,97.175,1.034,114.206,1.083,100.181,112.664,10.637,93.931,1.046,105.804,1.08,99.674,103.425,10.048
2,123.639,11.765,104.944,114.71,107.402,109.672,0.977,109.08,10.428,104.349,110.77,106.915,118.727,0.989,111.298
1,123.675,98.437,10.407,107.715,10.67,10.386,101.143,10.972,112.395,10.112,104.536,10.24,10.303,105.363,9.961
3,123.98,105.53,101.876,106.435,96.227,1.114,109.526,103.099,102.931,95.794,106.299,98.998,1.071,103.802,104.434
1,124.218,106.689,9.764,101.418,10.219,10.072,104.912,11.352,97.24,9.81,103.643,10.477,10.272,102.231,9.962
4,124.763,95.707,1.012,100.672,1.11,112.197,101.615,10.559,92.834,1.107,111.641,1.014,116.653,106.096,9.647
4,124.853,109.581,1.02,116.858,1.051,108.475,107.068,9.98,98.078,1.043,110.609,1.092,115.926,100.748,9.385
3,124.911,95.233,111.216,98.418,104.908,1.038,112.219,104.233,106.107,111.216,97.568,101.488,1.107,98.703,102.783
2,124.939,11.599,108.224,107.594,111.03,116.377,0.995,99.885,11.599,109.038,114.086,102.668,115.731,1.049,104.499
4,125.132,93.416,0.995,118.522,1.145,105.457,111.248,9.895,100.548,1.124,111.504,1.084,106.971,100.684,10.165
4,125.183,101.833,1.08,118.242,1.063,106.954,110.065,10.179,101.214,1.166,110.208,1.153,112.001,96.417,9.771
1,125.295,106.711,9.997,97.424,10.871,10.303,109.024,10.421,113.414,10.47,99.212,10.477,10.818,98.625,9.708
2,125.411,10.142,101.659,114.941,113.929,116.59,1.074,112.543,10.583,110.97,103.326,96.681,116.766,0.997,110.189
4,125.415,105.106,1.064,100.654,1.082,105.019,112.055,9.977,102.753,1.085,101.784,1.058,104.449,103.606,9.685
4,125.452,106.41,1.072,102.977,1.056,107.698,97.065,10.866,106.436,1.093,113.069,1.13,106.499,100.013,10.248
1,125.532,97.196,10.288,100.896,10.8,11.052,101.653,10.976,107.173,9.46,103.248,9.683,11.057,110.916,10.217
1,125.619,112.033,9.608,109.537,10.868,10.155,105.473,9.997,111.131,9.349,112.496,10.35,9.518,109.4,9.959
4,125.662,106.766,1.02,113.365,1.145,102.184,103.121,9.4,105.54,1.11,113.504,1.131,104.782,110.521,10.791
3,126.134,108.155,109.283,109.259,109.223,1.086,95.408,104.597,96.368,103.062,100.303,99.928,1.12,111.786,110.404
4,126.248,95.52,1.116,116.858,1.095,99.681,106.283,9.431,101.417,1.01,107.96,1.161,111.013,107.992,11.067
2,126.249,11.379,110.807,102.182,105.648,100.162,0.973,100.759,10.962,111.514,110.345,99.212,110.017,1.096,115.021
1,126.445,104.355,10.017,107.465,9.95,9.527,115.026,10.307,103.496,10.464,108.179,9.858,10.726,101.572,10.441
1,126.516,107.09,9.442,103.715,9.809,10.8,109.57,9.976,98.164,10.817,106.503,9.774,9.652,109.872,10.712
2,126.759,10.583,97.175,104.662,103.783,117.897,1.102,106.468,11.572,110.65,109.908,112.354,113.084,1.018,113.158
4,126.771,110.017,1.168,115.792,1.16,103.629,108.703,10.285,97.812,1.05,104.431,1.141,112.292,104.772,9.977
1,126.784,102.163,10.872,106.841,10.65,10.923,106.901,11.231,97.793,9.334,102.418,10.107,9.766,106.016,9.831
4,126.928,95.172,1.092,104.728,1.135,106.046,110.342,10.762,109.738,1.042,115.187,1.18,103.777,101.484,9.512
1,126.933,114.353,9.815,100.135,10.048,9.562,108.564,10.756,101.152,9.873,109.754,11.302,10.26,102.262,10.584
4,127.1,100.374,1.137,101.583,1.05,111.077,110.53,10.733,92.927,1.152,118.481,1.008,102.414,107.066,11.146
4,127.155,98.252,1.135,106.122,1.05,106.224,103.344,10.036,103.851,1.013,106.457,1.102,109.105,105.254,9.813
4,127.561,104.839,1.147,100.463,1.02,111.253,101.0,10.246,108.45,1.01,110.777,1.129,103.535,96.852,10.806
4,127.573,97.577,1.037,107.372,1.129,114.883,109.659,10.678,108.84,1.138,115.652,1.008,114.792,109.751,10.222
2,127.714,10.911,109.482,117.46,114.095,102.819,1.117,110.669,11.578,102.114,108.987,114.384,102.533,1.087,110.281
2,127.774,10.32,110.88,112.015,105.008,114.238,1.118,112.0,11.12,106.385,113.544,103.068,103.916,1.088,117.429
4,127.983,97.986,1.063,103.495,1.087,114.901,110.547,11.069,93.488,0.998,117.346,1.034,110.97,112.883,11.113
3,128.004,96.437,100.169,109.006,103.945,1.171,109.923,105.501,102.07,110.26,98.609,99.991,1.151,96.397,109.793
3,128.083,97.602,107.948,101.579,98.447,1.017,112.099,107.932,104.947,108.711,108.993,103.083,1.105,112.021,113.208
1,128.167,114.541,9.435,110.178,10.165,11.07,111.28,10.665,114.915,9.206,97.515,10.37,10.639,102.782,10.731
4,128.497,101.814,1.166,100.729,1.178,105.457,102.137,10.121,105.108,1.166,113.834,1.089,107.767,109.145,9.795
1,128.508,98.427,10.47,101.828,10.516,9.732,103.141,9.952,104.663,9.637,104.308,10.965,10.769,101.51,10.079
2,128.659,10.062,98.63,117.163,111.171,115.651,1.088,114.461,11.567,101.501,115.732,110.994,118.322,1.055,106.918
4,128.735,104.984,1.132,102.783,1.145,110.117,103.597,9.422,100.675,1.137,115.875,1.032,98.714,96.904,10.235
2,128.889,10.5,102.976,104.662,99.68,100.892,1.108,111.885,10.351,102.807,110.343,98.432,117.04,1.131,108.556
1,128.979,114.168,10.32,102.776,10.808,9.988,101.703,10.305,114.358,10.547,107.588,11.261,9.501,112.951,9.838
4,129.256,101.621,1.146,103.958,1.05,98.872,101.509,10.374,97.09,1.116,108.263,1.106,99.705,98.933,9.797
2,129.301,10.989,102.527,101.931,106.603,112.299,1.111,100.084,10.219,113.138,117.999,102.768,113.357,1.145,110.203
4,129.32,98.038,1.085,108.377,1.049,111.253,111.187,9.593,105.403,1.005,112.39,1.03,100.88,106.055,9.587
3,129.372,102.333,97.961,98.711,106.115,1.044,99.768,101.584,96.184,99.095,110.802,108.47,1.118,104.571,108.613
3,129.42,110.169,99.084,107.571,105.682,1.161,109.462,111.759,110.284,96.192,102.09,107.428,1.159,98.855,107.098
4,130.468,98.434,1.05,116.016,0.994,104.685,103.06,10.616,100.122,1.161,115.652,1.134,98.453,100.388,10.737
3,130.488,95.98,96.356,98.809,98.305,1.112,98.493,104.98,104.107,94.732,100.099,95.447,1.114,95.762,112.803
1,130.71,106.703,10.529,111.292,10.037,10.425,114.017,9.741,110.689,10.125,108.057,11.322,10.598,99.536,10.081
1,130.867,100.1,9.543,99.541,10.767,10.626,109.558,10.946,103.213,9.949,107.81,10.361,11.038,110.895,9.63
3,131.052,100.972,100.679,97.765,107.194,1.057,103.792,97.375,102.9,106.501,110.407,92.948,1.145,110.875,113.227
2,131.536,11.878,113.541,106.289,98.741,108.258,1.125,105.634,10.659,111.456,106.1,109.01,114.391,1.046,103.304
3,131.569,109.496,110.468,108.392,96.449,1.113,99.733,104.286,106.052,95.892,101.245,99.24,1.13,109.235,106.765
2,131.727,11.758,97.89,112.097,109.748,104.034,1.123,111.314,11.452,106.867,108.509,106.195,115.347,1.07,111.193
3,131.76,98.577,106.565,104.5,105.794,1.039,95.538,107.974,109.493,97.027,103.948,96.611,1.077,95.756,107.481
3,132.31,108.791,95.24,104.758,107.13,1.053,100.314,95.752,98.178,95.632,100.846,103.921,1.159,96.916,108.001
2,132.409,10.07,101.851,116.481,108.871,100.335,1.045,115.067,11.183,106.871,108.585,108.23,101.843,1.053,110.879
3,132.635,101.518,96.088,106.495,94.649,1.016,110.448,97.03,110.33,98.192,105.258,93.328,1.018,108.942,105.666
2,132.658,11.379,108.146,111.998,97.734,105.09,1.069,99.577,11.744,101.966,104.827,111.805,115.738,1.107,112.543
1,132.674,113.741,10.009,102.628,11.401,10.969,111.648,10.809,113.819,9.273,109.725,10.57,9.954,111.221,10.735
3,132.707,98.316,95.045,101.875,93.024,1.092,108.745,106.791,96.437,95.639,97.617,99.433,1.017,106.548,107.91
1,132.856,103.213,9.203,99.95,10.335,10.252,101.478,9.615,114.955,10.258,108.616,10.988,11.148,106.901,9.939
3,133.121,104.935,109.9,109.104,108.389,1.13,104.584,105.784,105.71,95.368,98.711,110.004,1.169,102.536,99.717
4,133.379,93.446,1.103,115.766,1.032,111.647,103.425,9.915,108.48,1.068,110.549,1.072,98.607,105.672,9.727
2,133.387,10.326,112.689,114.212,98.476,105.235,1.056,115.691,11.85,108.308,104.4,105.011,112.952,1.062,104.855
2,133.688,11.435,111.456,118.093,114.621,101.381,0.992,100.531,10.115,101.461,111.694,112.66,104.058,1.028,116.424
4,133.83,108.025,1.081,107.788,1.011,104.453,106.864,10.416,98.387,1.052,114.923,1.166,105.353,109.559,9.899
2,134.053,11.433,104.572,100.633,99.001,118.257,1.019,113.594,11.841,112.689,109.504,109.951,109.733,1.041,112.755
1,134.279,113.415,9.597,105.623,10.211,10.142,112.772,10.853,115.138,9.667,106.929,10.06,10.28,98.627,9.649
4,134.425,94.844,1.007,102.778,1.122,115.171,98.741,10.157,98.434,1.088,103.45,1.052,110.997,96.238,10.112
1,134.485,100.023,9.267,112.049,10.212,11.098,102.976,9.735,107.005,10.69,109.72,11.345,10.681,103.059,10.665
4,134.806,107.265,1.154,112.562,1.084,114.883,110.46,9.788,102.51,1.15,116.789,0.998,105.673,101.777,10.762
4,135.319,98.406,1.081,100.133,1.025,114.536,108.757,10.09,108.773,1.154,111.947,1.112,108.091,104.569,9.612
1,135.822,100.684,9.781,96.402,10.294,9.746,115.624,9.976,106.201,9.371,110.851,9.852,10.276,108.942,11.165
2,136.159,10.941,101.673,107.515,103.085,117.719,1.076,102.647,10.731,109.62,103.495,97.566,115.731,1.082,104.913
4,136.19,97.836,1.001,106.46,0.995,106.676,98.331,9.848,92.797,1.07,105.187,1.114,101.016,98.925,9.49
2,136.366,10.984,112.425,103.602,113.181,107.55,1.102,99.571,10.879,108.768,113.968,102.781,112.208,1.111,104.062
3,136.389,102.893,104.176,108.284,101.86,1.087,109.92,112.72,108.504,101.043,108.07,98.855,1.144,99.931,108.431
3,136.603,107.518,109.239,94.664,108.515,1.172,97.643,112.169,101.171,107.186,100.448,108.665,1.158,98.471,110.062
4,136.658,103.325,1.161,105.478,1.164,103.956,107.718,10.227,105.188,1.126,101.684,1.106,106.224,105.127,9.806
2,136.787,10.193,104.171,102.168,109.407,100.487,1.002,115.341,10.885,102.973,115.732,100.563,114.715,1.066,110.102
4,137.24,95.287,1.01,104.728,1.147,109.631,111.248,9.764,100.574,0.984,102.198,1.001,112.908,109.674,10.621
1,137.325,99.18,9.642,102.311,10.717,10.018,114.019,11.177,97.317,10.882,109.445,11.376,9.49,100.576,10.744
2,137.372,10.278,108.897,115.443,112.299,116.549,1.014,108.938,11.599,103.882,117.732,110.545,112.27,1.13,100.508
3,137.506,98.871,104.066,102.21,102.047,1.04,110.548,106.626,100.177,101.228,98.361,95.352,1.054,103.402,111.41
4,138.285,94.958,1.016,113.686,1.062,114.218,108.084,9.88,109.017,1.154,110.213,1.046,105.443,106.638,10.01
3,138.529,107.724,106.94,106.476,95.59,1.044,98.73,105.363,95.792,109.555,96.432,109.223,0.999,98.154,113.392
4,138.778,96.262,1.131,110.434,1.142,99.903,111.064,10.538,93.759,1.01,109.498,1.127,116.424,109.667,10.013
3,138.856,105.559,111.268,95.589,98.263,1.11,111.547,99.835,109.26,101.591,102.689,96.448,1.072,110.716,105.581
1,139.162,110.78,9.902,111.586,11.197,10.976,107.389,10.975,104.944,10.762,95.819,10.563,10.417,97.58,9.994
4,139.274,102.15,1.069,105.313,1.009,101.387,111.558,9.949,93.172,1.031,118.426,1.076,115.8,110.758,10.094
4,139.31,93.997,1.137,102.694,1.137,98.6,101.491,9.771,100.874,1.074,107.854,1.025,108.509,97.458,10.912
2,139.544,11.799,106.806,103.993,106.904,109.618,1.144,107.035,10.174,96.949,114.622,99.85,116.439,1.134,116.817
1,139.587,112.569,10.173,97.12,11.148,10.681,103.739,10.616,100.345,9.471,98.224,9.869,10.142,98.115,10.389
1,139.882,105.312,10.762,98.217,9.973,10.707,113.614,10.804,112.52,10.304,105.775,10.073,10.136,101.671,10.976
4,140.091,99.664,1.079,115.934,0.996,108.45,106.079,11.124,94.979,1.065,114.122,1.123,107.623,106.096,10.125
3,140.591,103.072,102.514,103.451,98.14,1.112,96.271,95.693,105.496,106.748,106.663,105.492,1.05,99.687,103.446
2,140.642,11.192,112.753,104.956,100.821,101.699,1.038,100.158,10.376,105.259,108.476,97.903,106.921,1.025,105.086
2,140.651,10.977,103.889,102.75,101.146,115.974,1.077,116.78,11.44,113.272,112.63,105.055,114.483,0.979,99.691
4,140.656,95.42,0.991,103.495,1.049,115.778,101.304,9.624,99.896,1.155,108.248,1.121,103.969,100.919,10.146
2,140.778,10.703,112.494,112.767,104.909,113.357,1.116,115.628,11.113,103.813,102.163,103.995,112.284,1.055,102.845
1,140.901,103.725,10.22,100.331,11.338,11.035,102.176,10.05,107.945,10.755,103.559,9.971,10.491,106.573,10.394
3,140.934,101.677,105.734,99.464,107.194,1.03,104.785,96.649,108.155,110.05,108.273,95.531,1.155,104.065,100.472
3,141.586,101.616,100.954,99.562,98.855,1.115,95.538,109.753,95.455,103.649,96.994,102.954,1.069,103.792,108.625
2,141.706,10.885,99.5,100.956,112.322,117.405,1.058,100.058,11.059,100.631,106.906,108.072,116.56,1.14,109.9
4,141.902,93.08,1.065,113.912,1.035,106.499,112.525,10.032,103.717,0.996,117.006,1.014,104.913,99.623,11.049
1,141.96,98.023,10.199,96.567,10.224,10.647,104.242,9.655,112.493,10.303,110.527,11.203,9.551,98.757,10.065
1,142.168,104.083,9.965,108.179,9.816,11.098,106.75,10.096,103.973,10.801,108.618,10.107,10.725,102.262,9.939
1,142.196,102.23,9.978,95.344,11.404,11.068,109.815,10.004,105.504,10.76,111.065,10.189,10.062,107.072,10.308
4,142.245,101.727,1.114,107.052,1.116,105.503,101.322,9.616,103.562,1.027,113.526,1.169,105.769,107.252,9.49
3,142.641,96.836,98.549,108.776,94.985,1.062,108.456,100.33,107.746,104.845,101.702,93.6,1.129,111.511,99.002
1,142.65,97.793,10.72,110.008,10.709,11.268,104.095,9.664,110.621,10.863,110.591,10.657,10.155,113.142,10.904
4,142.856,101.797,1.15,117.346,1.076,115.171,96.145,10.306,94.415,1.018,106.399,1.157,102.04,99.643,9.895
1,142.897,109.947,9.597,109.416,10.24,9.921,110.56,10.111,109.524,10.243,95.693,10.909,10.101,104.776,11.336
3,143.182,99.022,100.199,97.548,109.962,1.101,111.028,101.235,103.381,98.781,110.957,93.373,1.05,107.224,106.938
2,143.205,11.119,95.873,116.522,99.789,110.782,1.139,114.897,11.701,104.676,106.935,108.466,114.304,1.031,107.884
2,143.388,10.394,112.027,112.333,107.28,110.514,0.998,104.117,11.286,99.639,104.656,109.896,109.395,1.111,108.002
2,143.431,11.033,104.067,113.77,100.281,106.737,1.042,115.919,10.375,108.013,104.001,109.262,116.69,1.142,102.51
1,143.46,108.103,9.203,95.506,11.133,10.069,107.652,9.867,104.764,10.572,95.489,11.192,11.249,107.335,9.648
1,143.639,103.864,9.685,108.764,11.171,10.072,114.533,9.98,113.522,10.301,102.863,11.145,9.827,106.968,9.829
3,143.718,97.719,101.838,111.489,102.142,1.183,110.982,112.453,106.245,103.062,100.44,95.531,1.115,111.298,107.098
2,143.879,11.131,104.676,102.163,111.191,104.058,1.099,99.393,10.235,104.996,109.298,98.259,108.517,1.038,104.681
2,143.944,11.815,96.241,105.581,104.131,117.68,0.972,115.242,10.619,112.739,101.298,109.665,108.411,1.053,106.499
1,144.091,104.182,10.801,101.889,9.641,11.272,110.627,9.994,114.17,9.629,112.196,10.161,10.75,102.231,11.165
2,144.163,11.08,103.739,100.688,105.176,103.747,1.034,115.299,11.631,103.889,101.558,113.74,112.289,1.114,100.132
4,144.205,93.299,1.075,115.136,1.173,101.135,111.641,10.294,106.794,1.02,102.694,1.113,111.379,104.831,9.656
3,144.457,100.185,99.454,105.28,94.488,0.999,106.778,113.167,109.631,99.865,99.512,102.106,1.087,96.973,104.551
2,144.606,10.806,103.468,101.626,99.537,107.417,0.986,113.701,10.778,101.992,102.351,107.546,105.398,1.017,99.236
1,144.839,112.024,9.657,99.641,11.395,9.701,102.508,9.659,98.229,10.189,104.428,10.577,9.959,112.705,9.976
3,145.308,99.929,106.437,110.547,107.014,1.07,97.69,99.936,109.453,97.685,107.301,104.199,1.066,109.235,105.93
1,145.686,101.084,9.513,112.342,10.065,11.238,113.614,10.661,114.974,9.432,99.326,10.159,10.826,100.213,10.019
2,146.038,10.61,98.792,113.237,104.105,115.956,0.97,109.862,11.555,105.051,104.962,97.425,100.843,1.138,99.297
4,146.293,95.67,1.021,113.244,1.124,110.902,108.935,9.955,107.158,1.065,116.514,1.101,103.608,106.532,9.815
1,146.426,104.113,10.284,97.434,11.461,9.732,98.928,10.779,97.372,10.662,102.792,9.836,10.269,114.175,11.224
3,146.77,98.324,106.748,97.261,102.106,1.026,107.0,111.836,96.95,110.074,100.12,102.509,1.056,104.212,96.85
2,146.911,10.943,98.276,117.881,108.644,115.42,1.051,108.002,10.215,100.563,106.957,108.377,114.919,0.989,113.79
2,147.156,10.756,112.383,100.296,114.161,114.177,1.017,116.663,10.32,113.526,108.815,97.746,112.223,1.034,110.102
1,147.21,104.894,9.483,102.219,9.818,10.418,110.558,11.198,111.87,10.645,95.673,10.366,11.219,115.956,11.312
3,147.311,99.621,110.686,103.393,96.444,1.017,103.065,110.276,101.135,97.591,111.09,109.549,1.035,97.459,106.201
1,147.418,113.03,10.212,111.903,10.78,10.317,100.484,10.255,113.338,10.307,96.573,10.658,10.885,111.353,9.962
1,147.5,113.287,9.7,104.644,11.206,9.737,99.833,10.823,113.761,9.685,103.311,9.695,9.778,112.266,9.874
1,147.547,106.345,9.973,99.158,10.211,11.152,106.089,10.896,97.812,10.801,105.567,9.715,10.888,103.399,10.392
1,147.555,114.974,9.408,112.199,9.807,9.637,112.678,11.376,104.287,10.01,94.714,9.927,10.41,112.705,10.809
2,148.033,10.301,95.786,102.638,103.401,114.896,1.138,99.548,11.437,109.173,114.394,103.912,101.046,1.068,100.531
2,148.14,11.315,112.753,113.852,105.367,114.888,1.148,106.682,11.733,105.817,108.535,110.744,106.464,1.061,100.158
3,148.177,111.836,111.557,97.981,104.578,1.002,96.528,106.366,103.442,111.843,102.293,94.911,1.071,112.582,98.025
1,148.203,103.162,10.065,104.142,9.869,11.035,102.431,10.958,112.866,9.543,99.376,10.36,10.072,111.692,10.305
1,148.23,100.462,10.093,106.965,11.021,10.803,106.333,9.708,110.689,9.973,106.197,10.36,10.332,102.564,10.861
2,148.281,11.323,111.13,117.269,112.429,115.962,0.983,117.188,10.607,102.709,117.62,102.642,106.196,1.032,103.424
3,148.447,100.439,95.335,111.849,102.999,1.098,99.477,105.417,95.528,95.114,105.366,102.06,1.025,99.685,101.584
1,148.47,107.839,9.496,104.109,10.202,10.914,99.396,10.301,112.386,9.542,97.37,11.094,10.132,103.739,10.649
2,148.498,10.873,102.719,117.736,108.911,114.536,1.039,100.951,10.914,111.437,117.262,108.034,107.247,1.068,103.46
4,148.665,106.732,1.143,108.684,1.12,108.716,95.616,10.053,100.432,1.045,116.514,1.035,112.197,111.451,11.051
2,148.878,10.486,109.448,101.69,111.983,115.271,1.129,104.741,10.02,108.639,117.675,103.429,100.944,1.125,113.333
2,148.914,11.758,96.073,111.797,103.391,110.135,0.989,109.309,11.831,96.726,103.859,103.267,101.787,1.118,114.851
1,149.699,113.169,10.304,99.159,11.171,11.28,107.734,10.577,101.989,9.783,106.706,10.595,10.128,109.244,10.856
3,150.117,102.345,111.043,104.667,93.986,1.026,99.113,102.742,95.288,99.454,110.337,104.994,1.11,96.698,103.922
2,150.419,10.503,110.058,107.552,102.976,109.686,1.103,116.985,11.692,105.86,104.656,114.061,116.5,1.073,108.59
2,151.081,10.122,111.317,109.908,97.237,110.784,1.114,115.021,10.806,99.192,114.314,97.078,114.166,1.15,110.189
2,151.124,11.317,101.626,113.394,105.989,106.522,1.122,113.594,11.359,96.428,117.806,107.495,101.726,1.021,102.077
2,151.178,11.081,98.771,104.716,98.418,102.648,1.132,109.205,10.855,106.69,103.979,111.896,106.797,1.085,99.895
3,151.724,109.008,94.979,99.765,107.795,1.116,104.676,107.722,95.696,105.86,103.695,108.035,1.177,101.323,105.581
3,151.805,107.518,99.346,103.362,94.039,1.091,99.477,104.431,107.372,99.012,100.286,101.211,1.161,99.518,112.215
2,151.91,10.115,101.301,110.572,109.892,114.426,1.126,111.796,11.057,107.787,106.132,113.569,111.158,1.087,106.999
1,151.912,109.715,9.853,107.312,10.614,10.509,105.718,10.958,101.865,9.486,104.976,10.855,10.36,113.144,10.203
4,152.168,106.436,1.154,105.478,1.178,106.038,111.375,9.671,107.181,1.12,111.987,1.154,115.572,101.537,10.562
1,152.184,98.793,10.896,101.418,9.95,10.234,115.353,10.956,98.023,9.874,105.178,10.282,9.697,103.527,11.099
3,152.266,108.859,97.378,100.821,108.786,1.141,101.272,99.206,102.713,104.925,98.798,100.956,1.081,98.402,98.562
3,152.294,95.072,105.416,106.398,101.86,1.085,103.737,103.692,104.826,110.794,101.576,108.035,1.083,105.757,103.629
3,152.671,107.841,100.162,99.498,108.242,1.083,99.574,107.191,108.803,108.084,97.203,102.336,1.076,105.83,108.748
1,152.892,110.121,10.935,105.855,10.282,9.939,108.422,10.396,100.234,9.352,100.896,10.609,11.042,105.937,10.05
2,152.985,10.927,100.643,108.324,109.308,114.304,1.109,100.606,11.694,97.769,113.33,103.952,110.514,1.034,99.829
2,153.031,10.658,105.259,107.426,108.379,109.733,1.035,109.976,10.033,107.509,107.464,99.73,103.192,0.982,102.827
3,153.042,100.775,110.807,102.106,107.328,1.061,111.028,111.751,96.613,100.998,108.72,93.642,1.04,96.284,104.295
3,153.122,109.425,104.635,101.459,94.731,1.069,100.216,99.41,102.39,97.542,106.663,97.252,1.129,100.539,110.733
2,153.193,11.822,101.584,112.954,106.409,111.282,1.058,111.686,11.642,97.227,111.819,103.774,102.952,0.997,102.414
3,153.341,108.785,98.701,96.053,100.226,1.059,110.193,104.596,111.18,95.236,109.598,97.384,1.042,110.852,104.533
4,153.408,97.024,1.12,115.924,1.078,98.965,105.071,9.6,95.571,1.152,109.074,1.079,104.315,101.845,9.419
3,153.69,108.146,111.104,112.021,99.933,1.105,110.418,102.945,105.215,98.895,108.051,106.049,1.073,107.835,104.167
1,153.713,107.936,9.634,103.211,10.743,10.57,114.017,9.627,109.218,9.509,99.186,9.722,9.916,105.019,10.362
1,154.45,106.768,10.126,105.752,9.791,10.847,108.645,11.293,100.297,9.473,107.663,10.37,10.712,101.616,11.19
1,154.946,106.784,10.127,110.358,10.983,10.671,106.823,10.059,111.369,10.554,110.829,9.666,9.521,107.072,10.406
2,154.952,11.778,108.558,105.028,107.876,101.281,1.022,117.443,11.878,107.418,112.039,98.093,105.748,1.139,101.788
1,155.439,100.1,10.289,109.754,10.924,11.19,111.499,10.121,114.13,10.185,104.056,10.525,10.425,108.073,9.844
4,155.758,102.87,1.16,100.43,1.037,110.974,98.101,9.591,100.574,1.147,109.502,1.108,106.038,101.509,11.01
2,156.002,10.821,98.44,111.318,109.148,114.723,1.032,102.363,11.043,112.494,103.279,113.591,106.333,1.044,105.693
2,156.284,10.806,105.782,107.75,100.544,102.696,1.115,111.693,10.239,104.262,116.047,104.168,113.12,1.058,105.406
4,156.52,93.396,1.008,111.17,1.061,107.758,107.784,10.539,108.223,1.074,102.313,1.174,107.623,99.884,10.406
2,156.535,10.858,103.571,105.424,108.523,109.686,1.005,106.999,10.122,104.016,103.141,104.569,116.138,1.133,107.436
1,156.648,103.503,9.902,112.009,11.049,9.65,106.178,10.096,109.963,10.429,95.691,10.638,11.196,103.239,11.141
4,156.79,107.044,1.091,108.749,1.084,107.099,111.074,9.468,98.153,1.11,100.427,1.017,114.817,109.806,9.546
3,156.864,95.455,105.295,106.298,103.011,1.047,109.309,98.606,109.369,101.222,108.544,103.011,1.178,96.731,106.67
2,156.886,10.577,100.231,105.891,113.736,103.113,1.014,102.992,11.658,110.115,107.293,102.937,113.402,1.142,114.821
1,156.921,105.135,10.714,97.169,10.274,11.248,98.603,11.003,101.566,9.318,98.876,9.732,9.498,110.599,11.266
1,157.109,112.918,9.599,98.501,10.454,9.822,99.493,10.587,100.48,10.332,100.727,9.971,9.768,99.493,10.848
1,157.209,98.208,9.211,95.209,11.327,10.051,98.821,10.904,112.386,10.064,107.923,11.105,10.951,102.207,11.314
3,157.305,98.059,98.827,107.643,97.316,1.012,95.414,99.936,106.218,102.233,102.824,93.601,1.035,98.495,108.623
4,157.394,110.145,1.063,105.756,1.116,104.17,95.929,10.822,101.39,1.128,111.274,1.066,98.751,106.559,9.594
2,157.449,11.633,112.135,101.362,99.426,113.575,1.132,112.004,10.787,100.651,112.616,105.475,117.897,1.117,105.051
2,157.501,10.499,97.289,110.172,99.588,117.493,1.018,106.06,11.353,111.799,114.314,107.091,109.499,1.108,114.165
1,157.565,110.302,9.779,98.259,10.782,11.038,113.539,10.972,98.97,10.19,103.596,11.371,11.236,103.946,9.814
1,157.565,115.138,9.242,103.792,9.701,11.122,110.914,10.054,115.139,9.334,107.925,11.363,10.924,103.703,9.692
4,157.938,106.291,1.13,100.569,1.105,113.729,106.77,10.323,100.646,1.112,117.454,1.056,106.162,101.549,10.072
1,158.131,104.949,9.414,105.977,10.28,11.272,102.48,10.22,113.888,10.625,107.81,9.938,10.059,98.757,10.987
4,158.244,100.038,1.072,105.972,1.107,101.59,99.674,10.6,110.041,1.127,102.153,1.17,112.912,112.499,10.239
3,158.412,101.734,111.214,102.142,106.997,1.05,100.0,107.697,112.567,95.428,105.2,102.142,1.181,98.402,109.704
1,158.57,101.865,10.056,109.122,11.006,11.034,98.339,9.706,97.358,10.207,105.178,10.379,11.064,104.192,10.297
1,159.312,101.432,10.057,97.064,10.379,9.846,98.625,10.05,99.191,10.169,109.651,11.23,9.55,110.088,11.344
4,159.48,96.534,1.096,104.664,1.178,113.716,102.388,9.89,105.92,0.985,117.21,1.088,99.761,112.823,9.713
2,159.515,11.658,107.481,102.397,103.556,117.11,1.121,113.796,11.113,104.79,105.91,111.154,111.705,1.086,99.863
3,159.577,98.747,110.056,96.334,100.811,1.172,99.733,95.868,108.799,107.452,105.189,105.551,1.111,98.38,103.0
2,159.61,10.695,98.389,110.443,105.781,108.251,1.116,112.179,10.895,106.385,100.761,114.097,100.336,1.077,106.949
3,159.69,111.333,106.786,111.633,102.175,1.1,97.31,99.732,103.584,97.887,100.111,107.022,1.025,108.316,108.151
3,159.833,100.871,99.309,107.303,94.883,1.095,105.891,109.562,102.5,101.581,97.327,96.017,1.044,110.469,105.331
3,159.883,110.987,110.056,98.418,101.487,0.997,102.594,102.781,104.442,99.495,98.767,102.311,1.069,107.648,113.248
1,160.254,103.249,9.798,109.69,10.454,9.876,106.016,9.785,108.514,9.354,110.686,10.789,9.857,115.518,10.065
2,160.367,10.395,109.939,103.803,105.989,111.487,1.078,105.831,11.033,104.607,113.242,96.627,114.645,1.134,100.014
1,160.692,107.018,10.657,103.643,10.934,10.835,108.938,9.851,107.284,10.491,106.452,10.834,11.253,110.895,10.882
2,160.76,10.4,112.971,119.035,99.895,118.966,1.091,109.309,11.306,100.223,118.374,109.198,101.787,1.035,101.643
1,160.876,107.522,9.543,107.46,9.653,9.776,101.854,9.714,105.189,10.78,108.467,9.657,10.926,102.752,11.165
3,160.961,99.467,102.027,109.824,98.776,1.081,103.766,106.054,102.642,101.828,102.133,95.044,1.182,106.538,99.301
1,161.067,105.293,10.321,95.959,11.358,11.104,99.543,9.698,109.872,10.426,106.931,10.086,11.275,105.361,10.403
2,161.088,11.049,107.069,118.116,98.129,117.753,1.088,105.672,11.201,98.63,108.737,110.905,108.394,1.147,106.908
2,161.23,11.271,103.913,110.003,104.962,107.135,1.092,99.241,11.07,104.008,119.004,103.247,109.829,1.02,114.949
1,161.325,106.711,10.375,102.792,9.971,10.084,100.868,9.959,109.022,10.015,96.405,11.148,10.912,107.186,9.609
4,161.445,97.925,1.148,100.43,1.106,103.166,109.474,10.474,102.542,1.055,111.535,1.053,115.8,111.375,11.086
1,161.582,108.925,10.023,111.319,10.91,9.855,110.221,11.047,102.985,10.767,95.453,10.752,11.035,114.181,10.191
3,161.852,95.34,102.733,106.563,97.316,1.101,105.664,102.168,100.87,110.2,110.139,102.772,1.139,109.462,107.619
3,161.91,94.922,96.792,104.549,93.275,1.094,104.487,108.798,95.796,94.557,95.634,94.261,1.025,99.685,107.728
1,162.396,100.883,10.153,105.453,9.964,9.846,105.642,10.42,105.887,10.781,94.896,10.18,10.137,107.674,9.724
1,162.417,112.557,9.295,106.967,11.077,11.12,102.993,9.959,99.071,10.307,105.812,11.123,10.275,103.739,9.635
1,162.473,101.864,9.559,107.095,10.664,10.491,113.739,9.742,110.87,10.317,99.987,10.239,9.646,103.373,9.874
2,162.535,10.599,101.966,103.512,98.18,109.809,1.076,102.075,10.876,110.046,116.587,114.555,104.216,1.15,117.813
3,162.851,95.868,108.243,97.567,94.561,0.999,98.388,110.404,95.895,110.976,106.015,94.039,1.145,103.409,112.285
3,162.941,110.894,97.961,102.949,109.21,1.112,110.445,108.451,101.403,111.214,97.174,105.445,1.084,102.594,106.027
3,163.185,110.87,101.838,107.605,94.233,1.18,105.759,103.84,96.162,94.964,97.818,101.815,1.179,104.792,101.253
3,163.6,102.093,108.581,112.11,94.649,1.037,97.95,112.142,108.883,96.766,108.607,102.76,1.003,110.999,96.96
3,163.683,95.866,111.843,108.474,103.149,1.038,97.043,97.63,107.473,103.042,103.32,108.624,1.087,111.457,109.488
4,163.772,102.081,1.036,111.136,1.076,106.0,107.784,10.938,104.642,1.126,103.154,1.009,105.091,109.868,10.935
2,163.833,11.375,99.842,117.079,102.487,118.75,0.986,116.726,11.831,98.761,102.168,104.94,110.836,1.108,100.562
2,163.866,10.611,107.121,112.099,109.124,115.962,1.095,105.291,10.233,102.252,104.089,99.426,118.935,1.036,104.855
3,164.046,100.098,100.885,98.587,105.442,1.067,108.796,103.522,109.6,95.834,99.035,104.369,1.091,96.206,100.7
3,164.311,101.07,98.0,106.921,100.539,1.095,111.113,109.76,95.455,110.797,96.536,106.794,1.041,97.535,97.375
1,164.344,112.808,9.684,104.972,10.443,9.803,107.734,10.091,103.315,9.923,105.141,9.759,9.88,105.718,9.959
3,164.649,96.658,103.629,111.812,101.619,1.035,99.766,110.413,104.275,102.099,109.295,104.908,1.131,99.518,101.713
3,164.692,102.339,102.522,94.994,105.341,1.086,107.284,96.556,104.497,107.925,108.372,95.354,1.075,97.557,96.22
1,164.8,111.969,9.483,100.931,10.752,10.514,108.614,9.648,110.302,10.463,111.997,10.87,9.994,105.642,10.084
3,164.814,101.137,110.165,107.896,109.962,1.031,104.454,110.803,101.83,99.463,112.058,106.794,1.046,105.83,104.808
1,165.065,109.11,9.39,97.255,9.918,9.848,101.185,10.389,108.925,9.5,107.553,10.788,11.064,111.711,9.829
3,165.073,103.066,106.884,108.629,97.259,1.052,104.79,104.957,110.764,101.581,110.504,109.198,1.096,104.571,113.243
2,166.45,10.804,102.653,118.771,103.087,111.342,1.02,112.475,11.033,112.551,105.305,107.091,116.992,0.972,101.122
4,166.48,95.679,1.052,115.333,1.007,116.438,98.445,10.249,95.67,1.145,102.087,1.172,103.266,110.327,9.857
3,166.492,101.171,97.195,104.13,108.97,1.078,102.392,105.154,94.935,103.316,108.912,105.246,1.021,112.301,110.778
3,166.511,109.102,107.054,96.835,94.756,1.032,102.342,102.647,105.84,109.787,105.927,95.226,1.125,110.819,109.793
2,166.578,11.834,100.833,117.758,104.131,118.292,1.003,107.892,10.149,99.71,112.887,97.427,102.921,1.076,101.565
4,166.63,95.438,1.005,109.419,1.149,109.082,98.984,10.332,100.397,1.167,111.313,1.009,106.603,99.941,11.161
1,166.887,102.221,10.799,95.693,10.988,11.177,99.718,10.369,113.707,10.289,110.85,10.696,9.518,100.483,10.397
1,167.086,108.794,9.812,108.582,10.584,10.609,116.063,9.867,110.974,10.251,99.95,10.758,10.204,114.361,10.941
1,167.213,109.947,9.638,111.065,10.578,9.73,110.705,10.012,112.752,10.668,99.95,11.363,10.691,113.586,11.013
4,167.487,98.715,1.069,112.052,1.041,101.913,105.929,9.658,95.172,1.029,106.161,1.161,112.501,102.209,10.902
4,167.784,105.167,1.007,101.568,1.018,98.426,104.772,10.582,97.252,1.142,103.282,1.15,112.315,100.18,9.697
4,167.86,101.656,1.001,113.072,1.114,107.238,108.621,9.59,94.697,1.039,109.546,1.069,114.532,110.219,10.048
4,168.241,93.606,1.112,105.933,1.163,103.773,96.569,10.4,99.377,1.05,101.036,1.09,110.389,111.721,10.37
4,168.304,97.945,1.08,116.107,1.112,100.408,98.228,9.692,93.436,1.16,112.12,1.051,107.466,113.32,9.941
3,168.336,100.987,95.41,103.431,92.774,1.017,104.745,106.27,103.715,95.17,97.11,109.899,1.01,101.953,105.236
1,168.371,100.576,9.349,108.104,10.658,9.545,109.203,11.354,100.367,9.313,107.258,11.24,9.883,97.593,10.856
1,168.67,112.987,10.142,107.313,10.364,9.958,106.75,10.651,104.84,9.736,100.787,10.107,9.919,102.144,10.042
1,169.044,104.921,9.221,109.876,10.966,9.707,103.761,9.768,97.717,9.35,111.835,10.219,9.855,100.145,10.986
1,169.552,106.919,10.486,102.418,10.637,9.577,107.988,11.197,114.021,9.704,106.037,10.39,10.215,99.448,10.32
3,169.819,108.512,99.933,100.448,108.14,1.114,98.166,112.142,105.79,98.46,96.713,95.226,1.061,103.02,104.596
2,170.235,10.583,108.998,107.553,103.005,110.66,1.049,108.507,10.383,113.541,114.086,114.596,100.23,1.009,103.307
1,170.334,101.885,10.468,108.076,11.376,10.553,113.976,10.712,101.219,9.23,109.519,10.758,10.928,113.163,11.198
2,170.352,10.339,104.161,101.632,103.343,101.423,1.019,110.228,11.044,106.369,105.424,100.455,109.686,1.136,114.923
2,170.576,10.233,108.019,104.768,102.976,111.705,0.975,115.429,10.5,101.041,117.103,109.308,102.499,0.98,103.297
1,170.679,103.983,10.846,98.478,10.639,10.046,98.627,10.322,101.156,9.214,97.223,11.172,10.725,103.312,10.458
3,170.703,108.155,94.85,107.571,108.185,1.105,98.624,100.522,108.28,103.714,101.556,109.895,1.05,106.219,108.011
3,170.762,105.304,101.386,99.081,98.639,1.045,105.245,110.97,100.156,105.411,105.845,98.003,1.047,108.745,103.099
1,170.979,103.503,10.185,110.686,11.029,9.741,113.701,11.089,115.186,10.452,104.441,10.571,11.233,99.717,9.636
4,171.056,108.794,1.164,116.514,1.1,104.506,108.304,10.815,99.152,1.021,110.153,1.172,110.546,111.248,9.825
1,171.233,107.649,9.523,108.522,10.762,10.815,112.203,9.739,108.336,9.794,107.683,9.791,9.637,101.405,10.006
2,171.391,10.689,103.491,104.677,109.02,107.661,0.976,112.07,10.579,110.493,104.046,104.949,110.053,1.116,103.726
3,171.542,96.407,107.292,101.448,95.447,1.028,113.036,111.188,109.625,109.531,110.046,106.06,1.177,97.643,113.675
1,171.723,107.13,10.566,108.253,9.791,11.185,112.365,10.448,104.164,9.561,100.514,10.873,10.432,105.686,10.382
1,171.751,105.029,9.684,96.313,9.692,9.569,109.635,10.971,103.996,9.856,105.324,9.917,10.252,104.427,10.976
2,171.868,10.595,95.74,109.345,114.802,117.873,0.986,111.361,10.896,101.762,114.523,99.44,109.699,1.134,99.297
4,172.24,107.098,1.052,111.516,1.078,99.681,107.546,10.102,108.096,1.058,105.762,1.115,104.544,108.686,10.104
3,172.608,106.258,110.359,102.074,95.15,1.087,111.762,112.339,112.55,95.811,102.848,95.442,1.164,99.088,99.168
1,172.745,111.057,10.572,96.026,11.272,9.768,109.394,10.823,107.945,9.349,95.417,10.892,9.748,108.925,9.917
2,173.187,11.437,105.259,110.454,99.44,116.587,1.032,109.415,11.831,100.356,112.15,103.119,117.926,1.121,107.173
1,173.208,98.084,9.227,102.343,11.032,9.617,107.701,11.225,113.522,9.983,111.903,11.264,10.809,99.367,11.195
3,173.375,105.465,100.793,107.899,93.973,1.028,108.154,99.526,101.83,102.514,111.168,95.428,1.154,106.81,111.88
2,173.449,10.383,108.037,118.491,105.008,113.605,1.016,113.117,11.027,103.462,118.239,113.788,102.01,1.019,100.342
2,173.461,10.312,104.304,114.81,96.654,101.233,1.046,107.67,10.923,96.241,109.599,107.973,117.981,1.097,113.463
4,173.623,109.447,1.079,101.397,1.115,100.653,109.474,9.758,93.286,1.0,117.485,1.121,114.765,103.056,10.307
3,173.683,101.677,100.667,106.306,95.516,1.071,97.659,97.742,100.439,112.292,97.057,101.035,1.035,104.039,113.65
1,174.191,101.204,9.363,106.94,10.078,10.986,105.889,10.805,108.752,9.221,98.711,10.811,10.436,107.916,10.543
3,174.201,97.988,105.578,105.914,93.946,1.015,110.313,112.803,102.39,107.494,99.493,99.2,1.156,104.065,100.017
4,174.229,101.228,1.093,109.55,1.165,112.381,98.741,10.167,109.924,0.99,100.559,1.074,105.705,108.254,9.684
2,174.873,10.425,102.646,108.381,97.246,101.699,1.078,114.981,10.405,111.844,118.937,102.129,112.208,1.02,105.416
1,174.938,110.689,9.599,103.776,11.245,10.572,103.141,10.007,113.484,9.87,98.122,9.759,10.575,105.47,10.308
2,174.949,10.085,105.893,111.822,103.267,105.627,0.988,105.831,10.496,108.558,111.237,97.427,105.358,1.062,105.051
3,175.014,109.0,110.644,99.169,97.689,1.052,98.349,108.968,111.508,107.913,111.344,109.557,1.012,107.943,103.872
3,175.404,109.496,109.96,102.689,106.677,1.181,98.551,108.348,112.84,108.373,105.845,100.251,1.067,110.966,97.287
4,175.492,92.797,1.018,115.622,1.172,115.871,99.762,10.084,109.694,1.134,103.738,1.034,106.038,98.807,9.447
2,175.55,11.167,99.192,105.424,105.367,105.44,1.066,101.241,10.174,108.794,101.632,108.368,115.095,1.151,102.564
2,175.568,11.703,99.51,102.08,114.223,117.803,1.055,101.957,10.051,98.998,110.343,111.298,115.254,1.12,110.189
1,175.577,108.545,9.677,103.634,9.882,9.658,98.921,10.919,98.795,10.371,103.418,10.517,10.346,106.298,10.165
3,175.633,99.455,112.402,103.333,95.075,1.168,99.646,110.288,95.289,108.584,109.555,109.899,1.161,100.963,100.239
4,175.956,105.309,1.098,112.59,1.104,105.705,107.306,10.285,104.765,0.998,101.105,1.016,116.025,96.852,10.514
3,175.966,104.846,109.9,109.583,99.126,1.051,103.567,111.678,112.265,111.272,101.528,100.192,1.172,110.837,100.444
2,175.984,11.776,99.069,115.289,113.659,118.587,1.118,101.369,11.229,106.608,100.691,112.308,103.669,1.069,101.565
3,176.017,95.018,108.27,108.07,93.946,1.046,100.908,100.578,95.289,109.102,99.565,108.931,1.052,97.95,98.391
2,176.184,10.929,99.069,117.84,100.321,118.697,1.125,114.684,10.438,97.947,104.005,96.681,110.859,1.019,104.946
1,177.692,98.492,10.543,112.073,11.42,10.966,113.399,11.378,112.208,9.557,104.464,10.047,9.693,104.541,11.137
1,177.883,114.185,10.478,96.409,11.237,11.148,102.505,10.011,110.207,10.43,104.334,9.759,10.301,115.575,10.385
2,177.937,11.101,98.671,114.57,103.344,112.813,1.038,117.775,11.496,97.896,110.572,109.951,102.027,1.06,105.682
2,178.165,11.119,95.848,118.686,108.911,106.552,0.983,106.039,11.321,102.516,107.664,111.191,107.661,1.058,111.564
1,178.263,109.37,10.1,107.368,10.559,9.519,106.333,9.936,104.417,9.22,110.875,9.653,10.847,108.396,11.03
3,178.558,106.448,106.654,111.801,109.549,1.162,100.568,106.024,98.399,104.516,106.379,107.977,1.06,97.967,109.646
4,178.56,93.931,1.122,106.943,1.094,105.725,98.548,10.801,100.743,0.996,105.794,1.11,110.33,110.065,10.392
3,178.602,106.582,97.598,100.212,94.616,1.069,96.991,110.471,112.664,97.333,110.22,94.495,1.082,96.118,110.223
3,178.655,95.224,106.728,106.063,99.224,1.078,103.319,98.757,97.13,107.292,108.429,98.997,1.126,105.757,101.22
4,178.699,95.172,1.086,116.111,1.05,115.931,108.646,9.591,100.922,1.062,102.766,1.091,99.516,95.751,10.435
3,178.852,112.657,100.557,103.313,108.246,1.002,111.087,113.501,98.577,109.908,102.128,107.374,1.155,97.69,97.756
4,178.904,107.785,1.048,101.619,1.178,104.994,96.4,10.715,105.868,1.076,117.218,1.016,104.449,98.723,10.248
2,179.108,10.174,95.979,104.738,103.294,101.644,1.058,112.505,10.221,111.393,103.058,109.941,109.88,1.11,105.291
3,179.122,107.325,101.684,105.229,109.899,1.037,107.587,100.485,99.427,95.985,111.488,105.213,1.019,101.747,113.392
3,179.666,110.055,97.739,102.666,103.939,1.134,104.454,110.223,112.453,110.237,108.891,97.249,1.169,101.272,104.886
3,179.713,104.746,111.174,97.327,103.386,1.104,108.154,104.147,102.634,105.146,110.262,96.505,1.088,97.73,96.868
4,179.918,100.823,1.044,112.517,1.017,103.266,106.839,10.869,101.145,0.997,101.35,1.095,115.926,113.013,11.158
1,180.208,96.95,9.303,106.649,10.716,9.954,101.876,10.809,112.839,10.064,99.186,10.163,10.653,101.294,11.325
1,180.488,105.469,9.741,98.876,10.886,11.193,103.041,9.674,114.76,9.654,108.987,9.861,9.678,107.167,11.224
3,181.148,112.418,100.667,103.925,104.994,1.082,108.374,108.497,95.072,107.01,97.336,109.063,1.118,99.309,107.618
3,181.208,97.862,111.972,99.946,97.723,1.135,97.31,107.992,95.767,96.297,96.686,97.032,1.082,100.998,98.697
2,181.312,10.196,107.063,114.103,108.882,118.691,1.028,103.818,10.085,109.664,103.27,110.867,101.636,0.97,114.201
3,181.442,107.449,99.36,109.259,97.032,1.127,103.371,105.331,109.11,110.05,105.914,95.042,1.161,97.51,104.286
1,181.47,103.81,10.328,98.02,10.18,10.73,109.786,10.799,109.016,9.504,106.692,10.549,10.215,109.434,10.059
2,181.685,11.639,97.186,115.914,108.466,108.822,1.004,102.145,10.922,102.976,104.11,102.755,112.235,1.036,107.616
3,181.752,107.034,109.313,109.771,101.035,1.076,95.762,108.439,110.61,107.134,107.897,109.198,1.17,106.036,109.213
4,181.802,100.951,1.028,106.375,1.053,116.663,97.867,9.461,100.279,1.064,108.749,1.1,106.065,97.6,9.859
2,181.851,10.148,108.768,112.32,102.306,106.05,0.976,113.415,10.233,107.735,115.662,103.952,104.034,1.121,112.676
3,181.985,111.517,98.781,110.802,103.821,1.08,101.531,96.747,112.792,101.799,105.845,94.731,1.176,101.921,113.501
2,182.031,10.043,103.926,103.859,101.867,116.333,1.055,103.044,11.711,107.112,101.372,98.162,101.986,1.108,111.07
1,182.095,98.345,9.37,103.543,10.983,11.058,111.853,10.459,105.19,10.327,110.787,11.013,11.078,111.525,10.153
1,182.317,105.657,9.196,106.931,9.894,10.619,113.701,10.587,101.233,10.294,97.424,10.577,11.18,105.984,11.151
2,182.362,11.452,107.481,119.082,107.786,116.681,1.083,107.892,11.076,98.967,109.179,106.105,116.916,1.121,113.973
3,182.432,96.361,99.012,100.111,94.865,1.14,95.611,109.098,109.356,110.916,99.917,93.427,1.091,96.22,110.936
3,183.026,95.018,98.488,101.649,96.017,1.031,103.035,100.943,111.344,110.778,99.558,93.932,1.021,101.323,101.253
4,183.226,99.909,1.154,111.79,1.172,104.776,100.252,9.458,105.492,1.165,114.196,1.029,101.356,97.495,10.146
3,183.344,98.741,97.487,109.491,98.427,1.045,108.425,105.882,111.123,100.677,95.231,93.743,1.015,109.421,97.642
1,183.553,111.515,9.527,97.394,10.165,10.013,102.533,9.901,103.687,10.395,105.065,10.789,10.756,107.695,10.998
4,183.839,93.098,0.996,102.5,1.148,110.743,110.517,9.801,105.108,1.016,105.232,1.049,98.7,105.86,10.709
4,184.002,102.755,0.996,104.097,1.004,115.8,98.318,10.709,103.696,0.993,112.575,1.055,101.812,108.635,10.83
2,184.04,11.552,96.548,101.809,114.097,100.648,1.089,113.912,10.018,100.352,108.824,108.717,103.747,1.068,115.005
1,184.297,108.059,9.668,111.065,11.197,10.108,106.584,11.11,105.264,10.27,96.987,11.172,11.098,113.87,10.023
2,184.443,11.83,109.584,116.961,111.889,111.27,1.095,107.013,11.795,104.162,111.952,100.358,115.233,1.083,99.14
1,184.669,97.187,10.144,100.728,10.818,11.004,109.829,11.313,112.682,9.266,106.231,11.063,10.068,100.793,10.422
4,184.781,109.581,1.02,117.485,1.146,107.767,97.088,10.067,94.514,1.075,100.621,1.121,115.1,110.692,9.503
2,184.824,11.206,108.248,111.694,99.599,112.223,0.986,99.456,10.873,99.5,103.267,107.495,116.137,1.034,110.578
3,184.915,105.725,104.392,102.583,103.796,1.14,107.44,97.235,105.489,110.056,99.791,110.163,1.003,98.03,98.585
1,184.925,109.254,10.644,102.586,11.206,9.766,102.207,10.239,109.022,9.952,111.322,10.202,9.531,105.946,10.958
2,185.058,10.662,112.94,101.385,101.984,108.809,1.064,114.222,10.847,108.472,114.063,106.149,117.11,1.008,116.431
3,185.16,101.05,98.895,111.146,101.55,1.019,105.982,103.476,106.461,107.516,111.668,96.354,1.08,100.333,106.116
1,185.218,111.89,10.234,105.342,10.474,10.448,105.943,9.767,103.973,10.125,98.645,11.097,10.877,104.201,11.293
4,185.423,105.494,1.017,117.581,1.1,111.773,105.794,10.26,94.363,1.09,112.12,1.014,115.871,111.543,10.046
4,185.473,92.83,1.083,102.439,1.156,116.714,111.248,11.07,107.483,1.154,102.964,1.073,105.114,109.47,9.907
1,185.547,107.77,9.284,111.962,9.732,10.803,103.34,10.879,103.957,10.739,111.065,11.025,9.557,104.013,10.806
1,185.827,107.553,9.557,97.623,10.664,10.107,98.781,11.131,105.808,10.421,103.298,11.241,9.507,111.128,9.674
2,186.023,11.826,106.255,106.935,105.176,114.305,1.017,112.179,11.85,102.642,112.615,108.961,117.803,1.003,106.836
2,186.201,10.655,102.719,112.368,99.737,118.338,1.135,107.812,10.792,103.664,116.755,105.758,118.874,1.043,115.751
2,186.392,11.687,108.897,108.535,106.613,103.916,1.1,109.52,11.59,98.973,101.626,109.941,101.562,1.149,101.025
2,186.461,11.431,102.862,104.827,110.844,103.64,1.027,109.283,11.101,103.533,104.956,100.221,104.376,1.136,117.801
1,186.577,98.487,9.812,101.472,10.871,11.275,113.722,9.673,109.648,9.969,109.507,11.142,9.755,103.527,10.936
2,186.896,10.822,100.82,103.86,113.606,116.252,1.053,107.884,11.537,110.086,100.228,114.361,107.666,1.128,102.497
2,186.929,10.829,105.16,104.61,109.262,104.465,1.008,116.04,10.601,98.572,102.41,102.74,108.778,1.109,104.956
2,186.966,11.057,103.677,112.304,113.74,111.819,1.003,103.602,11.682,97.93,117.262,96.66,100.511,0.976,117.443
4,187.289,102.452,1.122,105.756,1.105,111.253,108.304,9.979,101.324,0.988,117.685,1.073,99.588,103.833,9.927
4,187.486,97.556,0.989,114.557,1.141,111.253,98.329,11.143,93.466,1.149,108.525,1.171,106.07,112.499,11.113
3,187.586,108.785,95.664,95.424,108.97,1.05,113.399,108.795,101.352,105.858,112.383,107.198,1.125,107.798,108.795
3,187.766,100.572,103.506,110.734,109.378,1.039,96.054,109.483,96.929,98.306,99.286,104.908,1.12,100.749,103.376
1,188.192,104.859,10.243,106.661,11.038,10.954,108.645,10.618,103.926,10.019,108.876,9.95,9.664,115.709,9.646
2,188.304,10.578,111.385,115.842,108.277,108.374,1.033,110.218,10.812,112.125,105.91,107.642,114.089,1.07,102.392
3,188.601,96.91,112.402,100.632,99.248,1.156,107.83,104.451,98.845,102.891,95.634,98.893,1.051,96.951,99.922
2,188.603,10.788,101.301,100.547,101.316,117.815,1.119,109.916,10.595,112.175,110.948,98.129,112.96,1.038,114.41
4,189.048,101.06,0.989,110.429,1.014,105.926,97.808,10.87,106.575,1.06,111.947,1.044,106.541,110.692,9.579
4,190.16,101.966,1.116,113.613,1.014,112.001,99.4,9.526,96.492,1.087,101.35,1.017,98.449,97.427,10.314
3,190.21,105.919,98.386,101.48,108.698,1.0,103.402,107.697,104.527,96.04,103.193,106.734,1.053,105.445,100.943
4,190.384,99.504,1.096,105.601,1.019,101.841,101.073,9.463,102.004,1.016,103.45,1.169,110.263,113.58,10.604
4,190.404,100.755,1.011,114.876,1.105,107.807,104.068,10.807,109.197,1.147,106.043,1.045,111.362,102.225,10.916
1,190.442,104.84,10.106,97.203,10.763,9.98,114.111,10.526,104.484,10.468,101.681,10.319,10.317,101.196,9.773
4,190.46,105.707,1.08,118.412,1.077,114.765,97.029,11.04,102.15,1.009,100.377,1.176,98.38,113.248,9.594
1,191.128,111.326,9.196,103.715,10.495,10.889,106.783,9.764,114.44,10.791,104.79,10.954,10.11,114.111,9.714
4,191.201,105.309,1.156,111.617,1.076,99.18,99.622,9.781,97.751,1.095,112.513,1.006,104.564,102.608,10.582
2,191.603,10.709,105.239,113.469,107.218,110.859,1.075,117.667,11.769,106.967,105.028,104.32,105.241,1.051,100.627
3,191.756,97.234,105.858,98.723,99.933,1.027,109.337,107.481,95.575,100.341,111.732,106.457,1.025,96.154,95.94
1,192.617,105.511,10.521,101.828,10.553,11.057,106.15,9.741,114.8,9.435,106.014,9.792,11.193,113.766,11.284
1,192.62,113.169,9.318,103.758,10.635,9.917,102.501,10.074,107.954,9.814,107.755,11.322,10.378,111.917,11.285
1,192.632,105.12,10.78,106.831,11.424,10.866,111.731,10.307,109.856,10.421,107.528,11.408,9.755,114.356,10.121
1,192.685,101.203,10.665,111.874,11.448,9.888,115.117,10.813,113.238,9.643,104.334,11.439,9.973,99.756,11.328
2,192.699,11.378,106.55,106.666,113.829,116.077,1.11,103.761,10.203,103.889,108.509,98.186,117.557,1.06,115.341
4,192.768,107.785,1.103,103.91,1.148,113.933,113.086,9.838,104.075,1.041,104.097,1.035,106.123,100.071,10.938
3,192.85,107.746,102.63,96.819,107.354,1.156,102.919,101.391,105.06,108.579,110.547,92.818,1.175,113.025,97.742
2,192.936,10.595,97.896,100.296,109.009,116.045,1.014,100.168,10.937,108.768,114.035,112.308,102.165,1.087,101.758
3,193.04,98.465,109.451,98.736,107.514,0.998,108.255,113.483,98.88,101.684,107.277,97.803,1.136,113.064,100.444
4,193.195,95.52,1.021,112.816,1.133,115.173,112.143,10.908,93.402,0.998,105.159,1.098,102.329,99.603,10.545
1,193.514,114.149,10.799,110.358,10.501,9.942,98.49,10.9,103.201,9.829,108.442,10.271,10.657,111.731,11.141
2,193.609,11.64,106.69,117.84,97.822,101.348,1.136,113.79,11.286,100.547,105.012,101.741,113.972,1.022,102.179
3,193.64,105.126,109.422,96.603,108.554,1.131,109.657,97.109,105.024,105.858,107.908,96.449,1.063,98.003,102.781
2,193.805,10.339,109.506,117.488,113.365,106.06,0.995,99.424,11.717,108.83,118.469,104.962,112.14,1.026,114.086
1,193.876,105.413,9.652,112.218,10.711,11.206,111.749,11.045,97.698,10.15,94.973,10.909,10.423,101.5,10.421
1,193.939,112.918,10.542,101.418,10.211,10.657,106.311,11.227,105.189,10.75,107.615,10.193,9.661,107.702,9.692
4,194.595,109.487,1.02,103.45,1.111,98.894,95.751,9.805,104.984,1.164,112.272,1.014,103.608,107.068,9.656
2,194.733,10.873,104.315,104.62,102.997,106.249,1.05,105.532,10.749,104.464,113.778,99.51,110.609,1.06,101.643
1,194.809,105.029,9.591,99.159,10.037,9.64,105.533,10.385,109.68,10.257,100.727,10.474,10.134,102.307,10.088
4,195.209,105.167,1.101,100.669,1.093,111.946,109.176,10.181,109.197,1.122,105.313,1.17,108.035,102.368,10.737
1,195.245,100.306,10.029,109.858,10.598,10.94,100.439,9.659,98.104,10.491,109.638,9.846,10.58,100.145,10.323
4,195.285,97.059,1.021,109.499,0.997,113.49,104.039,10.164,108.858,1.136,105.756,1.061,101.138,98.285,9.954
1,195.32,109.648,9.893,108.192,10.884,10.252,109.872,9.816,101.651,10.332,100.828,11.26,10.043,100.02,10.793
1,195.367,113.263,9.774,110.86,10.996,10.374,109.312,9.959,114.754,9.704,99.678,10.123,10.395,100.484,10.127
4,195.407,93.182,1.165,109.343,1.17,99.199,99.159,9.795,109.676,1.001,102.447,1.142,108.426,111.543,10.869
4,195.639,104.837,0.997,104.259,1.1,110.559,110.338,10.702,102.284,1.111,106.375,1.141,110.899,111.114,9.593
4,195.642,97.715,0.997,105.751,1.092,112.187,96.997,10.571,104.804,1.017,116.428,1.085,111.362,100.388,10.828
3,195.844,106.107,106.686,102.544,102.106,1.032,96.991,101.536,96.382,100.352,100.212,102.45,1.171,109.003,100.273
3,195.858,105.126,102.718,109.367,103.123,1.001,110.581,95.911,101.535,102.514,100.602,109.517,1.166,102.85,100.051
1,196.022,111.408,9.657,103.135,10.294,9.766,115.783,10.553,105.764,10.681,107.768,11.245,10.976,113.641,10.885
3,196.309,112.475,107.557,108.771,103.216,1.029,103.792,104.957,102.931,107.321,94.81,99.395,1.054,110.088,111.461
2,196.39,10.972,96.272,101.504,106.652,102.499,1.102,108.095,10.655,100.688,114.422,100.455,112.132,1.121,108.379
4,196.472,109.434,1.05,108.965,1.033,116.759,108.608,11.139,109.783,1.126,109.625,1.152,111.58,95.848,10.277
3,196.633,107.372,108.78,108.982,101.89,0.997,109.107,102.825,95.548,100.059,97.751,102.723,1.136,113.427,97.381
2,196.707,11.692,105.782,107.986,113.428,118.796,1.108,106.539,11.2,102.642,101.73,111.488,106.906,1.027,110.669
2,196.811,10.306,98.722,105.897,112.587,107.221,1.126,113.236,10.174,107.02,100.897,97.105,101.221,0.976,107.77
4,196.848,104.966,1.017,102.015,1.115,108.018,105.766,10.506,107.228,1.104,112.302,1.164,108.598,111.164,10.173
1,197.075,110.898,9.879,101.284,10.212,10.215,105.758,10.282,97.577,10.908,103.745,9.793,9.577,111.412,10.856
2,197.147,10.626,96.543,119.116,102.099,118.935,1.01,117.409,10.999,107.185,115.879,104.424,110.712,1.062,113.424
3,197.295,100.727,106.013,97.328,108.779,0.999,100.18,103.718,96.884,110.53,94.739,99.693,1.062,98.471,112.07
1,197.325,102.513,10.017,107.588,11.3,11.116,102.176,10.587,111.154,9.879,96.026,10.62,10.142,116.029,10.425
2,197.369,10.563,107.812,107.553,105.81,113.301,1.13,104.855,10.016,107.069,117.997,109.803,100.407,1.102,112.004
1,197.548,111.326,9.615,108.816,9.712,10.924,100.145,10.263,107.844,9.392,104.448,10.014,9.969,106.083,11.323
1,197.634,110.013,10.011,109.876,10.669,10.204,111.499,11.364,114.773,9.986,112.496,11.09,10.473,101.665,10.524
2,197.756,10.289,104.161,105.35,96.964,101.265,1.139,116.049,10.085,98.389,117.742,106.763,116.976,1.015,104.74
4,197.871,103.852,1.134,108.878,1.012,114.133,97.088,9.709,104.443,1.154,107.548,1.109,98.398,109.474,10.215
2,198.081,11.386,97.365,106.939,108.718,102.075,1.138,107.284,11.064,95.659,116.028,104.845,111.869,1.034,115.005
1,198.237,104.713,10.463,111.347,9.795,10.514,109.461,9.724,104.957,10.75,100.924,10.723,10.405,106.812,10.961
1,198.357,110.817,10.541,108.702,11.27,11.207,107.055,10.309,103.996,10.439,99.678,9.925,11.064,100.112,11.261
1,198.402,112.554,10.284,106.567,11.094,10.226,103.147,10.327,104.257,9.242,111.086,10.099,11.237,115.406,11.369
1,198.545,114.44,9.613,95.616,10.037,11.012,101.51,10.759,98.45,10.641,109.616,10.944,10.857,111.664,10.883
1,198.63,108.935,10.479,97.54,10.065,10.862,107.894,10.067,103.632,10.818,100.672,9.669,10.976,98.627,9.681
4,198.804,93.911,1.147,107.736,1.171,99.017,99.785,9.63,95.279,1.066,112.381,0.998,101.19,103.06,10.63
3,198.824,110.519,104.93,106.128,107.349,1.021,112.43,97.154,112.24,112.135,97.183,109.931,1.05,100.681,103.798
3,198.837,106.245,98.539,105.758,105.849,1.038,113.43,97.797,110.435,107.155,95.491,106.998,1.165,111.972,101.029
4,198.922,98.689,1.018,103.053,1.016,100.035,110.619,11.07,109.488,1.141,117.581,1.17,113.549,110.533,9.56
2,198.948,10.081,107.069,112.954,111.831,111.29,1.127,99.605,10.78,101.301,113.443,113.665,112.842,1.15,111.544
1,199.069,98.851,10.421,95.758,10.065,9.824,103.059,9.813,107.77,9.373,111.835,9.862,9.908,109.401,10.076
4,200.218,106.546,1.041,104.812,1.126,109.328,111.281,10.588,107.413,1.077,116.6,1.018,99.777,108.916,10.749
3,200.226,96.057,101.625,100.283,98.14,1.009,101.08,108.089,102.634,100.751,108.429,94.178,1.085,95.811,112.72
4,200.521,101.727,1.162,110.706,1.081,98.514,100.647,10.249,100.934,1.116,100.621,1.049,114.102,97.005,10.577
3,200.552,99.415,96.141,98.49,109.343,1.169,97.498,110.634,103.57,101.0,107.564,106.889,1.124,111.14,102.409
3,200.724,102.713,108.78,104.073,102.484,1.054,102.255,104.98,97.079,97.752,99.558,105.993,1.003,101.683,113.272
1,200.797,110.635,10.48,102.586,11.133,10.93,99.448,9.68,100.441,9.639,105.977,10.762,11.116,110.208,10.524
2,200.804,10.914,100.657,101.707,114.223,110.118,1.067,112.202,10.579,104.861,110.865,99.103,117.826,1.011,114.908
3,201.066,106.302,111.474,110.833,105.049,1.03,96.524,101.391,96.809,106.719,110.337,104.465,1.184,107.633,111.075
3,201.096,102.713,109.179,107.273,107.124,1.016,105.77,105.245,111.487,101.467,103.451,95.447,1.173,108.102,103.12
3,201.175,99.877,95.281,101.556,99.073,1.127,110.716,112.717,109.083,94.769,112.138,101.164,0.998,100.216,108.984
2,201.215,11.206,111.174,103.338,108.379,116.559,1.121,99.098,10.816,107.916,108.585,103.743,114.536,1.065,113.717
3,201.24,97.704,107.219,94.934,100.993,1.05,109.506,111.167,99.427,112.346,110.772,105.216,1.027,99.435,113.208
3,201.28,96.064,111.552,101.9,95.448,1.084,97.498,105.77,101.734,107.936,99.765,101.401,1.138,110.301,99.659
3,201.591,103.225,101.353,97.949,96.505,1.04,112.062,100.782,102.98,96.478,112.128,97.804,1.017,111.762,99.835
2,201.788,11.588,98.306,116.63,98.702,118.513,1.109,103.872,11.456,106.359,104.4,106.812,114.483,1.019,116.92
1,201.975,103.969,10.541,104.444,10.909,9.605,98.814,10.031,104.553,10.697,110.591,11.128,9.719,103.041,9.917
4,202.425,97.897,1.124,100.094,1.074,104.323,99.709,10.65,103.905,1.132,108.542,1.027,114.113,103.071,10.806
3,202.516,96.752,102.557,102.759,93.28,1.156,110.582,108.622,105.215,95.407,100.099,102.211,1.161,108.541,109.213
4,202.773,93.396,1.008,100.07,1.042,116.874,109.291,10.156,102.678,1.002,117.042,1.123,113.058,110.277,10.693
1,202.884,114.168,9.969,97.336,9.977,11.249,106.218,10.896,112.839,9.905,112.196,11.217,10.854,115.86,10.001
4,202.968,93.889,1.05,108.882,1.092,105.091,96.6,9.813,105.917,1.145,99.794,1.173,107.302,104.023,9.723
4,202.976,102.746,1.094,100.672,1.06,104.466,98.057,9.888,98.252,1.042,118.481,1.089,108.45,108.511,10.201
4,202.994,98.259,1.057,118.366,1.065,111.257,97.925,9.433,106.36,1.045,106.315,1.079,107.758,97.89,11.06
1,203.008,110.75,9.46,105.491,9.793,10.841,110.371,9.649,104.719,9.313,106.359,11.185,10.301,102.624,10.947
4,203.072,102.941,1.075,100.123,1.107,109.883,99.67,10.681,108.359,1.048,102.165,1.035,115.22,104.51,9.789
2,203.098,11.619,108.878,119.014,111.332,108.976,0.976,107.731,11.077,100.511,111.896,106.541,104.996,1.14,111.011
2,203.161,11.533,113.271,117.372,103.308,116.206,1.15,110.571,10.792,98.089,108.585,109.148,112.376,0.987,113.333
3,203.348,106.082,104.78,102.262,100.183,1.174,100.308,106.323,97.602,102.731,101.231,109.343,1.182,103.065,113.227
4,203.552,95.255,1.041,113.833,1.112,107.072,110.137,10.435,106.54,1.126,110.441,1.116,115.778,98.057,9.988
1,203.669,108.728,9.197,98.165,10.649,9.543,115.026,10.325,105.65,10.222,108.522,10.411,11.14,111.111,10.351
2,203.76,10.577,110.418,115.096,111.6,101.042,1.042,107.138,10.205,99.222,109.363,98.741,107.724,1.128,99.542
4,203.831,104.246,1.09,114.706,1.044,99.16,103.023,9.99,102.951,1.061,104.068,1.078,110.189,99.194,11.059
2,204.076,10.225,112.508,103.753,106.292,111.864,1.083,100.696,11.184,111.613,117.163,111.971,100.748,1.106,109.976
4,204.333,110.1,1.128,100.289,1.173,102.54,99.019,10.819,97.451,1.155,107.123,1.024,100.554,105.929,11.119
3,204.444,111.344,98.539,104.193,92.781,1.049,111.421,104.837,100.727,106.182,109.082,94.039,1.175,110.752,107.82
1,204.649,103.938,9.734,109.329,10.073,10.884,109.394,11.355,111.187,9.893,97.978,10.073,10.914,107.124,10.882
2,204.845,10.929,104.385,105.696,97.657,110.937,1.131,100.333,11.069,108.83,107.801,97.82,116.158,1.107,110.878
1,204.896,114.168,10.697,103.6,10.173,10.628,115.943,11.143,108.284,9.981,105.611,10.464,9.697,114.017,10.894
2,205.06,11.331,108.043,115.443,113.842,117.018,1.128,108.363,10.388,98.466,115.458,105.81,118.525,0.976,107.043
4,205.31,98.252,1.041,100.735,1.132,99.393,106.088,9.482,104.306,1.011,102.378,1.15,115.131,100.896,9.458
3,205.554,108.299,105.748,94.81,94.066,1.058,113.025,99.309,97.596,109.849,97.855,98.843,1.1,96.966,108.607
1,205.88,108.21,9.605,110.323,10.069,9.7,114.03,10.052,111.207,9.64,103.276,10.934,9.846,102.624,9.673
3,205.942,108.883,99.463,94.904,95.352,1.03,100.749,110.458,99.467,111.426,99.689,109.475,1.11,99.357,108.145
3,206.031,97.489,110.701,94.684,106.213,1.133,112.465,104.429,102.625,110.166,111.943,101.192,1.004,112.301,101.082
3,206.083,105.444,106.407,109.995,101.609,1.074,98.216,105.234,98.407,109.323,100.747,104.908,0.998,105.139,102.957
1,206.328,111.114,9.654,111.319,9.863,10.128,103.644,10.259,110.718,10.262,111.23,10.093,10.419,101.5,9.698
3,207.039,111.338,112.128,98.889,95.953,1.069,107.983,110.6,95.027,96.146,108.403,105.738,1.039,105.765,108.299
3,207.241,104.902,98.758,107.571,107.239,1.102,99.968,110.67,100.87,112.292,96.098,93.31,1.103,96.019,112.062
3,207.318,111.836,100.226,111.954,106.52,1.031,101.745,100.273,110.736,103.948,97.765,107.374,1.052,109.937,101.858
1,207.495,103.201,10.726,101.889,11.107,9.906,111.101,11.098,108.956,10.369,94.665,10.983,9.987,102.752,10.365
1,207.506,106.019,9.734,97.891,11.095,10.094,102.267,11.257,105.221,10.843,109.003,11.103,10.155,113.507,11.151
2,208.316,10.371,112.689,104.521,110.295,110.784,1.095,101.568,11.193,100.718,102.402,103.344,112.842,1.128,105.693
3,208.332,102.715,94.732,104.935,100.993,1.067,102.658,109.92,99.988,109.69,107.273,104.093,1.033,112.147,100.955
3,208.372,106.218,108.246,103.925,95.179,1.168,101.852,113.193,95.956,99.844,98.592,95.292,1.024,101.494,95.921
1,208.491,99.091,9.767,107.739,10.64,10.598,112.014,10.162,100.023,9.703,108.441,9.681,10.438,100.862,11.293
1,208.57,110.337,9.473,107.368,10.578,9.703,110.558,11.19,104.794,9.688,106.692,10.135,10.426,101.894,11.053
2,208.682,11.765,113.042,105.132,108.454,101.433,1.108,106.107,11.49,112.556,117.644,109.148,115.715,1.056,110.678
2,208.853,11.846,104.262,100.956,101.783,100.155,0.978,114.897,11.131,104.349,111.058,106.292,110.414,1.088,99.53
3,209.606,98.137,111.843,105.71,93.311,0.999,113.339,107.418,105.443,95.337,110.407,102.019,1.001,106.81,96.96
1,209.632,109.254,10.536,98.45,10.668,10.346,98.625,10.121,106.711,10.827,107.695,10.161,9.961,104.242,11.013
4,209.749,100.815,1.007,110.724,1.03,110.891,111.044,10.484,95.334,1.073,116.07,1.106,116.653,99.623,9.907
2,209.849,11.702,103.882,105.266,103.952,104.856,1.019,115.211,10.595,106.505,114.576,109.308,102.394,1.041,110.128
3,210.271,106.562,111.474,98.216,96.428,1.088,104.913,96.22,108.994,102.867,108.064,105.049,1.056,102.375,111.371
4,210.557,101.666,1.044,114.623,1.003,104.697,97.293,10.844,106.766,1.036,116.326,1.051,105.907,106.484,10.847
3,210.854,103.667,103.772,102.645,101.393,1.012,110.9,108.84,95.482,111.272,111.558,106.297,1.105,101.494,107.797
4,211.015,102.361,1.053,105.052,1.115,102.568,102.342,9.692,95.931,1.155,102.964,1.179,116.663,101.542,10.923
4,211.092,108.421,1.168,108.516,1.039,104.621,113.561,10.8,93.025,1.033,101.784,1.158,102.414,97.427,9.99
2,211.093,10.583,99.828,113.355,104.909,112.77,1.124,116.235,11.401,103.431,106.327,111.88,104.432,1.055,106.596
3,211.153,100.901,102.891,104.678,109.557,1.173,105.388,100.357,108.458,102.299,100.283,96.748,1.124,99.685,99.002
1,211.175,106.153,9.64,102.418,11.244,10.092,97.603,10.57,114.503,9.9,105.937,10.556,10.412,102.752,9.784
3,211.196,109.44,101.0,98.2,101.847,1.028,97.832,112.95,106.117,100.086,108.241,101.86,1.184,108.75,108.701
3,211.2,103.025,108.084,105.15,108.546,1.11,107.953,102.934,99.275,104.93,109.265,108.617,1.126,103.034,102.736
1,211.261,112.593,10.43,104.719,11.128,10.371,106.159,10.925,98.81,9.826,109.724,11.05,10.668,112.769,10.674
2,211.628,11.753,103.192,116.718,113.688,102.819,1.071,104.293,11.316,98.9,109.504,114.596,109.499,1.068,106.918
4,211.747,100.294,1.037,112.047,1.093,107.793,110.339,10.37,103.631,0.989,115.221,1.045,102.2,113.686,9.933
4,212.022,93.797,1.137,101.491,1.024,114.829,100.013,10.671,93.286,1.035,118.426,1.015,110.522,113.519,10.099
3,212.113,102.664,96.356,108.883,108.701,1.168,104.676,97.027,109.194,94.769,111.053,92.786,1.0,113.399,110.556
3,212.129,97.772,102.718,95.099,102.954,1.106,108.161,97.22,96.382,110.807,104.327,96.692,1.05,105.46,105.939
3,212.209,106.452,109.886,95.622,92.977,1.103,110.468,103.182,109.11,100.318,104.183,97.032,1.078,98.208,110.094
4,212.287,92.83,1.158,103.154,1.072,100.069,106.604,10.902,109.434,1.02,100.976,1.042,98.763,111.021,10.059
4,212.713,101.621,1.02,107.118,1.145,103.073,105.618,11.069,105.246,1.11,110.525,1.091,108.69,112.871,10.215
2,212.859,11.423,99.665,103.681,112.587,112.492,1.019,100.571,10.957,102.273,105.028,111.915,114.715,1.081,114.3
4,212.972,92.983,0.986,109.828,1.11,106.067,108.014,10.588,104.134,1.084,108.291,1.099,107.424,111.187,10.4
2,213.504,10.887,99.488,119.014,99.16,118.257,1.055,103.954,11.36,96.693,113.41,110.295,115.731,1.041,103.44
2,213.672,10.219,109.482,110.572,113.659,104.527,0.996,99.442,10.885,105.16,105.001,102.953,101.855,1.038,106.266
4,213.732,106.495,1.115,100.621,1.13,99.777,96.016,10.637,100.703,1.037,116.295,1.036,108.233,105.254,11.06
3,213.763,96.05,107.273,100.748,96.611,1.03,102.52,97.002,110.518,100.352,106.465,102.799,1.145,96.892,102.764
4,214.114,105.499,0.985,118.268,1.123,108.091,112.802,9.806,105.309,0.992,116.753,1.123,104.693,110.758,10.659
1,214.246,104.083,10.933,111.023,11.228,10.663,114.323,10.169,112.208,10.922,107.312,9.917,10.155,113.674,11.292
4,214.369,100.648,1.007,113.072,1.076,100.045,102.113,10.403,95.222,1.031,104.812,1.156,112.148,106.542,10.046
2,214.424,11.287,100.644,101.562,97.807,103.436,0.976,113.433,10.239,96.11,111.639,103.325,111.819,1.102,99.785
3,214.571,107.572,96.766,104.866,95.521,1.11,105.632,97.742,107.325,100.904,96.029,108.246,1.068,98.03,105.882
4,214.67,109.025,1.126,111.17,1.153,115.926,102.406,9.798,106.878,1.036,102.289,1.067,109.621,100.121,10.145
4,214.71,106.371,1.03,103.915,1.035,104.806,107.047,10.75,94.63,1.057,100.578,1.079,105.339,101.542,10.145
3,214.737,103.987,100.904,108.993,95.589,1.013,102.691,110.536,97.86,100.465,103.763,95.601,1.087,106.05,107.082
2,215.366,11.573,97.896,100.657,109.836,102.833,1.053,104.782,11.798,110.916,102.793,104.962,110.075,1.024,100.194
1,215.433,113.363,9.654,95.903,11.135,11.104,112.062,10.305,103.057,10.43,112.143,10.126,10.159,104.475,10.027
1,215.5,112.76,9.607,108.057,10.062,9.697,98.721,10.448,108.976,9.752,95.959,9.647,10.919,115.835,9.584
3,215.942,97.816,100.998,102.817,99.592,1.031,113.036,102.783,108.795,111.268,110.793,96.895,1.095,109.312,96.747
4,216.853,109.948,1.052,114.508,0.998,113.471,105.171,9.579,108.512,1.032,113.094,1.056,103.608,99.603,9.514
4,216.86,109.622,1.044,114.254,1.057,111.915,112.629,10.118,107.586,1.005,101.221,1.107,115.926,99.356,10.722
4,216.927,104.592,0.99,115.136,1.1,105.443,105.961,11.155,93.692,1.092,112.385,1.131,114.113,109.859,9.845
1,216.948,107.005,9.417,102.116,10.766,9.917,99.027,10.58,107.574,10.068,97.636,10.924,10.081,105.8,10.361
4,216.957,109.025,1.05,111.134,1.11,107.933,96.885,10.1,93.786,1.036,109.7,1.167,113.119,99.02,9.618
2,217.081,10.952,103.49,101.362,106.945,105.242,1.1,111.413,10.275,99.656,109.202,114.555,110.053,1.046,107.043
1,217.371,105.881,10.913,111.55,11.265,10.222,105.726,10.616,108.89,10.06,94.794,11.123,9.758,100.483,9.792
3,217.423,102.033,94.944,97.766,107.979,1.022,110.053,100.137,105.458,99.344,95.585,98.997,1.061,110.742,110.865
1,217.471,112.557,9.628,102.734,11.288,10.951,115.346,10.067,97.03,9.744,108.752,9.732,9.766,114.899,11.19
3,217.521,99.257,104.183,102.02,103.187,1.112,99.309,110.469,96.424,102.158,98.385,97.805,1.117,104.076,109.68
4,218.049,103.274,1.088,105.232,1.086,99.393,112.139,9.992,108.011,1.03,103.905,1.074,113.021,104.733,9.924
4,218.345,97.1,1.063,100.762,1.034,112.573,110.969,9.606,95.917,1.033,113.365,1.107,103.875,105.858,10.282
3,218.743,108.739,107.737,106.298,94.121,1.182,110.448,99.834,99.011,101.022,111.558,102.484,1.05,111.547,103.622
2,218.845,11.195,110.668,107.986,112.277,102.72,1.08,106.393,11.673,103.995,111.998,104.72,101.636,1.006,101.237
2,219.511,11.509,104.676,113.507,98.741,108.057,1.029,105.707,11.878,99.946,102.895,106.748,100.648,1.147,115.208
4,219.563,98.252,1.12,113.544,1.164,108.69,109.761,9.489,99.504,1.125,104.419,1.006,110.743,106.484,9.907
1,219.585,110.118,9.512,108.677,10.054,10.959,114.897,9.639,103.213,10.015,101.826,10.626,9.8,102.188,9.812
1,219.673,98.023,9.543,102.2,11.113,10.344,109.866,10.307,103.632,9.254,99.988,10.059,10.911,99.745,9.681
2,219.839,11.07,102.608,110.157,104.569,118.697,1.136,112.792,10.444,106.41,113.41,106.993,103.747,1.061,110.669
2,220.29,11.27,102.608,103.306,111.489,105.477,1.116,102.255,11.795,101.436,106.662,104.431,102.165,1.065,103.877
3,220.604,110.644,95.368,109.186,94.518,1.125,102.919,95.781,110.764,96.792,104.622,108.351,1.168,98.776,100.017
3,220.681,111.274,98.191,102.106,105.625,1.112,105.652,110.331,109.188,110.37,105.218,100.403,1.181,106.651,105.126
2,221.047,10.53,101.593,102.566,109.021,107.748,1.016,112.174,11.391,108.83,109.504,106.602,114.528,1.009,112.179
3,221.174,94.935,101.948,101.233,105.682,1.103,104.493,112.365,103.987,104.042,102.885,96.823,1.181,104.406,99.834
1,221.319,105.895,10.304,101.033,10.677,9.87,113.818,11.336,113.707,9.543,110.884,11.291,10.106,103.761,9.584
1,221.424,105.502,10.437,107.714,10.194,10.522,110.204,10.006,105.887,10.236,97.562,10.988,10.275,113.887,11.077
2,221.473,10.425,107.735,114.622,110.345,105.398,1.051,117.034,10.25,108.395,104.75,107.465,114.4,1.14,110.583
4,221.789,98.492,1.078,102.548,1.111,98.593,107.781,10.81,101.276,1.109,103.053,1.127,107.336,113.248,9.878
1,221.797,112.024,10.709,107.939,11.045,9.531,106.568,10.738,106.962,9.59,95.344,10.517,10.801,98.68,10.319
2,222.037,11.316,107.494,113.373,102.099,100.628,1.116,104.62,11.11,102.164,102.05,105.348,118.167,0.995,105.084
1,222.088,101.219,10.714,104.448,10.447,10.584,112.678,10.172,107.106,10.654,109.724,11.283,11.248,104.837,10.239
3,222.125,98.235,108.373,97.071,98.371,1.004,96.493,98.78,95.398,96.478,95.351,105.682,1.071,110.064,99.5
3,222.306,107.697,105.563,94.684,96.656,1.184,113.064,102.092,112.567,106.931,111.743,99.82,1.016,109.92,112.369
1,222.574,101.864,9.528,109.926,11.022,10.136,102.262,10.341,111.246,10.307,110.679,10.504,9.91,112.661,10.586
1,222.58,101.203,10.57,97.636,11.307,9.835,104.101,10.377,113.238,9.703,111.208,11.169,10.49,114.858,10.74
2,222.701,10.804,100.335,102.398,105.037,102.744,1.136,112.773,10.82,108.312,109.407,107.979,113.129,1.073,108.657
1,222.904,98.525,9.591,99.098,10.348,9.857,108.299,11.061,114.13,10.762,111.023,10.646,9.707,109.4,9.652
3,223.114,95.233,103.927,107.229,95.237,1.04,100.913,105.923,111.981,104.507,99.765,103.921,1.007,108.003,99.059
2,223.287,11.36,97.042,109.08,108.916,117.289,1.148,104.026,11.552,111.317,102.1,99.727,118.744,0.97,100.555
4,223.795,93.997,1.135,112.59,0.997,110.95,112.499,9.448,98.902,1.099,102.586,1.118,106.162,109.474,10.097
1,223.865,99.759,10.645,109.556,11.069,9.976,103.946,10.465,107.574,10.094,97.042,10.446,10.814,104.126,9.787
4,223.961,104.224,1.103,116.514,1.108,107.623,106.751,10.052,105.992,1.165,102.91,1.066,107.45,103.023,9.545
4,224.022,109.581,1.167,102.236,1.176,99.666,99.989,10.089,94.942,1.066,108.882,1.035,106.676,112.499,11.051
4,224.348,100.779,1.135,116.06,1.176,102.437,110.521,9.947,96.191,1.084,111.17,1.069,106.499,104.563,10.344
3,224.55,110.083,101.895,111.947,107.349,1.124,111.911,110.803,106.483,101.241,96.008,106.589,1.052,98.426,99.552
2,224.733,10.56,108.233,101.298,114.168,107.748,1.066,105.708,10.492,106.466,103.526,111.88,107.409,1.065,114.967
1,224.888,100.031,10.332,99.401,11.289,10.213,106.292,10.668,97.495,9.59,101.267,10.249,10.4,98.346,10.994
2,225.137,10.328,112.559,103.052,107.025,115.15,1.121,116.776,11.15,105.402,104.711,105.349,107.325,1.081,107.954
2,225.794,11.558,102.249,108.608,113.569,110.018,0.97,114.981,11.603,95.778,115.198,97.007,108.507,1.122,117.391
4,225.974,103.455,1.01,109.634,1.058,108.509,103.776,9.907,95.868,1.133,111.274,0.996,111.946,105.747,9.449
2,226.073,10.174,99.156,116.202,97.105,113.378,1.107,103.257,11.242,106.41,107.874,104.518,104.391,1.148,102.51
3,226.083,98.928,111.895,100.932,102.524,1.061,96.524,103.622,100.089,111.104,111.705,103.747,1.131,112.419,99.993
3,226.293,99.326,105.003,111.558,93.437,1.155,102.203,111.215,102.06,94.865,111.833,104.465,1.104,99.768,105.276
1,226.578,112.208,9.374,99.605,11.199,10.803,100.484,10.649,110.206,9.471,106.94,10.305,11.23,100.77,9.987
3,226.76,96.884,109.422,112.367,94.815,1.084,103.056,108.348,111.014,105.146,106.379,96.464,1.094,98.991,97.22
1,227.018,100.1,10.899,100.484,10.658,10.238,112.75,11.01,98.272,10.407,111.32,9.939,10.732,103.578,10.502
2,227.249,11.639,108.043,114.941,103.481,102.76,1.032,116.762,11.831,108.493,105.98,99.142,108.081,1.048,101.692
3,227.491,95.027,109.531,102.133,97.016,1.176,105.83,105.784,102.926,104.751,105.698,93.035,1.056,104.375,108.278
1,227.514,110.033,10.652,104.645,11.427,9.654,114.166,9.714,103.624,9.807,96.264,10.336,9.743,113.507,11.231
2,227.55,10.901,102.049,112.4,113.659,101.483,1.115,115.299,10.961,105.762,114.439,98.552,112.876,1.111,101.183
2,227.656,11.697,103.462,117.488,106.728,112.47,1.089,109.347,10.219,110.493,108.484,101.741,113.483,1.109,108.95
1,227.943,111.718,9.924,105.861,10.073,11.027,107.569,10.353,98.069,9.643,100.525,9.88,11.23,105.143,11.354
1,228.046,108.082,9.577,112.105,10.65,10.375,112.203,10.704,111.326,9.623,108.677,9.93,10.962,105.767,9.676
3,228.047,112.098,96.566,105.0,103.321,1.115,101.219,102.677,104.036,94.649,94.972,109.25,1.173,104.086,107.91
4,228.249,108.168,1.029,106.919,1.119,100.301,109.508,10.278,100.874,1.08,108.008,1.084,100.591,98.044,9.44
1,228.277,112.17,9.598,101.889,11.025,11.098,115.353,11.115,104.663,9.5,107.017,10.45,11.248,99.756,9.987
3,228.298,105.285,100.352,99.129,99.174,1.011,107.55,97.382,104.322,95.816,101.839,101.815,1.011,106.651,97.154
3,228.787,102.664,96.824,95.187,96.458,1.05,106.262,97.63,109.121,109.323,111.947,107.693,1.101,99.954,102.763
1,228.899,101.994,10.064,99.144,10.073,10.684,113.767,11.336,113.971,9.267,111.383,9.919,9.827,106.504,10.257
4,229.141,103.562,1.116,105.756,1.089,101.548,108.178,10.96,94.09,1.073,113.069,1.081,110.684,108.306,9.528
4,229.186,95.666,1.053,114.908,1.028,98.987,97.521,9.459,101.417,0.999,104.552,1.029,113.884,105.774,10.523
2,229.507,10.422,97.017,105.001,99.737,101.042,0.976,99.063,10.658,105.45,114.307,99.459,105.669,1.107,103.387
3,229.831,110.987,96.356,110.384,109.319,1.104,111.299,98.822,106.345,98.594,102.949,96.909,1.103,101.392,111.963
3,230.021,98.643,100.954,112.128,102.06,1.108,108.398,99.374,100.32,106.983,106.399,102.799,1.044,100.891,103.406
1,230.055,111.301,9.336,101.205,9.782,10.575,107.734,10.345,109.11,10.332,103.177,10.331,11.116,104.242,9.63
1,230.216,103.476,10.012,97.515,10.553,9.505,115.86,10.153,109.11,9.652,96.261,10.135,9.88,99.254,9.735
3,230.229,109.886,108.52,98.2,106.15,1.036,104.571,105.234,102.942,103.5,111.926,105.445,1.002,102.536,109.847
2,230.395,11.806,98.657,113.608,108.961,111.259,1.01,115.537,10.972,104.982,109.28,109.851,105.107,0.992,117.137
3,230.499,112.092,107.246,107.53,103.349,1.036,98.311,108.748,112.862,108.298,96.824,104.955,1.155,100.853,113.731
1,231.075,100.703,9.744,105.178,11.148,10.175,112.277,9.914,109.496,10.57,96.226,11.038,10.161,103.29,10.755
4,231.232,101.797,1.155,100.672,1.116,103.315,96.378,10.072,103.651,0.999,112.12,1.008,106.582,112.694,10.999
4,231.276,104.784,1.004,108.291,1.078,113.846,105.581,9.889,108.858,1.131,110.91,1.165,116.515,108.178,10.531
2,231.294,11.676,98.792,116.056,99.897,100.92,1.065,111.011,10.057,107.051,106.538,109.475,116.052,1.008,110.513
1,231.341,105.31,10.52,97.623,11.197,10.593,101.026,10.124,106.293,9.986,102.255,9.754,10.559,109.976,11.061
3,231.505,110.304,97.049,107.119,109.009,1.003,97.557,113.193,102.39,108.44,111.432,107.979,1.082,101.31,106.116
3,231.528,102.943,109.332,108.051,93.743,1.052,97.768,108.613,98.081,105.97,104.074,102.799,1.008,97.043,108.52
2,231.598,10.901,98.08,117.888,114.161,110.467,1.109,101.826,10.788,103.664,113.704,107.658,106.732,1.13,101.559
4,231.918,100.074,1.123,114.805,1.116,110.556,96.585,9.451,101.618,1.019,110.208,1.039,109.011,113.066,11.008
2,231.975,10.085,107.787,101.731,97.903,104.532,1.061,110.506,11.496,101.669,118.965,107.229,116.291,1.123,100.432
1,232.625,99.327,10.144,98.169,10.605,10.698,98.46,11.231,99.471,10.791,110.478,10.613,9.676,102.231,11.211
4,232.92,105.476,0.988,107.854,1.044,100.26,107.512,9.689,106.049,1.085,106.161,1.107,103.225,100.252,10.324
4,232.965,100.33,1.167,118.025,1.098,100.967,106.622,9.452,100.193,1.112,104.621,1.051,110.899,110.338,10.249
4,233.375,100.294,1.077,112.356,1.061,114.706,110.366,10.625,106.433,1.14,116.016,1.113,100.986,107.639,9.658
1,233.467,111.346,10.503,103.758,11.265,9.563,109.358,10.858,108.681,10.267,94.88,9.886,10.238,108.295,9.95
1,233.572,109.254,9.717,99.267,10.664,10.667,112.769,10.747,114.541,10.1,109.29,9.683,10.716,108.7,10.618
4,233.619,96.998,1.075,109.7,1.122,112.838,102.113,10.323,95.645,1.157,108.235,1.098,102.843,113.179,10.715
4,233.62,109.82,1.053,114.909,1.106,116.75,104.117,11.149,108.699,1.089,110.143,1.089,105.895,96.238,10.916
4,233.711,105.087,1.151,102.087,1.141,115.189,96.824,10.323,108.971,1.054,105.221,1.16,100.372,96.106,10.683
2,233.762,10.341,113.02,115.93,113.525,115.978,1.106,103.872,11.093,105.722,119.082,100.455,105.736,1.014,102.905
1,233.839,99.347,10.662,95.988,11.172,10.473,105.175,9.966,111.38,9.996,100.046,10.35,9.861,113.766,11.057
3,233.97,103.361,100.226,96.916,96.501,1.096,108.473,105.681,112.657,97.809,96.743,96.511,1.122,96.858,104.721
2,234.095,10.428,98.138,112.12,104.32,100.065,0.971,109.374,11.603,106.668,106.859,112.913,104.58,1.101,102.363
4,234.1,102.568,1.035,112.52,1.044,99.365,97.065,9.795,103.205,1.073,108.918,1.11,102.356,110.063,11.132
3,234.11,111.803,95.08,94.663,95.421,1.021,111.14,107.484,97.94,110.219,108.051,96.386,1.177,113.399,108.228
4,234.648,96.387,1.09,100.672,1.059,108.861,105.581,10.307,95.571,1.01,101.036,1.023,107.811,103.859,10.249
3,235.344,100.098,97.149,105.5,95.003,0.998,111.053,97.655,100.506,102.263,104.193,97.408,1.06,102.52,109.252
3,235.432,102.5,106.277,102.23,108.467,1.135,105.82,112.937,103.296,104.066,97.686,97.369,1.123,100.655,107.277
2,235.469,10.855,104.996,117.252,108.641,110.982,1.152,101.349,10.215,110.671,104.085,100.308,114.391,1.146,113.404
2,235.632,10.233,110.136,118.39,103.972,117.534,0.985,116.258,11.119,108.83,109.205,108.077,100.628,1.074,102.226
4,236.022,109.531,0.999,113.91,1.152,111.379,111.732,9.741,97.116,1.001,114.204,1.029,107.704,102.209,9.758
3,236.07,104.719,108.146,101.267,106.501,1.078,113.399,111.847,102.049,110.05,111.218,93.973,1.073,98.731,100.587
1,236.212,108.284,10.899,99.678,11.008,10.11,113.377,11.268,102.367,9.629,94.964,10.327,10.222,111.101,10.665
2,236.578,11.043,97.042,111.996,109.764,109.044,1.071,113.981,10.623,112.837,112.305,113.181,114.119,0.99,111.886
4,236.945,101.06,1.102,112.781,1.002,104.328,106.091,10.314,103.368,1.163,100.465,1.092,100.905,99.834,10.794
4,237.022,109.51,1.039,110.7,1.014,114.536,107.611,10.126,106.587,1.011,100.569,1.032,116.192,100.119,11.084
2,237.07,10.604,103.664,118.135,111.889,113.479,0.98,107.318,10.806,108.313,112.609,99.583,105.398,1.127,116.164
4,237.153,94.273,1.13,117.972,1.169,115.931,98.318,10.26,97.061,1.034,105.561,1.161,99.377,99.884,10.678
2,237.467,11.62,108.395,111.819,103.212,100.407,1.127,106.836,10.734,103.884,105.861,101.507,102.249,1.013,105.559
4,237.575,101.727,1.123,102.112,1.169,107.884,104.923,10.118,102.157,0.996,106.53,1.076,101.963,98.952,10.823
4,237.998,99.704,1.124,112.816,1.174,112.853,104.191,9.767,93.436,1.038,112.018,1.166,113.966,111.941,10.558
4,238.307,102.542,1.141,104.81,1.115,102.161,110.853,10.254,105.681,1.017,104.313,1.034,99.365,112.984,10.892
4,238.311,106.521,1.057,114.852,1.151,98.965,101.322,10.507,102.911,1.065,116.277,1.129,116.379,108.306,10.876
1,238.752,110.506,9.84,103.893,10.446,11.02,103.023,11.132,109.45,10.682,96.611,10.868,11.017,107.894,9.674
4,239.475,102.164,1.133,103.656,1.041,115.871,96.603,10.118,99.967,1.109,117.17,1.108,104.244,104.015,10.088
2,239.547,10.219,98.072,104.322,107.341,110.018,0.995,112.773,11.679,98.609,106.638,104.569,110.821,1.136,116.78
3,239.884,95.98,106.399,96.362,105.469,1.022,96.188,102.409,106.302,98.506,105.349,103.723,1.139,97.51,102.783
1,239.955,111.849,9.947,108.756,9.886,10.047,100.598,9.693,99.223,9.206,96.198,10.947,10.923,107.988,10.261
4,239.956,99.504,1.066,109.966,1.013,104.323,112.143,10.922,92.788,1.113,103.958,1.15,113.188,100.647,9.418
2,240.004,10.4,110.507,104.817,110.545,108.088,1.02,100.173,11.662,106.467,104.537,108.138,106.73,1.107,117.15
1,240.172,111.399,10.547,100.334,11.35,9.699,115.518,11.224,111.253,9.952,98.832,11.084,10.809,106.437,10.217
2,240.214,11.692,97.534,101.126,114.12,100.943,1.019,104.191,10.317,101.834,109.28,107.973,118.694,1.03,106.403
2,240.276,11.797,100.292,116.09,103.308,109.046,0.986,100.627,11.517,112.618,102.099,104.591,113.301,1.066,103.974
2,241.147,10.36,98.719,110.148,113.181,109.046,1.032,113.796,11.639,112.377,107.193,107.453,115.978,1.035,114.485
4,241.147,106.444,1.05,112.513,1.066,98.531,108.808,10.735,107.265,1.019,108.291,1.159,100.53,97.663,9.957
2,241.161,10.604,103.123,106.921,101.95,102.077,1.047,104.136,11.393,112.896,115.026,105.58,108.259,1.003,116.676
3,241.185,103.066,96.766,109.995,97.803,1.021,112.802,111.088,100.32,103.161,97.183,104.904,1.168,103.402,105.398
1,241.464,105.194,10.126,98.283,11.164,11.027,115.353,11.236,108.21,9.818,107.011,9.714,10.795,105.236,10.134
2,241.712,10.566,106.369,115.375,101.979,109.733,1.121,105.866,10.906,106.188,110.737,113.603,117.826,1.004,102.497
3,241.755,108.799,108.246,100.099,98.371,1.111,101.527,99.29,104.935,96.508,106.797,100.183,1.095,113.401,99.78
4,241.861,106.905,1.05,106.161,1.05,98.872,96.498,11.069,104.134,1.15,110.054,1.129,98.549,113.204,10.801
3,241.98,102.642,106.826,107.782,107.349,1.089,98.278,106.765,110.45,105.267,95.585,99.027,1.138,98.695,105.792
4,242.068,96.938,0.989,102.378,1.073,113.753,107.968,9.411,104.804,1.147,112.915,1.129,98.6,111.082,11.008
1,242.263,97.828,9.519,95.691,10.944,11.237,107.307,11.312,113.443,10.029,105.861,10.766,10.738,103.946,11.364
4,242.685,96.143,1.095,111.317,1.074,115.871,106.157,10.909,94.78,1.089,108.377,0.998,101.683,110.063,9.4
1,243.033,112.07,10.719,95.959,11.105,10.867,107.895,9.627,103.213,10.726,101.394,10.906,9.519,111.128,10.533
1,243.11,104.859,10.799,99.988,10.9,10.814,106.736,10.312,98.069,9.831,98.291,10.142,10.8,108.733,10.392
4,243.188,103.945,1.007,103.053,1.172,113.154,98.684,10.307,93.177,1.058,110.7,1.003,103.193,97.56,10.249
3,243.204,97.427,99.261,95.589,106.115,1.046,109.851,108.748,112.1,102.329,101.863,102.866,1.041,111.511,111.439
3,243.221,108.883,111.57,94.736,109.063,1.033,104.385,97.642,106.136,106.834,100.748,108.546,1.117,100.73,99.526
1,243.349,115.154,9.285,110.759,11.386,11.069,103.399,10.085,108.398,10.831,111.962,9.967,10.039,108.676,11.055
3,243.7,105.705,102.439,99.723,108.733,1.025,99.335,111.656,103.225,96.699,96.701,95.237,1.115,101.166,106.707
1,243.756,114.503,9.829,107.588,10.495,10.865,112.557,10.436,112.52,10.476,111.993,10.035,9.527,106.193,11.039
1,243.801,112.493,9.971,107.857,10.03,9.94,104.468,10.05,114.955,9.496,99.558,10.405,11.23,105.948,10.657
4,243.976,101.577,1.094,113.057,1.0,112.403,96.736,10.809,94.18,1.062,106.689,1.079,107.099,106.157,10.324
1,244.085,109.313,10.407,100.924,10.477,10.034,101.534,10.739,106.919,9.407,108.402,10.664,10.215,106.736,10.22
2,244.095,11.552,102.854,108.125,104.26,102.249,1.032,107.954,10.36,102.594,103.706,102.063,112.14,1.062,114.908
3,244.107,109.11,110.118,104.69,108.817,1.003,101.228,109.518,110.468,102.816,102.742,98.263,1.152,113.339,111.405
1,244.527,102.346,10.76,98.224,10.707,9.88,110.627,10.975,115.138,10.755,106.359,11.447,10.215,105.219,10.05
3,244.777,99.524,97.195,98.653,107.374,1.094,98.38,98.448,104.442,110.701,109.143,94.727,1.061,106.651,99.537
2,244.831,11.656,98.086,104.827,105.055,104.209,0.982,110.583,10.824,98.389,117.262,113.74,118.75,1.099,104.499
3,244.882,98.323,102.905,102.645,103.011,1.183,99.741,99.013,99.427,105.305,106.773,95.556,1.129,100.216,104.172
1,245.163,103.969,9.435,110.323,11.133,10.942,115.705,10.787,97.828,10.791,105.83,10.016,11.014,115.29,10.984
4,245.487,107.04,1.124,107.465,1.031,100.501,104.068,11.01,102.044,1.146,115.077,1.074,105.398,102.342,10.698
3,245.673,107.357,111.337,99.982,106.824,1.101,109.003,108.431,112.48,111.704,99.493,99.571,1.115,99.525,106.116
2,245.736,11.503,110.058,115.075,110.234,115.995,1.034,104.741,10.235,103.889,104.668,114.495,109.308,1.07,106.319
2,245.796,10.151,107.966,103.491,102.943,112.27,1.068,101.826,11.714,99.697,104.861,114.56,113.743,1.14,114.923
4,246.482,98.434,1.062,104.621,1.085,108.121,96.983,10.87,110.231,1.081,118.231,1.034,104.719,107.472,10.551
2,246.486,11.412,104.403,108.608,104.126,104.666,1.007,100.208,10.988,111.557,112.735,103.021,111.589,0.971,114.273
2,246.559,11.346,101.913,114.769,114.366,106.337,1.13,100.108,11.012,108.358,109.285,111.014,102.866,1.005,103.95
1,246.6,104.0,9.489,107.939,11.289,9.551,105.473,10.282,100.295,10.032,109.182,11.165,10.206,110.222,9.96
3,246.893,98.577,96.942,97.784,109.261,1.099,95.597,107.234,102.713,101.265,102.926,104.606,1.129,98.252,109.288
3,247.009,107.357,108.893,111.488,99.775,1.06,111.454,113.675,99.765,102.557,109.592,104.606,0.997,97.239,104.862
1,247.26,99.53,10.312,105.044,10.619,10.903,111.46,10.333,104.492,10.635,108.782,9.677,9.609,112.009,10.091
1,247.278,109.899,9.701,100.787,10.147,10.572,109.986,11.284,100.199,10.415,111.211,10.458,9.519,99.503,11.19
3,247.486,110.45,96.565,111.667,96.175,1.122,107.061,112.691,110.764,96.792,103.431,96.638,1.172,109.369,110.556
1,247.701,111.515,10.064,104.644,9.767,9.699,112.309,10.407,97.098,10.881,95.453,11.117,9.646,114.375,9.652
1,247.704,103.054,9.701,110.463,10.743,10.862,113.286,10.431,109.947,9.946,99.523,10.802,9.577,111.794,10.351
1,247.84,107.844,10.035,95.506,11.045,9.493,113.125,11.325,105.378,9.783,102.465,11.338,9.855,110.934,10.396
3,247.843,102.926,106.338,103.396,99.991,1.114,110.521,112.723,111.794,95.552,106.329,100.078,1.067,106.408,112.483
2,247.927,10.797,102.145,117.08,113.975,100.944,1.13,107.436,10.105,101.135,102.267,105.039,117.184,1.144,106.234
3,248.183,98.984,109.187,107.94,109.76,1.014,111.911,109.831,106.58,102.514,98.564,106.426,1.168,98.157,99.887
2,248.25,11.124,105.647,103.653,101.008,105.84,1.007,111.07,10.096,96.548,104.322,108.944,116.382,0.997,107.663
1,248.697,115.166,10.673,105.775,10.28,10.762,110.861,10.848,103.577,9.905,106.231,11.272,9.507,107.04,11.378
2,248.851,10.193,108.358,112.887,102.303,115.027,1.111,111.277,11.753,100.82,110.862,111.324,115.731,1.041,112.661
1,248.974,110.486,9.205,105.807,10.319,10.58,107.172,10.498,103.796,10.463,99.641,9.754,10.067,113.739,10.653
1,248.997,101.219,9.629,97.636,10.759,9.58,102.597,11.073,109.313,9.556,101.736,10.834,9.836,115.535,11.143
1,249.393,104.84,10.274,106.94,10.717,11.084,101.294,10.646,98.537,10.206,110.269,11.013,9.563,115.49,10.297
1,249.519,97.495,10.489,103.135,10.331,10.175,113.988,10.553,100.684,10.258,103.77,10.875,9.569,115.353,9.724
3,249.621,103.288,106.728,104.131,101.86,1.017,97.832,96.995,99.951,100.134,107.119,94.561,1.02,106.262,109.815
4,250.046,100.432,1.039,106.924,1.05,99.643,108.603,10.874,97.49,1.056,103.712,1.009,110.559,105.774,9.685
4,250.137,105.463,0.993,102.422,1.058,98.599,106.439,9.937,106.732,0.997,103.264,1.024,115.53,105.438,10.067
1,250.23,101.865,9.879,103.776,11.245,9.95,105.686,11.204,104.921,9.66,98.187,10.613,10.633,111.679,10.998
2,250.412,10.283,103.321,110.345,114.612,118.211,1.148,102.145,11.293,103.889,118.128,102.642,100.908,1.071,101.362
1,250.464,111.38,10.762,112.502,10.573,9.567,99.769,10.498,98.272,10.175,108.303,10.425,9.581,100.994,9.571
4,250.503,108.305,1.047,107.85,1.053,100.618,105.863,9.746,101.833,1.147,102.778,1.076,109.696,99.222,10.996
2,250.513,11.286,111.424,107.515,109.409,118.303,1.039,101.771,11.331,100.82,110.349,97.656,106.337,0.986,114.923
1,250.622,101.762,9.814,105.885,10.575,10.483,101.574,10.52,100.76,10.019,111.845,9.816,10.92,113.614,9.706
1,250.861,113.978,9.621,112.391,10.516,10.275,110.862,10.508,109.524,9.781,104.464,10.875,9.712,106.75,9.923
1,251.123,112.493,10.304,95.671,10.504,9.996,116.055,11.319,105.197,9.216,107.494,10.323,10.488,103.358,9.967
2,251.181,11.12,95.626,111.237,112.882,101.042,1.055,113.404,11.097,107.966,103.326,106.149,114.305,1.109,113.717
1,251.519,114.545,9.242,103.096,10.589,10.798,115.249,9.655,100.249,10.899,100.431,10.397,9.715,105.884,11.284
1,251.619,109.415,9.68,108.71,10.344,10.226,108.359,10.032,102.537,10.739,102.385,10.364,10.613,109.892,10.322
1,251.952,111.655,10.212,105.761,9.818,10.888,104.468,9.674,99.125,9.899,101.338,10.364,10.193,98.26,9.591
3,252.089,99.951,97.843,97.284,108.624,1.082,105.571,105.937,106.517,100.02,99.365,106.049,1.146,96.532,104.572
2,252.128,11.827,102.942,114.314,101.349,109.263,0.995,112.42,11.085,106.228,113.201,114.743,101.023,0.989,104.335
1,252.463,101.432,9.496,101.908,9.925,9.883,102.823,9.837,104.239,9.777,99.223,9.892,10.926,98.818,11.131
4,252.761,100.637,1.011,106.457,1.015,112.512,106.88,10.539,93.501,1.167,117.431,1.072,115.439,97.187,10.692
4,252.89,100.074,1.062,101.491,1.093,108.36,107.624,9.39,95.277,1.018,106.161,1.179,111.952,110.03,9.598
2,253.237,10.305,110.046,101.623,101.732,107.529,1.116,111.998,11.378,103.199,106.482,105.176,100.294,1.045,102.571
1,253.267,103.185,9.328,108.057,11.412,10.163,106.584,10.323,106.698,9.855,103.035,10.219,10.899,114.153,11.03
3,253.347,98.081,102.63,108.064,95.047,1.002,110.548,97.63,95.528,100.992,98.695,97.244,1.025,103.346,110.936
4,253.394,93.657,1.163,99.668,1.121,106.291,104.151,9.99,109.604,1.166,105.399,1.062,113.892,98.582,9.964
4,253.793,96.72,1.091,103.237,1.118,100.974,101.481,10.801,97.862,1.112,115.652,1.081,116.874,106.823,10.839
4,253.896,97.155,1.168,109.022,1.165,100.554,109.787,10.463,94.129,1.114,116.735,1.15,103.535,95.926,9.506
3,253.949,101.83,110.26,100.842,96.511,1.008,111.8,97.243,111.398,109.417,107.286,108.035,1.09,108.965,109.288
2,253.991,11.855,110.788,110.533,111.6,100.673,1.019,108.714,10.47,104.315,111.639,109.941,102.621,1.087,107.188
2,254.123,11.659,99.069,107.463,99.588,115.095,1.093,103.424,11.714,103.468,113.845,111.908,109.829,1.086,106.399
2,254.399,10.659,105.817,103.491,111.171,116.284,0.973,99.246,10.653,95.659,115.93,107.994,111.158,1.076,116.962
2,254.638,10.19,109.403,101.881,112.289,112.14,1.085,115.06,10.285,100.055,116.481,108.138,115.601,1.111,99.068
1,254.885,112.557,10.575,103.861,10.396,9.611,100.112,9.698,98.851,10.032,103.543,9.685,10.684,107.172,10.964
4,254.925,99.941,1.033,102.275,0.995,110.993,109.715,9.927,96.187,1.065,103.14,1.137,107.767,102.137,10.282
2,254.987,10.593,99.59,104.446,111.805,115.707,1.136,116.431,11.119,111.587,117.25,107.549,108.258,1.15,117.396
2,255.064,10.61,109.038,112.241,108.303,109.053,1.107,103.379,11.833,99.463,112.178,112.587,116.137,1.031,110.95
4,255.071,98.746,1.147,105.804,1.161,112.558,111.721,9.659,108.919,1.067,111.549,1.104,99.379,105.075,9.719
4,255.073,104.415,1.065,115.221,1.062,103.574,96.993,11.01,100.775,1.012,115.875,1.069,102.835,105.655,10.089
3,255.17,103.381,109.237,101.126,99.734,1.086,97.659,98.349,109.103,102.835,106.595,106.544,1.175,97.643,98.524
3,255.363,100.694,109.239,110.504,95.496,1.154,112.781,113.765,98.275,97.554,99.227,93.467,1.021,113.171,107.111
4,255.636,94.958,1.011,112.517,1.049,114.862,111.558,9.46,98.322,1.148,107.847,1.161,98.566,95.655,10.53
4,255.73,93.759,1.116,104.852,1.055,108.211,108.437,10.08,109.646,1.089,107.744,1.064,99.283,102.981,10.604
2,256.06,10.315,111.72,113.244,111.324,102.35,0.986,99.241,10.351,105.953,117.725,114.438,101.234,1.136,103.681
2,256.085,11.538,98.664,115.67,109.563,105.511,1.124,117.813,10.343,96.145,101.632,101.975,118.152,1.028,117.27
1,256.216,103.938,9.631,97.169,11.264,10.207,109.975,10.385,115.186,10.888,103.262,10.588,9.652,111.101,10.361
1,256.361,108.545,9.965,111.185,11.15,9.721,107.04,10.827,102.221,10.452,99.523,11.384,10.698,102.406,10.535
1,256.431,100.199,9.718,105.178,9.669,10.421,108.645,10.919,101.935,10.907,100.399,10.212,9.494,108.564,11.181
2,256.549,10.879,106.188,111.631,113.705,118.993,1.024,116.68,10.427,106.427,110.119,103.655,116.302,1.003,111.796
3,256.588,95.705,95.102,94.972,93.421,1.012,103.371,101.501,109.224,108.617,104.708,104.369,1.095,99.782,98.602
4,256.796,97.292,1.05,110.837,1.166,108.051,101.504,10.887,105.58,1.112,101.878,1.143,111.56,101.711,10.403
3,257.601,111.359,106.399,97.396,94.175,1.106,110.445,104.286,98.233,100.677,102.533,97.59,1.057,110.112,97.756
3,257.604,103.805,98.295,107.484,102.577,1.121,103.402,98.585,110.09,111.57,99.949,106.825,1.091,107.221,106.862
3,257.66,110.055,101.799,108.558,99.673,1.038,100.681,110.536,100.694,102.263,100.341,103.939,1.011,111.825,102.945
2,257.926,11.656,109.325,107.419,110.226,117.801,1.044,103.025,10.56,97.938,114.019,112.246,116.523,0.982,102.992
1,258.228,107.591,9.36,110.884,10.966,10.784,107.124,10.502,100.703,10.334,110.346,10.173,10.776,102.264,10.007
1,258.27,101.865,9.628,103.577,10.085,9.528,112.355,10.394,113.91,9.512,98.89,9.971,9.721,105.622,10.646
4,258.288,97.175,1.144,110.272,1.051,115.794,106.553,9.425,103.9,0.991,110.619,1.108,109.501,104.894,10.307
4,258.414,100.17,1.069,107.972,1.171,114.218,103.797,9.461,100.038,1.123,100.881,1.098,100.185,107.252,10.347
4,258.541,97.327,1.062,111.313,1.138,101.19,103.409,10.073,94.222,1.029,112.303,1.098,109.233,107.406,10.176
1,258.634,114.846,9.826,111.322,9.894,10.053,101.009,10.128,99.609,9.46,100.728,11.061,10.125,113.127,9.655
3,259.016,108.785,100.41,106.921,105.714,1.099,101.981,105.918,102.57,111.136,106.921,97.57,1.181,98.166,105.148
2,259.29,10.593,95.942,111.694,114.555,100.963,1.027,101.336,11.862,103.757,111.822,102.479,105.668,1.055,109.958
4,259.347,105.59,1.132,118.231,1.058,105.392,106.622,9.993,105.681,1.125,102.015,1.048,103.969,109.859,9.472
3,259.894,106.517,108.461,108.052,95.047,1.155,105.767,101.894,110.736,102.733,106.503,104.5,1.083,97.536,110.458
2,260.091,11.761,99.009,103.605,110.94,112.864,0.998,110.571,11.831,108.313,104.4,111.74,104.034,1.136,111.316
3,260.226,110.764,107.452,110.853,99.014,1.115,96.771,110.43,95.691,108.783,97.848,96.7,1.028,95.611,100.137
3,260.319,104.846,106.931,103.203,98.14,1.007,112.526,100.689,102.778,99.505,97.276,104.379,1.105,103.403,99.309
4,260.545,99.827,1.145,102.422,1.026,113.833,97.013,10.231,94.177,1.013,110.005,1.173,115.226,98.101,9.844
3,260.656,112.55,110.644,102.074,107.737,1.09,108.376,95.781,105.84,96.54,106.989,98.639,1.141,97.509,105.937
2,260.664,11.321,110.788,114.466,106.02,113.539,1.031,104.335,11.456,103.17,100.932,111.666,100.452,1.097,116.726
3,261.003,100.775,105.21,108.85,105.533,1.048,97.951,101.038,106.199,98.594,97.848,106.213,1.115,99.574,99.036
4,261.063,102.004,1.021,116.981,1.004,98.894,110.521,9.452,97.677,1.116,108.779,1.009,101.475,110.498,10.278
2,261.113,10.41,104.944,109.363,109.896,107.724,1.087,104.364,10.06,103.459,104.656,113.612,114.6,1.128,105.559
2,261.144,10.816,103.88,119.035,111.171,102.186,1.083,112.633,11.034,97.743,115.312,107.642,108.104,1.083,99.548
1,261.188,110.635,10.519,108.158,10.047,9.85,100.408,10.132,103.585,10.015,107.318,9.908,10.942,99.46,11.177
4,261.312,97.846,0.992,107.972,1.1,102.022,110.412,10.509,100.775,1.129,104.759,1.08,110.852,103.126,9.845
1,261.378,103.931,9.489,107.379,9.864,9.611,100.499,11.131,98.784,10.843,97.37,11.219,10.531,109.412,11.057
3,261.425,111.155,97.544,104.866,96.657,1.112,99.795,97.667,95.398,96.791,105.765,103.65,1.056,104.212,112.005
1,261.522,109.149,9.643,98.392,10.6,10.234,107.629,10.863,108.065,9.513,111.208,11.401,11.18,105.686,10.994
3,261.596,95.868,99.346,106.362,107.104,1.026,103.402,110.04,99.455,105.143,103.333,93.601,1.061,96.066,102.059
4,261.869,108.794,1.03,116.501,1.096,114.692,96.6,11.146,103.214,1.131,111.476,1.163,115.178,107.93,11.117
2,261.904,11.552,108.878,104.11,105.011,109.395,1.117,102.226,11.862,111.968,103.667,99.851,112.854,1.048,105.55
1,261.957,111.048,10.719,98.688,9.94,9.626,114.565,10.593,106.009,10.187,95.241,9.792,9.871,111.749,10.856
4,262.132,100.963,1.169,102.868,1.041,110.899,106.599,9.643,108.223,1.027,114.706,1.03,110.431,109.667,10.801
2,262.154,10.383,99.13,106.92,105.951,115.601,1.045,116.817,11.676,106.525,104.805,108.657,112.012,1.051,104.075
3,262.24,111.433,108.246,111.432,93.024,1.166,101.059,107.722,100.683,97.195,96.456,103.91,1.168,104.158,99.657
4,262.25,107.254,1.148,108.717,1.114,109.856,108.935,10.625,106.113,1.028,100.347,1.131,108.475,109.191,10.474
4,262.489,100.122,1.16,100.621,1.164,104.506,103.658,9.742,104.54,1.129,99.764,1.073,116.698,103.749,10.938
2,262.656,10.604,104.063,109.407,113.612,106.283,1.118,112.555,10.655,99.003,109.345,96.773,114.715,1.107,101.369
1,262.673,97.966,9.36,109.133,10.013,10.108,113.106,10.47,102.067,9.267,106.753,10.536,9.631,109.537,9.984
3,262.761,110.088,111.006,103.769,105.265,1.065,96.661,106.399,101.13,97.843,110.585,108.085,1.057,98.671,98.056
1,262.947,107.328,10.273,107.714,11.3,10.042,113.842,10.616,108.484,10.204,108.616,10.835,10.122,102.976,11.109
2,262.972,10.824,97.572,101.376,111.6,114.536,1.119,113.79,10.444,113.272,116.718,114.366,116.333,1.116,105.051
3,263.088,103.916,97.767,105.28,95.968,1.072,100.18,99.036,98.865,110.292,108.551,108.389,1.055,100.998,109.847
2,263.167,10.098,107.812,107.141,107.396,118.212,1.109,117.813,10.554,98.127,112.609,103.344,112.96,1.105,117.344
4,263.225,108.81,1.065,108.065,1.078,108.455,100.896,11.161,94.715,1.077,99.827,1.174,116.759,103.349,10.572
1,263.226,99.297,10.554,105.065,10.335,10.884,113.739,9.708,97.835,10.554,108.618,10.577,10.178,97.959,9.896
3,263.504,101.83,109.187,110.055,99.978,1.116,104.903,104.705,107.426,99.346,102.632,107.514,1.081,103.45,103.992
2,263.686,11.004,112.835,101.69,100.697,112.591,1.0,101.489,11.069,113.074,116.047,107.577,106.05,1.108,112.332
2,263.769,10.312,102.942,116.522,102.638,100.978,1.037,111.919,11.748,98.306,101.226,101.002,112.012,1.049,100.333
4,263.971,93.436,1.03,105.37,1.02,110.431,97.36,10.65,99.907,1.054,111.072,1.018,116.624,107.286,9.789
1,263.996,110.898,10.709,99.657,9.93,9.711,111.011,9.915,111.622,9.867,107.755,10.559,10.123,111.831,10.825
2,264.113,10.929,111.393,102.295,106.024,105.627,1.032,102.217,11.49,99.619,104.62,104.548,114.477,1.15,111.936
3,264.191,103.853,111.219,98.908,93.739,0.998,99.435,99.659,106.448,106.876,99.129,104.194,1.076,104.811,102.781
4,264.473,102.215,1.151,112.152,1.158,115.794,103.694,9.692,102.941,1.154,105.805,1.08,98.38,101.364,10.951
4,264.554,104.991,0.989,112.86,1.112,113.884,111.641,9.453,93.402,1.063,100.495,1.171,100.114,97.36,11.023
3,264.643,109.128,100.299,97.556,104.908,1.181,107.49,107.706,101.616,95.834,107.732,93.742,1.046,111.972,97.642
4,264.839,106.92,1.147,102.801,1.092,109.883,96.011,10.314,94.215,1.011,113.332,1.006,108.807,112.988,10.922
2,264.984,10.334,108.248,117.714,106.746,108.507,1.015,99.104,11.62,109.62,106.468,105.972,105.751,1.111,103.493
3,265.248,101.803,105.17,105.229,104.379,1.107,111.173,107.392,96.809,107.184,99.723,105.157,1.153,113.025,104.572
2,265.285,11.317,101.041,118.883,101.732,109.8,1.146,104.944,11.496,103.437,112.32,112.308,103.084,1.068,107.764
2,265.315,11.528,104.349,106.921,109.112,100.076,1.028,113.238,10.67,104.627,116.056,107.063,117.003,1.044,116.861
1,265.347,104.859,9.662,100.525,10.534,11.137,110.914,10.042,107.55,10.422,95.703,10.981,10.747,115.421,10.857
1,265.486,98.322,9.625,96.264,10.638,10.8,115.014,10.562,110.456,9.834,109.725,10.49,10.8,102.267,9.962
3,265.49,104.826,99.865,102.978,101.488,1.134,108.876,99.5,112.66,94.979,106.225,94.488,1.065,101.347,99.922
2,265.664,10.156,98.389,107.458,107.396,100.162,1.101,107.957,11.296,111.408,107.515,100.615,117.441,1.059,100.208
3,265.976,109.429,103.26,101.9,102.654,1.03,104.683,103.335,95.994,109.102,102.534,92.798,1.135,110.15,103.335
1,266.001,105.495,9.197,100.399,10.751,11.087,97.593,9.575,109.648,10.154,108.888,11.217,10.923,108.203,10.496
2,266.733,10.207,95.75,100.717,111.364,113.261,1.028,100.531,10.148,108.365,101.276,106.409,113.628,0.983,114.57
3,266.766,109.008,111.557,111.733,103.926,1.14,107.807,107.057,108.883,94.665,100.446,104.79,1.114,108.441,100.707
2,266.795,11.685,102.608,102.381,105.481,100.452,1.124,103.563,10.655,99.359,111.952,105.989,114.709,1.075,104.335
1,267.386,111.103,10.762,108.672,11.461,10.926,99.717,10.001,109.715,9.596,111.835,10.189,10.707,101.026,9.625
1,267.512,113.484,9.867,111.284,9.677,9.993,114.921,9.652,98.487,9.536,95.491,11.113,9.978,110.208,11.319
3,267.545,104.55,98.362,95.187,99.092,1.078,102.573,97.572,106.122,101.043,109.824,92.786,1.082,97.51,106.328
3,267.989,103.715,99.324,98.908,97.384,1.001,96.154,100.472,96.907,96.161,95.589,101.38,1.085,107.412,103.133
2,268.05,11.064,113.535,105.001,114.064,116.358,1.034,108.895,11.83,104.359,112.817,102.516,113.966,1.067,100.571
4,268.053,94.958,1.028,110.609,1.092,103.849,101.653,11.051,103.932,1.035,107.377,1.109,101.955,99.834,10.669
2,268.343,11.198,99.581,103.036,114.36,118.102,1.098,107.985,11.867,113.535,113.474,113.929,116.365,1.012,115.005
2,268.475,10.984,96.538,107.175,98.249,118.966,1.017,113.453,11.537,105.939,104.867,97.604,102.077,1.103,112.39
2,268.622,10.566,96.132,112.616,105.554,107.566,1.127,100.996,10.168,98.413,101.867,101.984,105.615,1.071,99.335
2,268.965,10.479,98.501,109.234,113.172,102.759,1.049,108.363,10.589,99.006,110.187,110.608,104.807,1.117,101.758
3,269.147,95.224,109.417,97.638,95.237,1.179,105.326,105.998,100.683,108.52,99.723,98.242,1.082,103.792,101.842
3,269.192,110.223,107.722,101.265,96.118,1.164,105.664,110.729,109.453,96.629,99.949,97.926,1.132,100.381,107.648
3,269.431,106.628,96.828,108.241,93.373,1.123,96.868,103.825,95.899,99.84,99.819,105.984,1.113,103.434,111.313
4,269.49,109.189,1.125,109.753,1.158,114.784,97.7,9.844,105.95,1.096,118.481,1.089,98.354,102.091,10.278
4,269.726,103.717,1.053,106.259,1.112,99.825,106.532,11.012,104.991,1.071,110.042,1.178,102.843,108.635,10.453
1,270.252,106.578,10.762,102.375,10.379,11.037,109.786,9.696,102.162,10.924,102.745,9.94,10.425,111.053,11.224
4,270.466,100.491,1.129,115.789,1.097,114.79,110.205,10.854,101.797,1.032,105.714,1.079,100.53,111.37,10.841
4,270.479,100.486,1.165,114.765,1.054,114.868,105.179,10.828,107.363,1.05,117.869,1.113,115.8,106.656,10.416
2,270.624,10.929,99.013,111.482,99.325,117.987,1.029,106.059,10.818,104.349,108.291,101.349,102.59,1.081,100.333
1,270.676,96.896,9.337,98.548,10.649,9.556,100.937,10.13,105.221,9.542,108.046,11.185,10.73,108.334,9.997
2,270.721,11.761,113.271,112.384,105.475,110.937,1.02,107.616,11.124,106.462,107.327,106.613,116.559,1.017,102.026
4,270.909,109.189,1.157,99.846,1.166,101.287,111.8,10.587,100.774,1.105,114.481,1.158,106.226,104.068,10.696
1,271.021,108.288,9.867,110.178,11.244,10.604,114.874,9.752,105.413,10.116,101.797,11.417,10.002,97.86,9.638
1,271.138,110.8,9.496,103.861,10.249,10.043,109.771,11.103,103.62,10.437,100.918,10.868,9.661,98.572,9.585
3,271.343,98.759,102.945,102.759,105.594,1.009,111.677,113.52,110.785,95.957,111.168,104.217,1.128,110.521,104.417
1,271.438,98.132,10.029,98.122,9.859,9.907,99.458,11.014,115.096,9.609,107.152,9.95,9.606,97.58,10.731
2,271.581,11.161,110.958,109.407,102.493,102.01,0.976,108.629,11.184,99.619,112.363,97.657,114.036,1.009,117.247
1,271.708,106.061,10.464,103.6,10.15,9.907,107.733,11.246,113.512,10.91,95.369,10.045,9.557,111.071,9.569
3,272.093,95.866,99.746,104.697,101.815,0.999,107.414,99.094,95.024,100.278,94.906,95.496,1.152,97.89,107.619
2,272.113,10.137,103.77,112.097,108.387,117.59,1.142,103.728,10.214,104.161,116.09,102.246,115.938,1.043,109.072
3,272.59,101.439,101.625,111.714,105.058,1.126,110.369,98.202,100.089,101.326,104.031,96.227,1.055,101.026,105.815
2,272.657,10.03,106.95,109.869,103.532,101.95,1.058,115.264,10.806,99.618,108.145,112.893,105.398,1.014,109.498
3,272.703,96.952,103.649,110.734,108.098,1.16,99.646,112.142,106.107,97.809,106.813,106.589,1.072,95.756,98.172
2,272.789,10.315,103.323,119.116,110.385,118.585,1.114,109.205,11.051,98.086,103.994,97.507,112.175,1.125,111.7
1,272.9,98.084,9.943,103.549,9.722,11.033,105.564,9.59,102.389,10.222,112.496,9.996,9.638,109.691,11.003
3,272.912,107.792,100.519,103.714,93.946,1.097,109.526,99.855,107.957,100.885,109.543,109.823,0.999,106.408,99.835
2,273.183,10.283,106.895,109.234,99.459,106.354,1.045,113.408,10.773,98.762,112.241,113.545,111.978,1.048,108.095
3,273.329,110.87,100.968,100.511,94.606,1.089,95.811,103.058,98.865,100.465,108.298,106.174,1.104,98.851,96.691
1,273.342,104.713,9.46,96.144,10.816,9.63,100.77,10.22,109.042,9.994,98.967,9.732,10.27,98.46,11.131
2,273.517,10.409,102.794,113.961,98.937,110.66,1.146,114.728,11.238,107.217,104.66,99.891,107.588,1.136,102.926
1,273.837,109.601,10.659,107.239,10.571,10.575,110.175,10.448,109.827,9.205,111.456,10.696,11.037,105.219,10.896
1,273.958,104.239,9.783,99.81,10.366,10.765,111.595,10.616,108.44,9.64,111.191,11.038,10.919,102.624,10.627
1,274.477,103.62,9.628,104.671,9.666,9.905,109.466,10.663,101.865,9.631,103.984,10.06,9.94,102.262,10.362
2,274.628,10.137,108.312,117.912,108.553,103.916,0.97,104.493,10.813,100.017,108.585,98.801,118.705,1.129,116.719
3,274.67,108.453,111.337,111.892,103.171,1.113,96.951,103.149,95.34,99.084,104.456,100.539,1.071,99.931,110.593
1,274.76,100.09,10.271,105.15,9.861,10.016,98.203,9.96,97.306,9.749,96.876,10.803,9.543,107.124,10.618
2,274.859,11.456,110.97,109.897,113.012,101.463,0.976,117.077,11.806,97.074,113.33,97.425,114.461,1.082,110.761
1,275.031,109.387,10.461,95.703,11.172,10.014,109.558,10.715,99.833,10.312,104.811,10.402,10.046,113.532,10.151
4,275.084,102.41,1.147,106.122,1.098,106.676,99.25,9.746,94.415,0.995,105.229,1.158,100.078,100.106,9.533
1,275.103,111.002,10.533,97.474,10.125,9.606,111.138,10.513,112.033,9.561,109.756,10.179,10.57,108.425,10.365
1,275.115,105.029,10.87,104.015,10.664,10.942,101.614,9.936,108.519,10.66,96.333,9.685,10.919,103.479,10.244
4,275.367,108.269,1.114,102.772,1.037,111.607,99.157,10.573,97.556,1.039,114.129,1.055,104.779,106.044,10.487
3,275.49,99.631,102.514,94.838,98.289,1.05,98.766,108.811,107.915,108.291,95.738,105.224,1.115,112.021,97.593
1,275.57,97.717,9.51,100.61,10.212,9.523,111.604,10.442,111.2,10.39,104.305,9.967,9.88,97.794,9.829
3,275.638,103.987,103.467,102.478,108.058,1.091,95.414,103.076,112.751,109.886,108.051,102.212,1.161,110.875,105.245
1,275.66,112.562,10.572,105.222,9.678,9.661,104.427,11.198,101.334,10.061,105.482,11.458,9.94,115.575,10.128
3,276.087,107.933,96.803,109.591,99.073,1.102,96.991,100.865,112.751,96.792,95.716,104.606,1.116,107.284,99.834
4,276.104,100.916,1.037,109.492,1.166,108.926,97.307,10.546,109.488,1.078,106.702,1.052,110.504,99.188,11.124
3,276.208,96.516,94.865,98.609,99.041,1.125,106.686,104.55,103.554,104.78,107.301,96.948,1.144,112.36,113.433
3,276.331,112.899,107.47,95.036,93.742,1.003,98.426,108.622,103.519,96.088,105.856,100.251,1.081,99.518,113.764
2,276.342,11.352,100.496,101.226,103.08,103.6,1.119,112.134,11.315,107.735,108.49,107.578,118.173,0.973,109.673
2,276.457,10.469,100.263,117.62,105.032,104.527,1.01,110.917,10.821,107.069,108.143,103.111,101.95,1.108,112.469
4,276.77,102.768,1.129,102.233,1.087,112.194,108.178,10.582,99.805,1.034,104.068,0.998,108.316,103.056,10.809
4,276.839,109.676,1.11,108.683,1.174,105.114,98.59,10.934,92.793,1.06,101.066,1.006,111.385,108.383,10.104
2,276.865,10.291,108.741,105.314,98.336,111.181,1.107,109.958,10.122,101.638,102.381,102.642,110.489,1.009,106.51
2,277.199,11.36,108.25,108.125,111.6,118.694,1.053,108.379,10.153,99.992,112.735,111.6,116.761,1.014,106.934
2,277.845,10.422,95.655,115.842,104.467,102.061,1.059,114.967,11.651,107.317,103.27,108.829,102.963,1.122,109.711
1,277.969,114.217,9.723,106.841,9.661,10.98,98.921,10.203,97.242,10.914,112.196,10.981,10.301,102.993,10.941
3,278.136,96.184,100.488,99.627,96.748,1.144,104.811,107.728,111.628,102.359,109.764,96.428,1.121,96.47,106.973
4,278.356,93.512,1.046,104.852,1.11,112.57,97.536,9.804,104.991,1.127,107.114,1.027,116.438,99.25,9.413
4,278.449,108.359,1.17,117.044,1.041,115.067,111.064,10.29,101.324,1.106,106.161,1.052,111.355,106.542,9.546
4,279.303,93.172,1.126,116.272,1.051,105.131,100.956,10.588,97.059,1.145,103.791,1.118,103.969,101.352,11.084
1,279.491,111.869,9.316,112.157,10.035,10.708,100.842,11.376,110.013,10.935,111.586,11.093,10.054,110.827,9.667
1,279.491,109.139,10.71,101.243,10.013,10.694,108.836,11.321,107.982,10.332,108.876,9.767,10.879,98.687,10.57
4,279.57,97.751,1.142,114.059,1.019,114.397,99.603,9.608,96.939,1.075,117.863,1.0,107.478,99.734,10.622
1,280.052,111.026,10.566,105.664,11.181,10.976,107.192,10.819,105.882,10.71,110.845,9.792,10.604,102.501,10.182
2,280.112,10.051,105.196,102.934,105.58,106.73,1.025,101.262,11.452,99.514,107.141,113.569,108.918,1.144,103.802
3,280.27,103.923,112.292,97.686,98.893,1.091,100.998,103.159,97.373,110.359,98.592,104.125,1.044,108.311,106.755
4,280.601,102.678,1.122,108.264,0.996,104.994,112.73,9.806,98.302,1.102,109.278,1.036,99.681,96.4,10.735
2,280.703,10.725,96.191,104.357,99.906,102.542,1.01,104.03,11.717,101.069,115.67,103.638,112.214,1.022,113.912
1,280.853,107.98,9.896,111.923,9.836,10.868,105.899,11.048,101.363,9.779,110.854,11.349,10.803,110.627,10.502
3,280.876,110.083,107.452,111.265,106.283,1.152,106.05,102.764,98.928,112.028,96.916,109.555,1.132,108.783,100.137
1,281.073,113.658,9.463,104.428,10.123,10.492,115.835,9.701,103.715,9.693,111.208,11.063,10.042,102.207,10.263
4,281.183,97.846,1.163,118.025,1.03,116.313,101.084,10.56,98.078,0.995,103.176,1.18,102.04,103.264,11.128
3,281.43,103.361,109.296,104.667,106.501,1.174,109.466,104.612,112.48,95.281,112.138,109.09,1.171,111.825,107.282
3,281.473,99.951,94.638,110.622,103.284,1.028,98.402,98.007,112.722,96.362,106.298,101.897,1.088,109.937,108.085
2,281.518,10.855,98.999,111.819,104.26,116.976,1.073,112.676,11.129,108.794,108.567,110.295,117.926,1.01,109.729
4,281.782,106.36,1.053,112.508,1.089,106.603,101.622,10.422,97.143,1.021,106.483,1.086,100.896,104.906,9.878
4,281.797,107.446,1.017,109.278,1.017,108.639,96.587,10.981,103.479,1.103,100.757,1.123,106.916,110.219,9.517
1,281.885,112.493,9.397,97.591,10.585,9.788,115.353,11.045,98.436,9.968,103.091,10.639,10.809,112.149,9.921
2,281.886,11.564,112.665,113.845,107.354,101.246,0.988,110.878,11.616,100.49,107.474,108.817,114.339,0.992,109.673
3,282.224,96.907,95.17,106.813,100.865,1.18,96.892,112.937,98.845,101.589,95.904,95.39,1.032,106.277,97.572
1,282.658,102.513,9.35,108.499,10.846,10.099,104.468,10.007,104.794,9.417,108.736,9.869,10.885,102.501,9.691
4,282.675,108.3,1.122,101.457,1.051,111.253,109.113,10.036,95.441,0.986,114.875,1.095,98.6,108.0,10.785
2,282.737,11.397,98.277,106.01,111.298,110.207,1.01,117.27,10.073,103.88,117.724,98.839,117.184,1.149,104.622
2,283.039,10.046,103.421,108.291,113.659,102.819,0.992,105.416,11.83,98.591,110.595,98.186,106.737,1.003,100.157
2,283.073,10.021,106.084,117.758,107.777,107.417,0.971,101.835,10.122,99.177,110.862,101.053,101.046,1.118,108.379
2,283.146,11.753,111.123,109.205,105.171,117.018,1.111,108.483,10.044,112.853,117.097,103.344,100.462,1.115,108.492
4,283.163,105.359,1.025,110.837,1.11,114.714,104.009,10.551,98.187,1.06,116.984,1.135,107.272,100.628,9.771
2,283.174,11.154,101.9,107.759,101.984,111.742,1.134,106.499,11.179,99.697,105.424,112.504,115.466,1.066,108.482
1,283.226,108.733,9.303,97.515,10.906,10.481,106.8,10.428,100.868,9.867,107.313,9.879,10.584,115.575,11.198
1,283.231,103.797,10.107,111.185,11.26,10.406,103.152,10.081,106.336,9.374,103.792,9.822,11.132,99.981,11.055
1,283.294,107.843,9.467,104.504,9.919,10.613,104.902,10.087,109.017,9.905,98.976,11.103,9.923,98.714,9.78
4,283.528,100.038,1.09,103.154,1.159,111.253,113.168,10.102,100.646,1.035,116.535,1.029,116.578,105.109,10.224
3,283.727,105.042,110.166,107.899,105.846,1.1,99.086,100.239,96.361,106.146,107.268,108.411,1.113,108.008,97.756
4,283.828,97.836,1.05,104.552,1.071,105.633,100.091,11.084,95.287,1.02,105.25,1.132,108.951,108.36,9.431
1,283.925,107.749,10.575,100.512,10.171,10.579,104.751,10.182,107.163,9.684,108.563,10.567,11.268,104.242,10.076
4,283.965,96.22,1.086,112.581,1.078,99.017,99.4,9.561,102.227,1.12,111.317,1.062,100.757,109.673,11.013
2,284.067,11.124,99.71,102.075,99.583,112.353,1.037,104.44,10.655,112.494,104.524,97.005,113.402,1.151,102.905
2,284.159,11.555,107.916,103.348,105.761,115.974,1.001,101.687,11.211,112.494,107.553,98.902,107.262,1.096,100.811
4,284.165,104.104,1.102,100.654,1.099,101.963,100.647,10.09,107.483,1.052,116.08,1.039,108.667,109.943,10.216
2,284.292,10.383,96.759,104.867,104.909,114.669,1.093,115.034,10.221,97.572,110.338,98.937,113.972,1.024,113.404
3,284.318,112.313,101.467,96.875,107.935,1.072,100.827,103.133,105.84,109.323,98.609,95.666,1.158,110.521,97.279
3,284.455,99.068,96.285,98.361,98.628,1.006,98.751,104.401,106.199,98.659,104.837,104.734,1.13,99.832,100.754
1,284.909,105.055,10.015,112.196,11.135,10.71,110.799,10.651,101.789,10.69,96.217,11.113,9.905,100.881,10.319
4,284.972,102.929,1.074,112.982,0.996,102.568,100.046,9.526,95.484,1.141,107.635,1.127,114.784,109.772,9.891
3,285.332,108.584,96.285,96.045,105.137,1.087,96.271,109.252,112.48,98.362,102.915,105.989,1.156,107.0,98.757
4,285.355,93.825,1.035,112.169,1.106,101.078,106.864,10.411,109.891,1.122,114.852,1.105,113.892,98.543,11.09
1,285.402,107.005,10.164,109.535,9.88,10.303,109.002,9.741,103.778,10.639,108.522,10.173,9.686,112.097,10.307
4,285.675,100.133,1.085,100.377,1.044,114.534,111.346,10.562,108.188,1.09,109.848,1.044,104.453,97.293,10.539
1,285.701,106.262,9.489,111.03,10.305,11.266,100.994,10.327,106.097,10.767,111.023,9.917,10.04,105.245,11.201
3,286.183,109.242,109.508,107.781,106.544,1.074,112.419,108.451,95.288,94.894,103.555,98.937,1.056,100.61,98.09
2,286.195,10.521,112.553,102.099,106.715,118.525,1.075,110.288,10.835,98.63,106.564,107.089,101.817,0.973,106.539
1,286.332,111.114,10.395,109.756,10.98,10.879,112.994,10.513,108.514,10.668,98.688,11.318,9.503,108.234,11.045
1,286.412,101.452,9.442,96.264,9.804,9.518,112.305,9.613,100.919,10.336,103.509,10.037,10.492,99.721,10.649
1,286.498,105.502,10.306,99.092,11.376,10.509,106.218,10.533,99.795,9.873,101.758,10.147,9.7,110.862,10.943
3,286.698,100.987,105.053,102.142,96.355,1.145,97.8,102.227,96.856,98.633,106.668,95.39,1.109,112.155,96.321
2,286.824,10.579,104.273,116.843,104.984,111.769,1.14,104.987,10.108,96.176,113.35,110.67,116.877,1.014,103.015
4,286.826,107.265,1.033,102.926,1.124,110.818,110.671,10.067,106.9,1.132,108.319,1.047,107.258,113.244,10.858
3,287.035,96.633,104.357,107.719,96.611,1.113,100.539,100.731,111.976,100.667,101.459,107.299,1.172,101.08,110.74
4,287.378,106.477,1.068,99.699,1.081,107.933,103.694,9.656,109.189,1.05,102.218,1.046,109.193,111.66,10.892
4,287.429,95.421,1.11,105.601,1.076,116.247,98.649,10.923,104.075,1.028,117.163,1.006,115.627,97.041,10.452
2,287.66,11.296,113.367,106.611,103.212,113.628,1.148,109.347,11.12,98.214,100.214,102.517,115.715,1.071,101.369
3,287.725,106.418,110.237,106.541,99.092,1.136,101.494,105.879,96.966,97.498,107.897,103.011,1.098,112.802,107.619
2,288.055,10.822,102.34,100.432,104.111,109.809,0.987,105.565,11.119,97.34,101.215,111.208,113.941,1.109,103.424
4,288.121,102.768,1.167,105.731,1.165,100.601,106.079,9.979,101.947,1.079,115.602,1.073,100.078,110.412,9.44
4,288.136,98.53,1.025,116.016,1.179,115.131,97.737,10.193,101.276,1.154,118.231,1.035,108.426,96.6,10.977
1,288.184,98.132,9.397,105.775,9.785,9.611,104.033,10.526,106.572,10.556,109.003,11.094,11.101,100.02,10.904
3,288.307,95.34,95.281,99.298,96.656,1.047,102.014,97.513,109.625,95.768,109.796,99.988,1.078,96.991,113.411
1,288.8,99.795,9.223,109.416,11.402,10.054,112.153,9.742,110.033,9.919,102.375,10.03,10.491,102.262,10.936
1,288.817,104.496,9.701,106.649,11.399,9.725,114.323,11.321,107.553,9.652,98.377,9.812,10.71,114.706,11.039
2,288.841,10.616,98.796,116.063,110.434,109.822,1.044,112.57,10.106,97.365,107.874,108.777,107.55,1.116,112.987
3,288.866,101.616,108.982,102.98,101.609,1.03,106.397,110.691,105.894,98.025,102.98,101.897,1.046,107.524,104.207
4,289.871,105.588,1.062,109.625,1.148,108.36,105.768,10.129,100.073,1.166,115.752,1.083,111.341,97.005,9.939
1,289.971,108.545,9.205,99.678,10.522,10.169,98.362,9.959,99.866,9.925,101.477,10.397,10.05,100.629,9.743
1,290.41,109.601,9.781,95.959,10.725,9.728,102.597,11.295,104.114,10.577,109.994,10.173,11.173,100.948,9.577
2,290.434,10.685,109.68,117.725,110.844,103.132,1.142,116.04,11.323,102.32,108.728,110.237,110.161,1.146,101.45
1,290.477,106.703,9.832,95.417,10.995,10.405,100.446,9.984,106.572,9.514,98.69,11.25,10.92,113.113,11.266
4,290.558,104.747,1.061,115.706,1.021,115.926,99.397,10.344,105.188,1.122,118.026,1.054,107.711,110.065,10.1
2,290.746,11.11,96.428,102.394,105.415,108.507,1.06,107.812,10.411,112.431,112.099,103.889,103.084,1.082,104.335
3,290.875,109.26,97.142,112.42,97.431,1.004,107.242,112.339,107.119,110.307,95.369,96.392,1.111,105.65,97.014
3,291.042,104.65,98.362,108.377,100.672,1.047,106.721,107.01,95.511,110.479,105.076,104.415,1.057,96.466,107.204
1,291.352,103.423,10.718,106.788,10.225,9.9,108.878,10.805,108.103,10.899,101.026,10.396,10.945,102.856,10.004
1,291.642,109.561,10.328,100.918,10.583,10.122,109.635,10.896,103.931,10.468,109.876,11.444,10.751,108.066,10.271
1,291.711,109.362,10.561,107.006,10.013,10.43,106.089,11.186,114.256,9.614,103.248,11.061,11.19,103.644,10.513
3,291.724,105.53,99.84,94.838,107.194,1.164,108.928,108.613,103.072,96.141,106.826,108.389,1.064,99.731,97.642
4,291.838,97.925,1.055,112.385,1.122,115.165,97.89,10.654,105.245,1.018,113.297,1.148,109.272,111.713,10.66
1,292.232,115.045,10.132,112.018,10.327,10.128,98.928,10.526,112.593,9.38,108.243,11.452,9.786,110.56,10.169
3,292.254,96.173,99.084,108.051,109.319,1.166,98.271,104.446,111.274,102.905,109.579,99.433,1.0,100.61,108.613
3,292.336,110.301,106.533,103.362,95.428,1.146,112.398,97.891,97.988,105.295,95.738,108.467,1.038,102.777,100.68
1,292.416,114.846,9.878,111.313,11.133,9.649,109.994,11.363,100.569,10.702,96.474,11.236,10.099,109.808,10.852
1,292.48,110.337,9.718,110.759,9.646,9.678,111.631,10.882,98.793,9.625,104.441,10.846,10.844,106.311,11.325
3,292.523,97.32,97.859,97.638,96.437,1.024,103.346,103.546,104.064,109.201,105.818,106.115,1.123,107.835,99.993
2,292.706,10.258,111.968,105.012,107.548,105.268,1.032,100.094,11.286,97.074,112.887,105.976,117.873,0.994,104.946
2,293.097,10.4,113.526,100.863,105.324,115.837,1.073,100.402,10.528,98.771,113.608,108.466,103.916,1.147,107.77
2,293.282,11.36,110.496,101.215,105.415,107.417,1.033,110.023,11.183,105.893,117.724,108.874,112.357,1.102,101.336
4,293.365,105.868,1.154,103.105,0.996,98.483,107.578,10.474,104.55,1.088,112.239,1.145,108.7,100.137,10.179
1,293.469,111.643,9.642,100.61,10.179,10.319,113.48,11.284,102.806,9.521,96.258,9.988,10.222,101.185,10.007
1,293.475,101.452,9.42,107.39,9.869,9.713,114.685,10.804,108.635,9.595,94.997,11.216,10.072,110.627,9.888
4,293.536,100.775,1.059,110.503,1.011,108.283,108.178,10.254,92.866,1.167,116.428,1.138,112.558,101.352,10.538
1,293.567,111.678,10.243,103.596,10.776,10.117,110.862,11.199,100.697,10.154,95.843,11.169,9.976,114.323,9.773
3,293.614,108.791,106.338,109.295,96.354,0.997,106.109,112.755,102.288,99.682,102.418,108.553,1.154,103.403,107.046
2,293.871,10.578,106.188,110.324,108.829,101.302,1.121,104.415,11.533,109.68,109.202,109.497,116.155,1.01,109.673
1,293.873,103.693,10.283,94.997,10.966,9.577,99.756,11.321,111.969,9.557,111.621,10.522,10.967,102.144,10.011
3,294.062,101.269,99.167,102.98,104.061,1.001,101.625,101.501,100.582,98.961,102.133,107.598,1.017,108.913,105.401
4,294.089,104.9,1.076,113.072,1.16,108.091,107.968,9.697,105.892,1.038,104.728,1.098,116.75,112.056,11.132
1,294.15,106.061,9.433,102.48,10.711,9.549,108.835,11.188,114.358,10.646,95.151,11.136,11.14,109.767,9.814
4,294.231,100.962,1.047,118.54,1.013,110.528,108.178,10.6,100.951,1.053,113.297,1.035,106.582,97.35,10.193
3,294.47,104.116,95.114,104.708,103.921,1.181,111.762,109.364,101.05,106.182,102.694,108.705,1.008,97.794,105.781
2,294.481,10.842,111.21,115.467,100.615,104.058,0.992,105.565,11.119,110.527,108.697,102.129,110.207,1.014,108.531
3,294.602,98.129,101.16,94.904,106.501,1.097,101.494,107.697,95.072,95.292,95.904,94.561,0.998,109.107,113.646
4,294.861,95.505,1.071,102.112,1.138,100.618,113.693,10.246,98.902,1.139,101.35,1.023,99.926,103.781,10.24
2,295.029,11.089,103.468,115.573,109.435,107.325,1.028,99.808,10.203,108.19,119.035,107.786,107.113,1.083,109.604
2,295.124,10.575,104.098,102.237,110.608,100.546,0.98,103.661,10.151,104.158,110.115,109.02,105.037,0.989,106.468
3,295.166,105.559,103.772,98.418,103.158,1.003,112.021,98.795,97.704,108.679,96.017,97.244,1.176,108.154,99.301
1,295.238,107.707,9.754,97.474,10.239,10.877,103.86,10.63,111.748,10.304,100.938,9.653,10.911,103.761,10.904
1,296.015,110.8,10.421,96.573,10.136,10.005,99.099,10.503,114.114,10.886,99.144,10.319,10.117,101.604,11.061
3,296.11,105.919,107.78,111.841,92.948,1.18,113.341,110.633,103.282,100.884,95.351,98.513,1.181,104.79,97.946
4,296.217,94.123,1.002,100.357,1.15,114.018,97.754,9.908,103.717,1.169,107.043,1.015,106.647,106.079,11.045
2,296.296,10.272,100.631,114.295,111.74,109.007,1.064,100.81,11.045,106.082,108.463,101.561,107.033,1.127,112.376
4,296.316,109.645,1.166,114.641,1.09,116.75,101.615,10.722,100.169,1.038,102.136,1.112,113.703,107.029,10.336
1,296.942,114.249,9.873,103.643,11.054,9.939,100.056,10.253,98.436,9.873,96.001,10.089,9.493,112.149,10.864
1,297.042,98.608,10.208,96.459,11.259,9.756,99.068,10.669,101.417,9.374,108.344,11.022,10.593,99.493,10.152
3,297.291,106.483,105.711,102.007,97.864,1.092,100.173,96.246,98.534,103.952,106.711,107.598,0.997,105.832,101.501
4,297.405,102.655,1.154,107.625,1.137,103.66,101.537,10.453,110.166,0.997,116.277,1.061,98.662,98.048,9.844
1,297.469,107.495,10.208,107.735,10.139,10.821,104.725,9.648,112.493,9.303,107.615,9.742,10.778,109.695,11.01
2,298.171,10.259,98.332,106.957,102.755,112.47,0.971,116.258,11.878,106.071,109.409,106.478,115.668,1.023,112.975
4,298.248,98.578,1.044,99.823,1.033,114.714,110.35,10.179,104.55,1.034,116.789,1.076,112.148,111.558,10.935
2,298.409,11.497,96.754,111.396,109.223,117.803,1.069,103.44,11.251,102.642,115.026,110.482,114.182,1.115,99.537
3,298.496,110.09,109.803,107.286,98.46,1.099,112.099,96.361,109.343,98.362,104.569,108.732,1.094,100.18,111.313
4,298.518,95.966,1.062,100.427,1.051,107.568,95.641,9.912,101.985,1.044,108.264,1.061,102.778,112.825,10.581
4,298.566,104.242,1.068,110.213,1.161,111.989,106.209,10.497,101.228,0.992,118.045,1.01,107.898,106.079,9.684
4,298.746,100.648,1.061,108.264,1.161,108.509,110.201,9.689,102.164,1.043,113.149,1.14,106.901,109.46,9.566
2,298.758,10.858,105.729,103.267,108.57,105.675,1.048,100.562,10.249,99.151,102.496,102.866,100.733,0.987,100.333
3,298.859,97.452,100.265,107.479,106.794,1.159,98.551,103.903,101.813,109.332,100.633,105.224,1.036,96.271,106.607
1,299.001,102.594,10.284,105.922,10.085,10.265,109.114,10.042,102.346,10.76,103.969,10.468,10.448,105.381,9.806
2,299.293,10.525,107.26,107.487,105.427,112.464,1.009,108.906,10.168,98.998,103.412,107.465,105.751,1.12,99.895
2,299.811,10.788,107.26,110.618,109.764,115.306,1.106,100.333,11.534,109.584,117.813,110.295,110.048,0.979,99.542
1,299.875,107.402,10.903,109.724,10.639,10.613,104.611,9.822,111.975,10.257,100.918,10.706,9.922,106.945,10.322
1,299.975,113.707,9.783,108.442,11.417,10.084,97.959,10.353,103.81,9.483,106.413,11.224,10.657,105.219,10.806
3,300.178,96.888,98.053,103.466,104.093,1.139,109.421,101.511,99.159,95.236,107.762,92.622,1.15,98.206,103.589
2,300.506,10.312,110.265,109.706,110.673,105.398,1.14,107.598,11.714,99.992,102.237,113.436,108.809,1.097,117.247
3,300.525,103.225,105.851,98.711,100.183,1.031,100.749,99.938,101.732,96.957,102.978,93.6,1.005,110.352,111.516
1,300.89,101.417,10.922,96.727,11.412,11.07,103.373,9.714,104.84,9.815,109.756,10.536,9.961,109.275,10.651
3,300.96,106.722,110.337,94.664,98.892,1.025,104.288,96.891,104.986,96.828,95.922,108.185,1.124,103.783,98.704
2,301.058,11.36,109.106,102.351,100.315,101.983,1.053,108.126,11.854,98.332,103.884,100.433,115.2,1.13,105.084
4,301.257,94.725,1.164,106.416,1.069,114.102,96.258,10.214,100.354,0.985,111.768,1.06,107.354,111.031,10.214
4,301.48,102.87,1.164,99.699,1.074,109.822,111.84,10.036,107.363,1.017,109.101,1.099,110.051,101.481,10.47
3,301.541,104.107,103.683,110.022,99.939,1.052,106.397,97.014,111.605,108.893,95.589,109.299,1.025,104.185,101.884
4,301.567,103.726,1.018,109.55,1.121,100.185,98.528,9.804,104.984,1.001,115.552,1.133,108.951,110.671,10.193
1,301.577,110.817,9.754,105.491,9.714,10.513,101.968,10.362,102.025,9.767,97.406,10.556,10.252,105.882,10.899
4,301.689,108.168,1.111,116.707,1.158,115.186,113.693,9.577,98.331,1.016,116.111,1.149,111.56,101.054,9.748
4,301.795,103.676,1.063,114.612,1.117,115.506,97.925,9.472,105.274,0.989,108.238,1.045,109.631,96.983,10.036
3,301.87,102.076,98.974,110.384,94.622,1.027,108.089,96.96,106.418,97.179,104.305,98.023,1.154,106.477,97.028
3,302.396,95.747,94.979,103.78,102.222,1.181,100.913,102.457,109.246,109.908,108.464,95.168,1.178,105.259,103.798
1,302.459,107.947,10.032,104.603,9.716,10.04,115.415,10.007,106.743,10.27,95.506,10.239,10.376,113.399,10.4
3,302.673,101.677,107.202,107.94,104.907,1.111,98.697,111.088,97.393,109.259,111.265,108.069,1.125,112.771,99.144
1,302.818,112.033,9.316,96.611,10.581,10.465,103.578,10.873,104.704,9.416,111.55,10.083,10.71,108.425,10.787
1,303.282,112.493,10.64,104.15,10.577,11.14,111.379,10.421,98.208,10.43,96.982,9.973,10.862,97.983,10.362
4,303.314,94.273,1.038,100.743,1.026,100.623,98.057,10.965,103.513,1.057,109.634,1.073,100.757,113.277,10.053
1,303.315,103.564,9.284,107.157,10.35,9.58,103.023,10.498,110.144,10.0,110.759,9.917,11.062,98.781,11.274
3,303.418,95.195,103.467,105.59,105.625,1.171,107.035,101.484,102.625,97.544,111.269,96.71,1.078,112.163,97.797
1,303.6,103.238,10.1,107.219,10.694,10.522,100.218,9.698,109.218,10.122,103.276,11.128,9.763,102.976,10.259
3,303.809,102.775,104.381,109.822,108.515,1.081,105.994,107.467,103.923,110.28,100.212,100.839,1.05,112.155,97.113
2,304.244,10.611,108.966,104.956,105.349,101.562,1.106,115.204,10.801,104.79,113.789,96.681,102.162,1.11,107.911
2,304.377,11.317,96.241,112.922,105.951,105.08,1.108,106.24,11.089,99.581,108.484,112.504,104.143,1.148,101.835
4,304.666,102.87,1.038,110.291,1.125,116.218,95.774,10.928,108.45,1.134,105.393,1.062,103.266,107.718,9.567
3,304.688,98.045,111.843,94.518,93.437,1.171,113.083,103.84,98.867,95.862,97.507,93.275,1.028,107.284,109.017
4,304.707,103.945,0.984,109.625,1.077,100.618,112.082,10.436,98.153,1.01,102.112,1.042,104.244,106.202,9.944
2,304.785,11.028,99.946,105.34,100.061,113.736,1.015,116.726,11.673,102.608,102.034,104.63,118.869,1.017,114.613
3,304.926,109.246,97.767,102.23,107.379,1.094,100.362,97.64,108.205,96.088,97.685,97.109,1.089,99.731,107.728
1,305.204,111.399,9.935,106.712,10.369,10.737,108.295,10.814,107.932,10.928,95.616,11.288,10.175,104.174,10.649
4,305.361,104.246,1.153,118.017,1.032,116.563,101.054,10.562,102.768,1.058,102.455,1.078,101.642,100.622,10.05
2,305.787,11.286,104.273,111.694,112.518,104.429,1.11,109.08,10.233,99.795,109.345,109.885,114.659,0.97,107.616
2,305.922,10.203,102.854,111.822,99.212,106.05,1.01,116.035,11.499,108.558,102.381,109.293,105.268,1.062,111.668
3,305.994,102.348,111.612,111.179,103.626,1.151,109.923,96.346,110.922,97.19,109.082,107.103,1.166,108.376,102.059
3,306.09,108.83,94.796,100.446,107.521,1.144,98.776,112.803,102.9,105.912,95.231,95.218,1.148,103.402,97.382
4,306.289,106.211,1.01,99.77,1.115,112.45,98.285,10.099,94.048,1.028,106.483,0.993,98.398,108.075,10.433
4,306.465,103.407,1.093,113.954,1.032,101.356,111.6,11.094,100.084,1.048,117.454,1.031,116.563,113.031,10.558
3,306.608,102.33,111.474,108.051,109.343,1.116,99.048,107.697,100.64,109.332,110.046,97.408,1.038,111.511,103.406
4,307.577,95.237,0.988,112.052,1.082,114.297,105.931,10.012,100.074,1.135,107.623,1.112,116.243,104.023,10.486
2,308.104,10.577,98.381,110.363,99.494,100.892,0.985,101.356,10.316,111.503,115.7,107.379,107.55,1.108,105.776
4,308.189,104.966,1.103,100.891,1.089,106.603,113.013,10.887,104.076,0.986,114.623,1.123,107.258,98.971,10.707
3,308.373,109.496,106.748,96.007,105.351,1.024,105.005,108.884,111.072,102.731,110.212,108.54,1.138,102.634,103.099
3,308.554,99.05,112.292,112.42,107.072,1.135,108.869,97.92,109.453,106.565,105.286,95.383,1.155,111.677,104.767
3,308.872,97.294,109.611,97.949,96.752,1.168,100.259,99.5,99.951,103.952,108.776,98.997,1.088,111.677,101.722
4,309.098,105.188,1.02,107.63,1.123,102.063,103.663,10.309,109.189,1.024,102.561,1.148,110.619,107.15,9.579
2,309.342,10.888,98.086,108.897,101.285,101.423,0.97,110.678,10.962,108.463,114.307,110.386,108.258,1.008,115.991
2,309.456,10.033,109.489,106.859,102.015,114.528,0.989,105.038,10.849,101.461,101.347,96.749,107.171,1.055,102.51
3,309.461,98.904,100.557,99.562,97.287,1.027,110.959,96.676,111.338,98.053,96.246,98.263,1.091,110.369,96.862
3,309.524,96.437,95.809,105.818,106.081,1.076,108.783,102.874,98.465,105.187,105.554,95.154,1.067,104.258,97.279
3,309.722,110.786,102.805,94.611,102.175,1.07,95.849,97.279,110.71,102.742,100.511,96.752,1.098,109.949,103.919
3,310.003,99.717,104.867,100.821,100.387,1.173,97.089,112.893,95.705,95.594,108.051,105.714,1.012,105.167,99.41
2,310.377,10.32,101.064,113.065,106.313,110.996,1.135,106.499,11.456,99.006,104.668,113.591,103.747,1.068,109.806
3,310.684,100.94,95.298,105.189,101.847,1.085,97.875,96.055,107.915,109.9,110.585,93.588,1.047,100.73,103.406
2,310.993,10.291,99.482,105.002,109.289,110.564,1.116,108.482,11.217,97.185,117.46,99.394,102.59,1.014,101.692
2,311.037,10.15,105.498,117.742,108.387,117.897,1.0,111.17,10.697,99.697,110.865,107.495,118.102,1.077,113.796
4,311.393,108.794,1.061,110.995,1.112,107.183,99.709,10.677,105.245,1.039,102.087,1.078,107.001,99.159,9.658
2,311.589,10.554,112.689,108.454,113.365,112.842,1.113,101.306,10.07,108.646,106.005,99.106,104.532,1.124,106.783
4,311.626,98.287,1.164,99.899,1.013,109.822,102.368,11.113,99.724,1.132,112.661,1.008,105.633,100.137,11.013
3,311.843,95.288,111.155,111.908,108.198,1.126,103.567,110.634,98.928,94.692,97.638,102.764,1.064,110.472,102.457
3,311.983,105.435,97.895,108.403,93.275,1.094,98.102,108.984,99.427,106.157,100.752,97.472,1.164,95.567,98.677
4,312.04,96.881,1.155,110.137,1.068,102.745,112.676,9.462,102.542,1.058,112.39,1.136,100.501,97.89,9.539
3,312.22,105.787,98.192,103.926,99.572,1.096,111.288,104.839,105.88,101.265,99.227,109.302,1.053,99.931,97.413
2,312.363,11.753,104.657,105.305,106.778,101.348,0.979,105.448,11.45,112.05,110.454,109.202,100.673,0.977,109.069
2,312.401,10.415,95.651,116.167,114.36,116.259,1.122,115.867,10.5,102.808,110.148,112.354,108.174,1.108,107.449
3,312.524,109.184,101.283,105.062,94.975,1.103,107.524,96.447,101.864,95.079,94.518,104.137,1.146,100.216,109.534
2,312.744,11.323,99.933,117.634,103.532,103.204,1.151,104.74,10.469,105.272,117.675,100.855,113.972,0.989,115.507
3,312.78,99.762,102.974,109.592,98.893,1.035,102.52,111.606,112.692,101.589,107.337,102.606,1.003,107.659,110.6
3,312.826,103.82,105.532,104.255,99.202,1.083,98.003,104.596,108.453,108.287,98.888,106.501,0.999,96.491,111.537
3,313.148,111.123,102.912,95.269,99.204,1.125,108.783,101.511,107.522,97.149,96.746,102.764,1.025,104.039,104.096
3,313.523,107.709,104.056,100.915,103.673,1.073,112.926,100.731,104.942,99.219,110.434,103.519,1.088,102.014,107.082
3,313.559,112.48,104.185,104.641,100.627,1.157,108.815,113.128,103.44,97.284,106.425,94.878,1.18,111.911,107.139
3,314.231,109.083,105.252,111.743,109.623,1.01,112.586,104.325,102.433,101.948,109.163,103.723,1.041,109.624,96.361
4,314.378,96.218,1.035,110.272,1.056,100.533,111.969,11.158,108.421,1.073,101.066,1.169,108.882,101.601,10.762
4,314.404,95.645,1.033,100.123,1.09,101.683,108.511,10.074,101.053,1.097,110.571,1.027,105.215,103.403,10.067
2,314.714,11.379,97.137,109.334,105.475,114.659,1.071,109.073,10.405,99.052,109.08,99.146,115.731,1.039,111.07
4,314.914,101.791,1.006,106.375,1.074,107.884,100.091,9.638,97.311,1.003,116.618,1.088,116.165,98.679,9.868
2,315.03,10.901,99.828,112.368,105.322,111.065,1.121,102.077,11.458,108.706,115.375,100.399,113.972,1.108,113.408
3,315.115,108.176,107.321,110.626,104.908,1.132,97.76,99.492,103.282,106.931,98.665,103.65,1.026,97.76,101.425
3,315.361,105.923,99.219,111.74,107.134,1.185,106.511,100.12,102.778,109.179,105.914,106.794,1.049,113.193,110.126
2,315.47,11.621,107.171,108.291,114.095,114.699,0.981,100.867,11.186,107.418,104.649,103.085,116.908,1.147,116.776
4,316.171,102.317,1.134,111.476,1.174,100.114,97.517,10.285,102.284,1.118,117.454,1.152,114.93,106.096,9.405
2,316.186,11.714,108.714,102.208,110.836,115.967,1.119,106.836,11.633,104.008,113.172,101.349,110.12,0.99,112.792
4,316.44,108.65,1.01,100.383,1.035,113.557,107.753,10.168,105.419,0.984,100.194,1.075,101.213,109.959,11.119
3,316.543,98.059,109.886,98.564,104.5,1.158,104.943,105.93,104.935,109.239,104.131,94.437,1.008,99.256,103.191
2,316.78,11.172,106.084,101.079,98.801,104.034,0.984,108.669,11.039,107.674,115.842,100.525,118.322,1.053,103.959
2,317.077,10.035,111.182,106.486,97.822,100.92,1.046,107.641,11.121,100.335,114.466,99.001,106.961,1.125,109.958
4,317.181,94.314,1.107,111.496,1.082,114.883,107.523,9.514,104.839,1.047,108.238,1.178,103.125,109.372,10.796
3,317.404,112.342,103.952,102.742,95.003,1.061,103.194,108.811,106.475,108.579,104.193,104.415,1.019,103.766,112.215
3,317.428,98.045,100.341,95.916,93.601,1.09,103.398,109.59,101.291,110.17,110.793,97.287,1.123,112.245,106.771
4,317.561,109.694,1.123,111.894,1.055,116.79,113.673,10.179,99.649,1.103,113.094,1.128,99.283,96.983,10.897
3,317.57,95.416,104.534,95.922,109.555,1.142,111.128,113.422,97.249,104.663,100.099,102.866,1.064,100.5,98.465
3,317.812,108.911,111.043,110.734,93.756,1.155,97.57,106.134,96.884,108.982,94.931,102.211,1.007,99.586,104.98
3,317.881,109.429,102.158,108.608,109.311,1.099,98.166,110.447,103.519,109.639,105.076,94.233,1.096,104.086,102.27
4,318.369,100.922,1.064,110.503,1.118,115.865,112.442,10.546,110.145,1.009,112.915,1.099,112.194,98.84,9.909
4,318.373,103.513,1.095,115.934,1.143,104.315,111.141,10.231,100.646,1.07,106.402,1.172,112.674,106.61,9.946
4,318.44,93.612,1.141,105.399,1.017,111.315,111.558,10.245,98.038,1.072,114.013,1.155,100.372,106.055,11.128
3,318.588,97.368,100.468,108.607,101.192,1.132,98.208,103.769,107.518,97.751,106.216,104.06,1.012,110.047,105.657
4,318.662,92.788,1.137,101.619,1.035,98.491,113.326,10.306,108.626,1.09,111.242,1.131,99.393,108.694,9.988
3,318.75,103.7,98.196,109.705,99.933,1.041,96.054,96.691,110.072,104.056,97.901,97.948,1.122,107.983,105.657
4,318.756,107.04,1.148,111.274,1.121,100.035,101.873,10.796,99.504,0.995,109.278,1.092,106.067,111.248,10.331
2,318.831,11.67,102.34,102.035,99.85,104.275,1.0,104.136,10.15,99.003,111.405,108.683,115.707,1.112,103.92
4,319.175,94.559,1.071,101.228,1.105,110.117,96.61,9.944,96.472,1.027,107.465,1.086,114.297,109.315,9.661
3,319.575,98.419,111.216,111.744,102.175,1.072,108.367,105.536,96.856,111.998,102.534,100.421,1.009,106.182,98.677
4,320.074,95.662,1.168,115.266,1.063,104.544,106.77,10.013,102.004,1.126,102.613,1.13,102.568,103.349,9.415
4,320.323,103.562,1.17,117.254,1.007,115.1,100.452,10.809,104.104,1.094,100.495,1.086,110.495,102.608,10.611
3,320.766,105.093,95.768,106.848,98.46,1.176,103.785,110.74,100.727,111.466,103.32,94.622,1.139,104.676,100.179
3,320.81,104.107,104.507,104.484,95.519,1.039,108.409,108.348,110.173,101.265,95.269,109.517,1.053,101.08,107.481
3,320.867,109.242,96.565,112.021,103.747,1.126,100.911,113.272,101.616,108.369,94.972,95.042,1.085,105.642,97.642
4,321.289,100.975,1.121,112.39,1.115,109.317,101.711,10.413,107.152,1.008,103.613,1.075,110.051,101.073,11.01
3,321.573,104.377,107.021,102.293,94.228,1.078,96.107,104.464,100.613,100.525,104.758,98.997,1.057,111.421,104.753
3,321.709,98.235,99.84,106.635,97.736,1.11,103.45,98.034,99.093,111.277,97.818,99.913,1.136,96.747,108.027
3,321.961,106.448,102.804,107.301,102.356,1.023,110.088,98.938,106.951,110.17,95.467,95.601,1.019,108.425,102.822
2,322.158,11.397,102.145,103.803,113.929,116.158,1.136,117.359,11.124,98.575,110.119,98.218,105.621,1.128,107.043
3,322.551,103.557,110.828,109.295,93.946,1.167,99.435,105.398,109.008,105.143,98.013,94.8,1.035,105.139,97.29
4,322.639,102.039,1.122,116.789,1.09,116.354,108.014,9.841,97.155,1.136,108.885,1.116,100.411,108.178,11.113
3,323.133,100.098,94.894,98.665,107.194,1.086,103.737,104.275,110.858,95.249,102.173,94.601,1.107,108.089,107.619
2,323.949,10.021,110.807,117.05,112.518,113.736,1.081,106.234,10.61,109.312,105.756,99.75,110.017,0.991,114.004
2,323.983,11.23,97.758,114.881,104.814,106.069,1.051,99.621,11.431,102.252,107.649,99.789,108.155,0.97,113.594
2,324.084,10.106,99.923,107.458,104.956,105.539,1.132,103.257,11.281,109.645,118.937,105.132,117.987,1.0,101.565
3,324.294,112.899,110.034,102.849,100.36,0.998,105.83,111.847,109.246,112.424,108.891,108.259,1.002,99.477,106.707
4,324.453,100.675,1.01,111.185,1.11,108.316,107.682,10.935,99.649,1.011,110.706,1.003,114.93,105.328,11.142
3,324.556,102.151,106.338,105.229,110.163,1.047,104.895,101.894,97.648,105.912,110.279,95.601,1.102,104.792,95.772
2,324.61,11.852,102.58,101.562,107.341,105.451,1.148,107.355,10.906,98.127,104.896,107.089,103.204,1.071,103.614
3,324.89,96.166,98.491,99.819,106.15,1.14,103.597,104.839,109.24,109.868,109.579,108.578,1.071,109.421,99.144
2,324.912,11.813,103.677,101.649,108.357,108.071,1.109,111.801,11.161,103.471,102.295,103.834,102.319,1.012,115.907
3,325.213,103.423,104.93,98.825,94.383,1.05,102.81,109.252,110.944,111.104,102.666,109.282,1.012,100.203,102.764
4,325.251,97.175,1.154,109.839,1.134,109.883,111.251,10.922,96.939,1.094,113.297,1.063,102.802,111.501,9.966
4,325.263,98.53,0.992,101.105,1.096,99.283,107.065,10.252,100.462,1.126,113.544,1.154,99.162,111.281,9.669
3,326.023,109.619,104.056,95.036,93.051,1.03,111.637,112.592,105.717,101.799,107.53,109.382,1.098,96.279,110.865
3,326.057,107.304,110.745,102.745,109.382,1.175,112.03,99.89,103.923,102.143,100.673,107.935,1.026,111.113,106.77
2,326.357,11.639,107.01,118.188,111.853,118.339,1.019,109.958,10.982,97.495,117.724,111.671,110.745,1.074,113.973
4,326.538,96.424,1.007,105.399,1.049,98.607,112.442,9.582,93.286,1.045,116.898,1.05,112.264,112.191,11.13
3,326.583,95.018,107.936,104.549,98.212,1.061,104.403,108.348,103.68,101.413,95.491,109.899,1.179,100.259,99.922
2,326.64,11.826,95.655,105.696,104.694,114.426,1.017,105.682,11.806,107.606,113.244,108.377,116.189,1.044,113.022
2,326.823,11.025,98.75,110.937,101.113,104.143,1.064,110.878,11.316,103.574,112.647,111.625,104.143,1.076,110.023
2,326.901,11.085,104.101,113.847,109.407,106.061,0.981,99.49,11.45,97.34,108.125,100.321,107.661,1.141,103.728
2,327.263,10.725,100.49,118.116,105.039,100.283,1.044,116.962,11.089,100.147,101.73,108.829,101.928,1.039,106.999
4,327.405,95.277,1.115,113.332,1.045,99.02,101.671,10.215,108.122,1.085,112.243,1.049,107.933,113.244,10.102
4,328.213,99.476,1.019,112.781,1.021,109.442,108.254,9.598,97.858,1.036,116.428,0.995,99.558,96.263,10.725
4,328.472,105.047,1.107,117.514,1.058,108.233,112.357,9.806,93.692,0.985,105.399,1.086,109.425,111.281,10.145
3,328.536,97.596,111.806,103.041,108.838,1.027,107.928,109.969,112.454,110.37,94.736,108.749,1.011,98.478,105.061
4,328.774,101.74,1.011,107.001,1.157,114.714,99.298,10.752,103.455,1.051,101.066,1.102,110.313,98.543,10.908
3,328.783,103.861,99.309,105.788,106.174,1.135,110.418,109.169,103.554,109.886,105.71,107.374,1.045,95.612,109.371
3,330.062,106.461,100.762,101.509,97.375,1.028,103.597,102.85,108.267,100.677,111.152,99.078,1.173,96.22,101.801
4,330.169,104.59,1.077,101.301,1.097,104.952,100.76,10.074,95.421,1.112,106.065,1.092,113.846,95.616,9.824
4,330.573,96.587,1.165,102.841,1.113,100.903,105.329,9.4,102.152,1.133,115.898,1.036,103.969,104.51,9.979
3,330.7,99.765,98.232,101.48,95.003,1.019,110.697,104.147,110.311,102.949,96.713,109.343,1.172,97.31,100.761
4,330.938,109.998,1.037,105.795,1.113,116.838,99.987,9.526,98.419,0.989,116.794,1.056,106.544,112.74,10.984
3,331.114,95.994,102.731,101.117,95.143,1.136,111.308,109.929,105.215,98.191,105.818,108.624,1.156,105.82,96.246
3,331.122,101.664,108.023,111.801,95.448,1.019,101.257,110.634,95.511,108.236,110.802,96.7,1.037,102.943,113.277
3,331.359,107.706,99.149,95.813,95.934,1.125,102.692,107.057,111.03,111.33,104.562,106.457,1.128,107.524,109.098
4,332.675,108.356,1.145,102.015,1.086,109.105,108.743,11.137,102.51,1.074,115.766,1.074,110.688,97.694,9.616
4,333.065,98.799,1.089,108.674,1.049,115.165,100.896,10.246,98.078,1.009,102.618,1.15,111.74,109.014,10.453
4,333.468,99.322,1.11,114.059,1.133,98.714,106.751,9.697,105.698,1.094,102.455,1.169,106.971,111.66,10.458
4,333.741,104.991,1.154,109.006,1.172,109.42,109.123,11.09,105.92,1.126,117.176,1.071,115.165,97.029,9.815
4,334.167,97.39,1.112,109.722,1.154,107.414,112.033,10.84,102.929,1.117,103.202,1.042,107.352,102.091,10.886
4,334.584,95.966,1.164,118.242,1.039,98.69,109.458,9.658,94.314,1.011,115.755,1.126,100.84,104.08,10.522
4,334.929,99.476,1.144,117.556,1.166,110.051,107.147,9.456,108.025,1.116,115.552,1.015,114.373,106.604,10.198
4,335.471,99.505,1.08,102.218,1.045,99.137,100.76,10.194,108.19,1.132,106.402,1.17,114.692,99.019,10.755
4,336.442,94.919,1.094,116.994,1.08,111.942,109.991,10.363,96.957,1.158,117.301,1.118,115.966,104.654,10.368
4,339.412,109.82,1.094,111.296,1.004,104.244,102.759,10.935,107.967,1.115,99.994,1.12,109.792,109.933,10.406
4,341.725,96.191,1.114,104.497,1.027,110.936,111.641,10.53,102.993,1.106,106.53,1.126,116.424,98.994,10.765
4,341.788,104.094,0.984,105.313,1.127,108.72,103.902,10.036,107.34,1.038,102.811,1.177,110.313,105.24,9.489
4,341.869,100.486,1.065,116.984,1.121,111.477,105.655,10.671,101.695,1.094,99.975,1.125,107.933,102.502,10.453
4,342.007,97.556,1.169,107.736,1.032,108.531,106.096,9.845,92.751,1.144,108.946,1.174,101.213,96.674,9.845
4,343.224,98.119,1.003,102.439,1.095,104.506,97.031,10.546,93.679,1.084,101.93,1.157,113.892,96.585,9.656
4,343.708,96.481,0.996,114.641,1.051,115.137,108.757,9.841,104.075,1.057,115.821,1.082,115.1,104.068,10.005
