task_type_id,arrival_time,est_m1,est_m2,est_m3,est_m4,est_m5,est_m6,est_m7,ext_m1-1,ext_m2-1,ext_m3-1,ext_m4-1,ext_m5-1,ext_m6-1,ext_m7-1
4,0.015,98.754,106.279,112.171,109.217,101.011,1.043,9.571,99.969,110.686,114.07,104.158,92.988,1.122,10.499
4,0.162,109.642,103.461,100.243,94.758,94.3,1.041,9.938,96.256,100.661,103.276,101.696,105.708,1.161,10.334
1,0.17,111.242,11.39,10.063,10.061,10.29,98.126,114.732,99.952,10.07,9.959,10.312,9.529,114.237,101.252
2,0.176,107.907,114.825,1.185,9.951,101.096,99.071,104.709,110.279,114.017,1.185,10.71,110.275,93.38,110.715
4,0.271,93.458,104.811,116.903,103.839,97.399,1.155,10.803,95.38,109.238,108.659,100.753,95.709,1.189,9.754
4,0.305,109.568,105.75,112.689,107.491,92.974,1.16,10.87,102.852,110.892,113.198,105.012,92.915,1.119,9.869
3,0.426,98.146,104.249,103.427,1.022,110.452,0.957,95.896,111.913,109.422,102.802,1.035,102.249,1.009,101.375
1,0.612,110.272,10.247,10.422,10.824,9.767,109.877,109.305,97.589,10.907,11.418,9.316,10.565,107.917,112.483
3,0.62,108.509,107.578,101.562,1.068,109.84,1.058,103.237,114.407,109.301,98.776,1.087,104.425,0.946,99.461
4,0.682,98.29,109.966,107.905,111.73,101.074,1.104,9.613,98.211,102.115,101.926,95.473,92.9,1.036,10.591
2,0.862,109.964,101.071,1.054,9.771,95.9,94.488,102.03,95.361,113.685,1.01,9.235,95.248,94.884,98.268
4,0.886,109.027,111.684,111.281,96.09,98.203,1.109,10.785,96.601,98.427,113.341,110.761,92.094,1.182,10.871
3,1.018,97.851,107.909,111.968,1.091,109.506,1.086,103.901,107.114,107.146,96.544,1.037,108.298,0.947,100.437
1,1.11,103.006,10.214,11.209,10.854,11.166,107.745,98.249,106.401,10.717,10.038,10.259,10.549,100.754,114.612
1,1.212,107.66,11.028,11.416,10.072,11.277,107.331,107.59,95.379,9.696,10.985,10.838,10.342,111.796,113.776
4,1.336,102.538,104.224,106.039,104.139,93.448,1.015,10.647,99.988,107.275,101.004,95.798,96.641,1.144,9.808
4,1.512,101.616,101.241,105.784,97.62,97.787,1.053,10.799,93.643,101.828,116.34,104.139,108.954,1.169,10.201
2,1.559,105.247,99.606,1.06,10.491,106.425,108.626,107.914,102.697,111.37,1.05,10.088,102.306,95.647,103.005
2,1.843,109.122,103.737,1.093,9.889,107.242,99.776,106.307,98.307,111.203,1.059,9.672,104.851,99.608,102.884
2,1.917,96.166,115.921,1.02,10.368,108.246,101.07,102.104,97.691,104.29,1.182,10.494,108.162,98.985,103.864
3,2.132,97.938,106.031,107.683,1.064,97.837,1.105,102.746,109.925,96.999,107.293,1.102,106.119,0.946,98.451
3,2.18,101.496,111.044,110.919,0.986,109.086,1.121,109.227,97.93,97.323,110.599,0.958,99.843,1.013,101.205
1,2.181,103.126,10.696,10.506,10.22,10.464,97.54,110.386,94.121,10.406,10.546,10.55,10.983,109.463,110.937
1,2.222,102.979,10.291,10.777,9.573,9.793,96.889,105.775,107.752,11.154,10.455,9.727,10.882,105.487,104.344
3,2.361,107.913,106.12,97.313,1.127,98.377,1.057,93.113,97.93,98.826,105.414,1.106,100.307,1.011,99.39
1,2.831,98.482,10.843,11.29,10.587,10.812,103.082,114.042,106.024,11.05,11.007,9.783,9.706,109.45,97.661
1,3.109,110.73,9.993,10.948,10.453,10.653,99.17,104.214,103.889,9.78,10.048,10.633,10.976,110.543,107.786
1,3.2,96.671,10.546,11.005,10.18,9.793,114.264,102.492,103.75,11.207,10.553,9.669,10.599,104.613,105.362
2,3.406,103.457,108.176,1.016,9.925,97.69,103.746,105.221,107.516,113.016,1.146,9.911,96.238,93.202,101.017
2,3.603,106.277,113.964,1.158,10.696,101.955,94.656,96.136,96.97,104.203,1.05,10.385,107.297,103.039,103.809
1,3.7,97.234,10.218,11.794,10.18,10.743,99.925,99.274,96.894,11.21,11.397,10.761,10.336,103.602,100.44
4,3.911,97.921,111.51,103.13,96.011,102.178,1.05,11.277,99.183,111.354,100.981,95.442,108.93,1.153,9.683
3,4.019,100.468,106.085,107.882,0.964,108.302,1.063,98.737,100.936,102.739,104.26,1.104,103.499,0.959,94.627
4,4.03,97.362,109.388,107.934,106.29,93.763,1.153,10.778,103.278,106.476,101.678,111.05,99.247,1.082,10.28
4,4.046,98.729,110.167,101.816,111.579,97.131,1.133,9.725,97.667,107.217,118.279,96.752,107.614,1.065,10.645
1,4.401,106.119,10.351,11.576,9.717,9.972,111.426,106.42,109.747,9.903,10.108,9.562,11.208,97.069,111.76
4,4.544,106.207,108.339,102.095,95.36,107.48,1.116,10.694,106.752,96.748,103.828,107.075,104.113,1.07,9.887
1,4.58,102.784,10.53,10.413,10.716,10.366,107.796,107.932,100.089,10.927,11.719,10.846,10.058,105.443,108.396
4,4.676,106.43,107.955,107.145,103.49,106.382,1.127,11.265,101.557,97.337,110.716,100.995,105.425,1.106,10.303
2,4.962,109.162,110.014,1.013,9.338,98.943,106.554,107.165,111.193,116.698,1.144,9.484,109.656,99.791,102.011
4,5.207,102.103,95.115,117.469,100.363,104.286,1.062,11.005,98.356,108.211,113.731,104.06,100.958,1.063,9.915
3,5.351,108.389,98.756,109.639,1.122,102.909,0.994,103.258,108.257,111.954,98.795,0.963,107.724,1.102,106.765
4,5.465,106.478,105.058,117.895,99.433,92.357,1.021,10.773,92.929,99.7,107.261,105.235,107.245,1.052,10.592
4,5.575,107.162,104.153,107.592,94.63,102.045,1.13,9.755,109.746,99.378,106.135,110.959,106.716,1.179,11.057
1,6.016,105.523,9.614,10.373,9.788,9.883,102.373,110.947,97.443,10.777,10.66,10.08,10.062,110.291,104.536
3,6.439,102.945,107.533,107.001,0.964,96.172,1.064,93.416,104.442,99.589,103.467,0.996,102.524,1.098,106.776
3,6.578,104.277,109.002,110.268,0.983,108.989,0.993,105.565,108.525,108.331,107.928,1.013,101.866,0.978,96.775
3,6.831,104.503,112.166,108.657,0.982,105.358,1.11,104.15,100.804,114.046,101.43,1.056,99.604,0.952,102.318
4,6.88,106.752,105.978,109.762,99.883,102.212,1.033,9.955,93.372,97.337,117.092,97.216,106.131,1.012,11.229
1,7.07,98.573,11.123,11.5,10.454,11.138,109.056,107.462,93.915,10.444,11.727,10.369,9.903,97.785,103.519
3,7.286,112.766,100.403,113.495,1.105,105.318,1.012,104.528,105.814,106.894,111.649,1.043,100.531,1.071,96.775
4,7.43,99.787,108.808,107.627,100.077,92.066,1.16,10.441,103.297,97.605,106.752,107.728,99.439,1.012,10.995
1,7.504,98.832,9.833,10.081,10.759,11.027,106.557,107.035,108.173,10.929,11.701,10.761,10.453,102.813,113.418
1,7.906,98.538,10.389,11.627,9.29,10.076,107.63,110.635,107.958,10.779,11.418,9.234,11.162,113.445,101.352
3,7.924,107.547,103.523,111.639,0.97,106.174,1.103,108.802,100.15,108.318,96.838,1.097,96.536,1.022,95.002
2,8.192,110.597,108.025,1.122,9.534,96.06,99.063,106.816,94.586,117.561,1.026,9.314,96.435,97.251,101.488
2,8.227,110.975,116.804,1.149,10.212,108.138,102.444,100.953,94.687,109.274,1.045,10.972,95.48,103.524,103.627
4,8.388,94.578,97.668,113.199,99.514,95.821,1.147,9.838,99.099,106.861,104.876,102.96,106.667,1.079,10.028
3,8.632,109.497,98.31,103.035,1.019,105.287,1.071,98.543,108.296,97.909,101.632,0.968,109.407,0.97,107.105
2,8.804,95.479,101.113,1.085,10.386,107.034,106.231,108.094,97.343,103.503,1.028,10.313,93.838,91.659,100.82
1,8.867,106.882,10.451,10.648,9.813,9.86,99.397,103.461,110.53,10.829,10.16,9.704,10.985,105.025,107.944
1,8.921,98.938,9.707,10.132,9.695,9.727,108.679,112.406,110.562,10.019,11.765,10.225,11.084,98.725,100.74
1,9.166,103.334,9.961,10.896,10.886,11.244,110.712,104.27,108.685,10.058,11.02,9.54,10.491,109.863,101.223
4,9.183,95.294,94.964,112.187,101.666,95.905,1.033,9.516,96.802,100.573,111.692,110.32,105.999,1.06,10.648
1,9.279,99.489,10.561,11.408,10.312,10.644,109.694,112.179,98.293,9.609,11.707,9.96,10.055,112.885,105.338
1,9.461,108.817,10.316,11.745,9.933,9.691,112.455,102.49,99.004,9.782,10.591,10.871,9.789,97.528,102.865
3,9.594,112.535,102.813,109.656,0.985,101.753,0.958,96.237,113.27,104.249,101.289,0.996,97.373,1.042,103.448
1,9.943,95.221,10.657,11.291,10.491,10.751,112.776,110.445,106.887,10.181,10.405,9.97,11.209,109.346,107.518
2,10.222,103.708,110.597,1.106,10.051,102.845,98.717,110.77,108.255,114.873,1.132,10.843,103.772,107.795,107.758
1,10.378,97.678,10.315,11.818,10.686,11.141,105.88,104.927,105.825,10.247,10.939,10.75,10.292,105.279,114.776
2,10.41,108.433,100.939,1.127,10.147,104.615,105.871,104.724,94.648,108.96,1.014,10.34,94.507,96.082,114.085
2,10.475,104.812,108.561,1.084,10.589,97.979,91.859,111.833,104.918,106.956,1.182,9.292,103.821,108.344,105.112
3,10.512,104.591,107.655,106.573,1.088,110.867,0.974,108.9,102.533,101.873,101.857,0.984,103.628,1.0,105.114
3,10.851,102.622,105.775,104.307,0.958,109.693,0.95,107.697,100.625,108.921,107.179,0.977,94.205,0.985,107.018
3,10.857,103.986,114.082,106.039,1.09,96.48,1.036,97.186,103.482,96.853,99.532,1.12,103.474,0.983,94.472
1,10.904,97.171,10.543,11.136,9.418,9.562,105.054,112.483,107.198,10.328,10.139,9.467,9.579,101.972,111.846
2,11.181,99.206,110.725,1.033,9.75,97.179,94.141,109.657,107.41,116.156,1.132,9.557,99.739,91.685,98.183
3,11.324,97.616,110.065,103.745,1.061,100.946,1.015,99.191,97.901,110.276,107.485,1.118,95.424,1.048,105.507
1,11.531,97.082,10.749,11.347,10.851,11.247,105.024,114.622,108.173,10.867,10.945,10.667,10.703,108.228,101.348
3,11.769,111.435,102.231,101.969,1.077,105.986,1.012,103.296,102.069,107.414,105.974,1.024,105.447,1.011,92.41
2,11.825,99.979,99.414,1.119,10.764,104.599,94.302,113.071,99.076,110.598,1.112,10.159,95.908,102.779,100.797
2,11.938,107.516,117.418,1.06,9.473,104.753,91.757,96.934,100.463,103.534,1.169,9.409,99.561,96.412,110.261
1,11.952,108.47,10.964,11.117,10.368,10.902,111.419,98.661,107.344,11.207,11.062,10.394,9.485,106.79,114.164
3,12.345,106.816,97.177,107.293,1.117,108.145,1.065,102.727,109.526,107.72,111.482,1.071,107.016,0.992,102.97
3,12.499,99.862,103.08,101.007,1.113,100.103,1.035,108.816,110.266,103.117,100.64,1.051,99.312,1.12,104.77
2,12.616,110.97,111.822,1.187,10.088,94.055,95.295,101.763,104.067,107.658,1.032,9.857,98.135,97.1,111.925
3,12.639,107.371,112.385,107.745,1.12,100.42,1.046,101.131,108.548,97.299,107.237,1.063,105.154,0.975,109.171
3,12.752,104.135,109.103,103.818,1.116,108.392,1.07,103.378,100.456,104.051,105.494,0.993,106.997,0.977,94.239
2,12.798,107.921,100.007,1.016,10.097,100.526,106.378,101.409,96.6,101.334,1.016,9.917,106.827,94.452,110.545
2,12.888,95.209,114.927,1.016,9.373,96.147,99.713,108.399,106.268,100.015,1.016,9.701,109.423,104.234,98.427
3,13.029,103.486,108.078,112.897,1.13,97.05,0.984,106.618,111.59,110.276,106.013,1.086,108.405,1.066,108.036
3,13.201,104.149,111.044,100.067,0.982,96.898,1.076,102.194,114.594,103.108,98.592,0.998,105.25,0.978,106.046
4,13.569,106.125,107.049,107.648,99.208,97.217,1.072,10.805,95.979,109.349,116.097,97.355,107.193,1.08,9.915
3,13.977,111.634,109.218,109.742,1.025,98.756,1.105,97.126,113.476,97.807,105.475,0.997,100.509,1.077,100.58
3,14.097,108.222,98.446,101.007,1.054,98.138,1.081,99.406,104.503,107.299,105.547,1.002,108.17,1.107,98.498
1,14.125,103.066,10.424,10.129,9.938,10.453,102.4,103.414,107.269,10.027,10.975,9.365,10.401,105.53,98.199
2,14.561,100.797,99.208,1.118,9.718,100.612,107.228,108.19,98.252,116.19,1.154,10.135,93.694,98.76,101.123
1,14.974,110.974,10.444,11.568,10.445,10.462,114.896,106.809,105.067,10.654,10.176,9.461,10.919,108.242,101.442
1,15.39,94.094,11.21,11.588,9.27,9.867,98.801,112.837,101.021,10.246,11.703,9.24,10.536,102.347,111.192
4,15.429,99.482,101.444,111.247,107.663,105.216,1.034,10.094,107.673,109.966,101.071,110.245,93.779,1.109,10.339
3,15.744,105.624,97.223,106.292,1.087,102.407,0.981,97.611,109.948,108.379,112.357,1.078,103.24,1.052,104.134
1,15.863,94.961,9.675,10.826,9.167,10.722,100.093,114.768,105.903,10.486,10.737,9.787,9.927,110.632,113.063
2,15.925,100.787,106.874,1.157,10.325,107.46,103.039,107.943,104.577,103.982,1.085,10.135,95.091,105.871,96.513
2,16.19,97.987,105.372,1.047,10.451,96.181,106.141,98.764,110.597,104.214,1.103,10.919,95.698,103.482,106.855
1,16.383,106.277,9.925,10.683,10.183,9.744,114.435,100.43,96.626,9.881,10.973,10.761,10.62,98.217,106.35
2,16.775,102.739,109.237,1.027,9.737,93.452,103.238,101.743,102.853,113.661,1.074,10.041,94.787,106.253,96.513
4,17.193,103.181,106.222,103.388,104.09,94.317,1.053,11.005,94.026,97.501,100.561,107.264,104.328,1.108,11.055
4,17.317,102.234,107.821,117.568,100.498,102.682,1.048,9.792,109.556,110.307,106.12,96.306,96.847,1.084,10.877
3,17.426,112.021,100.566,96.108,1.111,105.312,1.107,109.512,104.405,113.659,104.524,1.047,106.111,1.033,94.135
4,17.517,107.044,94.964,105.444,103.833,101.889,1.084,10.119,97.26,106.209,111.026,101.937,93.896,1.151,10.802
3,17.735,99.527,104.293,96.813,0.965,93.738,0.95,102.65,101.891,99.656,107.576,1.113,107.953,0.962,94.202
2,17.934,96.998,102.341,1.132,9.852,94.69,94.719,97.566,97.436,102.185,1.173,10.292,101.47,95.709,101.199
3,17.951,104.151,100.27,105.035,1.013,94.118,1.091,105.761,114.776,104.78,96.538,1.063,102.25,1.084,104.372
4,18.084,92.661,96.116,106.721,108.265,105.325,1.099,10.174,103.212,99.304,117.002,98.436,104.43,1.1,10.669
2,18.085,105.862,116.81,1.125,9.854,110.201,93.895,113.789,102.701,110.955,1.158,10.842,104.312,107.71,110.687
3,18.14,98.142,111.954,100.727,1.094,97.455,0.983,106.809,97.182,99.508,107.747,1.068,107.807,0.98,98.928
4,18.596,101.063,102.732,116.534,101.028,96.845,1.012,11.3,102.705,111.633,103.891,99.892,95.55,1.176,10.905
3,18.659,103.569,99.439,113.748,0.993,105.099,1.113,109.629,109.656,109.422,99.599,1.047,104.842,1.005,95.561
3,18.806,98.687,111.63,100.2,1.074,103.295,1.0,100.249,108.386,99.957,98.717,0.954,101.776,1.053,100.167
1,18.993,106.299,11.121,11.767,9.783,10.644,114.223,113.656,106.178,11.247,11.58,9.896,10.277,100.033,101.543
3,19.186,106.807,106.671,101.469,1.054,107.093,1.067,109.512,103.061,112.037,113.35,1.067,103.877,1.0,98.111
2,19.325,96.484,116.241,1.119,10.764,94.023,95.959,101.014,106.269,110.258,1.128,9.974,107.25,96.216,96.595
4,19.664,106.566,101.376,101.828,101.829,99.24,1.075,10.931,95.412,97.492,107.187,110.833,95.768,1.101,10.365
1,19.72,106.024,11.154,10.383,9.27,9.669,111.796,109.464,106.091,11.209,10.291,10.256,9.698,98.748,109.935
2,20.334,111.282,102.49,1.043,10.703,100.687,104.512,99.644,112.029,109.861,1.156,9.836,98.586,92.41,97.938
2,20.355,110.864,108.63,1.051,10.475,103.389,107.795,96.499,108.526,110.332,1.112,10.656,96.66,108.275,102.917
3,20.594,107.256,106.672,111.167,1.093,107.332,1.003,103.469,97.245,104.199,113.81,1.023,101.857,1.068,104.147
2,20.669,99.232,99.7,1.04,10.333,94.055,108.606,111.896,95.603,107.037,1.055,10.24,93.773,104.346,100.844
1,20.831,99.519,10.59,10.576,9.936,10.284,111.4,111.6,94.392,11.354,10.802,10.005,9.74,106.814,115.526
4,20.878,108.131,107.049,118.63,103.347,92.196,1.06,9.93,93.425,100.147,113.467,105.661,98.142,1.122,10.614
2,20.942,98.102,102.144,1.182,10.151,106.408,100.211,96.046,106.499,116.409,1.182,9.641,100.097,97.55,99.827
2,21.088,105.512,106.055,1.163,9.51,106.827,95.728,105.173,95.953,100.55,1.048,9.814,93.05,96.024,101.466
4,21.395,95.667,105.541,101.383,106.422,97.424,1.097,9.817,102.568,105.476,100.049,109.006,99.094,1.189,11.115
4,21.511,94.255,98.265,113.666,103.16,96.067,1.149,10.321,93.214,109.055,102.259,108.262,96.561,1.144,10.246
1,21.548,107.006,10.218,10.936,9.961,10.465,108.157,114.433,110.943,9.934,10.067,10.043,10.985,99.459,103.57
2,21.572,106.41,115.248,1.009,9.327,94.234,95.383,103.895,98.268,113.693,1.106,9.928,109.751,103.015,96.463
2,21.591,101.993,108.009,1.149,10.615,103.599,99.608,99.133,109.781,104.995,1.114,9.516,95.636,95.782,105.917
2,21.599,102.105,105.87,1.033,10.491,96.346,96.622,107.293,109.098,100.748,1.014,10.118,95.671,97.18,111.701
2,21.729,111.977,100.167,1.09,9.662,96.893,94.451,101.348,96.861,110.156,1.006,9.847,107.006,102.787,111.985
1,21.813,107.093,9.743,11.727,10.748,9.486,113.253,107.972,104.884,9.608,11.549,9.987,9.833,101.5,99.062
3,21.926,105.004,97.946,97.47,1.049,103.452,1.114,99.053,107.157,113.189,110.924,0.953,102.608,1.095,94.991
2,22.022,111.02,115.96,1.033,10.718,97.545,92.825,97.465,108.861,114.947,1.082,10.403,93.326,92.825,113.381
1,22.332,107.628,10.099,10.222,9.824,9.571,100.418,114.348,98.976,10.679,10.232,10.127,9.581,101.731,113.25
2,22.634,106.689,99.208,1.146,10.213,105.192,99.071,109.026,109.283,108.428,1.139,10.74,98.092,108.798,96.227
1,22.665,102.179,9.84,10.852,10.174,10.999,110.647,109.454,94.952,10.83,11.697,9.759,10.115,107.966,98.815
2,22.68,109.017,105.681,1.024,10.955,93.066,102.417,112.053,96.304,105.733,1.179,10.065,99.595,107.71,105.985
3,22.791,111.466,107.755,106.627,1.007,102.019,0.995,97.543,100.407,108.089,103.808,1.113,105.423,1.06,96.269
1,23.032,108.321,11.334,10.251,10.155,10.248,99.909,107.573,95.361,10.806,10.567,9.744,9.956,103.24,109.837
3,23.41,101.496,103.533,110.212,1.021,98.869,1.099,97.34,103.078,97.367,103.467,0.95,105.807,1.011,108.012
3,23.458,109.739,109.93,111.035,1.081,104.24,0.971,102.746,108.424,112.308,108.25,0.962,106.842,0.982,107.085
3,23.694,112.418,110.405,108.189,1.064,98.147,1.03,99.551,97.28,110.869,96.483,1.008,106.337,1.043,104.58
4,23.713,92.848,100.909,116.048,101.118,94.672,1.084,10.079,108.779,101.288,117.458,107.963,93.577,1.012,10.0
4,23.818,94.159,96.958,112.931,100.32,98.928,1.189,10.343,96.257,102.291,107.522,95.584,102.034,1.062,9.514
4,24.038,95.194,110.986,101.568,96.214,96.052,1.179,10.993,101.45,108.881,105.585,94.611,107.239,1.121,9.567
4,24.19,102.677,97.26,101.004,98.395,101.683,1.069,11.143,108.399,94.619,117.686,99.528,105.274,1.001,11.187
2,24.206,110.209,115.995,1.012,10.876,94.57,100.466,96.475,106.638,112.821,1.158,9.575,95.948,95.099,113.228
2,24.383,104.371,111.827,1.044,10.485,99.535,93.816,101.684,100.526,101.32,1.05,9.262,102.39,107.318,112.834
3,24.658,100.106,108.07,110.042,1.031,107.28,0.958,92.362,101.113,114.349,99.86,1.048,93.749,1.056,104.99
2,24.667,105.607,111.241,1.041,10.916,99.138,98.707,98.231,96.646,106.301,1.027,10.402,94.548,99.001,109.447
3,24.736,104.503,113.163,104.562,0.996,103.499,1.102,95.187,111.369,106.967,106.192,0.95,100.795,1.007,95.626
2,25.113,95.404,105.639,1.022,9.822,98.08,94.858,100.953,105.775,108.282,1.136,10.099,93.747,105.714,112.727
4,25.175,103.932,94.776,109.926,109.066,106.407,1.141,9.563,100.152,104.575,114.689,105.828,100.234,1.097,10.333
1,25.433,100.841,9.682,10.063,10.9,10.565,113.445,114.26,96.509,10.577,11.584,10.749,10.446,106.822,98.733
2,25.453,107.921,112.661,1.063,10.655,100.765,100.923,110.163,110.079,102.657,1.032,10.054,102.416,91.705,96.475
4,25.714,108.775,104.275,103.926,98.941,97.249,1.166,11.234,108.844,101.337,108.475,108.416,96.954,1.107,10.655
3,25.744,110.835,110.269,100.487,0.968,101.737,0.988,100.744,108.791,111.04,96.525,1.1,97.024,1.072,99.184
3,25.749,102.379,106.46,106.049,1.047,102.194,1.071,93.014,107.472,110.338,101.237,1.111,104.636,1.045,99.119
2,25.903,108.225,100.151,1.014,10.262,100.772,106.767,103.933,109.609,117.193,1.163,10.817,104.339,97.326,101.464
3,26.154,112.122,110.681,101.681,1.085,96.87,1.113,96.657,98.278,102.283,96.635,1.078,94.632,0.95,100.807
2,26.162,106.832,111.304,1.036,9.805,93.082,93.045,113.391,103.997,105.87,1.124,10.05,98.943,97.51,112.427
2,26.388,109.126,115.921,1.018,9.599,103.454,107.634,114.056,104.116,104.751,1.051,10.401,104.933,100.275,106.35
4,26.553,98.498,97.753,106.252,97.832,93.263,1.133,9.839,102.83,101.389,107.762,96.761,95.982,1.066,10.862
4,26.682,97.125,97.473,99.937,99.645,95.55,1.107,10.888,102.235,98.815,99.842,109.601,102.378,1.029,11.005
4,26.716,97.531,103.758,102.391,97.63,104.218,1.052,10.5,93.056,95.336,116.033,98.822,96.368,1.016,10.28
3,26.757,105.756,103.447,109.849,0.992,108.638,1.032,103.296,97.098,105.251,103.67,1.012,100.619,1.025,92.71
4,27.026,93.645,98.176,103.364,104.735,106.995,1.185,10.239,94.142,103.415,108.838,99.282,93.493,1.017,10.82
1,27.058,100.854,10.445,10.674,10.574,10.456,114.502,107.582,95.341,11.299,10.945,9.519,10.401,111.157,105.268
4,27.095,103.018,94.147,114.291,96.7,104.432,1.095,9.693,109.446,106.476,115.573,104.705,95.768,1.055,10.016
1,27.487,101.375,11.26,11.111,10.116,10.185,103.453,115.601,106.676,10.959,10.034,9.452,10.07,111.069,108.511
1,27.738,95.361,9.976,11.765,9.99,10.915,114.308,98.147,106.279,10.374,11.323,10.464,10.985,105.722,98.372
1,28.314,100.704,9.743,10.155,9.489,10.63,113.316,112.009,104.839,10.972,11.022,10.541,10.711,105.063,110.582
2,28.752,101.052,105.912,1.03,9.229,97.414,105.602,96.048,95.012,103.079,1.025,10.568,97.313,96.817,102.408
3,28.929,108.603,102.515,110.237,1.057,100.013,0.971,93.852,110.174,111.948,100.552,1.122,107.485,1.03,108.919
3,28.975,100.059,106.646,104.525,0.959,102.25,1.024,98.565,98.914,105.186,98.591,0.974,103.423,0.956,97.236
4,29.084,109.543,101.651,108.064,96.002,101.531,1.14,10.602,94.227,97.766,112.187,97.093,106.468,1.091,10.197
2,29.408,104.949,110.229,1.118,9.329,105.293,93.54,99.494,101.952,113.446,1.02,9.99,105.309,108.808,97.842
3,29.461,101.429,108.841,100.467,1.033,97.672,1.074,95.002,107.15,98.757,100.498,1.005,96.203,0.979,103.433
4,29.855,106.752,101.091,100.657,111.753,107.245,1.099,10.116,101.569,100.147,113.468,98.936,97.579,1.128,11.288
3,29.856,108.165,110.011,113.394,1.101,103.724,0.949,92.89,114.129,100.672,103.174,1.066,96.351,1.012,104.096
3,29.955,106.952,99.787,102.471,1.095,96.18,1.118,92.999,101.023,98.221,108.611,1.071,105.248,1.11,95.485
3,29.983,99.062,108.412,96.343,1.057,110.907,1.074,106.076,108.598,105.777,96.543,1.01,95.94,0.95,98.469
2,30.367,106.469,99.142,1.169,10.87,97.313,103.618,103.673,111.158,100.988,1.009,9.346,105.089,95.641,99.505
2,30.555,100.052,111.106,1.144,9.373,107.679,92.725,111.804,94.591,115.147,1.009,9.307,97.672,94.204,107.47
1,30.668,94.385,10.487,9.972,10.107,10.278,104.287,110.471,104.152,10.884,10.987,9.884,9.87,110.446,115.248
1,30.88,106.753,11.103,10.779,10.455,10.554,104.423,98.372,102.21,10.942,10.015,10.654,10.081,108.923,107.797
2,30.894,97.49,101.311,1.006,9.803,109.283,102.859,99.7,111.352,117.445,1.095,9.506,105.192,92.73,107.41
2,31.37,103.665,114.503,1.016,10.919,97.805,93.414,102.147,97.196,100.046,1.008,10.56,108.034,100.211,100.953
4,32.408,94.233,102.802,99.842,103.639,94.052,1.082,9.827,99.541,101.484,115.049,94.758,95.821,1.021,9.965
1,32.505,95.031,10.593,11.467,10.364,10.571,97.191,106.762,97.777,9.727,11.039,9.288,9.996,114.018,99.702
1,32.512,95.969,9.91,11.378,10.523,10.898,107.513,107.996,99.167,10.625,11.521,10.89,9.502,103.453,110.53
2,32.586,101.587,102.734,1.076,9.302,107.297,100.729,105.867,94.597,105.073,1.051,9.591,93.652,104.814,112.388
3,32.763,108.296,108.194,110.583,1.02,100.626,1.035,98.422,110.454,101.873,107.072,1.02,108.802,0.97,96.577
4,32.768,105.77,111.283,105.638,93.952,107.673,1.099,9.578,99.243,99.055,104.032,94.026,92.55,1.123,10.096
3,32.791,102.604,105.243,102.932,1.066,104.998,1.085,97.901,112.237,102.892,98.915,1.099,108.861,0.951,93.416
1,32.827,104.468,10.163,10.556,10.625,9.651,100.743,112.412,99.55,9.925,11.247,9.248,10.081,102.192,103.245
2,33.029,110.279,108.906,1.157,10.127,99.102,93.008,96.469,95.654,113.685,1.174,9.415,93.411,98.521,101.413
1,33.5,94.376,10.02,10.528,10.891,10.22,102.789,101.601,107.045,10.945,11.214,10.226,11.124,108.73,105.357
3,33.523,104.731,101.54,106.664,0.985,105.154,1.106,105.651,102.668,101.698,102.802,1.025,100.307,1.102,106.509
1,33.531,100.316,10.702,10.638,10.67,9.568,100.267,112.714,104.987,10.815,10.222,9.827,10.589,104.478,112.13
3,33.636,111.998,107.484,99.217,1.081,100.75,1.054,99.756,98.476,107.045,112.555,1.01,94.699,1.046,108.802
2,33.714,102.516,111.657,1.146,10.612,108.995,92.949,106.147,103.722,104.802,1.172,10.468,94.55,98.622,105.8
3,34.157,97.589,96.999,108.422,1.059,108.204,1.082,102.486,113.045,97.132,105.707,1.034,109.971,0.951,107.583
4,34.186,99.394,110.986,106.315,109.749,106.514,1.155,10.545,98.434,95.484,117.166,106.298,103.403,1.005,11.102
4,34.193,108.542,98.069,104.83,93.946,94.272,1.061,10.677,103.381,98.357,106.118,111.289,96.975,1.077,10.803
1,34.533,111.42,9.927,11.303,10.57,11.096,113.143,110.435,110.163,11.239,10.081,10.733,10.145,110.416,106.884
1,34.572,99.564,11.318,11.436,9.524,10.703,103.92,99.059,99.975,10.93,11.547,10.457,11.189,105.789,109.926
1,34.711,101.501,10.178,10.638,9.321,11.053,101.623,105.338,96.671,11.21,11.178,9.438,10.828,111.313,114.528
3,34.771,105.565,101.527,97.293,1.065,108.694,1.059,100.164,101.721,114.689,106.966,1.047,105.508,0.988,93.858
4,34.796,94.92,95.064,118.637,96.469,91.964,1.164,10.303,106.178,104.048,102.977,108.311,103.866,1.014,10.755
3,34.969,98.867,111.266,103.647,0.982,100.103,1.047,96.283,106.264,104.572,103.688,1.05,104.844,1.008,108.976
2,35.261,102.789,115.531,1.031,9.375,96.867,93.242,96.527,103.788,117.235,1.014,9.822,109.133,103.965,104.004
4,35.456,104.473,95.105,103.244,110.87,96.199,1.152,11.141,94.316,107.611,108.914,111.125,106.068,1.155,10.116
2,35.472,109.172,111.564,1.176,10.52,101.796,102.118,108.462,98.895,112.641,1.027,10.512,100.994,106.253,98.053
1,35.539,101.238,10.908,11.275,10.781,9.495,110.445,103.542,98.272,9.836,11.63,10.605,10.493,102.976,98.104
1,35.666,105.43,10.733,10.041,9.555,10.983,106.69,102.031,103.801,10.064,10.562,10.061,10.861,96.889,108.861
4,35.673,97.912,104.976,105.623,98.995,101.084,1.143,9.641,98.844,99.0,99.873,100.291,100.572,1.166,10.381
4,36.065,95.194,104.811,112.654,104.282,92.357,1.189,11.055,97.307,94.27,112.281,99.507,99.666,1.163,10.928
1,36.199,107.219,11.082,10.387,9.614,9.727,114.185,112.993,99.519,10.535,11.463,10.574,10.067,97.072,115.625
1,36.214,110.089,9.834,11.389,10.857,10.885,107.999,113.166,99.418,9.614,10.078,9.215,10.396,105.53,98.411
2,36.333,106.832,111.991,1.074,9.925,102.152,102.656,99.773,101.978,99.0,1.089,10.666,110.13,97.957,104.032
1,36.485,101.682,10.901,10.937,10.656,9.655,111.979,112.134,98.224,10.691,11.073,9.281,9.51,111.614,115.601
2,36.553,109.259,105.792,1.016,9.536,99.002,106.27,98.325,103.88,111.842,1.054,9.805,105.029,102.444,111.307
3,37.216,100.684,103.548,110.599,0.965,108.062,1.024,100.93,100.002,108.089,101.838,1.005,104.425,1.058,106.292
4,37.509,100.022,107.893,102.705,107.563,105.742,1.03,9.815,102.528,107.586,116.803,94.722,94.042,1.052,11.148
2,37.531,104.956,109.539,1.054,9.333,95.875,103.661,98.322,106.277,110.683,1.134,10.231,100.698,102.435,105.44
2,37.534,103.825,115.686,1.162,9.917,109.821,95.661,101.429,103.876,104.296,1.085,9.887,101.266,95.617,111.204
4,37.746,100.022,98.747,116.819,106.414,94.409,1.149,10.785,102.668,97.757,108.475,107.099,98.635,1.093,10.937
2,37.818,111.158,110.48,1.125,10.799,100.174,94.635,106.974,102.053,102.637,1.18,10.807,98.171,98.798,99.34
4,37.995,108.777,106.463,99.988,96.068,92.915,1.066,10.936,94.948,101.444,116.819,104.289,108.421,1.11,10.614
1,38.095,95.936,10.561,11.628,10.595,11.139,114.096,111.229,100.775,10.043,10.818,10.693,10.067,96.913,112.179
2,38.339,109.095,117.093,1.18,10.703,104.839,104.009,108.806,97.758,109.481,1.024,10.377,107.05,103.938,97.016
3,38.359,98.979,108.512,99.774,0.972,99.382,0.96,93.384,100.766,101.279,112.894,1.091,102.877,1.051,104.096
4,38.549,94.104,95.115,112.053,96.372,108.412,1.086,10.542,108.773,101.389,100.051,110.321,97.666,1.055,10.096
1,38.998,101.389,10.586,11.539,9.48,10.612,105.774,105.442,106.887,10.447,10.58,10.583,11.158,111.055,107.868
2,39.152,106.543,116.858,1.094,9.476,109.901,102.797,101.179,96.268,114.31,1.176,10.919,94.551,95.284,109.845
1,39.245,96.752,10.724,11.7,9.858,11.021,111.728,104.597,95.325,11.318,11.727,10.8,11.231,108.471,108.129
2,39.357,103.708,115.379,1.178,9.384,96.147,98.773,96.227,94.839,112.641,1.018,9.479,97.017,103.524,98.422
2,39.427,106.04,116.687,1.11,10.925,94.346,103.254,108.141,103.876,113.693,1.112,10.207,99.595,93.297,101.384
4,39.464,97.021,111.283,105.215,109.066,96.025,1.1,10.639,102.759,108.299,110.587,103.39,97.816,1.135,10.823
4,39.625,99.819,108.355,110.097,111.385,106.665,1.035,10.438,103.773,104.224,109.974,107.245,107.017,1.161,10.505
2,39.716,109.017,108.011,1.078,10.218,96.474,108.356,109.994,96.861,107.715,1.055,9.657,98.768,94.919,101.124
1,40.323,98.233,10.47,10.153,9.639,9.562,103.806,108.234,95.757,9.789,10.196,9.797,10.331,105.056,105.595
2,40.488,102.703,100.609,1.03,10.565,98.928,97.96,106.317,95.296,111.555,1.096,9.226,103.041,94.174,111.212
4,40.537,108.949,97.229,113.371,102.571,94.453,1.169,9.915,93.874,98.522,105.25,110.724,98.635,1.175,10.594
1,40.578,94.543,10.996,10.403,9.507,9.977,97.513,103.44,110.265,9.733,10.443,9.82,10.683,108.984,104.258
1,40.711,98.792,11.053,10.631,10.901,9.844,108.615,101.017,102.07,9.996,11.755,9.824,9.933,106.69,100.43
4,41.104,107.679,96.53,115.573,93.978,100.351,1.054,10.877,106.962,108.211,107.529,111.092,100.725,1.009,10.115
4,41.207,109.655,96.118,103.828,94.083,108.188,1.182,10.871,100.19,109.755,110.598,104.45,96.533,1.109,10.187
1,41.222,100.439,11.247,10.094,10.706,9.552,113.907,105.655,110.82,9.725,11.244,9.378,11.087,101.055,107.59
1,41.24,102.849,9.836,10.278,10.57,11.002,96.939,103.947,95.867,9.88,11.026,9.792,10.953,97.253,109.54
2,41.44,109.368,100.906,1.179,9.453,101.525,108.604,111.701,103.03,110.48,1.187,10.97,110.28,106.344,99.471
2,41.961,111.415,107.471,1.04,10.785,109.415,97.584,99.126,96.646,115.901,1.141,10.255,94.944,96.612,104.285
4,41.976,102.712,107.049,100.722,109.337,107.673,1.102,10.3,92.711,101.952,103.901,103.314,104.006,1.001,9.637
3,42.128,111.109,103.848,107.356,1.096,97.092,1.005,93.967,107.886,102.059,103.062,0.994,103.352,1.042,106.677
3,42.775,110.621,98.628,107.85,0.995,105.506,0.971,104.245,102.686,102.509,97.946,1.124,111.124,0.958,103.291
2,43.174,94.452,102.059,1.101,10.759,102.479,106.66,97.897,109.366,112.918,1.052,9.327,107.368,99.001,113.742
1,43.391,99.651,10.558,11.039,9.758,9.747,104.613,107.156,103.564,9.963,10.455,10.744,10.516,111.14,103.676
2,43.487,108.075,106.613,1.138,9.52,96.8,101.768,111.704,100.156,109.71,1.179,10.71,95.636,106.632,106.147
3,43.496,105.905,101.542,105.079,1.013,105.002,1.079,102.558,106.227,113.521,103.688,1.049,95.216,1.099,95.096
1,43.601,102.476,9.906,10.345,10.801,10.717,108.73,113.483,96.626,9.782,11.628,9.304,11.087,101.707,104.72
1,43.775,109.635,9.937,10.141,10.793,10.956,105.293,98.792,104.238,10.409,10.373,9.515,9.869,113.298,100.825
2,43.915,98.149,99.132,1.132,10.024,94.092,95.239,97.842,103.88,116.237,1.035,9.404,100.323,93.414,98.422
1,44.04,100.129,10.383,11.236,9.541,10.905,108.444,102.723,109.789,10.446,10.48,9.632,10.578,113.198,109.926
2,44.08,99.435,116.614,1.186,10.112,107.058,93.937,110.334,95.603,101.334,1.033,9.441,99.81,104.731,96.343
3,44.611,103.486,102.732,106.911,1.067,99.472,1.016,92.503,99.343,107.655,97.621,1.004,98.96,1.064,97.317
4,44.624,93.421,100.371,106.55,95.309,94.052,1.143,11.057,97.652,106.132,111.884,109.601,99.108,1.177,11.228
2,44.691,104.746,102.903,1.051,10.037,97.918,102.779,107.083,104.5,115.811,1.118,10.049,104.753,97.059,105.074
2,44.811,99.389,102.581,1.019,10.385,100.612,103.716,100.166,95.375,104.995,1.069,9.558,96.355,93.585,110.687
3,44.865,104.92,108.299,107.433,0.986,101.128,1.055,102.486,105.482,103.447,102.702,0.961,105.817,1.038,97.575
1,44.938,95.082,11.124,10.828,10.64,10.416,106.995,101.212,109.859,11.19,10.359,10.777,9.594,111.497,105.166
2,44.961,98.129,112.034,1.031,9.71,109.751,94.261,99.313,112.321,116.77,1.091,10.56,110.28,93.797,110.545
2,45.013,110.276,107.562,1.049,9.607,95.046,99.384,106.561,102.498,111.59,1.165,10.899,96.173,99.619,112.553
2,45.097,109.609,112.016,1.046,10.435,94.976,94.439,97.692,102.135,116.914,1.155,9.53,102.476,91.766,99.664
1,45.167,106.314,11.074,10.477,9.474,10.656,113.158,113.051,107.146,10.696,10.521,10.21,10.679,102.256,114.528
2,45.311,111.82,106.713,1.078,10.565,93.181,99.573,107.347,111.545,117.334,1.138,10.664,101.798,95.099,105.031
4,45.458,108.061,100.828,107.648,109.244,100.434,1.013,10.073,109.157,105.871,105.375,103.639,107.506,1.136,11.187
4,45.636,94.945,106.059,102.391,95.756,92.705,1.034,11.054,102.792,98.521,115.022,96.395,105.465,1.154,9.569
4,45.882,105.272,98.764,111.884,110.245,99.208,1.048,10.648,107.423,100.558,100.243,105.949,92.084,1.124,11.252
2,45.897,108.018,102.464,1.125,9.974,98.768,98.159,112.388,102.469,106.693,1.034,9.997,104.15,93.042,113.002
1,46.082,100.775,9.636,10.909,10.397,9.972,108.853,104.507,95.204,11.146,11.04,10.086,9.956,114.021,107.011
2,46.359,106.41,101.47,1.054,10.888,99.679,98.041,111.806,105.247,114.965,1.186,10.053,97.69,105.01,107.186
2,46.612,111.708,111.571,1.127,9.725,97.51,106.344,101.001,106.694,103.462,1.001,9.459,108.91,100.42,101.334
1,46.786,105.413,10.56,11.351,9.204,10.847,115.109,105.099,98.98,10.01,10.662,9.858,9.885,111.728,109.91
1,46.796,108.304,10.891,11.463,10.504,11.244,115.195,98.563,99.902,10.039,10.769,10.482,10.578,103.375,112.002
2,47.068,112.114,114.448,1.152,10.041,109.101,94.792,107.412,105.129,112.734,1.041,10.744,108.246,93.297,105.822
4,47.323,102.897,108.377,103.488,99.749,107.099,1.168,10.567,100.485,103.412,115.503,111.583,100.758,1.186,10.4
3,47.356,102.859,111.537,104.902,1.043,103.877,1.012,99.785,108.984,105.243,104.255,1.096,97.307,1.086,94.908
4,47.48,107.999,105.058,110.587,101.902,100.387,1.132,10.291,95.119,110.034,116.12,99.677,95.847,1.069,10.839
4,47.565,103.603,104.897,104.857,109.502,95.922,1.151,10.11,102.666,101.961,101.137,94.216,94.241,1.113,10.07
3,47.626,112.277,106.612,106.962,0.996,95.48,0.959,98.341,105.657,101.144,101.674,1.029,99.472,0.991,96.253
3,47.715,112.694,107.12,106.664,1.119,103.633,1.036,107.51,101.193,108.051,111.639,0.982,108.304,1.027,106.809
2,48.126,95.025,114.815,1.183,10.527,100.687,93.617,106.296,102.747,115.063,1.023,10.088,104.45,94.132,96.238
3,48.158,99.963,106.898,108.777,1.106,101.128,1.089,106.829,112.464,108.203,109.751,0.963,109.693,0.976,98.478
4,48.159,99.696,111.153,110.538,95.309,96.412,1.073,10.824,107.707,109.587,118.279,110.832,98.49,1.182,9.55
4,48.233,93.421,105.235,99.852,107.078,100.48,1.179,9.683,93.989,100.902,113.897,109.096,98.119,1.021,10.393
1,48.275,105.514,11.349,10.802,9.722,10.459,108.041,113.418,110.835,10.664,11.75,9.304,11.115,101.788,111.75
4,48.482,93.645,107.832,101.568,94.804,107.051,1.041,10.874,104.907,106.599,111.966,108.223,95.629,1.109,9.628
2,48.516,97.542,107.565,1.169,10.669,109.252,100.939,109.026,96.916,100.906,1.016,9.839,93.422,94.417,100.569
1,48.805,105.554,9.608,10.082,10.494,10.946,102.706,100.233,97.715,11.101,10.085,10.896,10.342,102.53,113.974
2,48.873,100.8,99.823,1.043,10.502,93.343,106.278,107.747,96.336,113.565,1.027,9.24,99.256,93.933,99.505
2,48.875,104.685,110.48,1.12,9.378,101.236,98.825,113.329,111.478,110.65,1.105,10.344,106.095,107.665,99.34
4,49.067,103.679,104.43,109.142,102.691,94.27,1.151,11.001,97.432,104.86,102.112,97.993,93.997,1.072,11.065
4,49.309,101.346,105.501,101.934,108.262,97.264,1.11,11.089,96.802,103.994,102.703,107.663,101.084,1.034,10.948
1,49.381,99.999,9.696,11.362,10.136,10.968,108.343,111.673,98.636,11.364,10.892,9.389,10.331,104.287,101.352
2,49.453,110.27,101.92,1.186,10.147,105.747,91.973,98.265,99.929,100.377,1.063,10.758,101.134,102.344,106.714
4,49.484,97.804,99.795,105.492,103.547,104.469,1.168,9.86,106.962,108.044,110.587,103.76,93.711,1.076,10.041
4,49.767,103.806,99.297,104.621,111.034,106.399,1.122,9.74,95.129,97.423,113.785,100.079,102.045,1.109,9.655
4,49.877,100.772,109.982,106.226,100.823,109.054,1.054,11.126,95.754,110.758,115.976,104.275,104.859,1.036,10.212
3,49.907,103.335,108.529,98.013,0.971,107.016,1.04,97.312,100.428,102.733,98.017,0.992,100.395,1.045,97.882
1,49.931,105.092,10.821,11.567,10.37,11.226,111.854,107.689,106.196,9.883,10.099,9.18,10.891,101.38,101.24
4,50.293,106.157,106.492,115.698,99.957,96.324,1.103,10.927,97.472,104.114,115.53,93.958,100.032,1.143,10.59
2,50.298,107.357,113.446,1.125,9.725,97.575,108.486,106.255,111.974,113.951,1.099,10.959,98.403,93.816,113.4
4,50.435,105.314,110.595,105.843,104.705,93.82,1.163,9.528,96.951,96.972,118.214,100.798,99.608,1.036,10.639
4,50.501,92.907,100.472,106.64,109.915,106.537,1.068,9.837,92.848,97.601,106.752,107.736,100.105,1.111,10.45
4,50.942,98.256,97.664,101.98,96.315,107.239,1.007,10.352,105.248,106.828,106.778,96.011,96.899,1.174,10.789
2,51.229,103.978,103.464,1.178,10.099,104.124,97.378,108.399,97.924,114.093,1.003,9.463,109.197,107.131,111.433
2,51.553,111.282,114.815,1.182,9.852,101.914,91.85,103.005,111.114,102.347,1.179,9.367,103.216,96.985,96.29
4,51.843,110.094,109.23,114.915,100.34,107.181,1.009,9.909,104.794,109.863,108.11,106.966,103.613,1.169,10.973
3,52.201,114.759,108.921,100.285,1.114,110.037,0.955,99.615,99.958,106.622,113.008,1.015,108.141,0.963,100.375
4,52.207,96.712,101.847,112.712,101.089,107.565,1.074,10.945,105.927,109.135,104.504,101.671,95.603,1.108,10.931
2,52.255,109.366,104.203,1.118,9.998,97.672,93.933,99.032,109.079,106.684,1.17,9.887,110.487,99.342,96.839
3,52.366,112.056,110.112,104.923,1.076,100.382,1.041,106.829,107.472,99.871,103.417,1.116,104.548,1.041,94.246
2,52.484,101.016,107.42,1.009,10.474,110.52,95.199,109.249,102.159,108.428,1.183,9.245,101.261,104.716,107.47
4,52.618,102.727,102.995,105.781,99.982,107.154,1.083,9.712,103.932,109.971,106.875,108.277,101.088,1.13,9.767
2,52.646,106.141,104.541,1.178,10.943,97.624,94.452,105.911,106.592,108.534,1.001,10.703,109.147,95.312,111.813
4,52.744,97.786,108.808,102.989,102.189,99.999,1.123,10.129,108.298,109.421,104.83,102.747,97.357,1.076,9.527
4,53.363,106.566,94.964,100.726,97.656,99.439,1.16,11.289,107.566,108.008,113.021,110.214,109.054,1.017,10.784
2,54.168,102.686,109.699,1.06,10.351,110.487,99.608,108.631,106.998,109.416,1.112,10.162,103.292,107.594,102.073
4,54.26,103.905,105.058,116.279,94.423,107.281,1.146,9.699,104.651,107.142,108.014,98.554,101.122,1.007,10.379
2,54.361,102.853,106.956,1.115,9.624,105.147,108.486,113.24,106.832,110.156,1.046,10.202,101.487,92.867,102.702
2,54.367,100.352,106.631,1.026,10.854,106.427,97.923,97.692,101.96,107.994,1.091,9.657,98.672,106.017,100.632
3,54.54,112.964,97.371,113.046,1.105,105.976,1.014,100.437,108.603,102.733,110.31,1.102,104.651,1.041,98.451
1,54.652,95.563,10.954,10.939,10.321,10.311,107.146,104.958,110.204,11.0,10.274,9.724,9.89,97.339,115.601
4,54.715,101.283,97.577,116.63,109.749,96.052,1.046,10.119,100.625,99.279,113.301,105.14,106.0,1.143,11.104
3,54.781,104.772,113.666,105.754,1.034,99.33,1.091,100.437,106.942,108.555,110.38,0.986,104.487,1.115,104.147
3,55.048,111.634,114.448,97.433,1.096,95.015,1.02,96.24,105.048,105.552,104.439,1.073,99.797,1.102,109.429
1,55.141,105.55,11.21,11.559,10.447,10.513,98.126,102.975,99.929,9.797,11.818,9.593,10.79,108.242,106.361
4,55.327,106.422,108.567,100.512,103.839,94.529,1.04,10.94,106.478,106.858,108.289,99.891,107.744,1.077,11.196
4,55.357,102.849,94.256,100.65,106.948,100.032,1.13,11.235,107.382,94.479,104.291,109.628,108.549,1.177,9.868
2,55.628,102.737,114.271,1.178,9.453,103.511,94.692,106.067,107.145,108.467,1.07,10.095,93.747,95.387,108.399
4,55.645,93.509,100.396,109.913,94.423,95.268,1.157,10.521,108.985,97.368,114.802,98.553,97.773,1.127,10.012
1,55.716,103.757,11.38,11.687,10.174,10.979,113.521,98.006,106.446,9.959,11.604,9.27,9.911,97.597,102.331
4,55.887,109.027,104.153,100.407,101.066,101.489,1.126,11.015,104.789,95.335,105.25,109.628,103.436,1.058,10.28
1,56.139,95.408,11.144,11.258,10.08,9.914,103.723,109.243,109.326,11.205,10.823,9.973,10.145,108.157,105.975
1,56.223,99.952,10.056,10.072,9.99,10.324,115.19,98.006,107.958,10.103,10.889,10.042,10.129,103.24,102.637
3,56.293,112.233,99.962,103.174,0.95,94.118,0.971,104.576,100.766,100.687,109.978,1.04,94.194,0.952,102.926
1,56.384,95.879,9.678,10.366,10.453,11.194,99.179,108.601,106.101,10.398,10.646,10.52,9.974,114.366,109.589
2,56.389,106.455,108.469,1.044,10.467,106.197,96.538,98.629,97.867,116.197,1.019,10.229,93.802,105.583,109.65
3,56.494,107.547,105.775,108.668,1.095,101.108,1.005,101.362,101.031,107.285,109.849,0.954,105.231,1.012,97.238
2,56.496,108.132,101.895,1.062,9.911,108.878,92.48,101.124,111.159,105.331,1.099,9.641,107.788,105.068,110.334
4,57.062,104.988,101.723,117.246,108.874,93.514,1.107,10.839,103.566,106.798,106.779,106.311,95.845,1.114,10.33
1,57.106,98.478,11.351,10.591,9.606,10.457,106.894,106.886,110.089,10.33,10.591,9.73,10.843,108.291,107.613
2,57.418,104.854,109.457,1.022,10.313,103.274,108.57,108.856,100.526,113.583,1.08,9.54,94.548,93.979,98.979
1,57.811,95.757,9.805,11.158,10.72,9.804,102.777,113.67,97.531,10.417,11.048,9.57,10.596,97.232,105.254
1,57.842,111.512,11.03,10.067,9.353,10.952,107.596,115.203,106.011,11.119,11.811,9.269,9.629,103.545,108.458
1,57.98,98.088,10.581,11.241,9.796,10.72,106.272,102.351,109.891,10.664,10.511,10.864,10.675,98.013,115.529
1,58.042,105.523,10.923,10.795,9.577,10.788,113.253,113.012,101.703,10.298,11.28,9.258,9.894,107.538,110.754
1,58.528,111.151,9.673,11.336,9.352,10.022,97.765,114.622,107.064,9.942,10.517,9.44,10.483,102.314,102.657
4,58.597,97.161,101.74,109.841,99.227,92.44,1.109,9.747,96.579,108.881,115.666,103.3,97.278,1.007,9.854
1,58.899,98.478,9.642,10.744,9.43,10.416,105.4,113.475,106.824,10.202,10.696,9.333,11.096,99.927,98.132
1,58.961,102.384,10.0,11.165,10.237,11.074,103.534,104.78,107.32,10.681,11.492,9.834,9.617,111.451,104.521
3,59.034,114.485,111.171,101.171,1.006,102.259,1.049,105.079,112.885,107.578,98.717,1.063,94.235,0.946,104.614
1,59.448,110.158,11.022,11.542,10.856,9.531,107.921,108.993,97.455,10.733,10.978,9.606,10.331,98.023,114.554
4,59.505,97.362,104.926,116.903,102.148,104.443,1.054,11.281,108.194,105.75,112.171,111.021,98.02,1.08,10.642
3,60.189,102.523,105.999,112.462,0.992,93.917,1.108,100.337,106.889,104.823,102.585,0.964,106.793,1.083,106.644
3,60.192,100.301,106.582,99.811,1.091,98.371,0.972,105.196,108.984,103.992,108.984,1.127,107.093,1.0,103.903
1,60.198,98.447,10.888,10.477,9.925,10.767,102.973,106.983,101.021,11.344,11.475,9.17,10.135,114.599,108.391
4,60.384,108.454,102.171,101.071,109.888,100.269,1.028,9.631,105.839,95.933,115.183,108.329,96.267,1.079,10.262
1,60.52,99.278,9.614,11.147,10.127,9.856,101.198,113.801,111.506,9.657,11.036,10.285,10.805,102.344,112.586
1,60.603,108.358,9.822,11.388,9.288,9.919,103.388,105.975,107.648,10.007,10.405,9.421,10.055,100.436,104.605
4,60.618,93.838,108.818,105.444,97.832,108.169,1.172,9.707,101.104,109.388,111.033,110.823,100.623,1.182,9.602
2,60.937,102.887,116.19,1.184,9.404,95.269,101.973,111.78,98.515,115.489,1.071,9.534,110.057,95.384,113.329
3,60.996,103.852,103.315,113.345,1.036,109.826,0.955,93.774,105.508,113.164,110.167,1.012,110.77,1.081,97.238
2,61.589,104.988,112.801,1.171,9.814,109.542,100.057,110.751,95.497,108.937,1.076,9.561,107.706,106.085,99.773
4,61.617,110.003,98.176,109.837,106.414,109.082,1.152,10.43,100.609,97.615,113.301,109.156,95.745,1.186,10.43
2,61.725,97.804,109.507,1.09,9.768,99.054,107.577,104.454,111.434,111.248,1.099,10.112,95.213,91.685,114.116
4,61.851,107.65,96.312,108.892,97.81,92.435,1.011,10.325,102.307,97.487,103.496,96.963,108.236,1.007,10.413
1,62.112,95.69,10.908,10.556,9.204,10.219,105.789,102.537,105.167,11.239,10.104,9.714,10.233,111.047,99.062
3,62.339,97.925,106.979,111.649,0.956,103.591,0.974,99.705,99.407,111.707,107.072,1.126,109.018,0.968,96.992
1,62.501,107.587,10.629,10.826,10.412,10.902,106.994,107.209,102.053,11.33,10.312,10.616,10.561,104.748,106.886
2,62.543,111.144,101.875,1.137,9.51,103.618,105.325,98.378,101.071,116.197,1.166,10.419,96.835,103.388,112.282
2,62.568,96.669,114.815,1.101,10.93,99.568,91.625,101.384,103.825,111.673,1.068,9.524,103.454,95.072,113.554
1,62.729,98.597,10.453,11.721,9.788,9.796,108.679,112.542,100.916,10.681,11.044,9.687,11.155,102.256,102.143
3,63.049,114.827,108.994,104.902,0.966,100.764,0.958,97.236,112.617,100.811,108.422,0.996,93.716,0.99,102.885
3,63.123,102.329,113.376,104.741,1.017,95.524,0.984,107.113,97.943,108.692,96.972,1.007,103.358,1.028,94.044
3,63.351,96.751,104.27,98.767,0.977,99.784,0.988,94.932,98.687,104.811,100.467,1.108,94.688,1.013,97.317
2,63.457,105.766,101.747,1.119,10.147,101.347,96.574,110.112,110.72,109.585,1.08,10.519,98.092,100.424,112.121
3,63.603,103.365,99.871,96.635,1.126,97.34,1.125,93.376,105.013,111.687,112.96,1.046,96.151,1.104,103.948
1,63.855,96.021,10.711,10.235,9.674,10.885,113.373,109.049,94.89,9.903,10.928,10.787,10.623,97.191,103.148
3,63.892,109.26,113.726,110.376,1.12,100.814,0.948,108.929,112.283,101.981,103.456,1.057,103.862,0.953,103.564
2,64.267,103.431,99.325,1.18,9.262,108.535,104.346,110.394,102.571,104.899,1.129,10.654,93.838,96.725,98.422
3,64.303,110.835,105.936,108.611,1.085,103.586,1.081,105.601,105.299,110.167,102.738,1.076,100.531,1.011,96.19
1,64.418,106.766,11.075,10.34,10.478,10.291,102.729,103.542,109.133,10.843,10.484,9.618,10.233,114.828,116.006
2,64.575,105.068,102.057,1.002,9.262,104.508,93.866,99.647,106.492,105.531,1.089,10.368,109.197,92.041,110.394
2,64.708,104.152,117.594,1.012,10.814,109.252,94.366,100.795,96.829,101.914,1.166,10.099,108.981,96.775,101.017
2,64.877,96.378,112.927,1.115,10.247,94.216,94.08,100.722,95.361,107.471,1.147,9.737,109.196,108.798,113.002
1,65.343,99.733,10.65,10.042,10.244,10.303,101.21,104.157,96.876,10.702,10.898,10.759,10.512,113.198,102.885
1,65.442,109.052,10.969,11.618,10.684,10.425,100.271,98.965,107.958,11.218,11.39,9.772,10.179,110.739,108.129
4,65.557,106.138,104.47,116.167,109.159,100.572,1.03,10.803,105.85,108.827,116.924,110.153,108.848,1.009,10.92
3,65.857,96.751,98.428,97.513,1.008,100.423,1.032,96.499,105.881,107.624,113.748,0.968,102.745,0.955,99.114
3,65.89,109.213,104.935,97.423,1.104,96.172,0.963,103.114,98.594,102.912,103.812,1.097,108.17,1.03,101.096
2,65.902,99.798,110.129,1.005,10.52,101.331,99.384,99.153,109.763,101.264,1.017,9.404,100.389,93.045,102.493
3,65.988,101.023,110.757,111.752,1.034,94.9,1.061,102.396,104.661,101.698,96.73,1.052,102.272,1.015,102.069
2,66.031,103.029,111.678,1.186,9.822,103.646,92.018,111.875,111.087,106.205,1.039,10.751,96.609,106.661,99.032
3,66.178,108.757,103.848,106.962,1.128,105.663,1.014,100.931,104.9,100.065,105.224,1.039,94.951,1.005,101.605
4,66.247,108.949,97.826,111.405,98.705,108.579,1.047,10.81,99.09,106.067,104.032,100.079,99.277,1.084,10.059
3,66.78,104.821,108.203,107.85,1.051,102.769,1.053,109.523,103.078,107.533,99.962,0.993,109.164,1.039,104.108
1,66.793,97.033,9.942,11.193,9.48,10.109,112.244,111.111,95.082,11.051,10.657,10.853,10.449,114.968,97.897
3,66.978,110.711,107.915,98.795,1.108,96.251,1.007,103.148,113.702,108.028,100.738,1.09,103.184,1.009,106.317
2,66.983,96.916,107.118,1.113,10.113,104.615,104.105,107.89,110.98,105.395,1.114,10.501,108.162,94.379,98.43
3,67.277,97.505,108.169,98.375,0.994,100.505,1.056,105.898,101.496,107.145,100.938,1.078,98.282,0.958,107.153
2,67.317,108.917,113.34,1.179,10.821,99.224,99.816,109.098,100.081,104.834,1.101,10.715,108.28,103.254,108.399
4,67.369,101.465,104.51,102.676,103.445,101.285,1.002,10.755,95.958,102.351,104.375,106.035,106.111,1.156,10.482
2,67.553,103.969,105.936,1.124,10.01,94.548,106.624,109.472,94.998,112.833,1.081,10.148,101.173,104.09,110.112
1,67.554,111.135,10.837,11.512,9.258,9.84,109.942,104.367,111.32,10.289,10.799,9.344,10.491,105.323,113.096
4,67.682,95.483,101.929,107.356,95.44,94.974,1.128,10.547,100.627,99.682,103.029,108.262,92.921,1.092,11.014
1,68.079,95.217,10.546,10.854,9.624,9.706,111.728,109.549,107.663,9.996,11.644,10.671,10.246,105.301,114.662
2,68.171,102.686,100.09,1.099,9.62,102.701,91.606,110.751,99.754,108.469,1.107,9.763,106.12,97.677,97.566
1,68.224,107.151,10.964,10.564,9.247,9.5,114.435,106.151,105.473,10.664,11.627,10.26,10.395,105.487,115.295
3,68.276,102.433,111.858,109.323,1.049,105.268,1.064,105.978,114.827,112.701,113.462,1.07,97.455,0.97,107.113
1,68.595,100.43,10.834,11.453,10.131,10.283,114.13,110.926,109.565,9.796,11.438,9.201,9.604,108.444,112.406
3,69.038,104.92,107.41,110.946,1.059,95.431,0.988,102.926,109.388,97.452,103.338,0.988,94.482,0.96,95.204
1,69.092,107.652,9.977,10.816,9.583,10.765,112.792,112.901,101.607,11.376,10.626,9.941,9.896,102.798,114.263
2,69.092,98.467,117.573,1.116,10.066,102.768,107.48,102.188,94.804,107.391,1.034,10.523,102.611,92.411,98.875
2,69.242,109.203,108.235,1.177,10.113,110.487,106.987,109.08,101.508,115.847,1.114,10.017,109.197,100.598,96.129
2,69.603,109.162,112.483,1.003,9.607,97.795,105.94,101.255,97.933,102.376,1.016,10.541,95.9,104.266,96.737
1,69.788,101.574,11.0,11.676,9.224,9.537,111.451,114.238,99.167,10.627,10.37,10.55,10.074,105.279,97.749
3,70.026,110.096,107.942,106.547,1.119,105.231,1.075,99.79,104.211,109.255,107.596,1.077,108.317,1.048,102.306
4,70.091,107.771,98.504,100.913,94.527,108.93,1.001,10.804,100.498,102.351,102.182,94.026,97.087,1.122,10.131
1,70.143,109.794,9.905,11.498,9.691,9.725,101.324,113.286,105.318,10.548,11.039,9.564,10.987,99.376,102.535
4,70.175,96.256,100.712,104.659,96.056,99.615,1.089,11.3,108.399,94.27,100.243,93.946,97.992,1.09,10.936
4,70.259,106.157,105.381,113.455,100.715,101.157,1.054,10.275,104.423,104.186,102.996,101.112,104.044,1.059,9.569
4,70.384,106.181,109.07,111.884,109.88,98.593,1.058,10.532,92.738,110.595,106.98,104.687,99.615,1.101,9.908
1,70.431,103.889,11.0,10.405,10.857,11.214,110.062,109.099,99.975,11.108,11.388,9.872,9.862,107.745,110.076
3,70.553,107.18,100.566,113.156,0.974,99.08,0.957,106.926,108.791,106.59,101.518,0.955,108.78,1.039,108.037
2,71.243,95.01,100.589,1.055,9.589,105.873,100.449,113.919,100.355,107.983,1.15,9.605,109.079,98.967,98.824
3,71.301,105.493,112.385,105.395,0.952,105.169,1.056,95.385,113.379,114.213,104.588,0.966,110.227,0.966,96.079
1,71.353,106.441,10.218,10.776,10.846,10.833,96.94,107.582,106.446,10.019,11.652,9.82,10.664,101.85,105.966
3,71.433,106.11,103.914,96.925,0.99,94.699,1.079,109.39,99.998,114.459,97.224,0.986,110.037,1.1,104.887
4,71.78,97.187,100.907,105.935,101.327,105.742,1.156,10.751,102.887,99.935,118.433,100.166,105.425,1.175,9.871
4,71.846,94.159,107.142,102.61,108.095,95.55,1.163,11.081,108.297,98.696,116.601,100.363,94.493,1.007,10.505
2,71.941,95.134,101.616,1.127,10.163,96.995,104.158,109.943,100.791,102.581,1.063,9.657,104.339,93.047,103.884
3,71.992,101.433,107.909,101.38,0.963,105.808,1.056,109.108,97.589,103.803,112.357,1.095,103.691,1.082,105.295
3,72.194,114.29,113.7,105.087,1.086,104.317,1.019,106.558,103.424,111.899,98.289,0.974,106.145,1.106,92.641
2,72.215,112.277,99.325,1.115,9.981,101.932,108.685,109.015,103.788,115.805,1.007,9.415,98.557,91.514,113.944
4,72.309,97.667,102.642,109.067,99.377,93.779,1.165,10.218,94.489,108.181,106.807,101.437,107.326,1.155,10.059
3,72.391,114.505,111.346,104.069,1.038,108.922,1.123,104.993,104.945,103.562,97.698,1.116,105.615,0.998,103.664
1,72.606,102.152,10.002,11.159,9.305,10.562,113.311,98.657,102.021,11.028,11.196,10.866,9.776,108.093,114.263
3,73.167,101.092,102.105,105.974,0.965,109.201,1.067,108.602,98.278,103.682,100.174,1.001,103.416,1.027,105.103
1,73.468,107.843,10.499,11.37,10.103,11.234,97.498,113.67,95.223,11.093,11.125,9.636,11.177,112.7,99.566
1,74.142,101.841,10.609,10.064,10.857,10.249,114.884,100.465,105.059,10.737,10.434,10.434,9.945,105.238,112.693
4,74.242,93.171,97.668,106.862,107.205,100.826,1.139,10.3,102.849,108.567,105.368,94.693,97.167,1.175,10.309
3,74.272,107.311,101.098,96.813,0.964,98.759,1.002,98.457,100.655,100.202,101.76,1.028,96.694,1.044,108.567
1,74.368,98.191,9.768,10.069,10.363,10.635,111.372,114.238,96.058,11.379,11.502,9.758,9.804,113.705,104.927
2,74.441,94.998,100.956,1.102,10.172,94.914,102.319,108.242,100.787,107.071,1.072,10.223,108.878,108.808,103.524
1,74.467,101.835,9.903,11.584,10.244,10.24,112.096,97.687,105.817,10.945,11.277,9.821,11.139,114.536,99.156
1,74.602,104.268,9.636,10.802,10.161,10.22,113.989,115.585,108.716,10.652,11.305,9.48,10.871,101.306,105.357
3,74.606,108.438,112.678,104.283,1.008,97.989,1.033,105.604,106.943,112.736,104.035,0.963,94.214,1.056,98.451
3,74.743,104.206,113.726,113.273,0.954,94.566,1.07,95.407,113.238,106.298,108.948,1.097,99.011,0.966,97.34
3,74.779,103.685,106.921,101.665,0.965,108.304,1.021,96.69,102.754,99.231,111.883,1.007,95.856,1.01,102.684
2,75.045,106.543,111.678,1.164,10.822,99.256,94.995,103.17,105.373,115.473,1.046,10.401,98.167,92.278,108.521
2,75.262,110.27,113.963,1.088,10.654,108.071,105.089,103.383,103.109,117.093,1.043,9.921,107.099,103.04,101.04
3,75.616,98.581,102.662,100.693,1.122,96.015,1.124,97.899,108.389,108.417,104.894,1.092,100.972,1.024,105.697
2,76.129,94.983,116.25,1.019,10.795,101.503,104.943,100.987,102.434,110.332,1.179,9.839,106.408,98.634,97.885
1,76.825,98.406,9.963,11.638,9.197,9.663,102.192,108.45,107.019,10.023,10.966,10.574,10.972,101.542,112.483
4,77.523,99.541,107.142,113.204,97.144,98.035,1.073,11.308,105.628,96.607,103.384,103.011,103.853,1.179,10.259
2,77.579,99.311,100.151,1.099,9.762,99.632,93.517,112.313,104.574,108.229,1.073,9.584,96.958,94.452,96.335
4,77.713,93.737,104.048,110.716,96.328,102.8,1.03,10.783,93.803,97.664,111.203,99.825,95.036,1.173,9.615
2,77.967,105.056,113.336,1.054,10.436,99.67,100.41,103.17,98.446,112.059,1.147,10.751,94.032,102.474,108.678
2,77.997,110.059,113.136,1.151,9.956,107.264,108.182,109.04,100.031,114.827,1.154,10.847,105.644,96.826,109.996
3,78.071,111.705,96.681,105.111,1.099,108.148,1.055,102.622,101.362,107.732,98.698,1.086,100.168,1.051,105.313
1,78.447,108.208,10.426,11.302,9.664,10.174,99.641,102.637,95.408,10.206,10.51,9.636,10.467,105.461,100.869
3,78.563,104.949,102.511,102.609,1.043,104.217,0.996,92.348,104.577,105.346,99.367,0.985,103.358,1.075,103.857
1,78.678,104.475,9.995,10.53,10.744,10.345,108.976,103.428,97.588,10.222,10.83,10.149,9.856,114.52,111.436
4,78.813,98.817,102.398,110.22,94.663,108.579,1.115,10.248,96.308,106.03,112.018,93.952,96.679,1.121,9.738
2,79.086,103.444,115.023,1.122,9.378,105.192,106.634,101.525,107.499,110.628,1.032,10.491,109.631,94.143,97.195
2,79.428,100.514,112.501,1.166,10.561,98.532,103.214,105.696,109.756,113.675,1.069,10.843,101.096,101.942,101.918
1,79.826,100.488,11.334,10.975,9.365,10.325,113.595,104.577,97.696,10.322,10.539,10.287,9.766,102.731,98.965
2,79.843,104.958,112.833,1.174,9.817,93.605,103.282,103.383,101.203,108.153,1.166,9.327,94.346,99.223,112.442
3,80.106,103.811,102.251,99.383,1.126,105.553,1.062,109.616,114.61,113.353,101.749,1.1,109.075,1.021,108.899
4,80.31,103.905,102.586,105.843,103.034,107.48,1.107,9.705,101.178,102.818,115.922,105.183,105.425,1.019,10.639
2,80.444,101.355,106.205,1.18,9.672,98.456,104.09,104.186,106.724,102.815,1.038,10.585,93.962,108.517,107.848
2,80.451,110.664,100.628,1.06,9.873,105.091,99.743,96.141,99.076,110.016,1.182,10.647,109.214,106.022,106.101
1,80.824,107.306,10.446,10.816,9.808,11.27,114.703,107.196,107.175,10.175,10.892,10.255,10.778,114.502,98.023
3,81.324,111.906,113.691,97.132,1.095,105.789,1.074,106.35,98.562,99.918,107.53,1.003,103.743,0.985,94.612
4,81.402,109.446,103.56,108.838,97.333,99.882,1.08,10.945,108.323,110.907,101.399,96.792,107.714,1.06,10.839
1,81.626,95.816,10.507,10.413,9.875,10.919,104.207,102.143,102.431,10.7,10.979,9.636,10.894,101.131,99.133
2,81.655,109.368,105.389,1.038,10.135,97.879,106.099,107.746,110.597,112.734,1.006,9.953,97.437,100.257,97.264
2,81.759,110.799,112.621,1.11,10.208,103.129,104.978,105.788,97.376,113.245,1.032,9.607,97.913,96.538,100.221
1,82.151,101.153,10.463,9.984,9.381,10.708,107.252,114.753,96.663,9.709,10.931,9.827,10.067,104.231,99.488
2,82.651,104.574,106.565,1.099,9.484,93.028,108.838,108.782,105.798,115.718,1.121,10.952,102.416,108.747,111.55
4,82.702,94.897,110.686,103.276,98.931,92.915,1.055,10.701,101.914,98.455,111.081,102.077,102.804,1.082,10.406
3,82.795,112.389,97.323,103.445,1.049,108.625,0.969,93.779,114.053,99.589,106.039,1.114,98.885,1.024,100.249
1,82.822,109.891,11.118,10.049,9.826,9.793,97.069,114.29,99.737,9.729,10.489,9.271,10.242,100.397,100.651
4,82.929,97.125,97.808,118.433,108.406,96.024,1.172,10.453,100.19,110.037,107.627,96.666,108.641,1.092,9.931
1,82.996,106.101,9.657,10.35,9.316,10.783,113.316,100.905,102.849,11.261,10.94,9.77,10.56,96.974,104.374
3,83.409,114.324,109.268,101.486,0.996,110.538,0.976,92.789,101.12,107.201,99.906,1.09,95.69,1.101,107.347
4,83.513,97.786,111.107,117.647,111.647,104.215,1.058,10.995,108.337,105.768,113.693,95.834,94.425,1.105,10.4
1,83.521,109.517,10.641,11.3,10.896,11.14,103.802,105.472,111.44,9.906,11.011,9.744,10.896,111.584,99.062
3,83.527,103.078,98.359,103.993,1.13,95.834,1.046,99.37,114.324,111.266,107.53,1.033,97.579,0.988,95.046
1,83.704,108.797,9.641,10.655,10.715,10.635,105.2,108.806,101.384,10.702,11.637,10.161,10.045,110.595,106.658
4,83.831,103.679,94.628,113.292,99.95,95.55,1.015,9.841,105.466,99.259,106.203,100.325,96.298,1.054,10.837
2,84.092,99.389,105.854,1.084,10.46,105.566,95.709,112.282,103.541,108.11,1.174,10.19,103.821,102.879,100.097
1,84.304,104.311,10.664,11.548,10.217,10.804,104.15,111.377,110.902,10.239,10.345,10.857,10.765,114.06,113.049
1,84.612,96.732,9.732,11.81,10.217,10.777,102.292,99.006,100.91,9.793,10.477,9.489,10.999,104.192,109.291
1,85.609,95.259,9.815,11.699,9.269,10.833,98.273,100.488,111.07,10.791,10.067,10.866,10.494,96.973,111.99
1,85.99,105.264,10.991,9.991,9.524,10.879,109.192,111.594,107.802,10.443,11.63,10.242,11.225,111.157,100.423
2,86.131,106.499,115.715,1.138,9.701,97.052,106.845,113.381,97.286,105.124,1.001,9.422,110.136,94.632,107.227
1,86.673,102.566,10.876,11.651,10.043,10.22,108.079,103.664,108.422,10.89,11.769,9.353,9.644,99.236,109.765
1,86.873,110.191,10.453,10.943,9.521,9.873,111.069,111.251,103.922,10.218,11.789,9.593,9.607,110.17,111.61
1,86.972,98.471,10.156,10.366,9.392,10.562,96.94,104.258,104.729,11.158,10.366,10.795,9.84,113.316,110.328
2,87.21,100.893,99.834,1.045,9.874,105.289,95.352,110.302,95.603,110.797,1.071,10.785,109.605,96.97,97.656
4,87.384,96.159,100.828,105.65,100.823,104.207,1.077,10.039,108.733,106.679,100.923,97.966,94.2,1.13,9.905
3,87.439,110.543,99.257,103.688,0.956,109.31,0.981,94.464,97.517,107.26,104.242,1.003,101.776,1.085,102.67
3,87.451,101.698,105.658,100.652,1.102,110.069,1.025,99.949,102.754,102.175,107.305,0.983,99.211,1.053,106.302
1,87.701,104.577,10.665,10.561,10.321,9.798,104.692,107.248,98.829,10.128,11.092,10.172,9.515,110.543,104.507
2,87.749,102.645,116.329,1.077,9.511,93.056,96.612,97.314,111.543,114.965,1.132,10.398,101.261,101.684,98.43
2,87.777,109.989,110.725,1.146,9.729,97.805,97.055,111.833,109.203,106.16,1.11,10.287,95.996,94.995,105.822
2,87.79,106.141,102.332,1.071,10.892,103.282,106.054,113.919,111.434,105.792,1.118,10.049,95.394,97.643,112.376
3,87.797,98.49,102.139,114.138,1.105,107.315,1.033,99.895,113.396,110.656,101.562,1.013,96.796,1.071,103.148
4,87.822,104.033,104.379,104.214,94.277,92.382,1.094,10.255,101.194,101.965,103.472,109.47,102.045,1.002,11.171
3,87.876,108.755,96.769,106.336,1.116,99.565,1.105,105.724,104.114,108.345,104.555,1.07,96.482,0.977,108.604
3,87.985,110.547,100.365,110.103,0.957,109.201,1.095,109.388,105.253,113.691,102.62,1.031,98.7,1.07,104.082
4,88.211,93.372,101.358,100.105,103.619,92.382,1.052,11.296,98.41,99.366,118.34,102.217,102.26,1.154,11.076
3,88.236,113.383,103.871,111.4,1.105,105.651,0.964,94.19,108.239,100.95,108.272,1.121,101.108,1.07,101.689
4,88.743,109.272,110.307,105.237,108.095,104.41,1.139,9.848,103.614,96.196,103.945,107.875,108.932,1.188,9.965
1,88.749,98.716,9.727,11.584,9.578,10.26,103.588,112.822,95.982,11.117,11.022,10.059,10.881,97.903,99.021
2,89.184,102.698,114.356,1.153,9.381,100.568,92.67,107.293,103.582,101.857,1.113,9.614,105.121,105.806,110.394
4,89.678,97.979,107.832,113.301,106.376,101.011,1.112,10.277,104.717,95.822,103.388,98.328,105.725,1.038,11.18
3,90.629,103.219,110.405,109.909,1.002,100.723,0.989,108.396,98.386,111.633,108.926,1.049,93.738,0.977,108.759
4,90.831,97.979,99.101,115.071,102.654,99.413,1.151,11.044,97.822,102.72,105.035,111.286,107.051,1.07,10.854
3,90.882,112.535,103.19,98.79,0.971,106.969,0.995,96.435,97.479,102.83,104.505,0.959,104.968,1.123,95.584
1,90.894,107.437,10.315,10.933,9.29,11.066,106.339,107.944,100.704,11.033,11.033,9.323,9.721,105.733,110.16
4,91.113,102.887,100.81,112.654,106.198,98.635,1.093,11.115,108.274,98.815,105.646,101.471,105.238,1.033,10.985
4,91.412,96.51,97.605,105.686,108.215,105.799,1.141,10.952,101.527,105.609,111.158,104.41,102.807,1.063,9.576
3,91.623,104.468,107.036,109.284,0.985,110.341,1.106,101.912,100.983,100.795,111.639,1.079,99.08,1.021,93.779
4,91.738,108.887,97.753,101.562,97.941,108.549,1.132,10.039,101.981,96.116,109.083,106.98,100.453,1.023,9.942
2,92.061,100.787,111.119,1.137,10.656,107.918,91.574,100.347,99.304,107.388,1.032,9.72,97.989,94.822,111.804
1,92.177,104.187,11.344,10.165,9.193,11.048,100.615,113.124,98.848,10.369,10.338,9.489,9.675,98.717,104.329
1,92.36,93.888,9.627,10.193,10.42,11.157,109.907,115.834,102.398,10.82,10.952,9.855,9.878,109.524,114.261
4,92.39,102.632,108.565,115.982,106.966,104.41,1.026,10.887,95.484,107.414,107.468,105.528,93.07,1.058,11.044
4,92.402,92.848,102.414,118.521,95.303,101.701,1.173,10.651,94.142,107.15,111.191,93.978,108.431,1.076,10.079
1,92.786,107.219,10.039,10.827,10.668,10.677,105.606,109.231,108.229,10.084,11.711,9.931,10.919,100.615,113.67
2,92.865,99.988,109.457,1.103,9.441,98.545,107.318,101.462,102.265,116.607,1.077,10.045,100.389,102.474,98.794
3,93.002,102.754,112.618,98.091,1.101,95.44,0.998,93.264,101.896,111.167,107.839,0.957,105.523,1.109,105.014
3,93.071,114.294,99.649,103.808,1.066,108.802,1.118,96.607,107.89,110.041,109.766,1.06,95.738,0.961,98.433
2,93.303,101.354,105.936,1.129,9.392,97.795,99.774,112.921,105.291,100.301,1.107,10.255,110.136,107.378,102.128
4,93.46,98.729,105.04,115.775,109.156,105.793,1.093,10.596,92.676,100.705,104.621,109.749,107.7,1.183,10.159
2,93.578,112.205,106.369,1.122,10.142,102.801,95.729,96.067,96.438,101.342,1.035,10.71,101.798,108.795,101.885
4,93.637,97.157,94.996,109.627,104.275,108.003,1.038,9.93,101.557,104.433,101.622,106.311,104.838,1.076,9.66
3,93.665,113.383,108.693,107.293,1.108,93.53,1.069,94.19,99.315,105.243,99.654,0.962,107.626,1.102,95.117
4,93.955,98.754,102.827,104.642,108.881,95.268,1.166,10.886,100.276,103.611,106.315,104.888,103.866,1.176,9.99
2,94.037,98.376,116.858,1.053,10.727,110.275,108.451,107.968,104.334,108.69,1.114,10.896,106.175,99.608,113.561
2,94.54,111.907,115.248,1.046,10.942,105.192,102.047,101.429,106.988,103.92,1.051,9.723,94.958,91.685,101.553
3,95.346,114.977,108.846,111.01,0.987,96.591,0.952,109.227,113.293,103.417,110.136,1.001,106.162,0.959,108.985
4,95.458,107.371,107.288,103.35,102.217,94.012,1.073,10.072,98.926,106.798,113.685,106.251,102.8,1.052,10.099
2,95.514,99.486,102.903,1.144,9.662,99.632,96.612,105.484,95.229,99.366,1.018,10.263,98.167,92.018,96.238
1,95.639,99.006,10.487,10.644,9.5,9.507,110.734,103.295,109.789,9.988,10.173,10.633,10.902,108.615,105.338
4,95.65,102.681,96.997,117.362,96.306,103.41,1.101,10.016,96.51,111.051,103.58,111.062,99.957,1.095,10.751
1,95.78,102.056,10.27,11.479,10.003,11.247,113.156,107.305,100.84,10.234,11.547,10.072,10.905,97.191,104.841
2,95.781,106.998,107.549,1.177,10.213,109.656,107.113,111.804,102.312,113.724,1.113,10.824,106.368,92.735,97.439
2,95.988,95.134,113.693,1.175,10.785,108.071,104.009,109.718,94.563,104.102,1.139,9.489,106.679,106.661,104.628
2,96.182,96.646,115.739,1.179,10.257,96.607,108.515,111.804,108.018,108.794,1.031,10.865,102.761,103.335,98.815
3,96.252,110.584,98.583,102.787,1.035,100.5,1.038,108.048,112.035,109.002,106.313,1.053,103.501,0.964,104.401
4,96.277,101.024,110.036,101.562,105.8,102.123,1.109,10.946,109.642,101.461,115.808,108.084,95.058,1.166,9.564
2,96.466,97.501,112.563,1.017,10.17,101.281,92.67,101.064,107.873,115.379,1.043,9.643,96.84,104.173,101.121
3,96.543,111.109,108.674,107.849,0.965,106.856,1.118,102.823,105.814,100.485,98.078,1.021,97.984,0.985,96.992
1,96.592,102.294,10.426,11.236,10.229,9.996,99.872,102.771,97.849,10.725,10.319,9.288,11.116,104.631,106.151
4,96.603,99.266,101.732,103.828,105.61,96.769,1.066,9.513,108.604,96.312,109.543,107.736,104.558,1.038,9.871
3,96.738,113.332,102.428,114.138,0.984,103.499,1.064,98.543,101.454,113.521,110.583,1.091,108.922,1.101,93.058
4,96.745,93.665,97.809,107.635,96.93,101.857,1.012,10.778,98.284,100.825,104.978,102.189,92.965,1.186,10.803
4,97.003,94.107,95.309,111.184,99.323,103.343,1.154,9.812,104.323,97.429,110.55,102.996,96.941,1.04,9.64
1,97.054,108.991,10.93,10.978,10.138,9.548,103.728,105.176,97.106,9.996,10.272,10.717,9.744,99.446,110.16
4,97.14,97.021,94.452,111.405,111.165,91.964,1.074,11.18,105.878,94.704,118.592,97.093,104.519,1.003,10.463
3,97.47,103.48,102.518,105.759,1.008,100.777,0.966,95.528,108.6,99.482,111.708,1.037,103.358,0.953,105.112
2,97.514,95.134,107.088,1.065,10.854,105.366,97.671,109.498,98.102,99.834,1.185,9.663,96.876,100.894,96.513
2,97.538,95.229,103.814,1.144,9.425,98.171,95.911,109.707,96.012,109.516,1.023,10.61,93.813,102.34,108.417
4,97.622,94.541,107.865,108.64,95.628,104.21,1.139,9.955,108.78,100.949,107.361,102.665,104.746,1.046,9.578
3,97.891,100.983,100.03,97.381,1.029,108.245,0.97,107.445,103.551,102.813,102.668,0.996,96.431,0.957,100.58
4,97.942,102.336,100.547,102.101,109.915,94.2,1.058,9.513,93.877,100.401,108.345,97.408,95.94,1.043,10.856
1,98.038,107.546,10.689,10.644,10.733,9.987,108.648,111.75,102.395,10.049,10.442,10.857,10.604,105.621,104.382
1,98.774,105.727,11.125,11.577,9.929,10.799,111.728,115.585,109.387,10.155,10.301,9.616,9.546,113.04,114.768
2,98.791,102.434,99.419,1.166,10.673,93.056,98.773,98.337,103.557,99.091,1.048,9.585,102.671,102.356,101.124
4,99.041,101.293,97.519,109.353,100.93,105.631,1.025,9.738,102.313,106.956,103.408,104.808,103.542,1.001,10.647
2,99.099,111.073,110.264,1.036,10.748,93.411,103.746,106.101,108.383,113.693,1.071,10.248,97.228,93.385,109.266
3,99.568,103.852,98.584,103.096,1.036,95.888,1.035,102.558,114.166,100.448,109.187,1.05,104.337,0.985,104.887
2,99.618,112.154,112.259,1.129,9.737,110.185,102.485,99.549,102.286,112.751,1.134,9.637,106.496,104.974,102.03
3,99.62,103.581,97.217,112.529,1.028,98.328,1.105,96.607,97.931,107.134,98.078,1.127,94.362,1.035,99.797
4,99.659,93.895,101.62,116.254,111.199,94.449,1.07,10.096,103.248,107.018,105.035,97.474,100.12,1.009,9.876
3,99.78,114.497,99.68,99.697,1.099,101.71,1.048,94.327,105.493,98.083,97.314,1.102,95.408,0.958,106.195
4,99.855,96.554,102.642,113.455,108.821,106.428,1.161,10.734,101.754,96.686,118.279,105.767,101.693,1.055,9.654
2,99.954,108.932,100.667,1.178,9.23,95.938,92.608,109.418,110.349,115.71,1.019,10.29,100.98,97.055,110.984
1,100.004,98.999,10.463,10.561,10.851,10.478,110.29,108.469,101.785,9.854,10.214,9.168,10.115,101.466,110.273
2,100.052,109.594,100.522,1.068,9.708,94.851,101.887,110.381,99.714,102.038,1.143,10.049,94.982,107.778,101.796
2,100.186,112.281,103.626,1.181,9.474,106.293,108.714,111.958,103.825,111.756,1.097,10.208,97.445,103.038,100.372
3,100.191,110.94,96.601,98.334,1.047,99.771,1.066,105.158,101.785,107.732,98.245,1.021,104.487,1.042,101.926
4,100.193,108.926,95.162,105.935,110.29,97.889,1.028,9.721,97.082,106.059,115.938,101.103,103.613,1.102,9.514
4,100.207,96.712,110.73,113.309,97.141,94.159,1.075,11.252,100.716,97.615,113.604,107.482,105.53,1.118,10.871
4,100.275,106.008,100.741,105.935,102.036,95.321,1.189,10.059,101.754,100.663,107.785,106.98,101.502,1.014,10.009
2,100.31,106.41,115.489,1.179,10.929,109.426,91.818,100.569,99.019,110.612,1.035,9.923,109.314,105.01,112.313
4,100.316,109.386,102.398,100.105,104.687,93.478,1.02,9.711,96.802,105.848,112.712,108.351,93.464,1.189,9.693
4,100.649,102.203,105.232,101.622,107.496,93.862,1.055,9.982,107.258,104.089,100.366,96.011,102.656,1.153,10.758
3,100.77,114.438,102.059,97.228,1.073,105.099,0.96,104.132,112.403,96.595,104.26,0.967,108.093,1.071,99.239
3,100.863,100.563,113.203,113.92,0.983,110.805,1.067,98.801,103.365,100.071,107.436,0.982,97.133,0.95,97.835
2,100.867,104.606,101.824,1.044,10.73,101.034,101.267,112.997,103.825,109.422,1.149,10.969,109.605,101.489,98.183
2,101.022,102.46,116.966,1.137,10.929,94.436,91.606,110.566,102.789,111.982,1.178,9.651,100.341,105.954,105.359
1,101.262,98.312,11.323,11.249,9.332,11.021,107.434,112.629,99.138,10.578,10.544,9.32,10.304,105.53,103.757
2,101.456,110.279,99.606,1.131,10.166,110.36,94.342,97.897,102.159,99.477,1.004,10.74,105.949,105.403,100.181
1,101.735,105.517,11.356,11.795,10.424,10.901,99.727,100.388,100.439,9.638,10.545,9.593,9.734,108.677,101.859
2,101.743,99.129,103.462,1.09,10.491,93.326,101.187,100.019,103.449,104.751,1.186,10.827,94.023,104.512,103.786
2,101.77,104.287,113.106,1.026,10.557,95.265,103.106,110.741,104.27,111.487,1.182,10.77,104.753,92.065,99.647
1,101.804,105.55,11.209,10.557,9.18,10.045,102.223,100.244,107.058,11.134,10.96,10.479,11.177,107.732,104.392
2,101.856,97.096,99.414,1.045,10.153,100.99,95.927,96.499,105.169,102.379,1.175,10.372,99.336,96.572,106.174
2,101.957,94.998,117.062,1.021,9.874,99.39,96.826,107.371,96.435,114.623,1.185,9.276,93.654,94.631,101.375
3,101.984,102.736,104.047,103.096,0.96,95.893,1.103,92.733,102.533,108.361,113.531,1.108,101.226,0.952,105.749
3,101.993,106.439,106.304,101.671,1.053,98.61,1.006,106.864,113.018,106.612,112.893,1.089,99.843,0.963,103.774
2,102.015,98.183,106.311,1.015,10.789,100.037,97.46,99.945,96.336,100.272,1.038,9.414,98.171,95.001,109.694
1,102.145,107.064,10.777,10.937,9.611,10.439,113.487,100.76,94.89,9.75,11.314,9.753,10.514,108.809,114.662
3,102.187,105.253,102.35,98.202,1.078,100.617,0.997,98.35,107.547,103.677,103.515,1.119,96.576,0.958,98.495
3,102.333,109.925,104.199,112.779,1.118,98.377,1.001,97.543,111.59,110.167,105.974,1.089,106.766,0.985,97.576
3,102.515,109.526,100.365,106.962,0.954,104.738,0.997,107.51,97.226,108.498,96.813,1.098,94.276,1.103,102.726
4,102.705,97.326,96.723,111.849,95.756,101.502,1.052,10.116,106.781,100.663,106.98,96.175,94.023,1.062,9.88
3,102.818,104.173,113.258,113.497,1.056,105.154,0.989,97.896,106.532,107.306,100.561,1.005,105.25,0.966,98.478
2,103.323,103.52,103.905,1.126,10.288,109.603,95.072,113.608,101.68,112.816,1.156,9.632,100.472,91.646,100.659
1,103.378,110.321,10.551,10.205,9.321,10.991,112.87,109.17,102.979,11.205,11.75,9.401,10.023,114.927,114.421
3,103.439,114.759,98.083,111.4,1.111,102.395,1.09,104.446,96.771,107.045,113.026,1.065,100.023,0.998,96.065
4,103.516,95.958,110.55,105.406,96.883,94.044,1.162,10.984,100.447,95.446,113.337,95.198,106.622,1.077,9.712
2,104.013,110.604,103.079,1.014,10.403,108.995,104.753,97.368,103.372,109.507,1.096,9.453,109.197,106.017,96.147
1,104.13,103.126,10.378,10.799,9.177,10.515,115.155,109.104,105.517,10.589,10.155,10.287,9.968,105.325,109.032
1,104.137,97.715,10.051,10.35,9.845,10.233,109.524,100.825,104.49,9.855,11.786,9.614,9.53,104.41,98.713
1,104.27,109.578,9.91,11.313,10.451,10.807,103.026,106.008,94.854,11.323,10.278,9.193,11.059,103.871,112.37
3,104.601,97.925,107.26,108.471,1.04,97.092,1.101,98.478,97.616,100.602,102.787,1.003,103.838,1.017,104.211
1,104.718,104.238,10.97,10.235,10.478,10.956,98.013,98.733,104.729,11.252,10.495,9.794,10.711,107.966,113.113
2,104.76,104.893,105.127,1.124,9.934,104.839,93.047,110.497,104.067,108.814,1.046,9.433,105.963,92.007,101.796
3,104.795,111.146,105.078,112.878,1.067,108.982,1.117,98.058,101.238,107.249,109.284,1.042,108.348,1.101,102.65
2,104.817,111.543,116.723,1.031,10.207,108.909,96.02,98.527,110.001,108.774,1.039,9.336,109.214,91.692,97.318
1,104.856,109.387,9.851,11.63,10.005,10.991,110.863,104.333,105.43,10.219,11.542,10.118,10.926,104.478,114.164
2,105.074,106.455,111.564,1.027,10.674,109.335,108.604,101.637,111.543,102.662,1.064,10.934,99.739,96.355,101.413
1,105.251,110.442,9.905,11.62,10.768,10.966,114.896,103.622,108.858,10.659,10.707,10.532,9.958,104.111,107.226
3,105.292,108.791,103.861,97.313,0.98,101.457,1.073,98.619,106.325,111.063,105.205,1.046,99.062,1.03,101.906
3,105.375,101.305,104.902,104.316,1.014,100.362,1.106,96.283,103.754,105.777,103.534,1.069,93.836,0.996,108.556
3,105.488,112.403,109.117,113.245,1.01,102.779,1.037,95.286,112.542,103.682,108.732,0.953,110.341,1.056,94.563
4,105.564,103.848,101.952,104.92,98.277,102.493,1.176,9.754,104.717,99.136,105.862,111.749,103.475,1.174,9.634
2,105.652,94.586,99.635,1.08,10.549,94.147,94.884,101.637,96.336,103.814,1.042,9.375,103.708,95.999,99.313
4,105.682,100.447,94.628,112.289,102.928,92.294,1.066,9.734,107.83,103.938,101.929,106.484,102.184,1.061,9.66
3,105.754,104.591,103.19,107.625,1.07,101.537,1.051,100.77,100.03,109.095,108.984,1.071,105.195,0.994,108.985
4,106.053,98.817,101.389,116.803,102.825,94.844,1.021,9.868,95.458,97.76,111.504,105.724,93.629,1.1,11.102
4,106.137,109.915,97.753,101.429,110.87,100.725,1.134,10.157,97.362,95.246,102.306,110.245,105.999,1.002,9.567
3,106.254,105.482,106.612,112.731,0.998,95.015,1.013,106.213,112.542,107.285,96.552,0.963,98.626,0.989,106.829
4,106.413,107.699,98.521,101.678,99.645,101.615,1.045,11.18,102.073,107.86,111.39,104.485,103.518,1.189,11.001
1,106.725,98.39,10.969,11.328,10.116,10.081,97.528,107.035,108.665,10.99,10.705,9.673,10.389,112.307,111.78
2,106.729,112.154,105.934,1.186,9.756,106.293,93.167,103.33,105.987,111.678,1.167,9.986,110.291,93.797,101.121
2,106.897,97.561,116.698,1.089,10.896,98.71,93.43,103.377,110.474,113.189,1.06,9.392,101.105,91.76,107.726
1,107.52,96.29,10.689,11.28,10.629,10.623,110.584,112.803,109.794,11.421,11.749,10.688,10.034,100.539,105.637
1,107.828,99.59,10.409,11.697,9.534,10.344,102.55,105.773,111.245,10.56,11.798,9.348,9.706,111.372,113.034
3,107.89,111.146,113.417,112.155,0.998,98.717,1.125,109.484,102.281,108.466,99.375,1.116,97.002,1.098,108.415
3,107.955,104.148,98.985,103.427,0.993,108.069,0.971,106.892,103.123,104.293,101.272,1.04,107.953,1.008,98.134
1,107.963,100.152,10.857,10.861,9.573,11.126,113.229,107.798,95.982,11.245,11.302,10.042,9.749,102.844,110.017
2,108.422,97.952,106.766,1.178,9.316,110.13,96.128,108.225,110.001,101.51,1.184,10.474,101.907,91.685,103.457
3,108.442,106.009,98.143,109.758,1.128,106.599,1.099,96.593,103.219,109.242,111.359,1.015,106.807,1.09,103.291
1,108.499,96.564,9.642,11.375,9.438,11.21,108.718,110.53,101.841,10.93,11.779,9.985,9.485,98.415,113.113
3,108.509,100.982,105.518,105.941,0.964,103.877,1.109,100.164,114.386,114.046,106.049,1.119,107.28,1.04,95.003
1,108.521,100.84,10.181,10.028,9.792,9.742,106.311,111.208,97.234,10.689,10.823,10.342,10.776,106.821,113.603
3,108.65,109.913,98.826,110.716,1.059,100.706,0.979,100.522,111.998,101.794,108.149,1.087,107.724,1.038,96.237
2,108.959,109.609,111.37,1.109,10.947,108.28,95.401,111.159,100.072,111.026,1.178,10.498,107.46,96.029,112.561
1,109.03,106.676,11.306,11.436,10.364,10.744,105.767,115.115,98.366,11.275,11.524,10.379,10.278,101.501,113.735
2,109.895,99.988,102.371,1.01,10.666,94.484,95.675,108.029,98.992,112.852,1.132,9.875,99.821,92.402,103.34
2,109.908,102.352,117.561,1.101,10.527,101.236,96.775,103.923,94.86,107.471,1.015,9.632,100.526,107.842,112.282
2,110.068,96.097,103.94,1.153,9.62,103.651,95.312,110.302,111.647,111.905,1.159,10.56,105.77,92.585,110.686
2,110.068,105.512,110.506,1.1,10.436,97.952,104.266,97.067,106.689,106.3,1.144,10.861,96.171,102.123,108.888
2,110.188,102.905,102.987,1.144,10.661,110.249,103.282,102.073,98.427,111.43,1.11,9.553,101.98,96.275,110.777
1,110.215,94.47,9.855,10.816,10.764,10.494,110.739,106.099,94.634,11.376,11.124,10.248,10.985,114.184,101.559
3,110.308,102.754,98.583,106.841,1.002,108.925,0.976,104.205,98.016,110.521,99.78,0.993,103.501,1.105,99.239
4,110.335,107.551,106.222,110.039,96.515,102.94,1.155,11.111,96.015,98.521,111.54,95.807,104.859,1.108,10.174
4,110.646,102.358,105.232,114.333,102.936,92.986,1.107,10.482,96.852,111.057,106.219,94.804,108.932,1.108,10.937
3,110.904,111.688,105.072,104.331,0.958,106.167,1.066,108.985,112.256,111.974,99.978,1.128,108.989,1.116,105.011
3,110.992,113.383,109.084,107.436,1.023,108.062,1.027,95.444,114.15,102.45,104.281,0.96,102.105,1.014,96.886
1,110.998,109.508,11.196,10.737,9.271,10.637,113.458,115.778,98.233,10.834,10.801,10.52,10.38,102.556,104.499
4,111.018,95.158,100.285,112.831,110.214,93.379,1.146,9.787,98.681,103.711,106.778,102.217,103.117,1.079,9.854
2,111.138,111.273,102.302,1.095,9.729,98.388,97.51,110.221,110.975,116.329,1.047,9.441,104.312,105.581,99.165
2,111.149,111.925,100.522,1.082,10.285,96.355,107.325,100.844,104.956,104.739,1.157,9.634,97.165,104.716,108.513
1,111.292,107.359,10.595,10.141,10.295,9.87,114.977,102.917,106.503,9.918,11.374,10.325,10.974,113.939,102.637
3,111.508,108.51,113.97,112.536,1.11,106.902,1.116,105.516,106.344,102.117,113.965,0.987,105.205,1.047,99.088
2,111.551,94.597,107.814,1.038,10.478,109.085,108.494,109.04,95.363,116.237,1.084,9.86,94.234,101.121,97.842
2,111.697,99.622,106.18,1.18,9.887,101.925,95.911,104.32,94.591,106.766,1.054,10.655,95.673,104.234,113.324
1,111.711,111.191,10.977,10.017,9.224,10.778,98.415,98.761,109.25,10.912,10.878,9.44,10.769,100.324,107.248
3,111.859,105.349,105.602,106.622,0.964,107.634,1.112,106.069,97.024,110.224,100.474,1.058,101.277,1.053,104.223
2,111.981,108.849,117.093,1.069,9.599,93.112,108.838,109.65,111.518,113.224,1.133,10.669,99.21,98.2,107.927
2,112.11,100.089,108.316,1.074,10.551,106.408,97.251,101.623,101.993,104.161,1.012,10.222,98.08,92.386,107.731
3,112.484,100.625,110.979,101.749,1.105,108.137,1.082,93.852,97.466,101.933,108.773,0.953,93.629,1.092,107.131
4,112.615,94.227,102.82,108.5,108.988,98.864,1.06,10.549,106.124,96.064,112.81,110.363,100.506,1.076,10.349
3,112.75,100.466,105.602,97.368,1.096,108.989,1.094,105.054,107.89,108.101,104.189,1.016,93.836,1.086,103.589
2,112.977,100.216,102.987,1.158,9.367,109.542,106.022,97.885,106.379,114.879,1.112,9.679,94.161,101.036,110.65
3,113.173,112.402,113.291,102.702,1.068,97.697,0.963,92.818,98.882,101.746,107.237,1.108,110.15,1.036,98.495
1,113.209,99.639,9.743,11.525,10.599,10.769,110.201,99.021,98.123,11.275,11.046,10.021,10.119,98.717,112.385
4,113.291,98.729,100.185,110.141,94.118,94.097,1.026,9.564,93.372,109.756,109.974,106.035,97.399,1.05,10.659
2,113.726,98.739,112.586,1.028,10.065,101.955,95.538,112.458,107.249,108.647,1.091,9.549,107.722,96.024,106.303
2,113.786,95.497,103.443,1.102,10.049,104.91,107.883,101.123,95.404,103.503,1.135,10.854,99.89,105.01,112.142
1,113.83,104.244,10.942,11.193,10.061,10.751,115.212,98.562,100.737,11.15,11.711,10.137,10.542,105.731,105.652
2,114.1,95.229,106.703,1.109,10.633,102.944,92.328,110.65,99.486,99.414,1.115,10.221,94.944,101.575,99.7
2,114.116,106.983,106.713,1.183,9.605,102.761,104.251,105.985,101.494,107.614,1.133,9.228,97.031,97.538,97.178
2,114.127,107.873,100.272,1.122,10.368,94.396,101.44,96.136,101.717,115.147,1.005,9.558,106.963,95.471,104.685
2,114.263,96.585,99.705,1.11,9.406,100.321,97.808,106.008,94.975,110.332,1.091,10.847,99.055,94.204,106.302
3,114.527,108.296,108.417,106.719,1.002,94.994,0.966,100.337,114.675,99.304,108.657,1.007,100.509,0.963,104.118
3,114.897,102.032,110.842,110.563,1.023,104.968,1.054,104.444,111.632,110.865,105.699,1.122,103.73,1.108,102.257
4,115.18,99.032,100.547,116.069,102.132,103.843,1.093,9.567,95.139,102.115,105.954,105.767,100.914,1.046,10.39
1,115.27,96.528,10.012,11.586,10.26,10.289,98.73,109.122,108.716,9.905,11.147,9.321,11.003,109.269,114.03
4,115.362,93.594,97.26,105.793,104.07,103.887,1.149,9.729,97.921,104.461,100.833,97.144,93.259,1.161,9.74
2,115.39,109.964,100.243,1.016,10.347,106.333,105.306,109.718,94.839,105.258,1.178,10.332,103.889,103.087,97.314
4,115.481,95.014,103.031,103.469,106.286,107.25,1.131,9.83,108.399,106.724,114.081,109.944,100.907,1.157,9.63
3,115.856,106.096,103.662,109.098,0.99,94.601,1.002,94.353,109.526,101.124,107.88,1.012,100.775,0.968,108.985
2,116.099,99.065,100.289,1.168,9.275,96.05,106.22,112.072,111.176,109.273,1.052,10.452,110.36,106.158,100.456
2,116.325,95.953,102.285,1.124,9.845,96.173,107.456,109.718,98.3,99.414,1.032,10.429,106.12,103.787,98.794
2,116.445,99.798,102.89,1.108,10.281,106.754,96.803,112.142,99.647,107.531,1.051,9.634,95.289,93.693,96.004
2,116.678,111.193,101.071,1.183,10.429,105.601,104.054,103.09,101.679,115.147,1.174,10.56,100.585,96.493,101.729
4,116.796,106.478,105.835,101.612,109.799,100.601,1.059,10.396,96.091,97.613,112.414,96.345,103.477,1.028,11.005
4,116.883,98.109,100.663,115.24,103.144,104.824,1.057,9.887,109.296,99.55,111.247,104.18,100.601,1.145,10.654
4,116.92,102.632,107.217,102.359,105.528,98.373,1.083,9.655,94.443,97.85,115.957,97.216,101.219,1.009,10.498
3,117.133,97.869,103.861,109.383,1.057,95.276,1.073,95.407,113.54,102.643,108.203,1.017,99.595,1.047,98.469
4,117.217,99.811,103.994,108.226,110.724,108.876,1.11,10.124,101.458,96.974,105.268,107.245,106.667,1.104,11.014
1,117.266,96.983,11.237,10.34,10.711,10.975,108.642,99.517,94.919,10.105,11.756,9.739,11.027,104.613,114.26
3,117.456,99.771,104.596,97.946,1.021,102.181,0.969,97.896,97.433,102.507,113.551,1.007,110.805,0.989,105.313
1,117.622,100.595,11.21,11.747,10.126,11.16,110.863,99.702,102.635,10.41,10.176,10.712,10.054,113.158,111.343
3,117.864,99.093,109.242,103.302,1.001,107.989,1.055,100.326,102.444,99.316,102.42,1.09,104.592,1.035,105.604
1,118.567,104.181,10.173,10.803,10.464,11.155,101.473,113.121,106.091,9.842,10.415,10.698,10.464,106.973,106.089
4,118.584,109.085,95.585,103.066,99.944,99.145,1.047,11.052,109.135,107.32,115.453,96.141,100.504,1.172,10.788
3,118.606,104.149,100.687,105.224,0.956,94.335,1.123,101.746,104.249,104.108,98.875,1.129,108.657,1.009,98.979
4,118.848,108.86,108.355,114.891,108.678,96.899,1.009,10.159,96.499,97.668,107.355,110.063,92.187,1.089,10.356
3,119.152,103.754,107.732,112.383,0.966,99.614,0.95,108.534,99.574,114.198,100.669,0.997,95.015,0.952,105.193
1,119.172,108.665,9.788,10.998,9.847,10.354,98.514,112.705,108.858,10.576,10.373,10.359,10.708,101.731,102.865
1,119.283,102.38,9.993,10.189,9.687,10.903,103.281,99.517,102.722,11.085,10.91,10.688,9.617,105.487,106.354
2,119.432,108.968,107.436,1.037,10.313,98.456,94.692,97.938,99.622,102.581,1.046,9.381,100.526,106.579,102.014
1,119.591,98.39,10.756,10.626,9.323,10.469,99.298,115.45,99.36,10.019,10.251,9.845,10.896,114.292,99.788
3,119.723,106.35,113.119,100.064,1.092,97.376,1.069,104.446,111.29,96.505,100.738,0.999,108.705,0.994,99.532
1,119.977,98.354,10.13,10.51,9.933,10.472,105.785,98.462,106.296,9.864,11.354,9.495,9.651,103.142,109.765
1,119.986,96.876,9.732,11.655,10.814,9.816,102.777,99.059,96.871,9.968,10.591,9.77,10.901,97.182,110.328
2,120.444,100.226,102.285,1.07,10.044,100.174,93.555,100.019,96.844,115.733,1.051,9.392,109.196,105.068,102.439
3,120.455,112.122,113.078,103.647,1.015,98.104,0.953,100.429,97.127,108.295,104.697,1.072,95.775,1.015,93.031
4,120.576,105.093,111.64,110.716,109.644,98.772,1.021,9.973,96.896,109.755,101.399,109.601,106.645,1.169,10.995
2,120.698,101.449,110.129,1.021,9.954,110.32,98.162,102.874,97.452,103.498,1.079,10.636,109.3,106.099,96.335
4,120.89,104.911,96.607,99.9,96.973,92.93,1.158,9.872,94.897,100.699,101.926,101.829,95.537,1.124,11.243
4,121.146,99.032,100.078,116.406,93.952,108.06,1.05,10.953,108.234,106.451,118.641,109.786,97.399,1.187,9.719
3,121.167,100.546,99.508,108.757,1.126,96.781,0.991,102.622,114.352,102.45,99.395,0.981,100.814,1.088,100.77
4,121.251,95.139,103.611,113.849,108.785,106.809,1.028,10.411,98.532,97.458,101.015,109.06,96.181,1.025,9.772
2,121.549,101.831,109.861,1.074,9.859,109.898,96.216,105.607,109.341,101.95,1.166,10.557,101.236,93.202,103.678
4,121.664,108.844,97.664,112.289,108.499,100.623,1.134,9.824,101.591,101.492,115.519,108.272,92.811,1.037,10.642
1,121.845,109.565,10.026,10.481,10.842,10.109,107.119,98.398,105.441,10.001,11.059,9.829,9.816,101.38,103.619
3,122.117,114.827,113.203,106.622,1.102,104.898,1.019,100.93,113.677,107.587,107.747,1.033,109.939,1.007,97.783
4,122.258,107.599,108.957,102.774,106.475,92.466,1.06,10.441,103.932,96.914,108.226,107.519,96.928,1.133,10.72
1,122.292,96.058,11.207,11.496,9.524,10.708,114.096,114.694,99.36,10.671,10.291,9.729,11.265,105.279,109.976
4,122.886,96.308,101.855,109.913,108.714,95.771,1.174,10.106,94.602,100.578,110.225,111.106,107.832,1.165,10.709
3,123.11,101.572,104.108,106.332,1.006,107.745,0.97,100.326,109.268,102.358,106.701,1.1,105.522,1.011,103.948
1,123.136,108.278,9.772,11.604,10.602,9.493,110.395,106.334,98.659,10.466,11.092,9.345,9.644,97.419,110.42
3,123.144,98.035,107.201,106.702,1.008,103.916,1.077,95.431,97.498,105.346,100.502,1.066,108.069,1.101,97.286
1,123.153,105.441,10.585,11.244,9.826,10.526,105.407,112.952,111.066,10.708,10.288,9.424,10.439,97.088,102.81
2,123.861,107.51,102.057,1.113,10.906,96.876,101.801,101.462,100.734,101.32,1.086,10.674,102.479,95.352,102.738
1,124.119,103.857,10.627,10.146,10.585,10.818,109.942,106.658,106.835,11.074,11.249,9.606,9.974,101.21,105.166
4,124.298,109.419,109.822,101.219,95.586,108.876,1.057,11.011,102.849,104.761,108.5,108.91,108.238,1.082,10.303
1,124.405,108.129,10.647,10.898,10.115,10.669,114.968,108.295,97.047,9.863,10.402,10.64,9.859,107.886,111.554
2,124.608,96.844,100.275,1.054,9.376,109.656,98.43,110.776,109.908,110.935,1.134,10.615,109.322,108.141,110.741
4,124.662,99.214,108.008,102.61,107.875,97.249,1.028,10.874,100.371,97.809,107.529,106.616,96.025,1.186,11.148
1,124.801,110.569,9.836,10.823,10.07,11.096,109.704,105.254,95.52,11.421,10.586,9.959,10.179,115.195,109.976
1,125.047,104.725,10.684,11.236,10.421,11.264,99.719,107.011,99.78,10.959,11.213,10.003,11.099,97.785,114.853
3,125.291,103.924,110.869,107.305,1.078,106.079,1.064,104.132,105.213,109.248,101.804,1.026,101.595,1.065,104.907
1,125.738,95.446,11.235,11.203,10.781,10.439,110.752,99.793,110.222,10.398,11.612,10.05,9.968,113.503,114.29
2,126.243,96.965,105.438,1.102,10.751,96.059,93.725,102.626,105.398,102.581,1.157,10.952,109.854,93.667,107.72
4,126.389,97.472,98.522,100.632,109.854,104.838,1.028,10.502,99.438,98.731,116.601,102.099,92.93,1.091,10.094
3,126.457,106.684,100.795,96.972,1.01,109.749,1.099,92.942,106.214,112.736,113.235,0.967,110.258,1.108,100.301
3,126.77,100.684,109.361,112.869,1.098,101.533,1.116,96.124,101.429,100.134,109.131,1.125,96.48,1.086,94.011
2,127.292,102.571,105.49,1.097,9.659,101.281,100.827,110.394,97.691,107.601,1.06,10.649,101.349,103.579,106.814
3,127.439,99.478,96.719,107.891,1.066,99.449,1.021,93.031,111.369,102.139,106.313,1.005,103.818,1.027,103.874
2,127.755,111.313,110.625,0.999,10.741,96.457,92.281,109.473,96.873,105.073,1.157,9.607,93.05,107.51,100.662
3,127.812,101.721,99.871,106.664,1.084,103.352,1.122,96.138,100.917,114.428,111.024,1.066,96.431,1.108,106.558
4,127.863,104.027,94.479,111.026,106.286,106.468,1.044,11.184,100.474,108.93,115.049,101.633,94.845,1.125,9.775
1,127.868,105.523,10.049,11.314,10.457,10.599,99.376,108.941,101.921,9.917,10.373,9.332,10.149,101.131,106.361
3,127.9,97.117,96.566,111.788,0.957,100.75,1.05,99.949,110.514,100.759,97.955,1.071,105.193,1.105,101.724
1,127.944,101.384,10.641,10.646,9.596,10.062,97.069,106.151,99.092,10.837,11.165,10.782,10.019,104.305,100.644
2,128.56,101.289,114.748,1.012,9.482,100.526,105.954,107.737,100.909,102.753,1.167,10.087,101.173,99.88,98.337
3,128.761,109.745,104.942,107.765,1.072,100.023,1.035,94.774,114.947,104.27,99.698,1.012,109.707,0.996,104.528
1,128.851,110.44,10.582,10.278,9.851,11.265,96.928,115.899,102.29,10.591,11.083,10.42,10.604,112.507,109.542
2,129.354,111.161,111.407,1.081,10.498,96.624,104.466,100.44,98.362,106.848,1.041,9.887,93.773,94.632,107.412
1,129.617,103.67,9.685,11.612,10.694,10.711,98.487,108.903,98.49,11.131,10.642,10.635,9.694,104.714,106.762
2,129.736,97.896,107.531,1.155,10.85,101.503,96.343,104.685,102.249,112.059,1.051,9.803,96.06,96.64,103.809
3,129.954,102.893,112.592,105.049,0.994,97.376,1.119,93.037,97.318,107.521,107.133,0.996,97.367,0.979,93.388
2,130.49,105.741,101.895,1.134,9.737,101.945,96.02,98.764,95.105,109.273,1.062,10.814,96.664,94.027,105.946
1,130.502,107.802,10.666,10.474,9.686,10.01,110.595,111.584,102.815,9.822,11.209,10.122,10.345,100.454,101.212
1,131.031,106.477,10.438,10.628,10.22,10.38,101.218,101.503,106.178,11.05,10.34,10.869,10.554,112.344,116.08
3,131.054,110.514,97.644,99.962,1.072,95.04,1.116,95.749,97.943,107.826,106.297,1.122,107.664,1.049,94.011
1,131.13,106.591,11.22,10.357,9.22,10.875,97.191,100.76,99.951,9.614,11.732,9.424,10.807,98.405,106.42
4,131.172,97.912,98.455,109.353,105.031,101.256,1.147,10.775,100.288,99.52,111.884,105.324,100.312,1.156,11.272
4,131.208,109.229,94.281,116.523,97.125,107.797,1.014,11.312,108.86,111.27,116.12,104.659,107.913,1.119,9.569
1,131.301,104.78,11.123,11.059,9.611,10.394,103.456,102.609,101.958,10.132,11.321,10.057,10.115,107.736,112.652
2,131.352,101.451,99.954,1.104,10.095,96.867,95.471,97.318,95.112,105.387,1.018,10.822,109.225,93.635,102.368
4,131.529,93.244,98.323,117.151,111.579,107.358,1.029,9.734,97.786,102.705,112.876,95.854,108.933,1.027,11.171
4,131.63,94.971,108.393,105.237,97.941,107.36,1.163,10.683,105.85,109.538,110.41,103.839,99.333,1.05,10.843
4,131.644,95.592,109.639,111.804,94.722,93.48,1.173,11.057,107.505,94.281,107.806,107.803,106.665,1.132,9.729
3,131.969,109.081,111.707,99.811,0.952,108.532,0.952,102.796,107.15,105.775,113.775,1.046,107.807,0.948,102.091
4,132.097,95.458,108.549,115.191,106.626,94.2,1.057,10.492,96.108,110.926,117.647,95.44,93.011,1.073,9.567
2,132.126,97.436,100.219,1.006,9.923,97.794,92.264,112.686,106.269,99.325,1.01,10.585,93.326,95.273,105.822
1,132.197,110.277,10.378,10.189,9.905,10.873,105.148,109.17,97.777,9.762,10.12,9.787,11.215,104.692,102.804
1,132.303,95.082,11.237,10.109,9.181,10.325,104.126,105.778,96.358,10.246,11.096,10.351,11.194,97.028,100.291
1,132.633,96.641,10.765,10.104,10.059,10.887,104.532,98.029,102.06,11.205,10.338,10.161,10.566,109.269,97.612
4,132.675,101.616,106.279,111.849,99.123,96.594,1.093,10.286,105.797,98.882,104.83,96.372,101.256,1.149,9.928
3,132.978,105.163,97.993,113.178,1.015,94.133,1.083,100.18,109.564,99.482,101.674,0.988,96.18,0.994,93.858
2,133.179,105.294,100.167,1.019,9.409,93.846,108.186,108.417,110.97,99.618,1.154,9.599,93.555,101.099,102.984
4,133.38,94.104,110.873,105.716,101.881,95.648,1.054,9.819,108.773,108.881,102.844,111.579,97.816,1.054,10.685
2,133.436,98.3,106.848,1.09,9.874,103.205,97.251,109.351,103.306,110.052,1.021,10.789,99.39,93.08,112.212
2,133.436,105.385,112.918,1.142,10.279,100.473,104.093,105.625,95.451,112.81,1.128,9.774,100.778,92.41,108.767
1,133.685,97.033,11.233,10.822,10.89,11.098,111.328,107.011,99.975,10.576,11.667,10.416,9.864,106.601,101.859
1,133.695,109.508,10.929,11.745,10.121,9.844,114.89,109.233,110.395,11.159,10.767,10.347,9.762,106.246,108.396
3,133.705,109.739,108.548,103.124,0.951,102.878,1.028,95.117,103.554,100.365,104.741,0.999,94.562,1.046,106.591
3,133.837,97.422,111.142,103.458,1.068,104.772,1.109,108.301,97.024,109.124,98.548,0.973,109.693,0.989,97.023
1,134.252,100.841,11.178,11.289,10.199,10.589,113.116,100.401,102.899,10.817,11.548,9.586,11.214,114.896,98.386
3,134.452,104.543,113.091,104.364,0.983,98.494,0.966,104.738,111.894,103.08,112.536,1.094,103.237,1.038,106.35
1,134.842,98.825,11.085,10.575,10.616,11.155,109.929,100.992,95.757,11.329,10.738,9.668,9.754,112.437,100.401
1,134.894,105.093,10.205,10.808,9.593,10.358,107.45,100.291,98.05,11.256,11.576,10.671,10.02,98.227,112.661
1,134.914,97.661,10.534,11.398,10.857,9.842,102.881,100.584,108.268,10.925,11.062,9.704,9.576,104.748,100.956
1,134.921,97.673,10.736,11.011,10.399,10.303,115.195,106.032,98.354,10.806,10.544,9.696,10.542,112.748,106.35
2,135.077,97.867,117.137,1.062,9.331,93.066,98.041,111.338,109.076,101.071,1.139,9.774,104.124,103.143,101.348
1,135.154,106.299,10.892,11.073,9.418,10.901,109.038,101.185,110.163,10.937,11.768,10.846,9.534,107.627,112.179
3,135.199,104.657,97.102,97.368,1.111,95.368,1.107,102.252,97.644,107.057,108.637,0.969,99.825,1.109,98.772
4,135.351,105.899,102.508,104.292,100.364,107.274,1.083,11.096,93.421,102.118,112.921,100.4,106.634,1.027,10.867
3,135.468,111.634,102.601,97.363,1.015,103.571,0.952,97.236,108.109,97.223,106.297,0.985,104.898,0.958,92.636
3,136.046,104.892,111.919,112.982,0.976,97.232,0.984,108.563,111.489,106.967,111.299,1.087,110.754,0.988,99.831
4,136.295,98.498,110.591,113.604,108.311,106.716,1.162,11.297,98.483,103.188,106.55,105.578,107.281,1.09,10.07
1,136.31,110.376,11.323,11.63,10.321,10.076,112.016,108.103,103.772,11.199,11.08,10.864,10.185,110.011,103.629
4,136.533,102.358,107.832,115.573,101.437,106.716,1.04,10.545,104.43,100.161,104.727,97.107,108.623,1.039,10.913
4,136.6,99.988,99.682,109.821,103.018,94.2,1.08,9.922,106.752,97.615,101.053,111.723,108.06,1.052,10.015
1,136.745,94.018,11.125,11.655,9.903,11.231,109.371,114.753,104.543,9.696,11.324,9.803,11.134,97.203,114.36
1,136.98,107.802,10.221,11.54,9.872,9.977,101.7,101.859,107.105,10.711,10.557,9.721,10.877,105.551,104.916
1,137.237,95.223,10.269,10.695,10.369,10.983,101.445,107.429,102.272,11.027,11.121,9.606,10.552,110.223,102.001
4,137.345,100.04,110.131,104.032,97.63,93.693,1.188,9.669,104.144,104.831,114.247,108.025,106.335,1.185,10.235
2,137.58,107.51,100.377,1.071,10.898,96.389,101.975,96.463,104.683,110.005,1.178,9.516,106.293,96.015,105.145
2,137.631,97.422,117.319,1.182,9.958,94.853,92.661,97.634,111.301,103.086,1.006,10.474,93.948,99.256,108.513
4,137.769,94.553,110.068,102.306,100.166,100.003,1.123,10.518,107.491,94.244,113.399,99.246,94.644,1.14,9.834
3,137.803,109.514,111.916,107.794,0.963,93.855,1.015,106.829,112.063,109.204,103.808,1.117,111.124,1.041,104.265
3,138.306,112.104,107.063,108.086,0.956,96.012,1.002,105.978,107.061,100.365,102.986,0.996,103.818,1.112,92.41
1,138.365,108.685,10.247,11.628,10.854,9.914,99.872,108.601,108.343,11.237,10.144,9.285,10.926,104.41,115.899
2,138.392,106.843,105.792,1.078,10.669,107.1,105.77,103.923,99.936,104.946,1.108,10.549,107.948,106.231,99.125
4,138.722,108.926,98.484,117.689,95.234,92.103,1.052,10.545,96.948,100.285,117.793,95.198,106.335,1.065,10.201
3,139.013,101.963,107.336,113.652,0.976,107.435,1.033,93.037,104.272,100.005,112.023,1.079,101.857,0.982,99.532
3,139.089,114.293,113.063,103.587,0.992,103.099,0.976,109.238,101.785,107.539,101.453,1.093,102.25,0.992,106.864
4,139.244,97.517,106.592,101.587,96.561,96.298,1.127,10.841,96.804,103.938,104.951,100.429,95.845,1.182,10.496
2,139.619,97.517,114.654,1.179,9.533,99.75,102.089,99.238,107.876,105.349,1.051,9.877,103.018,104.978,101.837
3,139.629,113.646,97.967,113.458,1.069,103.474,1.123,104.239,104.326,96.595,104.479,0.971,107.953,1.104,108.759
2,139.723,94.591,115.909,1.181,10.079,94.161,97.069,104.32,105.512,117.644,1.102,10.682,94.769,106.987,111.212
4,139.797,100.708,99.996,103.907,97.072,104.43,1.146,10.079,93.683,106.03,111.39,101.123,98.593,1.006,10.596
1,140.302,96.197,10.479,11.456,9.424,10.369,108.444,111.36,94.725,10.35,11.165,9.949,9.651,110.863,111.527
1,140.457,98.451,11.233,10.865,10.174,11.265,109.36,109.765,96.894,10.704,10.889,9.349,10.491,103.728,103.559
4,140.73,102.482,98.176,100.436,109.156,106.086,1.173,10.74,102.898,103.412,113.258,101.066,100.48,1.1,10.588
3,140.908,108.049,108.299,104.871,0.98,107.953,1.041,100.932,102.171,110.865,96.538,0.996,106.911,1.009,100.531
2,141.138,99.647,101.875,1.051,10.751,96.737,92.995,111.599,107.428,99.705,1.122,10.894,95.401,94.012,107.643
2,141.149,109.122,112.235,1.159,10.047,101.935,93.046,113.809,111.925,105.127,1.088,10.719,97.288,104.512,101.385
3,141.443,110.514,110.653,108.155,0.99,96.857,1.087,97.18,112.562,113.163,99.708,0.994,98.449,1.06,97.455
1,141.453,101.33,10.383,11.696,10.865,10.449,102.233,108.817,98.447,10.387,11.62,9.847,11.188,105.733,99.784
3,141.601,102.48,113.03,112.894,0.967,107.28,1.116,108.873,108.2,97.967,96.813,0.998,99.236,1.084,99.541
3,142.018,101.092,108.299,113.086,1.035,106.794,0.985,108.952,98.109,99.649,100.285,0.961,104.738,1.065,93.199
4,142.121,94.466,100.151,116.746,95.038,92.025,1.118,11.031,95.019,101.136,104.032,97.125,96.617,1.093,9.933
4,142.197,99.949,96.924,115.335,106.198,101.434,1.073,11.081,100.498,94.688,106.219,110.791,107.832,1.101,9.931
4,142.418,99.269,102.82,118.211,101.019,96.03,1.003,10.337,99.394,99.554,109.067,96.469,101.63,1.011,10.136
4,142.652,98.498,100.148,117.332,103.16,96.067,1.084,10.162,109.484,98.69,115.988,95.424,99.56,1.163,10.386
1,142.68,100.346,9.655,11.238,10.55,10.453,99.524,106.195,95.341,10.656,10.183,9.332,10.962,99.933,111.745
1,142.737,94.572,10.058,10.832,9.17,9.582,108.093,104.082,104.5,10.206,10.696,10.456,10.074,103.403,115.601
2,142.784,97.867,114.02,1.146,10.744,97.881,94.966,105.027,109.37,106.565,1.138,10.969,106.988,101.887,112.561
3,142.875,98.348,97.323,104.882,1.005,104.779,1.04,92.736,98.13,108.07,103.096,1.046,100.911,0.968,105.534
4,142.886,99.867,97.498,104.876,96.335,94.044,1.122,9.856,99.158,95.211,100.722,103.872,92.923,1.055,10.555
4,143.009,93.979,107.217,109.106,95.517,96.679,1.144,9.579,101.76,96.945,111.832,107.555,101.377,1.04,10.248
2,143.042,112.029,111.905,1.173,9.819,95.908,96.128,110.254,107.585,101.551,1.168,10.151,101.935,97.923,113.071
4,143.106,104.167,109.688,114.367,98.436,105.066,1.07,10.935,100.69,94.479,105.638,106.421,98.023,1.03,10.751
2,143.183,96.937,107.697,1.146,10.656,103.786,102.212,112.089,98.153,101.914,1.093,10.794,98.403,95.927,98.341
3,143.215,107.338,108.169,98.078,1.051,100.023,0.959,93.852,98.193,100.856,108.361,0.974,106.936,0.976,106.829
1,143.288,111.458,10.178,10.828,10.359,10.467,99.929,99.453,95.031,9.696,10.39,10.89,9.723,105.615,115.471
4,143.307,99.603,104.626,100.183,111.448,102.094,1.077,10.204,99.266,107.956,103.488,96.831,92.923,1.163,10.094
4,143.652,97.275,100.354,101.582,96.618,94.679,1.092,9.66,99.158,110.577,114.996,105.275,104.951,1.081,9.569
1,143.693,110.121,11.041,10.373,9.739,9.921,104.01,103.428,98.394,10.483,11.138,10.275,10.877,108.967,108.108
3,143.835,96.953,107.736,109.013,1.071,97.065,1.007,108.976,101.463,99.403,111.374,1.116,108.696,1.056,92.568
1,144.105,94.017,10.103,9.975,10.077,9.568,97.959,100.87,108.346,11.211,11.445,10.552,10.659,107.596,112.652
3,144.299,100.917,102.643,106.039,0.978,103.941,1.015,108.969,112.104,97.807,110.174,1.009,100.799,1.121,108.681
4,144.441,93.906,103.347,117.618,103.553,102.26,1.028,10.457,98.747,106.003,103.384,94.501,95.821,1.147,10.508
1,144.753,99.359,9.75,10.292,9.389,10.896,110.359,98.12,105.985,10.582,10.069,9.699,10.0,97.028,111.172
4,145.024,95.592,99.259,100.722,98.134,93.464,1.06,9.854,102.275,110.95,108.166,110.462,102.493,1.162,10.685
3,145.456,100.982,97.618,97.059,0.975,110.936,1.083,103.589,103.811,107.414,104.283,1.02,96.379,1.108,93.418
4,145.662,92.674,97.582,103.399,110.336,108.421,1.125,10.37,106.422,101.278,101.765,96.561,92.734,1.16,9.679
2,145.773,106.492,101.403,1.13,10.006,93.097,107.665,97.46,100.306,115.715,1.027,10.523,95.108,95.959,100.974
2,146.096,98.598,101.721,1.153,10.934,93.415,94.183,113.002,112.049,111.083,1.112,9.711,109.3,108.596,104.227
4,146.891,99.609,104.575,117.647,95.748,95.773,1.127,10.824,100.19,98.927,108.508,98.721,96.697,1.186,10.964
4,146.961,109.222,105.334,107.261,105.254,107.674,1.055,10.644,95.129,98.118,108.203,102.489,95.321,1.115,10.654
1,147.501,105.476,10.468,10.453,9.512,10.088,104.373,101.789,96.842,10.279,10.049,10.716,9.767,102.192,109.243
1,147.558,96.358,11.076,11.346,10.174,9.691,113.298,104.841,94.847,9.805,11.786,9.489,10.937,102.706,109.953
4,147.886,95.215,103.516,112.053,95.198,95.215,1.109,9.767,100.176,101.887,108.659,111.309,101.63,1.058,10.162
1,148.044,101.021,9.665,11.44,10.172,10.778,102.48,113.507,98.308,10.884,10.433,9.864,9.557,107.886,104.392
1,148.406,104.609,10.336,11.313,10.387,11.002,108.809,104.958,109.387,10.937,10.398,10.869,10.909,108.823,106.272
1,148.448,102.979,10.625,11.358,9.578,9.968,102.661,108.513,97.588,10.535,11.784,10.55,9.741,98.66,106.214
4,148.577,102.859,110.051,101.371,98.462,105.631,1.052,10.785,97.788,96.723,109.543,94.607,97.199,1.014,9.937
3,148.658,106.164,102.109,109.07,1.085,108.164,0.978,102.926,108.757,105.795,99.092,1.007,94.025,1.033,106.618
2,148.66,106.843,107.316,1.169,10.017,100.174,97.289,111.802,111.313,116.687,1.177,10.509,110.275,104.708,102.738
2,148.743,109.048,112.374,1.033,9.737,102.419,100.988,111.679,101.677,106.283,1.172,9.756,99.336,105.583,101.508
2,148.862,111.073,99.699,1.006,10.497,99.201,95.001,108.387,108.974,113.578,1.186,10.121,100.238,94.858,110.36
1,148.895,98.39,11.237,10.898,10.453,10.459,105.35,104.417,94.196,9.642,10.405,10.23,10.048,102.964,107.552
4,149.263,95.119,99.039,114.239,99.883,98.355,1.131,9.567,106.962,109.919,107.635,96.929,97.715,1.162,10.325
4,149.916,95.99,100.547,105.785,110.095,98.211,1.03,11.108,95.52,101.639,104.032,109.694,98.871,1.178,11.081
1,150.422,104.111,9.996,10.035,10.247,10.254,109.519,103.664,106.576,10.982,11.781,9.971,10.456,111.773,106.658
3,150.506,103.536,103.942,112.555,0.994,97.697,1.046,104.653,105.501,103.039,114.153,1.095,108.137,0.956,102.433
3,150.556,104.644,102.231,110.566,1.069,96.431,1.079,108.379,104.892,111.79,106.962,1.129,108.925,1.017,95.436
1,150.557,104.543,9.835,10.863,9.345,10.015,100.436,106.352,95.18,11.363,11.302,9.949,9.604,97.51,111.76
2,150.658,108.932,114.214,1.119,9.414,100.022,95.959,106.974,109.423,116.914,1.152,10.378,98.045,96.427,113.109
1,150.723,107.318,10.277,11.373,9.234,11.163,106.006,103.619,109.965,9.665,11.071,9.787,9.681,100.581,106.318
1,150.747,104.287,10.659,10.823,9.624,10.07,98.523,102.84,110.021,10.053,11.705,10.744,9.562,105.4,103.317
4,150.943,101.812,103.712,115.283,111.592,101.698,1.011,10.817,94.466,104.538,103.934,106.484,94.819,1.058,9.876
3,151.062,98.914,107.909,97.368,1.112,104.888,0.976,101.906,99.113,103.116,108.931,1.12,104.898,0.99,100.429
4,151.246,98.991,110.892,116.924,107.074,91.983,1.025,10.047,106.193,103.428,104.349,109.786,106.67,1.052,9.831
2,151.556,97.244,104.359,1.059,9.476,98.088,107.075,108.396,98.185,101.505,1.071,9.287,107.799,106.278,111.826
1,151.727,103.274,10.011,10.288,9.606,9.588,100.033,112.294,99.55,11.043,10.33,10.903,10.578,104.362,114.608
3,152.187,111.667,105.777,106.594,1.013,95.133,1.06,97.312,98.035,114.179,96.47,1.084,96.781,1.014,103.563
4,152.304,98.67,110.605,106.626,111.592,92.084,1.058,11.207,104.017,100.699,110.251,101.755,96.168,1.04,9.59
1,152.317,105.294,10.577,10.909,10.077,10.456,112.7,109.171,99.435,10.477,10.696,10.739,10.425,103.8,101.549
4,152.585,102.199,102.705,102.122,99.334,106.428,1.166,11.174,101.385,101.01,107.361,109.23,104.558,1.003,10.914
3,152.816,109.073,110.982,97.293,0.998,100.775,0.958,98.73,104.707,107.214,109.244,1.055,99.148,0.95,106.776
2,152.997,99.232,99.366,1.179,9.717,94.142,107.372,109.805,102.747,112.299,1.008,9.474,102.476,105.583,113.257
4,153.176,97.531,105.978,113.399,107.496,101.927,1.066,11.042,99.683,104.379,109.762,109.47,91.964,1.003,9.591
2,153.259,100.32,109.134,1.151,9.553,97.575,96.128,112.458,111.478,114.136,1.147,9.997,100.98,105.325,105.867
1,153.264,96.168,10.93,11.373,10.198,11.054,102.354,104.72,99.004,11.306,10.081,10.07,9.903,107.132,98.657
2,153.332,100.514,108.173,1.155,10.816,95.113,94.913,112.712,110.534,115.063,1.185,9.851,94.787,93.866,110.381
4,153.402,93.812,94.44,117.486,111.658,95.55,1.086,11.187,97.157,101.929,104.793,106.311,105.4,1.15,10.291
1,153.631,98.223,9.71,11.039,10.783,10.456,97.434,98.824,94.288,10.109,10.893,10.435,10.094,101.418,100.046
2,153.711,104.958,105.597,1.102,10.796,106.931,93.097,105.453,102.499,101.311,1.031,9.247,102.954,94.191,101.525
4,153.748,103.773,98.539,105.678,103.767,103.179,1.035,10.381,96.308,107.497,112.171,110.908,109.33,1.189,11.251
2,153.765,94.421,111.564,1.0,10.926,99.81,106.344,99.614,101.289,115.746,1.116,9.585,93.834,105.583,97.002
1,153.821,103.946,10.795,11.389,9.945,10.493,97.253,115.814,109.747,10.488,11.124,9.29,10.862,96.879,102.263
3,153.848,108.389,105.243,110.504,1.041,95.903,1.052,99.797,98.7,98.359,111.788,1.097,102.867,1.117,104.956
4,153.89,98.164,97.582,110.378,105.949,102.804,1.116,9.747,108.337,97.351,118.671,108.67,94.012,1.103,10.692
1,154.05,104.181,10.269,10.591,9.558,9.546,105.615,97.687,96.637,11.343,10.717,9.727,10.491,112.244,110.582
3,154.282,109.081,103.259,107.17,0.965,109.018,1.041,106.419,101.066,98.221,112.163,1.079,97.967,1.005,104.628
3,154.288,107.114,97.102,112.869,1.121,94.044,1.016,94.986,111.761,114.231,106.69,1.008,102.709,1.08,104.628
1,154.605,107.437,11.371,10.987,9.36,10.22,102.592,100.599,104.246,10.09,10.602,10.464,10.464,100.033,108.475
4,154.702,107.423,103.409,115.183,110.652,101.885,1.109,10.134,96.401,108.411,109.068,100.094,93.291,1.147,10.952
1,154.749,102.947,11.376,10.575,10.167,9.725,108.697,109.766,106.676,9.782,10.41,10.32,10.422,100.02,99.528
1,154.828,107.742,9.709,11.044,10.161,10.899,101.808,110.731,96.626,9.782,11.75,9.437,9.936,109.929,104.958
4,154.96,104.852,95.99,108.345,107.555,106.068,1.012,9.831,95.034,100.354,117.611,95.628,108.169,1.168,9.714
4,155.389,103.848,100.078,109.068,94.994,102.798,1.095,9.987,100.775,102.458,100.357,108.821,107.283,1.175,9.748
4,155.537,97.248,111.152,100.105,93.958,96.267,1.164,10.044,107.551,109.388,104.46,98.705,102.034,1.151,10.498
2,155.585,99.486,112.821,1.009,9.509,108.168,100.766,96.934,102.703,116.698,1.095,9.555,101.47,108.153,100.659
4,155.608,106.888,110.275,113.252,99.115,101.456,1.17,11.301,108.337,106.807,103.488,95.303,106.0,1.002,9.831
3,155.671,101.113,105.658,100.467,0.986,110.985,0.949,106.106,114.29,107.487,104.607,1.067,109.506,1.037,109.467
3,155.754,108.664,109.255,112.586,0.978,95.791,0.955,92.509,101.454,107.93,96.972,1.092,106.548,0.967,97.883
2,155.879,107.961,100.397,1.103,9.877,103.004,92.544,101.362,96.022,107.715,1.052,9.789,102.801,107.197,109.943
3,156.0,113.724,96.693,108.759,1.078,109.703,1.001,95.003,100.428,102.591,113.497,1.019,93.749,0.976,105.749
4,156.039,96.997,110.885,107.187,103.144,99.608,1.032,9.792,104.579,95.336,116.228,104.275,104.43,1.072,10.204
4,156.356,94.278,101.337,110.074,104.241,108.313,1.113,10.255,93.458,108.988,106.64,111.286,104.295,1.182,9.625
3,156.46,103.26,101.066,109.293,1.059,93.738,0.995,94.472,111.157,108.345,97.193,1.1,107.626,1.074,95.558
3,156.597,96.953,104.286,103.756,1.067,107.715,1.046,102.907,109.588,99.431,109.878,0.951,103.423,1.041,96.559
1,156.661,99.004,10.682,11.537,10.595,10.195,105.407,101.24,102.177,10.718,11.066,10.792,10.783,110.17,107.871
4,156.729,99.108,107.949,103.066,94.314,104.503,1.174,10.991,99.971,101.523,112.855,101.371,92.282,1.073,10.084
3,157.204,114.131,101.279,108.25,1.014,98.885,0.981,99.239,100.988,103.942,110.042,1.111,110.805,1.013,93.497
4,157.473,101.614,98.778,101.371,100.4,105.909,1.103,10.327,103.853,105.541,101.635,94.611,102.94,1.179,10.602
3,157.491,100.766,108.953,100.693,1.043,106.349,1.058,109.597,113.045,107.411,109.244,1.069,110.037,1.108,101.605
1,157.522,107.265,11.106,11.73,9.755,10.103,106.995,115.083,94.904,10.691,10.777,9.807,10.371,102.661,104.315
2,157.597,101.494,102.128,1.157,10.212,105.566,97.643,113.483,107.51,112.717,1.166,10.105,107.67,94.302,96.52
1,157.686,95.757,9.776,10.355,10.248,11.123,100.778,107.944,102.739,10.888,10.067,9.636,11.258,106.51,104.659
2,157.701,104.683,102.179,1.063,10.861,105.192,107.822,104.32,111.612,103.788,1.057,10.633,93.838,96.725,112.553
4,157.843,100.305,107.275,104.711,110.704,100.641,1.182,10.959,107.622,102.269,117.65,100.32,96.601,1.028,10.543
2,157.87,103.148,114.639,1.077,10.502,104.878,92.439,101.464,98.239,113.058,1.084,10.887,103.53,94.703,99.464
3,157.923,102.622,109.258,108.668,1.109,96.857,1.101,98.341,104.591,104.78,108.738,1.023,108.348,1.039,92.942
4,157.93,99.603,107.832,111.287,108.881,106.486,1.028,11.178,100.745,107.049,110.498,98.568,102.798,1.095,9.978
4,157.942,100.19,107.58,107.395,111.579,103.082,1.102,9.526,105.356,109.315,117.424,98.491,100.93,1.127,10.62
1,158.328,106.181,9.983,11.033,10.838,10.667,105.774,98.199,100.73,11.103,10.614,9.489,11.084,98.718,100.184
2,158.514,106.885,113.919,1.089,10.01,109.747,99.298,99.028,110.703,111.203,1.083,9.503,99.632,94.08,102.606
4,158.524,94.069,107.957,113.055,107.563,92.762,1.133,10.157,94.514,98.539,118.211,94.908,93.363,1.136,10.763
3,158.535,106.807,98.684,100.938,0.958,99.08,0.948,94.803,112.021,96.716,96.108,1.108,110.616,1.083,97.628
1,159.035,109.859,10.461,10.251,10.389,10.483,97.888,105.058,105.632,9.891,11.092,10.809,9.591,114.146,102.769
3,159.16,97.572,100.96,110.376,0.966,98.717,1.035,98.058,98.793,102.641,105.475,1.099,110.506,0.977,93.087
1,159.394,107.128,11.235,10.718,9.536,11.194,114.828,104.092,107.625,9.998,10.373,10.715,11.124,107.397,113.316
4,159.503,106.478,101.829,101.929,103.314,94.282,1.015,10.916,104.43,108.299,108.597,107.499,104.558,1.052,11.153
3,159.53,99.08,105.361,97.574,1.113,105.403,1.04,103.793,100.839,107.414,103.647,0.993,103.24,1.05,96.093
4,159.769,106.911,111.158,100.692,101.664,96.024,1.021,10.34,102.605,108.72,118.644,108.966,98.24,1.073,9.827
2,159.828,100.893,109.406,1.077,9.339,95.255,100.272,102.884,105.766,99.143,1.054,10.762,99.279,103.618,113.789
4,160.262,106.157,95.639,106.64,94.689,95.94,1.015,9.64,107.522,111.297,107.962,99.94,104.558,1.098,11.287
3,160.465,113.797,99.94,97.363,0.982,99.788,1.123,99.223,114.475,101.735,106.784,0.951,102.751,0.973,103.909
1,160.554,95.565,9.85,11.67,9.803,11.258,98.126,107.197,95.149,10.098,11.718,9.875,9.993,115.195,111.76
4,160.961,106.193,100.472,109.458,99.57,93.577,1.161,11.039,101.527,99.405,100.989,94.688,97.264,1.187,10.72
4,161.43,101.31,109.966,113.907,107.466,99.873,1.174,10.555,94.027,110.275,117.65,98.341,105.539,1.001,10.258
2,161.549,98.365,104.245,1.118,10.865,106.988,97.837,97.063,103.788,106.844,1.163,10.423,94.853,107.41,112.944
4,161.565,107.673,103.611,111.794,107.499,105.212,1.002,10.936,102.528,106.65,108.298,95.086,94.956,1.157,9.584
2,161.735,98.895,113.764,1.038,10.841,106.293,95.406,98.053,108.024,101.334,1.021,9.939,97.414,107.217,110.848
3,161.803,105.411,108.692,113.652,1.005,97.542,1.086,97.901,105.411,113.203,97.332,1.045,105.383,0.983,104.494
3,161.891,112.542,102.001,112.064,1.102,104.763,0.99,108.962,99.963,104.0,106.664,1.045,102.307,1.103,92.972
4,161.916,107.92,98.504,103.97,101.66,96.819,1.123,10.837,103.278,111.072,113.467,95.806,106.363,1.131,10.74
3,161.926,110.835,100.134,106.07,1.047,106.116,0.959,102.169,109.526,112.385,101.321,0.962,93.536,1.096,103.163
2,161.972,96.861,114.654,1.021,10.785,100.906,101.764,109.127,111.478,114.503,1.025,10.151,104.312,95.199,96.921
1,162.004,108.665,9.685,11.378,9.262,9.744,110.16,100.928,100.854,10.114,10.099,10.577,11.027,97.516,113.544
1,162.379,104.577,11.386,10.58,10.857,10.931,110.584,108.58,104.704,9.984,11.066,10.58,9.878,101.623,99.003
4,162.405,92.929,109.065,102.168,103.977,103.604,1.069,9.927,95.317,96.654,112.051,111.348,95.603,1.153,9.563
4,162.549,94.541,111.243,103.905,101.153,106.167,1.147,9.779,104.692,95.936,108.217,105.828,102.045,1.158,10.0
1,162.846,100.077,10.281,11.354,10.248,9.596,102.19,107.209,110.659,10.579,11.083,10.582,11.132,102.881,98.8
1,162.972,94.904,10.834,10.648,10.162,11.117,114.751,114.042,99.875,10.349,11.39,9.264,9.866,102.881,110.731
3,163.043,101.572,99.138,108.773,1.123,98.759,1.03,98.524,106.193,97.52,98.577,1.044,106.872,0.952,106.993
1,163.353,94.018,10.535,11.747,10.732,9.87,114.018,100.584,106.887,10.374,11.151,10.217,10.075,103.92,110.273
1,163.432,109.133,10.717,10.028,10.696,11.084,110.16,103.725,107.163,10.657,11.353,10.42,11.115,102.567,112.37
2,163.689,100.156,103.822,1.085,10.715,106.918,94.143,100.45,110.664,102.179,1.071,9.737,103.618,103.95,96.737
3,163.818,96.782,97.271,103.503,1.041,104.968,0.966,92.323,104.892,111.63,105.264,0.996,108.02,0.993,103.546
4,164.187,108.706,104.247,114.023,105.926,99.957,1.021,9.789,107.522,94.643,102.065,108.209,96.847,1.139,10.411
3,164.384,114.472,112.261,101.095,0.97,100.648,1.005,98.332,101.206,97.488,99.176,1.005,105.891,1.023,104.15
4,164.4,95.412,106.492,102.989,103.839,95.721,1.168,10.599,109.446,105.768,107.798,111.448,98.214,1.041,10.091
1,164.42,102.06,11.0,10.291,9.82,9.744,108.73,113.735,94.102,10.324,10.853,9.17,10.89,112.738,105.375
1,164.711,110.234,10.291,10.12,10.397,11.028,105.903,103.57,98.296,9.833,10.51,10.693,9.669,108.923,104.329
3,165.034,109.126,102.594,103.273,1.098,103.724,0.98,94.327,114.04,99.835,113.58,1.065,95.928,0.949,105.697
4,165.505,98.088,106.134,101.816,95.309,102.398,1.174,11.239,101.199,102.72,107.007,96.853,98.632,1.054,10.979
4,165.92,99.929,109.639,115.29,110.21,102.398,1.052,10.81,109.233,104.052,101.98,111.124,107.66,1.005,9.655
3,166.208,103.23,100.811,112.778,1.028,97.697,0.963,107.164,107.18,109.392,105.01,1.022,99.784,1.073,99.422
4,166.423,108.484,99.756,107.567,101.563,94.042,1.099,10.024,93.683,97.229,104.787,110.214,108.159,1.009,9.731
1,166.616,106.244,10.305,11.147,10.801,9.642,107.45,101.631,102.525,10.098,11.362,10.451,11.14,113.238,104.11
4,166.948,96.41,105.544,114.183,96.769,106.435,1.036,10.692,104.579,98.72,100.436,97.816,105.555,1.172,10.941
3,167.032,99.571,106.948,100.064,1.054,110.465,1.105,99.098,99.569,109.324,106.039,1.088,100.972,1.04,93.385
3,167.12,106.985,111.947,109.88,1.023,109.182,1.005,106.717,100.424,101.902,106.446,0.954,94.168,1.078,96.593
2,167.205,106.999,112.852,1.012,9.958,103.072,93.725,104.872,110.644,107.983,1.177,10.412,109.225,103.388,112.894
3,167.272,100.684,108.521,102.528,1.074,100.395,1.108,99.616,102.069,111.063,100.467,0.986,111.143,0.968,104.907
4,167.44,99.171,100.909,105.862,106.615,99.247,1.151,10.973,105.126,98.521,106.233,95.127,92.013,1.047,11.234
3,167.463,109.357,108.905,96.483,0.982,110.959,1.068,108.556,102.668,114.213,104.26,0.951,103.333,1.065,105.615
1,167.702,94.65,10.657,10.66,10.411,10.07,112.244,108.223,96.117,10.445,10.472,10.155,10.783,103.739,112.693
1,168.027,97.619,10.475,11.394,10.058,10.416,102.014,105.725,94.799,10.609,10.586,10.119,9.734,97.856,98.792
4,168.067,103.44,108.981,111.81,101.019,103.52,1.168,10.74,93.184,110.606,111.911,104.888,102.752,1.109,10.842
4,168.284,106.008,108.044,104.857,106.729,104.929,1.069,10.765,96.712,97.003,116.967,108.276,107.516,1.058,9.66
3,168.831,97.667,100.485,109.266,1.033,102.688,1.075,97.744,105.505,113.258,112.462,0.966,94.9,0.968,94.327
1,168.867,97.455,10.828,11.818,9.282,11.141,112.989,97.908,109.635,11.305,11.784,10.387,9.788,110.734,102.937
1,168.924,105.763,11.153,10.659,9.381,10.532,105.2,105.103,99.121,10.823,10.975,9.283,10.718,97.911,106.886
4,168.924,99.707,109.661,116.819,109.512,92.488,1.115,10.775,97.472,94.317,103.637,109.847,101.524,1.084,10.694
1,169.05,108.685,10.829,10.019,9.97,9.616,103.962,112.714,109.762,10.291,10.041,10.222,10.875,100.436,113.418
2,169.133,105.152,112.299,1.041,10.523,107.659,93.167,99.827,111.93,110.506,1.082,10.654,100.38,99.714,100.465
3,169.233,114.29,113.106,100.662,0.99,95.703,1.053,101.739,99.478,108.709,99.697,0.989,94.994,1.015,100.582
4,169.297,100.498,106.574,107.306,105.61,98.017,1.144,10.3,100.625,108.044,107.648,102.756,105.814,1.154,11.191
2,169.504,99.768,108.282,1.084,10.953,100.866,107.883,109.346,112.027,111.667,1.016,9.576,99.75,96.343,101.013
1,169.615,96.641,9.996,11.052,9.887,11.16,104.613,107.882,106.896,10.625,11.618,10.187,9.756,108.218,109.549
2,169.674,99.647,114.947,1.062,9.339,104.036,93.394,111.851,97.196,115.697,1.041,10.142,108.783,107.665,110.254
2,169.834,111.977,110.797,1.179,9.585,98.586,92.54,106.437,102.571,101.986,1.025,9.614,100.526,108.72,103.524
2,169.835,108.383,101.403,1.022,10.127,102.818,102.471,109.447,102.053,100.015,1.007,9.953,100.856,95.538,108.439
4,169.881,110.081,100.602,108.954,111.662,106.514,1.007,9.961,100.276,109.491,101.912,111.199,96.412,1.174,10.628
1,170.125,102.513,10.053,11.125,10.781,10.378,113.989,103.326,95.52,10.959,10.776,10.81,10.886,99.535,102.937
3,170.236,112.596,114.077,102.838,1.062,97.881,1.027,104.486,97.226,104.249,103.431,0.973,99.099,0.974,100.931
3,170.271,106.431,113.133,105.073,0.987,105.264,0.994,100.88,103.924,97.367,105.853,1.002,111.037,1.039,104.907
2,170.306,97.555,105.49,1.179,10.097,102.782,107.193,105.867,103.536,106.301,1.111,10.231,105.255,92.67,101.931
3,170.437,109.872,106.385,107.683,1.109,108.02,1.101,93.144,108.314,96.505,113.245,0.983,103.147,0.952,98.174
2,170.548,109.784,99.735,1.108,9.364,108.981,102.06,101.799,109.908,110.771,1.071,9.262,93.591,103.224,101.355
3,170.959,108.2,111.542,113.99,1.068,108.71,1.001,96.223,98.562,101.144,112.462,1.053,105.822,0.948,97.12
2,171.24,99.065,107.994,1.05,9.361,103.821,98.041,97.656,102.434,116.197,1.095,9.82,101.745,93.097,98.966
4,171.386,100.869,102.827,112.344,108.499,104.432,1.07,11.073,103.619,100.81,115.473,100.4,105.208,1.097,10.235
4,171.443,100.776,103.516,107.468,98.995,106.568,1.059,10.031,101.077,105.265,106.219,98.941,99.666,1.073,9.779
4,171.659,96.848,94.967,112.876,96.495,106.67,1.013,9.729,98.154,103.031,117.689,94.994,94.925,1.074,11.196
1,171.875,111.517,10.627,10.614,10.613,10.576,101.7,103.245,101.559,10.356,10.767,10.08,10.395,110.543,100.202
1,171.923,97.319,9.822,11.685,10.255,11.09,106.52,101.308,94.183,10.463,10.774,9.515,10.956,107.104,99.059
1,171.968,101.084,10.487,10.255,10.233,9.705,102.629,99.301,109.553,11.287,10.973,9.396,11.236,110.995,101.351
2,172.116,100.526,101.714,1.05,9.667,105.939,92.725,101.384,102.516,112.918,1.118,10.113,109.423,100.211,106.814
2,172.132,103.997,116.723,1.141,10.481,95.662,104.266,109.266,109.368,111.952,1.016,10.01,102.479,99.232,100.528
4,172.648,93.906,103.003,106.879,105.304,95.845,1.006,10.158,102.924,111.158,116.851,102.656,102.106,1.11,10.406
1,172.78,105.931,10.834,11.323,9.668,10.56,107.886,113.316,107.951,11.33,11.689,10.859,11.158,106.401,108.391
2,173.009,98.699,99.779,1.102,9.591,94.885,106.253,102.0,98.149,99.406,1.07,9.292,107.918,102.319,101.637
3,173.069,100.684,111.707,103.923,1.099,100.168,1.11,92.443,97.422,96.475,96.606,1.089,110.452,0.962,92.935
1,173.326,110.376,10.373,10.539,10.308,11.188,102.729,108.903,98.379,10.006,11.54,9.316,10.236,103.271,106.569
4,173.455,93.155,110.99,104.098,100.462,97.666,1.03,9.517,100.145,100.81,117.271,110.565,100.93,1.003,10.158
3,173.501,105.501,102.518,97.363,0.964,99.668,1.008,102.472,111.516,102.35,104.594,1.107,98.478,1.107,94.803
3,173.632,98.476,107.036,106.664,0.981,97.366,1.095,99.92,105.246,113.119,107.653,1.009,94.054,1.08,96.775
2,174.083,101.954,115.379,1.071,9.449,101.935,103.716,102.207,98.439,114.177,1.064,9.538,100.856,99.082,98.908
1,174.422,106.523,11.211,11.491,10.238,11.003,105.903,111.2,106.108,9.614,11.755,10.582,10.009,110.577,109.766
1,174.605,106.326,10.354,10.839,10.719,9.644,98.801,104.789,110.59,10.685,11.81,9.593,10.683,108.984,98.382
1,174.749,102.36,10.854,10.214,9.932,9.531,112.307,114.99,103.801,10.078,11.48,10.635,10.978,99.376,99.791
2,174.803,95.229,110.229,1.044,9.49,109.885,100.923,101.079,94.591,107.531,1.113,9.626,103.889,104.09,95.997
4,175.413,104.579,100.705,102.182,95.666,99.277,1.107,10.019,100.651,103.183,112.855,106.068,93.896,1.028,10.973
4,175.414,94.541,111.512,104.796,101.019,107.09,1.13,11.234,95.119,101.847,99.842,99.94,92.965,1.163,10.441
3,175.473,105.253,104.199,107.485,0.986,105.663,0.986,102.355,107.785,97.102,103.6,0.971,104.82,1.037,103.903
3,175.881,101.572,111.016,98.299,1.035,94.025,0.976,95.992,105.442,106.252,108.794,0.993,105.231,1.035,101.873
3,175.884,106.816,113.666,99.849,1.107,108.093,0.96,102.684,110.949,113.846,107.874,0.957,93.917,1.124,98.737
3,175.9,109.606,107.057,104.857,0.982,105.934,0.982,106.509,99.58,108.53,103.415,0.953,96.35,1.013,103.448
1,176.004,95.325,10.069,11.517,9.987,10.683,102.976,100.851,100.737,10.735,10.552,9.938,9.644,105.249,111.571
1,176.039,101.841,10.519,10.695,10.51,10.149,111.981,100.44,96.168,9.88,10.301,10.308,9.727,111.717,98.761
2,176.044,96.928,110.598,1.165,10.389,102.671,91.659,101.179,108.058,100.397,1.103,10.147,106.496,107.46,111.204
3,176.183,108.984,110.332,104.894,1.089,100.971,1.041,106.802,112.715,114.31,112.731,1.043,97.345,0.959,104.76
2,176.212,110.275,101.946,1.032,10.11,93.051,105.471,100.797,101.935,100.434,1.082,10.673,105.705,102.678,108.767
3,176.265,114.672,108.392,108.471,0.974,99.879,0.981,100.375,104.134,107.619,112.32,1.062,100.195,0.962,98.134
4,176.973,104.256,103.003,108.277,109.16,97.118,1.187,9.532,96.852,95.25,113.638,107.51,98.772,1.168,9.961
3,177.023,99.862,101.753,97.487,1.062,110.15,1.048,109.478,104.892,107.381,112.323,0.977,108.341,1.075,100.77
3,177.155,97.729,103.533,101.265,1.092,109.503,1.03,102.396,101.023,107.561,108.984,1.074,96.066,1.009,92.999
2,177.262,106.466,106.62,1.018,10.322,95.318,99.305,113.483,104.011,113.129,1.078,10.339,98.683,92.816,110.545
2,177.809,99.08,107.132,1.099,10.285,94.787,98.773,105.031,97.428,115.555,1.045,9.836,99.191,100.162,104.916
4,177.851,109.911,100.285,102.182,97.333,94.453,1.107,10.059,102.712,107.559,100.848,98.462,104.175,1.123,9.87
3,177.966,113.677,97.102,101.07,0.98,110.576,1.008,94.044,109.656,108.331,100.652,1.121,110.401,1.117,108.934
2,178.122,98.307,109.585,1.114,10.806,98.117,93.38,99.917,102.159,106.966,1.06,9.35,98.532,105.832,100.064
1,178.162,106.881,10.045,10.29,10.834,10.543,103.764,100.046,103.499,11.252,10.383,10.857,10.443,107.966,112.712
3,178.349,112.694,107.285,107.656,1.073,97.837,1.086,105.079,102.668,112.515,97.616,0.99,101.595,1.067,93.677
2,178.603,102.78,113.661,1.066,10.088,93.422,104.716,101.255,107.925,104.704,1.093,9.333,105.142,94.452,104.32
3,178.608,103.024,97.704,110.464,1.012,95.27,1.102,106.864,113.984,114.4,104.316,0.988,106.023,1.02,93.497
2,178.985,100.713,107.601,1.08,9.585,110.071,95.872,100.097,96.823,107.691,1.101,9.585,109.445,92.602,101.763
3,179.003,113.854,107.205,111.752,0.954,94.951,1.038,97.985,102.329,106.999,105.069,0.994,97.881,0.948,105.249
4,179.181,100.646,104.224,103.232,94.607,101.764,1.106,11.288,97.082,94.908,105.826,104.964,106.468,1.035,10.207
1,179.233,99.929,10.026,11.525,10.602,10.498,107.886,114.175,104.267,10.42,10.626,10.798,10.345,113.705,99.006
1,179.31,102.869,10.996,10.738,9.456,10.664,110.445,115.391,108.548,10.019,11.525,10.651,10.875,102.806,115.115
3,179.454,97.318,98.826,104.628,1.029,106.429,1.065,99.39,104.273,110.635,110.575,1.04,105.822,1.051,97.186
4,179.502,101.914,106.03,99.796,99.768,103.52,1.04,9.625,99.817,96.958,102.844,101.542,94.569,1.149,10.228
2,179.651,97.278,112.041,1.044,9.399,103.579,104.582,104.069,99.076,101.99,1.039,10.947,99.829,93.693,107.154
1,179.738,106.193,10.09,11.825,9.673,10.19,107.627,115.0,102.19,9.868,10.928,10.842,10.039,101.055,110.933
3,179.866,98.035,99.147,97.755,1.034,104.354,1.107,93.09,114.131,110.979,109.683,1.018,102.02,1.056,106.518
1,179.956,102.439,11.096,10.251,10.853,10.554,109.942,113.25,109.897,9.741,10.359,10.197,9.608,105.722,106.978
3,179.978,104.797,99.696,99.105,1.021,102.399,1.013,108.929,104.277,102.649,103.415,1.056,97.367,1.107,97.899
4,180.004,104.988,110.051,118.623,109.292,97.871,1.107,11.222,96.015,101.785,116.694,109.694,96.705,1.009,11.059
4,180.217,95.958,105.733,103.232,99.433,105.088,1.156,10.003,93.877,110.167,116.746,110.29,106.188,1.112,10.701
4,180.277,106.796,100.902,112.455,104.866,97.304,1.048,11.228,105.248,97.423,108.485,99.021,104.386,1.079,9.791
3,180.895,97.448,96.693,113.026,1.057,96.012,1.074,92.942,100.139,106.252,99.774,0.972,102.25,1.0,100.58
1,181.095,110.222,9.696,9.98,9.208,9.732,115.128,98.983,99.383,11.386,10.368,10.756,10.459,108.153,115.449
3,182.217,114.294,100.207,109.985,0.999,98.371,1.08,100.197,113.702,112.385,110.924,1.02,103.908,0.986,98.35
3,182.6,107.449,109.761,109.88,0.965,108.02,0.997,105.0,107.15,110.168,107.915,1.035,96.593,0.949,108.759
1,182.638,105.413,10.813,10.826,9.57,10.919,101.623,107.944,97.673,10.762,10.078,10.155,9.911,114.237,109.233
2,182.709,109.162,106.311,1.095,9.932,102.361,91.905,108.439,110.079,117.704,1.047,10.535,99.595,103.637,97.656
4,182.863,102.234,111.514,103.926,107.491,102.656,1.118,9.557,94.948,107.893,111.32,105.017,104.859,1.141,9.64
1,182.898,103.066,10.519,10.029,9.396,10.905,99.872,107.996,100.595,10.056,10.769,9.512,10.309,97.232,107.542
2,183.226,100.797,107.589,1.031,10.113,100.194,92.007,106.504,102.286,116.158,1.157,10.741,103.889,97.808,102.188
2,183.23,106.141,107.614,1.115,9.641,99.768,95.352,101.931,109.745,106.369,1.17,9.925,102.949,98.429,100.632
1,183.492,100.704,10.175,10.909,10.225,10.196,101.273,97.767,108.376,10.099,11.747,10.587,9.859,98.619,103.04
4,183.685,99.839,94.236,111.185,103.355,92.5,1.144,10.935,105.058,111.391,109.288,100.316,96.928,1.098,10.633
3,183.733,110.231,101.522,103.647,0.996,108.925,1.036,92.95,99.888,107.484,100.602,0.981,106.91,1.029,96.811
1,183.786,95.563,9.715,10.232,10.558,11.021,101.273,107.924,94.307,10.718,11.786,9.178,10.659,107.972,106.884
1,184.017,93.889,9.756,10.368,10.546,10.826,109.794,111.208,105.727,10.627,9.981,10.486,11.201,103.92,98.191
1,184.212,103.37,10.234,11.021,9.792,9.8,113.474,99.67,102.849,10.373,11.137,10.334,9.531,99.708,106.361
4,184.363,101.036,95.114,111.675,101.937,100.8,1.144,10.681,100.745,100.9,104.936,106.484,92.565,1.028,10.4
1,184.439,95.217,10.163,11.388,9.29,10.456,106.51,111.987,94.607,11.299,11.039,9.987,11.194,103.622,99.301
3,184.572,109.134,110.224,103.151,0.963,105.781,1.097,98.671,100.93,98.015,110.566,1.033,101.378,1.012,107.553
1,185.16,105.43,9.795,10.506,9.828,9.867,104.451,107.362,98.475,10.828,11.135,10.627,10.868,108.291,110.712
1,185.607,104.49,10.647,10.276,10.495,9.715,100.539,114.348,96.894,10.525,10.266,10.716,10.717,101.836,101.569
1,185.774,104.6,10.016,10.31,10.696,10.498,115.109,103.947,103.712,10.727,11.767,9.987,11.194,102.48,111.55
3,185.775,103.16,107.262,109.354,0.998,103.295,1.123,102.108,113.734,108.53,97.773,0.998,103.168,0.995,96.775
2,186.053,95.296,100.098,1.094,10.928,95.019,94.141,101.347,106.04,116.77,1.171,9.395,109.322,104.006,103.448
2,186.068,109.781,116.197,1.121,9.395,94.69,95.352,109.996,104.089,111.905,1.084,9.476,108.784,101.312,108.26
4,186.235,103.291,101.205,100.56,98.459,104.956,1.167,9.514,103.667,102.51,113.055,101.471,102.8,1.124,10.98
2,186.688,100.1,109.612,1.05,10.71,100.32,94.141,111.926,106.988,105.934,1.058,9.445,107.544,94.191,108.263
3,186.878,110.096,113.666,101.289,1.102,96.946,1.072,107.839,113.995,99.944,113.259,0.969,102.163,0.955,103.15
1,186.933,104.729,10.963,10.896,9.448,10.305,97.997,98.421,101.951,10.737,10.372,10.723,11.071,107.378,98.77
1,187.182,103.889,11.108,11.023,10.888,9.819,105.443,101.412,102.07,10.155,10.893,10.619,10.742,107.119,103.326
4,187.206,106.125,97.584,113.261,98.218,92.187,1.072,10.397,95.641,110.546,102.61,108.215,101.353,1.12,10.887
1,187.217,96.358,11.248,11.058,9.52,10.491,101.571,104.047,109.25,10.945,11.491,9.224,10.845,100.581,108.103
4,187.596,93.645,94.419,100.187,101.123,92.965,1.083,10.557,102.632,104.829,105.268,111.518,96.99,1.014,10.258
3,187.903,112.341,113.353,107.955,1.006,94.521,1.116,98.134,98.68,102.672,107.576,0.95,105.986,0.953,96.886
1,188.479,95.8,10.666,11.443,10.777,10.966,106.09,97.766,108.815,10.234,10.335,9.605,10.606,98.415,101.308
1,188.852,106.882,9.743,11.699,10.321,10.055,113.333,106.151,100.841,11.371,10.948,9.44,10.717,101.628,105.166
4,188.932,104.911,99.359,108.166,102.878,102.673,1.064,10.772,95.587,110.469,111.227,99.94,95.537,1.08,10.154
3,189.096,97.616,101.337,108.948,1.018,105.116,0.959,100.615,105.304,109.137,103.931,1.019,105.383,1.053,104.365
2,189.262,97.735,101.311,1.114,9.839,101.034,104.313,96.74,95.613,103.737,1.156,10.555,97.397,97.96,103.457
4,190.303,104.167,101.068,108.671,105.996,106.537,1.156,10.424,93.458,99.009,114.878,108.981,102.733,1.071,9.528
3,190.417,111.484,103.363,103.67,1.084,97.591,1.07,105.574,99.641,106.461,107.873,0.96,97.092,0.972,103.774
2,190.587,103.317,107.98,1.038,10.922,101.945,95.135,99.471,101.289,109.699,1.183,10.824,102.94,91.69,99.125
4,190.701,99.108,104.461,101.582,110.841,92.769,1.158,10.738,101.465,101.068,105.58,100.587,107.745,1.105,10.289
2,190.739,95.896,106.897,1.092,10.898,99.67,105.862,108.806,107.222,111.03,1.153,9.958,100.184,108.517,105.126
2,190.843,103.457,117.159,1.038,9.477,106.426,104.077,106.519,97.691,101.42,1.105,10.314,97.872,99.834,105.086
3,190.888,112.233,112.308,100.204,1.039,107.093,1.04,99.39,106.049,110.167,98.506,1.013,105.287,0.997,92.509
4,191.048,105.093,107.162,103.97,95.742,107.451,1.032,10.28,93.999,109.874,100.357,108.092,101.263,1.014,10.98
2,191.247,98.971,111.43,1.175,9.458,100.98,96.015,105.44,106.592,101.747,1.012,9.711,105.705,91.823,105.434
1,191.321,98.825,10.664,10.288,9.852,10.623,100.615,108.295,103.889,9.961,10.945,9.836,11.141,113.267,107.786
3,191.705,99.554,99.576,106.777,0.959,107.28,1.014,109.478,103.486,106.856,102.532,1.039,109.971,0.949,106.55
3,191.857,107.272,99.822,100.466,1.018,96.057,1.121,109.69,101.186,107.484,97.021,0.98,109.656,0.977,99.999
3,192.024,101.785,112.461,100.903,0.972,100.423,1.071,101.279,106.156,112.065,100.016,1.066,94.712,0.959,102.774
2,192.109,108.307,99.112,1.091,10.091,101.439,94.261,102.765,111.93,102.302,1.173,10.491,98.461,94.863,97.538
3,192.174,106.776,103.548,98.77,1.11,98.278,0.946,95.002,99.688,106.255,98.318,0.991,96.018,1.074,100.249
2,192.216,98.895,102.785,1.18,9.624,106.139,96.241,113.515,103.665,113.764,1.177,9.672,102.002,99.702,101.348
3,192.247,112.654,106.59,104.582,1.1,110.15,1.084,93.586,106.474,112.827,108.948,0.987,97.589,1.118,93.774
1,192.33,104.468,10.82,10.685,10.488,10.18,102.014,111.6,94.018,11.028,11.789,9.446,10.586,111.524,112.406
2,192.463,100.156,103.821,1.071,10.658,102.761,98.2,96.469,104.152,109.481,1.039,9.364,106.382,103.038,112.727
4,192.795,93.737,98.877,113.608,106.298,102.034,1.065,10.072,109.556,102.995,105.276,102.665,94.097,1.083,10.935
3,192.962,103.631,102.7,107.001,0.997,105.099,1.089,99.472,100.936,105.657,113.81,0.99,110.465,1.052,98.005
1,193.12,99.738,10.93,11.747,10.119,10.675,96.889,110.926,94.607,10.917,10.282,10.626,10.983,108.547,112.901
3,193.132,101.891,104.41,111.639,1.053,98.784,0.952,103.097,104.114,114.082,103.016,1.076,108.474,0.953,97.312
1,193.371,96.626,10.205,11.066,10.568,10.974,110.062,109.935,106.042,10.551,10.907,9.344,9.72,114.435,99.003
2,193.517,106.871,113.136,1.16,10.827,103.651,100.162,101.555,108.628,99.477,1.082,9.759,92.956,97.923,100.799
4,193.592,96.091,96.358,117.397,109.279,105.73,1.08,9.532,105.361,94.512,106.728,100.498,101.377,1.155,11.178
1,194.304,101.238,10.21,10.837,10.443,10.352,97.636,106.473,103.537,9.85,11.424,10.767,10.637,114.366,103.386
3,194.415,108.379,110.276,97.844,1.074,99.517,1.033,94.563,103.123,106.426,104.11,1.044,98.626,0.989,106.069
2,194.622,110.516,105.631,1.001,10.885,98.768,108.714,105.87,106.47,104.599,1.064,10.158,107.264,93.816,112.658
1,194.685,94.392,9.729,11.275,10.176,9.879,103.5,100.576,107.198,11.247,10.376,9.758,9.747,98.902,97.997
3,195.054,104.087,105.795,109.422,1.103,101.457,1.035,106.725,111.582,111.633,96.483,1.06,96.946,1.086,98.197
4,195.347,99.071,100.625,107.798,110.841,107.154,1.123,10.854,98.564,106.828,110.15,109.271,99.185,1.177,11.18
3,195.489,109.609,112.826,106.547,1.108,101.226,0.994,92.942,106.952,96.475,111.035,0.965,103.628,0.998,102.97
4,195.518,102.528,95.458,111.191,104.18,101.154,1.048,10.388,105.259,95.518,104.796,111.583,100.927,1.071,10.668
1,195.617,107.05,10.912,10.98,10.118,10.62,111.055,105.043,100.737,10.045,11.011,9.744,11.035,113.994,102.205
1,195.625,109.363,10.927,10.042,9.572,10.305,113.753,105.155,98.8,10.207,10.614,9.48,9.735,102.362,111.606
2,195.655,111.02,103.911,1.038,10.401,106.368,96.572,100.439,111.925,109.82,1.132,10.37,96.995,102.34,99.313
4,195.928,93.074,94.379,104.557,111.408,95.845,1.098,11.281,103.932,101.925,112.727,107.38,96.793,1.035,10.964
1,196.175,99.875,10.942,10.878,9.933,9.97,102.19,112.294,99.506,10.956,10.257,9.618,9.615,108.923,110.581
4,196.319,98.29,104.186,103.011,108.838,91.983,1.001,10.613,98.208,95.114,100.889,103.553,92.025,1.07,10.365
1,196.379,102.36,9.616,11.687,9.36,9.568,111.047,103.245,97.531,10.736,10.39,9.932,11.059,113.219,107.868
4,196.525,93.171,95.079,106.64,96.7,102.034,1.01,10.197,100.925,97.337,108.597,104.96,101.615,1.178,10.714
1,196.608,99.359,9.709,9.963,10.801,10.303,114.884,112.406,94.645,10.409,10.53,10.781,10.215,102.226,115.422
2,196.609,102.249,99.987,1.064,10.42,101.096,97.672,113.554,100.431,108.48,1.084,10.961,95.248,91.574,113.77
1,196.621,102.784,11.053,11.347,10.187,10.937,109.36,98.965,101.058,9.919,11.612,9.438,10.744,112.726,97.749
1,196.633,95.952,9.685,9.98,10.558,10.422,105.238,105.863,109.401,10.977,11.689,10.459,10.667,106.994,97.612
2,196.758,98.375,102.994,1.124,10.87,94.142,106.321,113.04,104.572,111.304,1.121,10.703,106.412,108.326,100.987
2,197.021,95.479,101.82,1.021,9.361,102.761,107.883,99.827,106.538,108.011,1.079,10.952,94.211,97.494,112.819
2,197.064,98.185,113.565,1.036,9.314,102.322,105.163,109.941,96.268,99.142,1.094,9.254,99.678,107.806,103.197
2,197.106,110.644,108.093,1.132,10.85,102.361,103.106,110.302,101.895,115.555,1.104,10.024,100.594,95.342,100.774
4,197.148,101.035,104.017,100.068,110.035,96.697,1.031,10.758,108.337,105.499,101.633,99.944,97.296,1.137,11.202
3,197.191,104.09,101.746,111.218,0.966,93.562,1.124,107.772,104.134,103.523,101.805,0.965,100.958,1.086,106.106
3,197.284,112.747,101.812,97.041,1.009,107.321,1.029,108.934,104.725,107.655,106.977,1.129,105.508,1.123,103.163
3,197.301,103.18,106.967,100.467,0.996,108.02,1.013,94.153,105.288,99.944,97.313,1.014,99.062,1.001,97.286
4,197.34,106.207,100.631,109.974,108.405,99.439,1.021,11.097,94.85,94.27,104.872,95.659,100.48,1.139,10.393
4,197.434,108.034,98.069,103.848,109.786,99.56,1.061,9.59,95.253,110.177,114.105,95.756,92.287,1.021,10.803
4,197.548,102.238,106.599,100.487,94.031,108.954,1.153,11.287,96.628,103.084,105.25,94.689,102.085,1.101,11.068
1,197.849,111.038,11.19,11.525,9.973,10.7,98.177,108.561,100.91,10.292,10.893,10.711,10.552,114.264,104.597
2,198.268,97.244,115.921,1.001,10.451,94.092,105.927,96.928,101.3,108.166,1.033,9.404,102.002,104.077,96.78
3,198.454,111.157,109.124,113.458,1.075,110.805,1.124,104.265,109.872,100.856,97.058,1.019,98.565,0.985,96.593
2,198.537,98.185,106.62,1.084,9.584,106.192,94.995,102.738,106.41,99.325,1.114,10.452,107.0,107.634,105.788
4,198.568,98.451,98.069,110.214,95.688,95.672,1.07,9.79,98.579,104.343,101.473,107.737,98.035,1.074,10.714
2,198.809,100.713,105.923,1.045,10.01,95.898,106.17,96.233,99.458,109.422,1.046,10.377,98.71,98.915,105.94
1,198.829,95.867,10.985,10.51,9.826,9.644,114.428,101.569,108.815,10.221,10.722,10.169,10.217,104.478,99.231
3,198.967,109.362,113.376,113.58,0.996,101.259,1.009,105.082,106.887,113.376,108.794,0.993,103.283,0.95,95.072
2,199.086,103.03,107.726,1.007,10.264,103.041,105.2,104.204,94.648,111.902,1.047,10.852,106.716,99.42,102.014
1,199.109,110.82,10.93,10.857,10.629,10.811,111.611,105.637,102.272,11.18,10.144,10.174,9.594,104.521,111.111
2,199.373,112.205,111.487,1.051,9.875,104.15,96.052,98.794,98.268,105.127,1.038,9.997,107.05,93.046,100.45
3,199.613,100.023,98.411,107.836,1.0,106.766,1.11,98.772,97.644,113.03,104.979,1.043,94.562,1.051,106.046
3,199.885,99.315,96.456,110.247,1.025,99.285,1.118,93.944,99.669,110.332,105.428,1.042,105.312,1.079,99.532
2,199.887,104.5,107.795,1.119,10.474,99.682,100.729,101.362,104.672,102.748,1.018,10.221,94.472,99.176,103.028
1,199.91,108.244,10.354,10.875,10.587,10.337,114.698,115.142,108.991,9.696,10.338,9.788,11.027,113.003,103.57
3,200.331,100.002,104.902,101.749,1.089,111.152,0.985,102.684,100.546,101.337,113.458,1.058,100.395,0.98,97.611
4,200.895,109.199,104.536,111.351,99.729,99.108,1.158,10.291,96.804,107.32,108.5,99.208,103.535,1.029,11.18
4,201.107,94.227,110.986,111.203,109.577,93.523,1.084,9.965,94.095,111.107,110.074,96.447,99.208,1.163,11.061
3,201.541,105.136,107.909,96.538,0.972,102.229,0.951,109.559,99.822,110.256,109.758,1.066,103.412,1.001,100.437
2,201.896,97.685,117.036,1.04,9.301,110.512,95.844,105.87,97.798,108.235,1.119,10.099,108.499,99.361,103.198
2,201.934,102.697,109.134,1.159,9.523,100.38,104.582,109.359,98.149,114.875,1.033,9.402,108.168,99.352,102.939
3,202.122,113.24,107.755,109.244,1.116,103.333,0.947,102.927,106.943,100.578,104.979,0.957,103.716,0.978,108.603
3,202.185,114.166,104.286,103.151,1.107,103.237,0.984,100.875,114.386,107.41,104.307,0.98,103.663,1.12,107.55
2,202.325,97.691,108.235,1.186,9.895,100.687,93.333,102.063,94.452,114.934,1.119,10.258,96.835,100.845,108.108
4,202.492,99.838,94.628,100.073,100.979,103.213,1.102,10.785,93.421,106.492,111.377,109.601,94.097,1.126,10.372
3,202.506,111.285,106.304,105.353,1.119,105.12,1.002,102.107,113.702,105.347,109.269,1.054,107.989,0.96,104.658
3,203.171,108.99,104.999,105.23,0.998,106.248,1.111,104.307,101.891,109.296,104.661,1.02,100.946,1.013,105.295
3,203.256,111.705,101.758,108.174,1.074,104.722,1.068,104.147,100.93,108.365,113.129,0.953,109.503,1.012,107.675
1,203.419,105.523,10.671,11.362,9.344,11.171,103.816,110.25,99.651,9.782,10.588,9.858,11.021,96.879,104.691
2,203.425,98.102,103.079,1.094,9.477,99.513,107.46,103.762,110.759,108.059,1.065,10.474,103.786,104.978,99.691
1,203.668,96.401,9.689,11.612,9.872,10.088,97.856,111.614,107.299,10.942,11.67,9.615,10.62,103.654,104.332
3,204.331,108.091,102.117,108.522,1.028,97.816,0.955,95.902,97.866,107.024,98.854,1.032,110.86,1.111,108.079
2,204.551,99.437,109.551,1.1,9.817,98.045,92.544,106.561,95.363,99.242,1.124,9.275,99.055,97.009,111.875
2,204.705,98.668,112.586,1.042,9.229,107.67,96.64,99.438,106.3,110.676,1.149,9.875,107.378,102.34,104.81
1,204.965,95.824,9.66,10.33,10.686,11.021,112.244,106.099,102.384,11.134,9.981,10.448,9.859,110.696,108.293
1,204.974,97.678,11.053,10.887,10.453,9.945,108.388,115.625,95.633,10.525,10.542,10.118,11.257,104.305,112.547
4,205.029,95.764,104.603,111.966,106.98,107.283,1.187,11.076,108.779,95.936,107.798,97.355,98.369,1.162,10.944
2,205.429,104.501,104.944,1.128,10.523,101.907,99.223,99.773,104.685,106.861,1.182,9.605,99.821,99.567,112.089
2,205.47,100.787,101.494,1.168,9.558,104.674,106.014,97.002,107.972,112.604,1.139,10.464,102.477,98.973,111.3
3,205.539,112.815,104.169,105.835,0.996,101.507,1.033,100.943,104.793,108.529,103.431,0.991,108.164,0.985,104.108
2,205.598,109.331,108.469,1.024,9.267,95.289,98.825,110.44,99.798,114.947,0.999,9.767,110.404,93.045,102.073
3,205.7,98.657,107.306,112.529,0.972,102.087,0.967,106.302,97.627,97.217,96.932,0.965,110.117,1.072,97.421
4,205.747,96.848,106.798,108.415,106.948,101.122,1.002,11.172,104.323,110.55,110.119,98.033,104.382,1.135,9.824
2,205.978,103.484,101.721,1.084,9.512,101.132,97.575,113.481,104.541,107.261,1.077,9.477,105.77,106.767,108.077
3,206.218,100.468,110.276,97.955,0.995,102.395,0.963,100.657,108.268,99.304,103.587,1.09,100.023,1.035,102.746
2,206.385,103.788,108.34,1.034,9.797,93.343,95.352,96.067,108.709,99.242,1.183,9.536,103.252,101.862,110.586
2,206.442,109.62,106.3,1.032,9.998,99.997,103.335,113.608,110.975,110.386,1.068,10.096,102.94,105.089,97.353
3,206.951,104.305,114.599,109.639,0.987,100.692,1.082,99.827,114.294,113.149,104.882,1.025,105.403,0.969,108.557
2,206.987,104.713,115.987,1.119,9.319,95.996,94.566,102.599,99.647,99.635,1.011,9.536,97.906,94.33,109.04
4,207.025,101.773,103.188,104.872,96.06,102.94,1.189,9.515,96.228,110.538,112.281,96.929,106.111,1.143,9.613
4,207.286,96.41,97.826,103.422,100.429,107.832,1.059,9.817,98.154,96.961,100.073,103.977,96.533,1.145,11.037
4,207.305,109.622,103.104,105.826,101.335,104.023,1.1,11.137,109.222,101.444,102.065,99.686,99.999,1.127,11.06
3,207.445,103.365,113.189,104.816,0.964,105.429,1.123,98.293,103.844,107.942,105.203,0.966,95.27,1.1,97.695
2,207.484,108.932,99.834,1.009,10.053,101.087,96.224,97.211,96.831,106.693,1.002,9.612,99.75,96.493,107.378
1,208.052,105.554,11.364,11.257,10.244,9.749,114.021,98.965,105.059,10.56,10.662,9.181,10.129,102.292,113.483
2,208.6,110.604,113.312,1.05,9.753,94.378,95.471,102.641,103.52,107.431,1.077,10.045,94.023,107.41,96.795
1,208.83,106.011,10.66,11.811,10.852,10.474,100.419,99.401,105.786,10.612,11.745,9.808,10.421,111.009,98.766
2,209.065,105.939,107.431,1.012,10.6,102.701,100.41,97.264,98.252,111.43,1.086,9.988,107.659,103.895,97.69
4,209.096,95.979,105.43,111.405,101.103,105.753,1.151,9.607,103.278,97.619,104.292,103.011,107.44,1.002,9.675
1,209.1,104.468,11.18,10.319,9.739,9.878,114.06,114.622,108.316,9.788,10.545,10.708,10.291,114.828,115.773
2,209.123,107.566,108.175,1.026,9.303,108.941,98.485,111.3,106.428,103.399,1.092,9.905,93.652,94.132,111.701
1,209.631,107.299,11.153,10.214,9.456,10.711,114.865,107.462,94.121,11.299,11.099,9.17,9.805,102.592,107.188
2,209.763,96.109,102.347,1.116,10.969,95.898,98.777,112.212,106.862,108.334,1.121,9.4,100.224,96.826,113.462
2,209.793,94.949,106.316,1.09,9.771,103.252,97.1,98.989,106.689,106.713,1.185,10.659,100.341,105.957,109.314
2,209.828,112.228,107.351,1.031,9.477,99.91,104.953,105.8,106.694,108.469,1.001,9.396,95.661,108.486,103.502
4,209.905,101.754,104.336,104.177,109.292,92.71,1.167,11.234,106.566,97.19,113.942,108.084,92.287,1.12,11.112
2,210.128,102.739,113.058,1.049,10.006,108.069,104.054,99.126,103.854,113.335,1.132,9.455,99.138,97.529,103.163
4,210.395,94.29,107.734,102.007,105.661,94.316,1.14,9.766,93.359,96.654,114.183,96.666,94.644,1.163,11.137
2,210.631,100.668,108.789,1.132,10.505,98.456,103.294,106.962,98.366,100.667,1.183,10.718,101.932,96.622,101.296
4,211.014,104.692,110.926,115.335,99.215,94.819,1.143,11.033,103.773,100.033,101.053,101.684,96.707,1.126,10.786
3,211.146,106.587,96.955,107.041,1.124,107.28,1.064,103.793,98.016,109.295,111.53,1.097,103.147,1.03,100.875
3,211.279,97.118,103.053,110.377,1.03,100.653,1.013,97.521,104.543,101.542,110.218,0.978,98.626,1.086,103.857
3,211.467,104.577,102.641,103.534,1.082,107.626,0.958,98.658,108.268,97.233,108.657,0.951,101.753,1.029,96.499
1,211.486,110.44,10.925,10.327,9.234,11.158,105.407,108.806,100.493,10.475,10.373,10.852,11.004,109.439,101.352
4,211.511,102.523,101.491,102.083,98.395,96.074,1.157,10.815,97.326,101.681,104.857,97.429,92.357,1.179,10.146
2,211.562,108.383,99.7,1.152,9.323,102.818,106.231,100.799,107.907,104.264,1.101,10.52,101.096,94.33,99.133
1,211.641,99.139,9.75,10.067,10.399,11.003,107.343,113.907,104.618,10.487,10.371,10.652,9.548,113.781,114.263
2,211.67,102.499,100.589,1.033,10.218,107.272,107.174,109.521,95.412,108.086,1.014,10.919,107.0,102.471,109.062
2,211.709,98.866,113.963,1.08,9.273,96.418,93.799,112.594,106.538,101.551,1.141,10.051,98.934,107.397,103.967
1,211.791,103.371,9.733,11.576,10.23,10.36,98.273,115.901,106.016,10.164,11.701,10.655,9.776,103.549,98.459
3,211.851,106.968,102.139,112.96,1.048,98.703,0.964,95.467,104.468,105.491,98.776,0.981,107.663,0.968,104.653
1,212.131,96.148,10.702,10.97,9.745,10.444,112.728,101.323,96.564,10.234,10.741,10.082,10.576,103.534,98.249
3,212.148,103.685,109.084,105.073,0.98,109.656,1.068,104.239,108.055,107.982,112.357,1.069,105.609,1.051,105.761
1,212.228,103.705,9.761,11.157,10.048,10.089,103.871,115.625,111.44,10.829,10.372,9.669,10.816,109.929,103.854
1,212.556,100.274,10.783,11.776,10.107,11.071,106.752,97.612,106.441,10.21,11.627,9.852,9.749,111.426,115.115
4,212.589,92.711,96.235,103.232,97.335,106.716,1.038,9.741,100.266,95.822,106.959,100.363,106.622,1.128,11.104
1,213.204,102.836,10.026,11.46,10.858,10.769,106.492,102.769,94.288,9.638,10.939,10.706,9.562,114.536,112.693
2,213.253,109.296,117.319,1.172,10.159,97.031,94.08,96.238,109.774,115.921,1.068,10.735,100.148,95.001,109.472
3,213.328,98.923,98.097,99.375,1.095,111.124,1.018,109.168,107.4,101.151,99.092,1.065,97.968,1.048,106.228
2,213.506,108.232,104.119,1.145,9.714,93.773,100.528,102.32,109.756,109.885,1.174,9.536,99.89,98.676,101.837
4,213.707,108.887,102.732,111.158,96.447,96.312,1.071,9.772,99.683,96.607,101.635,104.241,96.03,1.094,9.779
3,213.923,104.442,113.205,106.618,1.13,102.249,1.028,93.852,97.28,99.787,109.683,1.066,94.057,0.998,103.774
3,213.972,113.866,100.516,108.25,1.054,106.237,1.109,101.841,114.317,106.798,107.398,0.998,99.138,1.098,99.181
2,214.437,104.957,105.49,1.175,9.555,102.049,93.645,113.444,98.307,110.807,1.156,9.954,108.944,100.598,99.597
2,214.637,103.239,102.263,1.028,10.527,100.047,96.985,110.715,99.714,100.861,1.156,10.169,100.99,107.853,99.57
2,214.727,108.255,113.578,1.133,9.303,93.846,101.187,99.903,108.948,102.945,1.029,9.319,102.572,93.202,105.867
2,214.879,100.713,106.758,1.099,9.595,93.694,107.372,99.344,98.967,105.387,1.08,10.859,100.866,103.214,109.08
3,215.04,101.616,107.858,111.359,1.066,97.968,0.967,105.158,104.224,110.118,105.205,1.092,106.911,1.111,99.239
4,215.102,96.038,109.538,107.592,110.841,95.82,1.184,11.202,102.897,103.758,108.597,101.507,98.445,1.165,10.639
4,215.582,101.557,100.115,108.304,97.474,94.382,1.058,10.309,100.348,97.816,110.032,97.993,99.313,1.082,10.786
2,215.646,104.869,113.764,1.032,9.973,99.829,94.685,111.958,103.876,106.532,1.129,10.24,93.813,101.237,106.114
2,215.704,111.109,110.009,1.09,9.306,102.419,95.538,109.098,103.03,114.947,1.147,10.339,108.168,103.603,103.993
4,215.813,104.43,102.706,100.512,98.123,92.509,1.142,10.614,92.929,102.51,112.117,104.792,96.549,1.009,9.719
3,215.82,114.748,111.167,98.767,1.09,106.717,0.963,102.331,98.386,102.641,113.99,0.972,110.258,1.097,106.55
3,216.074,108.6,101.446,104.186,1.059,106.289,1.053,105.507,104.134,103.677,103.647,1.076,99.797,1.005,103.006
3,216.077,111.688,103.39,105.158,1.012,109.826,1.02,94.19,101.549,113.805,98.013,1.021,102.203,1.094,93.484
3,216.435,97.188,99.649,100.067,0.969,105.248,1.058,97.204,108.055,105.239,112.357,1.005,99.422,0.968,92.41
3,216.774,107.542,103.803,96.519,1.007,106.145,1.042,103.598,110.724,100.192,97.058,1.096,107.626,1.011,94.521
4,216.808,109.524,106.067,108.5,95.136,93.282,1.04,10.873,95.185,108.355,100.105,100.582,97.08,1.097,10.413
3,216.862,114.465,97.233,103.646,1.001,95.903,0.983,99.949,97.127,110.288,111.353,1.03,102.105,0.946,98.893
1,217.033,106.676,10.468,11.467,9.521,10.563,106.752,104.78,105.687,10.725,10.471,9.606,9.53,100.02,109.542
1,217.313,103.712,11.144,11.458,10.037,10.835,104.287,107.797,98.224,10.351,10.774,10.318,10.659,112.675,110.747
4,217.376,96.781,102.398,104.914,106.414,108.003,1.123,9.872,102.792,98.357,112.022,111.354,92.435,1.144,9.926
2,217.437,111.109,108.789,1.185,9.345,108.162,102.494,105.027,94.784,108.991,1.026,9.283,97.701,98.521,100.221
4,217.741,93.416,101.444,105.58,109.799,97.296,1.173,10.755,104.988,106.574,116.049,107.052,93.464,1.11,10.959
3,217.863,108.386,103.871,103.872,0.99,103.333,1.064,97.783,100.468,96.719,96.483,1.066,97.697,1.033,101.695
2,218.071,100.567,109.602,1.039,10.725,110.28,97.671,100.569,98.635,100.571,1.035,10.794,103.894,108.598,102.222
2,218.22,105.445,112.472,1.088,10.597,96.66,105.599,109.833,110.884,99.556,1.078,9.284,96.607,107.51,104.437
4,218.276,98.408,98.731,110.379,98.862,96.601,1.143,10.745,96.104,98.557,102.0,110.724,105.128,1.071,9.839
2,218.487,101.086,107.261,1.156,10.386,96.418,92.268,102.255,104.684,114.931,1.099,9.425,94.851,96.275,97.521
1,218.492,103.564,9.635,11.644,10.832,10.648,114.627,108.231,100.316,10.151,11.68,9.978,10.062,105.667,109.03
2,219.095,107.017,100.473,1.121,9.438,106.175,99.687,101.255,111.82,104.801,1.104,10.367,99.256,104.794,96.343
2,219.475,105.076,116.54,1.025,10.822,98.934,97.957,103.809,111.282,108.751,1.014,9.269,99.523,106.765,104.993
1,219.497,96.774,9.633,11.501,9.719,9.586,106.881,113.635,110.121,9.718,11.477,9.498,10.715,98.902,98.652
1,219.516,106.101,10.783,11.58,10.486,10.085,103.622,106.361,101.866,11.299,11.811,9.769,9.762,99.376,99.547
2,219.595,110.597,100.906,1.059,9.251,101.935,106.014,100.334,106.689,110.48,1.033,9.933,106.518,102.555,109.061
1,219.628,107.01,9.796,10.474,9.596,11.04,108.291,101.412,105.616,10.02,10.338,9.753,11.138,107.397,98.28
2,219.918,96.109,114.301,1.119,9.605,101.907,107.795,100.334,95.025,101.95,1.135,9.651,100.238,100.482,106.487
1,219.981,98.277,10.213,11.023,9.586,10.248,102.362,109.469,99.875,9.961,11.409,10.162,9.919,103.478,109.542
2,220.001,111.82,114.762,1.152,9.95,98.943,99.687,100.797,99.768,113.889,1.175,10.821,100.221,104.101,111.532
3,220.342,97.583,113.376,104.328,1.005,109.369,1.011,97.096,107.296,98.535,106.013,1.099,108.966,1.099,96.82
4,220.404,107.867,103.588,108.11,99.137,92.705,1.114,10.877,101.45,94.44,102.937,98.513,96.992,1.092,10.397
1,220.799,99.948,10.207,10.196,10.325,11.265,101.782,100.975,107.464,11.422,11.409,10.161,11.231,102.831,107.944
2,220.878,109.745,99.208,1.022,9.643,96.418,105.306,111.855,104.398,101.991,1.131,10.262,105.227,101.862,110.631
3,221.116,98.688,102.139,101.518,0.96,102.688,0.984,94.328,98.986,108.912,105.376,1.072,95.44,1.014,100.167
2,221.17,109.352,108.751,1.163,9.245,108.402,103.356,111.277,109.034,116.25,1.032,10.669,97.079,101.036,108.941
3,221.374,113.27,108.555,97.059,1.01,98.117,1.098,96.142,100.625,111.456,103.872,1.082,102.913,0.952,98.164
3,221.435,100.15,111.552,97.228,0.953,98.596,0.967,95.444,108.058,109.265,108.778,1.036,95.015,1.053,101.131
2,221.556,109.346,101.616,1.115,9.842,106.756,108.153,104.098,104.371,102.662,1.182,9.314,107.651,106.075,106.079
2,221.82,106.566,116.517,1.108,9.639,96.889,94.685,97.264,95.953,106.861,1.054,10.332,101.828,97.0,102.147
1,221.918,100.43,11.223,11.314,10.77,11.079,97.597,98.006,98.372,10.972,11.745,10.457,9.586,108.217,109.926
1,222.064,109.25,10.519,10.214,10.399,10.565,98.614,98.249,94.883,9.715,11.685,10.729,10.737,108.853,103.7
2,222.076,111.388,102.376,1.089,10.027,105.669,92.825,99.691,95.451,111.083,1.179,9.441,96.783,105.212,107.968
2,222.109,111.073,112.235,1.186,9.822,99.256,98.915,103.028,101.978,104.671,1.008,10.929,93.056,101.187,101.384
1,222.259,100.884,10.196,11.403,10.846,9.974,99.494,112.837,101.554,11.121,10.838,10.688,11.112,112.792,112.37
4,222.298,97.496,100.371,108.671,106.342,101.011,1.189,9.683,107.326,97.907,118.644,111.518,106.814,1.025,10.691
4,222.571,109.687,110.998,112.398,100.077,101.618,1.003,9.654,109.568,99.759,118.633,107.728,100.097,1.022,10.936
1,222.907,98.293,10.131,11.586,10.076,10.509,101.198,114.26,108.208,9.717,10.944,9.99,10.599,99.17,109.454
4,222.914,99.214,100.81,113.123,109.944,96.594,1.089,10.867,103.65,105.871,118.62,96.272,99.749,1.118,10.887
4,223.035,94.107,100.358,107.648,106.616,104.636,1.128,9.937,106.397,106.437,105.686,104.289,95.497,1.169,10.273
3,223.237,113.029,105.224,98.696,1.103,107.641,0.988,102.091,103.16,104.711,103.062,0.985,108.226,1.041,104.415
3,223.639,112.122,114.046,98.349,1.043,103.959,1.075,102.392,103.551,110.118,110.575,0.999,97.697,0.955,98.524
2,223.787,97.261,112.604,1.111,9.623,106.931,99.983,98.43,106.428,102.822,1.057,9.33,94.092,105.419,111.489
1,223.981,107.152,9.741,10.235,10.169,10.63,106.492,113.475,111.07,9.75,10.265,9.207,9.535,111.759,114.238
3,224.114,110.148,104.512,103.895,0.968,109.019,1.049,106.862,113.939,107.26,108.461,1.046,109.714,1.125,106.809
1,224.163,95.204,10.387,11.351,10.538,10.174,107.45,109.17,99.435,11.187,10.398,9.985,10.968,110.062,104.278
3,224.373,100.009,107.188,102.943,0.96,97.591,0.996,96.673,99.862,105.777,106.336,1.053,95.48,1.105,108.604
4,224.51,103.165,97.615,110.716,94.63,97.908,1.176,10.82,92.778,96.312,107.43,111.458,108.213,1.004,10.047
4,224.532,92.907,98.562,116.12,96.462,104.006,1.123,10.805,99.819,102.818,101.622,100.85,93.71,1.021,11.184
4,224.654,99.603,111.63,116.228,111.631,105.526,1.122,10.795,98.609,102.735,113.199,97.355,100.826,1.002,10.985
3,224.893,108.99,109.218,108.984,1.12,111.03,1.04,106.465,114.755,110.118,113.114,1.034,93.749,1.07,100.763
3,224.899,107.905,106.484,100.84,1.126,97.967,0.95,97.312,105.197,109.422,110.776,1.037,106.509,1.035,107.844
1,224.982,95.868,9.793,10.907,10.904,10.374,107.921,105.103,110.158,9.741,10.141,9.629,11.12,108.276,101.318
1,225.136,99.534,11.155,11.586,10.488,9.795,107.104,106.658,109.67,9.685,11.795,9.949,10.735,108.547,109.104
1,225.853,106.042,11.321,10.315,9.787,10.143,108.853,100.401,98.938,10.727,10.655,10.871,10.25,115.212,110.615
2,225.905,96.937,105.395,1.166,9.917,105.356,93.733,110.783,111.82,113.073,1.008,9.708,93.376,94.583,101.001
4,226.12,97.163,99.362,116.486,93.952,105.526,1.052,11.316,100.708,99.098,105.526,100.995,105.216,1.108,11.079
4,226.192,104.159,109.23,108.338,97.474,100.725,1.038,11.115,109.823,107.983,108.099,100.479,107.805,1.021,11.169
2,226.386,112.154,103.737,1.146,9.327,98.155,108.298,96.683,106.998,111.119,1.062,10.167,99.69,92.735,105.696
1,226.81,94.017,10.486,11.275,9.572,10.545,106.557,106.989,110.876,10.014,11.786,10.595,9.804,98.273,109.549
4,226.847,93.812,103.084,108.64,98.408,92.414,1.061,10.663,104.854,97.487,113.282,107.075,101.908,1.176,10.916
3,226.9,98.687,110.153,108.657,1.114,96.175,0.948,97.985,110.123,104.643,109.865,1.029,110.56,0.95,92.323
1,226.919,106.277,10.001,10.251,10.859,9.934,109.877,100.046,94.599,10.99,10.345,9.73,10.219,113.003,113.166
1,226.94,98.82,10.326,10.415,10.469,10.765,102.729,112.712,98.277,11.351,9.983,9.656,10.7,106.075,110.53
1,227.188,96.168,11.007,10.556,9.985,9.749,109.524,98.877,110.272,11.193,10.54,9.767,9.878,100.88,114.554
3,227.331,97.517,108.457,98.577,0.965,101.629,0.982,100.531,111.462,110.288,101.237,1.096,101.226,1.016,107.153
3,227.468,107.913,99.641,109.909,0.992,98.557,1.091,99.009,106.553,97.524,105.203,1.05,110.718,1.05,100.717
3,227.718,102.89,101.915,107.401,1.073,103.24,0.998,98.086,97.92,98.025,110.042,1.116,96.203,1.013,102.723
3,227.859,99.848,101.81,112.512,0.995,93.536,1.005,100.164,100.637,103.19,112.961,1.067,100.023,1.015,96.142
2,228.369,98.41,107.431,1.068,10.363,98.409,97.584,105.8,98.446,102.49,1.112,9.511,107.889,95.072,113.61
4,228.423,100.357,100.11,114.891,102.428,108.236,1.003,11.18,109.915,98.755,116.691,99.676,106.168,1.012,10.346
4,228.86,94.75,97.826,107.648,105.61,97.249,1.123,10.532,108.779,109.675,113.751,96.328,105.53,1.005,10.466
2,228.878,110.597,116.116,1.071,10.812,101.796,91.69,98.268,112.03,113.835,1.131,10.52,94.882,91.692,108.399
3,228.967,97.024,100.274,112.778,1.069,103.818,1.023,98.35,108.438,110.118,111.732,1.051,96.251,0.955,101.615
1,229.038,98.451,11.166,11.537,10.869,11.257,105.767,112.652,97.033,10.629,11.463,10.491,11.265,102.186,104.315
1,229.438,97.361,11.371,10.776,10.377,10.948,98.933,99.311,102.303,10.366,10.552,10.283,10.894,103.439,100.44
3,229.571,111.129,96.908,101.674,1.001,98.557,1.102,102.203,108.165,113.133,107.924,1.11,110.452,0.963,108.929
3,229.682,101.785,108.905,109.758,0.966,96.388,0.989,98.565,99.537,109.036,104.287,0.96,96.175,1.097,107.018
3,229.694,109.123,109.248,109.978,1.023,102.479,1.071,98.098,113.374,109.392,98.569,1.013,106.967,0.985,100.375
1,229.705,103.75,9.903,11.789,10.047,10.115,112.353,108.773,105.616,11.284,11.209,10.181,10.521,114.158,115.62
4,229.78,102.145,98.927,114.802,94.642,100.009,1.023,9.564,103.614,99.279,103.066,103.653,93.413,1.123,10.201
2,229.798,98.268,110.629,1.147,10.096,93.097,97.892,111.916,110.98,101.95,1.008,10.183,101.379,100.211,110.219
3,230.373,113.867,99.231,111.063,1.1,99.117,1.024,107.873,110.231,107.374,113.276,1.002,110.341,0.955,109.616
3,230.538,98.7,107.299,106.702,1.101,110.401,0.993,106.349,102.08,97.488,107.249,1.092,97.627,0.975,93.09
1,230.697,108.665,11.134,10.933,9.462,9.859,110.27,103.326,107.006,11.214,10.832,9.572,10.478,114.953,109.469
3,230.737,108.833,107.057,98.832,0.973,102.769,1.029,101.199,101.959,109.296,99.695,1.012,98.528,0.985,102.928
4,230.776,96.257,97.711,115.084,102.657,99.693,1.082,9.699,106.125,101.205,104.891,98.033,97.514,1.174,9.84
2,231.01,109.048,116.515,1.114,9.585,98.682,99.099,103.796,97.083,100.377,1.001,10.002,97.991,102.336,109.094
4,231.097,108.484,110.998,110.947,99.677,107.565,1.186,11.201,109.296,102.659,112.289,100.796,94.2,1.119,9.641
1,231.102,103.772,9.84,10.041,9.723,9.594,103.903,99.793,98.49,9.903,11.588,9.516,10.401,108.937,102.351
2,231.188,111.073,99.406,1.093,9.319,105.601,97.053,108.856,102.312,115.489,1.115,10.56,96.331,101.036,97.566
2,231.439,108.927,116.241,1.177,10.468,100.778,98.43,109.127,110.298,111.902,1.068,9.338,107.034,107.806,97.178
4,231.473,97.399,103.545,104.927,100.753,101.502,1.005,11.252,102.759,100.11,104.098,104.18,98.155,1.014,11.273
3,231.644,114.505,96.955,100.482,1.029,100.455,1.031,98.888,98.914,106.671,99.176,1.091,108.06,0.967,108.317
2,232.229,107.861,116.607,1.014,9.481,109.225,101.105,105.28,101.587,104.497,1.132,9.369,109.214,96.826,98.357
4,232.39,98.747,98.952,100.233,104.964,97.842,1.13,10.637,104.606,102.2,104.872,94.72,102.629,1.048,10.099
1,232.46,110.404,11.153,9.981,9.997,9.775,113.333,105.223,100.714,10.806,10.062,10.205,10.572,109.762,99.954
1,232.563,104.729,11.009,10.466,9.177,9.816,102.798,100.423,98.8,11.118,9.963,10.087,10.713,109.038,111.55
3,232.589,114.61,103.662,104.532,1.008,93.617,0.991,107.624,104.151,107.147,99.532,1.005,109.714,0.996,97.985
4,232.74,106.186,104.412,108.065,111.662,94.763,1.116,10.624,102.792,101.389,100.308,96.085,103.518,1.047,10.356
4,233.02,103.905,109.128,102.168,102.776,97.08,1.189,10.788,102.727,97.766,108.742,109.217,96.697,1.028,9.574
1,233.078,96.131,10.595,10.98,10.781,10.901,102.314,112.464,100.809,10.843,11.781,9.414,10.835,113.458,100.505
2,233.171,99.936,101.714,1.093,9.575,107.659,100.479,113.774,97.261,104.739,1.146,9.614,98.132,106.834,99.453
2,233.187,99.297,115.778,1.071,9.536,98.71,97.923,104.492,104.1,111.919,1.026,10.398,100.778,103.618,112.921
1,233.281,98.829,10.681,11.467,9.85,10.062,107.097,115.142,94.407,10.234,10.162,9.973,10.737,106.518,102.758
4,233.607,109.869,109.295,107.733,108.092,98.991,1.064,10.453,93.155,111.313,115.666,109.748,94.79,1.024,10.262
3,233.632,104.412,100.578,103.445,1.096,108.202,0.956,98.457,104.644,106.12,103.147,1.02,104.779,1.039,98.422
3,233.683,108.389,102.125,100.738,1.062,104.738,1.04,106.765,104.087,97.993,107.233,0.97,106.997,1.095,109.467
2,233.743,108.176,108.729,1.039,9.836,108.402,95.135,110.969,96.585,117.57,1.065,10.322,109.109,96.235,106.088
3,233.801,108.757,97.631,108.25,0.978,102.203,0.98,99.223,97.188,106.979,98.847,0.968,100.271,0.992,104.029
1,233.807,95.761,9.996,10.776,10.164,11.116,109.262,115.398,94.438,11.284,11.721,10.552,10.769,110.677,103.317
1,233.817,110.277,10.807,10.232,10.048,10.56,102.964,105.652,109.747,10.349,10.37,10.257,9.956,101.365,100.975
2,233.91,96.161,101.061,1.09,9.459,102.797,101.187,104.847,98.548,107.436,1.121,10.29,109.085,98.942,107.293
3,233.929,105.349,106.682,107.145,1.095,100.429,0.971,99.191,97.667,109.296,105.459,1.097,102.712,1.086,99.39
4,233.983,107.599,95.605,110.941,103.335,98.119,1.189,11.278,99.066,111.263,109.142,101.471,104.859,1.082,10.765
4,234.03,94.229,110.926,111.078,105.241,102.094,1.156,10.091,106.091,104.899,108.843,95.136,94.012,1.107,9.99
1,234.075,100.809,10.003,11.071,10.058,11.209,100.88,102.937,99.471,10.542,11.779,9.291,9.735,100.69,115.342
4,234.196,102.921,100.828,105.069,110.543,95.768,1.183,10.985,97.804,97.071,104.708,102.96,101.903,1.188,10.797
3,234.338,113.869,101.144,97.471,1.013,111.195,1.068,106.106,104.442,103.703,111.063,1.026,107.715,0.988,97.628
2,234.417,95.603,103.455,1.044,10.658,106.545,106.054,112.834,109.423,106.613,1.006,9.607,102.515,100.09,108.941
2,234.546,99.768,107.261,1.141,9.38,109.821,93.95,102.0,97.589,112.501,1.041,10.71,101.105,100.257,112.584
3,234.872,109.268,97.104,99.676,1.11,105.169,0.98,107.113,98.7,106.646,107.653,0.996,94.518,1.077,100.437
4,234.965,93.415,107.239,116.049,106.484,101.625,1.05,9.688,100.708,106.134,101.757,97.816,98.839,1.057,10.853
1,235.269,96.851,10.966,10.642,10.467,10.205,96.928,102.637,95.982,10.173,10.827,9.508,10.089,98.648,106.473
3,235.333,106.751,111.04,109.266,0.994,102.019,0.963,107.832,103.26,101.229,106.572,1.053,106.653,0.964,103.64
1,235.337,103.678,10.466,11.687,9.181,10.799,103.461,104.659,109.565,10.222,11.543,10.671,11.021,102.027,100.307
2,235.612,108.196,102.621,1.122,9.805,102.814,107.193,104.004,104.907,114.301,1.15,10.041,103.018,100.591,110.495
2,235.762,96.998,102.185,1.018,10.412,101.261,105.969,104.32,111.827,100.301,1.071,9.367,100.08,96.696,105.8
3,236.367,108.51,107.521,96.149,1.082,110.597,1.001,97.126,113.396,108.875,100.938,0.956,97.916,1.062,98.341
2,236.425,97.554,104.175,1.0,9.944,108.913,104.512,97.69,105.637,114.136,1.18,10.872,104.508,102.417,102.606
2,236.436,104.979,117.704,1.104,9.82,100.21,99.567,103.163,107.899,102.662,1.079,10.263,106.741,101.621,104.553
4,236.931,93.171,103.048,112.025,102.878,102.226,1.134,9.784,107.228,94.688,102.811,95.549,93.514,1.124,10.937
1,237.194,100.737,10.02,11.676,9.173,9.582,113.683,104.315,111.194,11.207,9.95,9.722,9.793,101.909,101.69
4,237.29,102.073,108.211,116.111,99.345,100.972,1.146,10.876,107.505,101.252,114.802,110.063,94.284,1.144,9.592
2,237.301,94.839,111.241,1.179,10.843,100.148,103.709,109.943,105.514,109.854,1.097,9.986,109.432,98.582,102.533
1,237.35,98.191,10.881,11.718,10.421,9.629,112.885,113.322,101.841,11.291,10.12,10.904,10.823,103.622,102.885
1,237.354,94.765,11.106,11.54,10.634,9.754,115.128,108.243,110.234,10.925,11.045,10.493,10.317,100.267,103.414
2,237.409,104.917,99.439,1.02,10.748,93.422,93.95,100.221,111.438,102.662,1.113,9.953,97.079,104.101,108.782
4,237.45,105.797,105.306,116.803,100.753,101.502,1.087,10.708,105.112,108.562,111.126,93.961,94.012,1.054,9.83
3,237.8,103.853,106.485,107.955,1.04,105.94,1.091,107.999,107.157,97.631,109.203,0.972,108.302,0.955,99.191
3,237.873,113.677,102.649,100.718,1.074,94.017,0.952,105.749,107.723,107.306,105.493,1.097,101.896,1.055,103.243
4,237.955,110.003,109.587,118.644,99.345,92.294,1.005,11.005,99.099,94.73,100.068,97.408,107.506,1.033,10.239
1,238.022,110.018,10.138,10.717,9.845,9.911,113.156,108.053,95.076,10.11,10.948,10.807,11.227,99.535,100.488
3,238.045,102.668,108.498,110.446,0.982,106.437,1.116,106.55,112.766,99.94,98.592,0.996,99.472,1.028,103.564
4,238.301,102.057,95.99,116.523,110.012,104.382,1.083,11.057,108.483,101.376,108.64,96.949,100.029,1.104,11.308
1,238.456,101.389,10.305,11.333,9.463,9.917,101.476,112.586,100.488,10.069,10.863,10.061,9.786,98.66,104.092
1,238.636,94.017,11.062,10.816,10.049,10.6,108.73,112.033,100.818,10.822,10.405,10.635,10.563,100.324,105.833
3,238.853,108.621,105.491,113.737,1.112,110.99,1.076,93.858,100.936,113.106,108.42,1.037,93.709,1.107,104.993
4,238.952,102.833,101.394,118.431,103.117,94.012,1.111,10.931,103.089,104.974,104.914,96.949,92.103,1.012,10.072
2,239.021,104.572,108.467,1.012,9.877,100.767,97.677,108.983,96.965,114.11,1.096,9.23,96.737,93.95,102.255
2,239.029,96.861,115.552,1.034,9.725,105.55,104.488,113.082,95.613,103.301,1.066,10.647,96.331,106.014,105.453
2,239.176,104.772,117.445,1.09,10.367,104.152,97.923,112.324,97.596,116.54,1.124,9.694,96.657,96.241,109.346
1,239.197,98.265,9.753,10.152,10.103,9.805,104.207,100.39,98.191,11.371,10.195,10.234,9.977,98.651,113.051
3,239.362,97.479,97.163,107.836,1.072,106.349,1.068,106.35,101.186,108.081,96.186,1.126,98.7,1.102,101.739
3,239.53,97.589,97.108,111.024,0.957,105.94,1.036,97.126,103.23,108.637,102.943,0.959,104.722,1.013,106.228
3,239.876,100.826,111.453,103.162,0.956,107.641,1.037,94.135,109.257,114.485,109.401,0.974,95.226,1.051,100.167
3,239.996,99.822,105.713,102.943,0.964,103.141,0.966,95.046,104.896,98.837,106.719,0.985,103.691,1.096,98.848
1,240.106,96.401,10.582,10.195,10.061,9.864,106.007,100.328,104.543,9.623,11.439,10.852,10.46,109.411,104.333
2,240.158,105.123,112.717,1.088,10.49,104.437,102.494,97.393,106.428,112.299,1.017,9.729,103.651,107.795,106.174
3,240.406,100.983,110.4,111.024,1.117,98.494,1.071,108.802,100.729,112.826,98.506,0.971,96.388,0.985,99.181
3,240.55,110.302,97.42,108.518,1.046,110.576,0.991,92.259,105.004,98.428,110.377,0.965,99.08,1.029,93.051
2,240.553,96.669,110.53,1.066,10.664,101.87,94.632,111.674,104.314,117.036,1.071,10.096,100.585,96.02,104.479
2,240.931,106.543,116.233,1.16,10.448,94.378,96.473,112.543,97.504,117.319,1.027,9.682,96.624,102.417,106.174
4,241.102,99.099,111.307,116.097,96.973,102.098,1.001,9.793,100.383,99.981,102.51,109.888,106.168,1.045,9.817
3,241.668,114.448,110.372,108.272,1.056,103.099,1.013,103.587,104.273,109.636,96.335,1.091,109.075,1.028,101.458
2,241.745,99.929,102.11,1.043,10.588,109.322,105.076,111.813,100.514,113.724,1.174,10.047,98.155,99.256,110.497
3,241.85,107.708,100.27,99.936,1.019,105.038,1.036,105.794,99.963,101.698,105.113,1.114,103.294,1.063,106.408
1,242.202,106.446,10.602,10.826,9.283,10.835,106.52,102.937,100.719,9.845,10.738,10.03,11.159,102.964,111.55
3,242.268,102.523,107.801,101.763,1.034,108.78,1.1,106.292,103.415,107.381,106.221,1.021,100.826,1.014,109.032
1,242.793,108.129,10.409,11.106,10.874,9.517,107.513,107.429,106.353,10.301,9.975,10.24,10.558,101.531,105.472
1,242.828,103.688,11.242,11.315,9.271,10.654,111.141,109.959,97.661,10.725,10.928,10.111,11.127,97.239,100.222
1,242.887,98.05,10.15,10.34,9.353,10.202,110.303,99.077,100.129,10.956,11.394,9.825,9.697,112.049,111.745
4,243.098,95.139,95.764,108.71,111.73,105.799,1.158,11.207,108.887,95.933,109.919,101.598,93.523,1.12,10.352
2,243.124,100.813,113.724,1.141,9.327,93.05,106.022,100.462,106.983,104.671,1.011,9.933,106.293,105.612,104.448
2,243.19,100.487,103.92,1.135,10.378,102.845,104.344,112.201,107.921,110.036,1.048,9.95,106.192,97.059,99.664
2,243.205,95.391,102.903,1.185,10.658,93.997,94.832,108.029,108.018,109.51,1.043,10.151,106.606,94.635,113.696
4,243.322,108.733,105.609,113.693,105.578,102.098,1.147,10.072,96.401,97.917,110.182,110.543,93.997,1.047,10.926
1,243.35,105.763,11.117,10.161,10.655,10.555,101.731,97.767,105.004,10.577,10.805,10.389,9.819,99.535,103.106
2,243.84,104.713,114.654,1.178,9.953,109.058,97.95,101.931,111.977,112.299,1.091,10.87,94.733,93.38,110.631
2,244.148,111.161,100.434,1.06,10.231,99.75,104.582,111.489,108.374,117.644,1.016,10.262,96.876,96.227,101.021
2,244.177,95.654,109.401,1.168,9.24,100.803,93.517,106.798,109.162,115.1,1.166,9.889,108.505,107.456,99.14
3,244.577,108.055,97.104,103.923,1.043,98.869,1.067,106.677,103.078,101.952,96.132,1.028,102.25,1.033,99.009
4,244.644,94.8,110.268,114.512,96.214,94.737,1.189,10.015,103.932,100.437,106.135,96.315,100.435,1.014,10.286
1,244.738,106.576,10.594,11.73,9.921,10.887,103.802,103.855,108.229,10.925,10.291,10.798,9.978,107.385,100.347
3,244.925,109.606,114.117,109.09,1.127,97.617,0.979,107.685,110.91,111.858,102.443,0.981,108.625,1.016,94.353
3,245.079,105.814,97.177,106.573,0.988,94.278,1.067,107.954,102.622,103.455,110.174,0.972,106.659,1.105,97.975
1,245.602,97.696,9.993,10.315,10.263,9.894,101.274,115.815,99.519,9.855,11.214,10.851,11.095,99.487,99.098
4,245.605,109.962,95.446,104.098,96.624,100.725,1.062,9.961,100.869,111.158,117.332,106.484,100.741,1.028,9.588
4,245.888,108.844,104.433,117.458,104.131,92.5,1.143,9.654,98.13,108.377,112.38,104.96,104.152,1.066,10.381
2,246.083,108.628,111.203,1.172,9.805,105.949,101.71,111.804,110.426,110.173,1.019,10.248,102.424,93.171,108.029
2,246.125,108.513,103.462,1.141,9.549,97.017,99.687,109.134,101.387,115.686,1.122,9.582,96.783,97.55,103.005
3,246.196,99.571,100.383,112.54,1.05,99.934,1.118,96.269,114.465,102.892,105.67,1.124,104.823,1.07,103.598
3,246.41,96.884,104.0,100.959,1.054,94.632,0.983,94.932,105.58,107.047,101.71,1.095,110.959,1.074,105.576
2,246.622,108.232,103.821,1.092,10.655,105.811,105.832,102.984,112.027,107.983,1.101,9.982,93.694,93.192,110.741
1,246.719,110.089,9.793,10.426,9.832,10.149,113.267,111.159,106.753,11.207,11.73,10.869,10.088,106.311,103.482
4,246.746,94.443,106.463,104.642,95.452,93.508,1.092,9.825,108.194,110.758,118.506,96.495,105.886,1.084,9.855
4,246.876,95.483,97.893,106.3,98.233,103.058,1.044,10.913,96.257,101.358,114.291,104.616,98.023,1.082,11.014
2,246.938,106.988,99.242,1.003,10.549,94.851,96.235,112.089,100.734,100.911,1.051,9.953,108.069,100.845,109.833
1,247.046,102.515,10.816,10.443,9.344,10.919,106.797,109.935,100.077,10.378,10.049,9.523,10.134,104.204,103.462
2,247.154,99.912,113.073,1.146,10.175,108.789,93.08,96.737,96.646,99.245,1.176,9.283,102.845,107.318,105.696
4,247.17,109.568,99.448,112.447,97.248,93.543,1.094,9.858,98.67,103.543,100.691,110.063,100.226,1.128,10.995
4,247.345,97.531,99.055,112.915,110.791,102.212,1.013,9.566,97.252,95.522,108.449,108.068,96.382,1.151,10.399
2,247.433,101.016,107.994,1.047,9.227,97.052,107.48,98.325,96.385,104.119,1.145,9.306,102.161,92.67,113.148
3,247.494,109.872,96.825,110.126,1.05,109.727,1.009,97.638,107.057,104.097,107.219,1.023,107.669,1.099,99.121
3,247.653,110.096,107.381,99.78,1.044,100.009,0.948,98.657,108.268,113.62,101.969,0.965,99.099,1.096,102.331
1,247.725,109.526,11.074,11.466,10.898,9.594,114.308,112.949,104.319,10.463,11.152,10.105,9.596,109.525,101.412
2,247.818,97.278,100.734,1.013,10.368,101.281,108.72,101.121,97.691,99.522,1.095,10.363,97.672,108.714,114.022
1,248.011,105.791,10.691,10.443,9.344,10.735,102.731,98.745,102.294,11.293,10.551,9.851,9.507,110.223,111.295
1,248.063,99.278,10.53,11.387,9.243,10.238,99.494,109.881,94.786,10.306,10.898,9.985,9.757,101.306,110.198
3,248.129,101.198,114.428,103.529,1.119,97.231,0.98,100.699,107.449,101.279,101.577,1.069,105.808,1.08,93.482
3,248.782,113.718,112.091,105.376,1.12,106.902,0.951,102.169,105.048,106.12,96.77,0.976,93.877,0.977,102.928
4,249.101,94.443,105.87,104.621,108.924,104.951,1.016,10.651,97.921,105.617,113.261,104.485,105.473,1.06,9.83
1,249.39,107.464,10.732,10.556,10.283,9.691,107.408,105.043,106.146,10.426,11.409,10.139,10.459,106.712,114.608
3,249.437,112.035,97.909,101.33,1.097,95.683,1.055,93.124,98.146,98.583,98.716,1.105,100.911,0.988,101.199
2,249.682,104.572,111.37,1.048,10.315,93.591,96.305,101.358,105.987,105.216,1.145,9.45,103.668,103.709,97.938
4,249.786,103.941,96.53,111.306,95.566,101.618,1.127,10.645,99.108,95.933,100.512,109.475,93.828,1.162,11.184
4,249.912,103.165,106.067,117.703,109.475,97.298,1.055,10.039,97.928,102.818,109.56,109.533,103.011,1.108,10.633
3,249.985,98.476,101.981,107.096,0.98,95.888,0.996,97.126,107.057,97.076,105.087,1.116,98.282,1.07,95.204
1,250.253,98.296,9.756,10.767,9.714,11.044,105.2,99.003,96.774,10.55,11.333,10.344,11.249,113.615,106.025
2,250.582,110.644,106.62,1.074,10.151,96.307,97.296,101.557,105.385,109.976,1.032,9.376,94.017,103.356,109.418
2,250.616,100.355,109.706,1.064,10.901,93.056,105.581,106.529,103.997,117.595,1.171,9.839,102.416,106.632,97.363
4,250.65,98.498,102.022,100.512,107.245,92.5,1.08,10.379,95.38,109.164,116.094,110.363,93.089,1.144,10.467
2,250.682,104.772,105.936,1.118,10.127,109.75,99.298,101.355,97.728,110.156,1.167,10.272,96.426,104.529,98.884
3,250.684,104.014,113.044,100.225,1.083,96.151,0.959,96.223,105.013,103.523,108.759,0.991,100.5,1.009,102.169
4,250.711,108.934,94.777,111.598,101.71,100.003,1.001,11.079,94.159,105.501,106.3,100.816,94.796,1.123,9.63
4,251.287,97.989,110.873,110.039,111.631,107.516,1.095,10.567,93.645,98.562,118.435,94.722,95.745,1.176,10.482
3,251.783,110.238,100.135,103.427,0.96,109.648,1.053,101.131,102.533,109.503,98.017,1.13,99.422,0.983,97.628
3,251.929,102.89,111.899,111.089,1.062,98.885,1.008,96.87,107.804,100.403,96.525,1.121,97.024,1.033,105.331
3,252.317,99.569,107.205,102.528,1.113,103.099,0.971,104.029,103.554,100.531,104.186,1.018,107.989,1.087,105.385
1,252.562,98.909,11.003,10.873,10.152,9.581,99.557,115.594,110.569,10.026,10.338,10.126,11.096,111.153,100.825
4,252.603,103.44,107.053,110.598,110.94,104.469,1.156,10.321,102.849,97.631,116.228,97.748,94.433,1.045,9.931
3,252.609,111.435,108.529,106.313,1.043,102.395,1.1,100.88,101.641,98.986,100.916,1.109,102.769,1.031,95.569
4,252.685,105.85,99.57,103.384,111.658,100.506,1.012,9.952,100.272,104.796,108.298,108.988,104.519,1.002,11.234
2,253.062,104.585,108.173,1.072,10.025,109.147,102.817,113.54,106.724,101.551,1.182,10.356,97.709,108.714,100.221
1,253.155,105.795,11.154,11.071,10.334,10.91,97.959,109.243,108.587,9.996,11.304,10.859,9.734,102.48,110.024
4,253.24,103.248,96.064,100.281,94.497,100.08,1.11,10.655,107.707,111.307,117.616,97.072,94.524,1.151,10.627
2,253.403,108.307,116.015,1.084,9.717,104.617,99.629,99.525,100.32,102.815,1.057,9.679,108.995,101.105,113.937
3,253.486,105.482,97.076,112.486,0.991,102.395,1.056,107.683,111.146,96.649,107.656,1.084,107.989,1.054,108.934
4,253.536,100.508,103.994,100.848,105.89,92.923,1.024,10.516,93.372,95.246,117.839,103.678,92.025,1.052,9.672
3,253.726,112.885,97.679,97.228,0.966,105.941,1.012,104.523,111.129,114.231,111.86,0.979,97.816,1.103,102.354
4,254.18,93.216,102.721,113.021,99.123,104.006,1.107,10.286,103.018,103.757,102.703,101.47,96.594,1.058,10.639
2,254.183,103.457,116.593,1.104,10.711,99.682,91.766,112.594,106.998,110.173,1.004,10.795,110.284,97.296,98.761
2,254.915,110.967,102.376,1.067,10.213,100.699,96.97,104.098,102.725,110.506,1.114,10.817,94.874,96.381,112.594
4,255.092,102.759,111.152,101.926,96.276,97.666,1.01,10.934,109.869,101.01,113.914,94.527,102.423,1.108,10.325
4,255.456,108.785,101.965,108.338,96.344,105.753,1.134,10.627,108.406,99.302,114.129,102.229,92.965,1.189,10.285
1,255.483,101.257,9.919,11.438,10.807,9.486,97.165,98.417,108.716,11.044,11.169,10.103,9.749,102.373,115.672
3,255.567,114.115,105.552,97.963,1.066,97.092,0.964,109.719,112.964,99.696,111.53,1.116,97.05,1.035,104.628
1,255.71,99.534,9.788,10.542,10.264,10.837,107.732,97.612,106.091,10.213,11.059,10.481,9.786,108.444,114.99
4,255.737,92.752,107.858,101.371,100.291,102.088,1.161,10.028,98.41,97.057,104.711,95.628,101.693,1.179,9.842
3,255.759,97.199,108.905,109.2,0.98,100.723,1.117,107.037,109.268,114.689,106.446,0.985,95.903,1.002,98.433
2,255.795,107.641,113.487,1.185,10.135,107.725,104.973,100.632,98.183,106.956,1.119,9.329,96.418,103.601,108.242
1,255.87,102.486,10.043,10.631,9.333,9.827,102.226,105.255,98.366,11.225,10.776,10.504,9.749,97.165,109.243
1,255.902,96.207,10.443,11.289,9.729,10.431,100.118,109.243,98.98,10.319,11.46,10.283,11.044,109.863,112.705
4,256.026,98.754,101.579,116.406,111.48,101.654,1.148,10.684,107.571,100.578,113.391,93.958,93.141,1.143,10.24
4,256.283,108.175,108.181,100.944,100.715,95.007,1.009,11.061,100.822,100.522,108.508,101.66,99.108,1.06,11.085
4,256.299,100.772,105.871,107.306,104.407,102.839,1.155,9.806,98.29,103.516,100.692,102.685,105.219,1.167,9.982
2,256.717,101.997,111.653,1.016,10.451,103.58,107.16,97.656,112.228,99.325,1.119,10.17,100.037,108.744,99.125
3,256.723,104.9,102.7,110.924,0.981,95.831,1.024,101.547,100.254,111.456,111.01,1.053,103.877,1.045,106.809
1,257.241,102.515,10.465,10.561,10.118,11.053,101.634,111.551,99.948,9.638,10.546,10.187,9.898,102.567,99.452
4,257.281,105.567,95.682,103.934,110.084,105.725,1.007,9.832,110.003,110.576,112.961,100.859,103.306,1.153,10.549
1,257.579,97.319,10.93,11.82,10.2,9.49,110.359,108.773,103.313,10.715,10.582,9.173,10.067,99.487,115.492
2,257.636,106.998,107.691,1.026,9.245,107.0,102.336,106.948,97.589,104.203,1.02,10.27,98.943,103.015,113.381
3,257.699,103.486,114.678,98.334,0.974,99.285,0.952,92.999,105.442,109.059,109.422,1.054,94.118,1.015,98.801
4,257.722,99.839,110.344,111.38,102.559,98.24,1.011,9.515,98.532,99.209,100.349,109.915,100.921,1.164,9.871
1,257.726,94.765,9.995,10.296,10.574,10.952,104.016,114.566,94.961,10.234,10.063,9.767,11.213,109.059,98.28
3,257.814,105.482,107.12,99.356,0.976,106.967,1.009,107.717,108.833,109.036,97.132,0.966,94.025,1.041,101.912
2,257.818,96.524,105.219,1.004,10.274,101.331,102.34,101.384,108.968,111.883,1.153,9.316,107.099,105.73,100.974
2,257.995,111.193,102.839,1.111,9.557,103.64,100.42,106.714,111.161,114.448,1.149,9.787,96.835,94.204,110.969
2,258.084,108.927,101.291,1.176,10.097,107.019,101.204,105.659,99.458,114.301,1.053,9.822,96.664,102.278,99.471
1,258.212,102.947,10.906,10.193,10.712,10.509,113.994,98.36,94.89,9.795,11.389,9.952,10.826,99.641,100.87
2,258.218,107.773,110.476,1.133,9.33,105.601,97.84,113.416,109.331,110.53,1.016,9.262,109.058,101.887,113.324
2,258.448,106.455,108.167,1.155,10.865,100.987,107.3,109.941,101.299,100.667,1.104,10.139,102.639,108.326,107.747
3,258.684,101.463,109.255,99.936,1.048,98.756,1.022,96.174,100.356,97.584,107.411,0.966,99.72,1.027,109.282
1,258.704,99.951,11.342,11.045,10.57,10.833,108.718,108.243,108.304,9.657,10.235,9.624,10.777,101.324,104.697
3,258.849,103.853,101.952,104.385,0.992,106.678,1.01,92.429,99.407,107.336,110.212,1.119,107.764,1.035,98.332
2,259.017,96.109,110.598,1.032,10.669,105.77,94.863,102.0,111.545,99.733,1.032,10.476,104.308,99.608,99.644
3,259.265,114.748,99.727,97.491,0.972,104.156,1.052,106.424,107.924,98.707,105.176,1.079,100.908,1.1,107.026
3,259.338,100.139,110.504,96.108,1.005,96.852,1.123,92.972,114.465,108.591,111.53,0.981,100.454,1.01,102.658
4,259.428,109.229,111.263,113.848,109.244,107.281,1.122,11.187,99.488,102.115,100.437,102.132,106.922,1.071,11.314
4,260.257,93.216,109.201,112.187,99.686,108.476,1.101,9.922,107.512,107.717,118.34,102.423,94.241,1.102,10.379
3,260.299,108.389,102.283,108.25,1.1,96.511,1.068,94.563,98.669,99.94,112.897,1.07,96.18,0.992,108.157
4,260.327,102.709,111.391,102.435,106.616,92.988,1.073,9.74,105.259,103.663,101.562,102.217,103.082,1.033,9.912
3,260.812,106.698,107.414,106.049,1.012,109.369,1.11,92.717,108.598,103.749,110.919,1.037,97.05,1.048,107.741
3,260.869,104.577,108.101,110.83,1.039,105.264,1.033,103.99,111.634,107.396,98.245,1.083,109.703,1.103,109.616
1,261.034,99.209,11.285,10.662,10.22,9.562,107.104,111.846,109.168,10.542,11.091,10.086,10.868,102.973,100.328
1,261.052,108.129,10.878,10.163,10.37,10.652,114.934,108.133,94.121,11.051,10.028,10.752,10.38,108.937,109.54
1,261.221,107.355,9.768,11.025,10.496,9.938,101.153,107.932,108.129,10.163,11.11,9.687,10.401,106.007,103.519
2,261.335,110.171,105.127,1.0,9.69,104.558,106.624,101.524,101.587,103.814,1.051,10.385,96.346,102.474,98.51
4,261.49,105.656,101.337,103.384,111.631,96.01,1.189,10.309,99.718,107.239,99.9,108.821,101.434,1.162,9.858
4,261.493,101.557,97.054,105.302,111.165,95.55,1.122,9.714,99.819,104.796,104.708,105.333,93.182,1.172,10.591
1,261.644,99.418,10.533,10.907,10.356,10.843,112.496,101.352,106.401,10.519,11.159,10.219,9.977,106.821,111.6
1,261.648,102.513,10.301,10.957,9.537,10.416,99.17,107.838,111.44,9.918,10.067,9.203,11.236,104.747,104.792
4,261.972,98.736,111.127,109.068,104.792,101.885,1.033,10.82,101.104,111.684,100.357,98.033,109.399,1.096,10.775
3,262.057,97.583,105.632,102.471,1.083,107.764,0.988,108.563,104.887,101.981,99.654,1.073,110.209,0.985,93.087
1,262.15,103.712,10.246,10.177,10.058,9.721,105.733,108.053,109.78,10.445,10.048,10.076,10.464,109.908,104.916
4,262.31,108.274,102.611,111.945,103.707,108.579,1.103,10.207,94.052,101.952,108.217,101.671,98.792,1.107,9.798
1,262.344,98.924,9.655,10.561,9.24,9.869,103.806,113.735,96.554,9.808,10.038,10.22,11.088,113.595,99.084
2,262.393,99.515,114.356,1.178,9.587,104.205,105.367,104.329,108.735,117.093,1.084,9.997,98.403,101.312,101.885
1,262.414,110.943,10.257,10.909,9.495,11.115,105.345,103.629,99.192,10.322,10.072,9.936,10.931,98.513,108.475
4,262.505,97.896,110.576,115.084,96.175,92.978,1.061,9.547,95.52,107.86,102.811,110.214,96.617,1.123,10.43
4,262.805,96.254,110.676,107.925,109.405,107.134,1.097,11.104,96.257,96.997,100.833,94.758,107.36,1.032,11.031
4,262.824,104.711,107.717,114.741,103.112,103.995,1.179,9.564,96.802,100.147,105.585,97.59,104.102,1.05,11.031
2,262.975,111.313,107.94,1.066,10.169,109.314,107.778,105.453,109.684,100.095,1.088,10.166,98.167,92.402,101.256
3,262.99,110.454,99.944,97.844,1.13,106.816,0.952,93.418,102.137,107.942,112.989,1.127,108.989,1.013,109.629
3,263.121,108.813,110.404,100.373,1.11,107.178,1.041,102.191,113.685,96.999,99.654,0.967,110.868,1.112,96.939
3,263.144,104.429,100.951,109.596,1.013,100.742,1.11,93.087,111.906,106.279,110.136,0.951,100.48,1.059,93.384
4,263.7,95.554,110.686,111.185,104.964,105.473,1.189,10.765,102.162,100.558,111.377,99.433,102.8,1.057,10.739
2,263.74,111.93,108.834,1.097,10.568,106.231,92.041,111.178,99.949,111.052,1.095,9.226,100.225,102.248,98.884
4,263.864,109.869,99.46,111.748,99.749,103.853,1.086,10.817,96.41,95.064,103.828,98.662,105.073,1.07,9.631
4,263.96,108.934,110.184,106.933,108.092,97.357,1.077,10.685,97.263,103.147,104.927,99.995,103.475,1.152,9.856
2,264.064,95.859,102.957,1.101,9.365,94.258,93.825,112.293,111.19,105.127,1.044,10.916,97.913,102.474,98.979
4,264.139,96.896,106.451,105.053,107.289,96.606,1.008,10.072,97.896,97.003,109.617,99.739,106.046,1.047,9.928
3,264.452,113.029,106.612,102.471,1.116,100.972,0.992,100.943,100.032,108.079,101.491,1.029,103.709,1.007,94.467
3,264.523,104.74,112.073,104.479,1.091,99.948,0.993,102.365,108.445,111.907,110.739,0.996,103.24,1.044,104.58
2,264.668,107.51,102.748,1.157,9.364,108.505,91.656,101.765,106.725,117.24,1.057,10.354,103.889,94.183,106.255
1,264.932,110.738,10.156,11.612,9.85,9.695,99.298,98.412,111.512,11.074,11.779,9.554,10.751,102.87,105.557
3,265.211,101.496,96.719,108.155,1.027,110.576,0.975,101.746,110.032,110.894,109.978,1.067,106.162,1.053,109.234
2,265.371,110.059,100.956,1.111,10.785,93.413,97.66,106.484,107.651,116.77,1.019,10.695,109.43,97.055,96.105
3,265.45,102.619,107.336,106.214,1.01,106.079,0.963,100.807,97.667,99.727,108.086,1.115,104.886,1.117,98.979
2,265.587,106.566,103.737,1.065,10.064,95.091,106.634,99.032,104.433,101.347,1.017,10.398,100.706,107.435,102.22
3,265.702,109.068,102.071,102.443,1.104,101.164,1.021,108.012,100.106,107.705,99.97,0.993,110.225,1.022,105.751
3,265.794,109.126,107.336,98.847,1.105,101.753,1.105,103.589,114.053,98.145,113.266,1.102,107.332,1.009,100.657
1,265.834,107.299,10.128,11.151,9.77,11.123,110.543,104.691,105.059,11.318,10.373,10.807,10.459,106.205,107.159
1,265.844,102.301,10.218,10.39,10.698,11.16,110.395,108.103,101.469,11.144,11.117,10.306,11.16,102.729,99.156
4,266.454,107.996,102.166,111.185,105.165,98.023,1.063,10.216,108.706,101.565,107.145,104.964,97.585,1.116,10.077
4,266.57,99.438,94.011,108.838,111.583,104.956,1.011,10.734,94.602,108.68,108.989,109.47,92.509,1.062,10.942
3,266.739,98.882,107.736,104.997,1.015,98.282,1.028,101.695,104.809,102.813,107.17,0.988,97.989,0.982,101.466
3,267.022,104.076,102.45,103.096,0.953,103.099,1.089,100.943,112.539,108.331,110.174,0.968,105.976,1.1,94.983
3,267.21,102.331,103.523,99.26,1.116,96.192,1.046,95.902,101.782,109.213,100.016,0.982,95.577,1.017,103.563
4,267.231,100.152,105.609,109.004,105.578,93.712,1.13,10.086,98.579,96.116,108.301,98.657,94.529,1.071,10.494
2,267.417,110.284,107.994,1.162,9.369,95.786,107.577,103.796,105.512,101.32,1.015,9.585,103.786,96.421,100.127
1,267.862,95.082,9.952,10.664,10.716,10.563,106.752,102.856,97.047,10.679,11.453,10.843,10.021,112.387,104.916
3,267.962,108.548,102.35,106.192,1.121,103.24,1.04,108.952,113.984,109.213,110.678,1.043,111.163,1.072,106.228
2,268.048,100.005,104.203,1.132,9.634,101.235,107.553,102.968,101.96,114.927,1.054,10.461,101.907,91.859,102.939
3,268.078,110.289,110.107,111.745,1.039,96.379,0.961,93.586,111.754,99.918,103.812,1.034,103.664,1.013,99.977
1,268.104,101.951,9.847,11.603,9.46,10.659,97.888,115.672,107.802,10.361,10.476,10.072,10.828,113.373,102.209
3,268.734,103.786,97.488,99.176,1.053,97.542,0.981,103.805,97.589,112.781,103.993,1.029,106.228,0.984,106.55
4,268.76,104.651,97.664,114.229,94.893,103.518,1.002,9.973,106.291,100.185,115.698,110.776,98.732,1.099,9.712
1,269.072,98.05,10.585,9.954,10.248,10.103,109.525,115.295,109.526,10.142,10.638,9.274,11.065,112.792,107.534
3,269.142,112.113,104.45,97.041,1.099,107.485,0.953,97.023,98.882,102.892,112.138,0.997,97.306,1.056,109.69
1,269.546,96.755,10.458,11.052,10.89,11.074,101.286,105.873,101.153,10.733,11.32,9.772,11.273,100.778,99.383
3,269.581,105.704,113.334,108.337,1.029,109.201,1.084,107.53,110.788,110.871,110.167,1.076,95.893,0.953,106.776
3,269.648,97.422,112.35,113.131,1.066,97.373,1.102,109.282,106.227,107.274,106.627,1.128,103.141,0.976,107.347
4,269.663,103.614,109.491,116.13,110.832,103.179,1.06,10.875,97.928,100.472,113.258,104.687,104.823,1.13,10.518
3,269.928,102.032,103.852,110.377,0.964,103.283,1.032,107.624,99.669,113.732,114.029,1.13,109.908,0.982,99.098
1,270.015,107.843,10.058,10.481,10.748,9.67,99.857,107.209,110.277,9.993,10.662,10.506,10.974,104.05,110.273
2,270.062,108.924,104.946,1.021,9.378,98.678,91.906,113.329,109.034,109.2,1.169,10.955,99.768,91.766,108.242
3,270.069,114.675,100.134,113.894,0.951,107.738,0.948,103.598,108.757,98.939,110.83,1.117,108.114,1.053,99.965
2,270.311,101.96,106.631,1.116,10.322,102.477,105.94,106.193,99.979,111.532,1.181,9.707,96.474,102.278,112.721
2,270.471,103.306,98.956,1.071,10.953,101.173,98.294,109.361,109.076,100.151,1.021,9.333,106.293,101.681,110.969
3,270.591,109.213,113.954,99.774,1.113,94.584,1.106,99.895,108.362,107.205,110.377,1.129,104.779,0.977,99.1
3,270.776,98.102,109.296,102.738,1.004,95.226,1.064,101.926,106.009,109.268,105.426,1.022,104.916,1.007,102.107
2,270.883,111.282,107.436,1.093,9.607,103.43,107.778,104.68,106.725,103.814,1.118,10.751,103.129,105.534,105.624
4,271.092,107.182,110.708,118.529,105.926,107.7,1.043,9.655,98.725,105.75,118.121,96.772,107.198,1.133,9.848
3,271.292,106.227,113.163,99.052,1.102,108.137,1.107,101.746,104.983,108.412,101.272,0.971,107.485,0.986,95.003
2,271.305,101.142,111.522,1.068,9.536,99.096,101.575,113.324,108.376,109.507,1.039,10.158,104.246,92.171,96.176
2,271.732,109.582,101.621,1.177,10.816,100.93,97.379,108.856,95.412,116.365,1.142,9.748,97.595,108.596,107.829
1,271.811,94.572,10.905,10.116,10.886,11.227,113.705,108.475,93.915,11.373,11.492,10.162,9.749,110.29,110.239
3,271.943,100.839,105.552,113.652,1.015,100.433,1.009,104.523,104.429,113.918,107.17,1.04,95.424,1.054,92.818
2,272.189,102.571,103.464,1.004,9.953,98.557,98.879,102.32,106.04,99.008,1.128,10.597,96.609,93.394,106.888
4,272.522,97.307,103.078,110.225,109.337,92.921,1.124,10.255,95.194,95.928,107.744,110.9,99.697,1.025,10.116
1,272.541,104.181,10.649,10.978,9.405,9.936,112.096,111.552,107.697,9.824,10.803,10.037,10.978,98.66,100.992
1,272.616,108.358,10.378,10.674,9.784,10.555,105.279,108.513,95.398,11.027,10.404,9.858,9.8,112.738,112.179
4,272.658,102.792,105.368,106.254,106.948,100.94,1.044,10.614,102.459,97.757,113.657,96.761,109.33,1.118,9.538
4,272.714,95.587,105.499,104.21,97.079,95.537,1.13,11.308,102.805,107.275,110.074,106.278,107.25,1.034,9.868
1,272.811,108.587,9.863,11.549,9.22,10.076,100.454,109.935,98.308,10.979,11.802,10.674,11.239,103.512,115.363
2,273.014,99.929,101.403,1.182,9.811,96.726,93.097,98.325,110.759,109.401,1.118,9.378,101.914,107.553,113.608
3,273.217,102.945,107.736,103.647,0.984,94.017,1.087,94.464,107.886,103.15,99.752,1.057,104.178,1.1,92.935
1,273.352,93.889,9.835,11.13,10.111,10.971,108.937,104.597,98.999,9.903,11.438,10.577,9.675,111.009,109.91
3,273.386,110.052,110.404,103.162,1.127,98.138,1.122,95.662,98.028,105.347,107.398,1.059,110.209,1.089,105.794
4,273.499,109.313,102.229,116.056,99.773,96.052,1.045,9.515,101.165,100.982,103.007,100.582,105.274,1.122,10.074
3,273.531,100.186,101.446,97.621,1.129,106.997,0.965,108.048,98.979,105.168,96.675,1.113,96.097,1.045,104.903
1,273.792,102.607,10.704,11.035,10.424,10.876,100.436,106.978,98.471,10.15,11.768,9.257,10.369,98.492,110.933
1,273.903,99.418,9.84,11.818,10.812,10.539,100.096,106.008,109.934,10.053,11.353,10.815,10.623,101.782,112.002
3,273.922,111.178,99.576,105.95,1.046,98.286,1.108,103.448,109.842,107.188,96.151,1.015,106.936,1.101,92.348
2,274.025,99.754,99.304,1.038,10.401,104.036,107.3,99.118,112.03,112.576,1.085,9.923,107.863,107.897,110.687
1,274.307,107.084,9.834,11.719,9.685,10.582,97.903,98.249,110.277,9.88,11.618,10.448,9.8,98.73,108.817
4,274.393,99.838,102.619,107.4,94.645,98.225,1.026,10.5,101.165,100.625,103.029,99.323,105.382,1.103,11.197
3,274.644,109.716,100.383,106.849,1.102,106.069,0.966,93.051,113.646,114.616,102.421,0.964,106.028,0.962,98.928
3,274.818,112.464,112.888,109.656,1.074,96.151,0.968,109.523,107.399,96.579,102.483,0.957,106.289,0.979,97.484
1,274.834,106.148,10.708,11.058,9.407,10.542,106.758,97.612,95.757,10.023,9.966,10.716,9.492,109.893,114.421
3,275.12,112.042,102.732,111.788,0.969,102.718,1.054,107.898,104.442,113.376,98.334,0.956,106.145,1.025,109.402
1,275.238,104.884,9.609,10.042,10.696,9.883,102.4,101.787,102.323,9.709,11.229,10.655,10.871,114.884,104.659
3,275.352,103.16,112.707,107.849,1.054,98.61,0.976,99.92,99.963,107.063,102.986,1.001,104.434,1.044,105.516
3,276.133,99.9,113.047,101.681,0.996,99.08,1.045,95.467,97.925,114.265,105.427,1.101,95.44,1.074,106.558
1,276.396,108.304,10.272,10.612,9.858,10.289,114.56,105.975,104.311,10.474,10.466,9.299,9.72,97.758,107.429
1,276.587,102.566,10.075,10.22,10.008,10.378,107.476,98.541,101.322,10.912,11.398,10.77,9.99,109.45,108.71
2,277.055,109.462,108.555,1.038,9.657,98.72,95.284,98.629,98.827,104.834,1.126,10.699,104.851,99.361,112.224
4,277.212,104.43,100.435,113.204,99.645,106.117,1.086,9.902,95.119,108.339,106.233,109.279,108.313,1.145,10.709
4,277.362,102.825,110.131,108.277,106.164,108.761,1.158,10.235,104.748,104.831,103.891,105.679,105.088,1.072,10.738
2,277.6,106.268,107.351,1.006,9.848,93.213,106.27,100.842,107.921,107.392,1.129,9.485,95.938,104.79,108.263
4,278.157,94.29,99.366,115.335,102.332,101.156,1.078,11.068,102.401,103.188,117.439,98.616,94.791,1.16,11.059
1,278.342,106.148,10.766,10.614,10.183,10.014,114.627,104.417,99.006,11.223,11.44,10.608,11.208,111.64,100.488
3,278.391,111.754,101.439,111.131,1.123,110.227,1.083,107.113,114.762,97.299,105.67,1.018,103.358,1.094,94.56
2,278.518,108.015,101.327,1.059,10.85,110.215,104.661,108.983,103.788,113.31,1.079,9.384,99.165,102.34,96.415
4,278.658,93.184,94.855,103.866,110.864,99.029,1.186,10.444,102.833,97.229,106.64,110.884,108.213,1.1,10.463
4,278.67,98.591,99.527,109.707,111.101,106.253,1.171,9.854,98.208,101.723,118.318,111.003,105.213,1.157,10.806
2,278.859,111.444,104.671,1.071,10.287,97.165,100.528,107.89,100.156,109.2,1.167,9.759,106.931,108.798,97.538
2,278.88,103.88,108.005,1.121,9.524,110.275,96.305,101.876,102.332,105.216,1.109,9.905,107.722,93.333,108.261
2,279.051,98.406,100.492,1.07,9.389,100.906,100.103,108.077,98.3,103.079,1.058,10.069,93.773,104.266,110.111
2,279.104,104.918,105.078,1.159,10.929,108.28,106.289,102.738,111.829,116.241,1.078,10.491,107.272,94.885,106.816
1,279.136,95.611,11.054,10.779,10.169,10.07,108.043,112.547,98.372,10.773,11.432,9.516,10.722,114.884,106.762
4,279.219,100.357,110.066,118.243,99.995,107.132,1.172,9.937,96.235,107.414,113.399,108.924,97.773,1.176,11.11
3,279.264,104.173,113.882,108.964,1.12,98.478,0.975,94.774,103.852,98.985,111.525,0.994,106.325,1.0,96.142
4,279.289,97.553,104.461,101.912,110.063,93.508,1.149,10.964,98.742,102.082,103.384,98.61,92.287,1.182,11.143
1,279.319,108.028,11.118,10.528,9.516,10.151,102.223,113.747,111.603,11.14,10.373,9.389,9.885,108.388,104.374
1,279.501,107.884,11.146,11.048,9.457,9.918,100.419,111.527,105.441,10.438,11.517,9.974,10.396,112.457,100.651
1,279.763,110.018,10.47,11.644,10.711,11.048,114.34,109.049,104.785,9.977,11.023,9.612,10.855,102.362,110.25
4,279.806,107.162,98.731,106.412,105.926,104.157,1.162,10.327,102.235,96.954,110.399,102.928,104.505,1.025,10.399
2,279.92,95.896,101.122,1.052,10.42,96.915,98.738,111.855,101.257,104.102,1.033,9.338,100.709,102.494,111.071
4,280.185,104.611,96.196,104.21,97.107,101.531,1.074,11.3,93.803,102.022,104.925,95.136,103.011,1.089,10.187
3,280.196,112.402,104.736,98.79,1.096,101.439,0.967,98.201,112.418,108.07,112.764,1.001,103.971,1.108,104.905
1,280.255,95.408,10.52,11.122,10.743,10.401,98.786,106.809,101.769,9.673,11.324,9.807,10.877,105.88,110.138
2,280.413,109.327,100.015,1.064,9.229,99.725,96.412,98.908,95.957,102.84,1.051,10.147,99.171,94.204,104.111
1,280.443,94.376,9.903,9.954,10.568,11.163,97.446,112.49,100.818,10.104,10.898,9.52,9.972,104.071,100.956
1,280.478,106.146,9.847,10.861,9.775,10.196,103.281,98.792,95.757,10.374,10.553,9.864,11.231,97.446,112.49
4,280.543,108.833,97.362,110.02,94.527,101.683,1.063,10.273,104.159,110.758,106.98,102.654,107.867,1.009,10.014
1,280.99,99.36,10.837,11.136,10.259,10.165,114.968,98.732,97.589,10.982,11.576,9.981,10.29,104.736,101.252
1,281.169,108.685,10.831,10.857,10.767,10.894,98.567,110.149,103.564,9.861,11.779,10.229,10.931,97.242,109.744
4,281.349,99.032,94.598,115.403,106.484,99.247,1.002,10.907,93.643,102.351,105.302,109.645,106.622,1.03,9.641
2,281.368,99.979,108.044,1.019,10.861,107.591,92.041,99.438,96.917,112.276,1.074,9.516,95.26,106.278,107.829
2,281.418,105.505,115.788,1.121,10.212,99.165,97.84,99.123,106.843,108.356,1.09,10.126,98.132,106.845,111.017
1,281.669,96.401,10.615,10.551,10.424,10.242,113.521,107.534,94.883,9.988,11.813,9.477,10.058,101.645,107.188
3,281.698,111.662,98.837,99.395,0.968,108.245,0.989,99.254,106.712,113.03,105.677,1.059,107.35,1.116,95.252
3,281.836,112.542,109.117,103.97,1.049,106.577,1.095,104.725,106.193,106.921,110.376,1.052,99.831,1.107,97.312
4,282.084,107.373,107.797,118.343,97.296,92.013,1.123,10.43,93.214,98.094,100.981,109.369,104.295,1.144,11.085
3,282.094,104.539,104.785,97.786,1.046,103.626,1.017,108.534,109.842,109.036,96.47,0.995,104.337,1.0,108.563
2,282.206,110.298,107.546,1.074,10.24,96.839,94.143,97.281,102.401,105.733,1.091,9.608,107.659,95.072,106.746
3,282.371,104.134,104.184,100.999,0.959,102.834,1.086,96.499,109.528,112.592,107.356,1.11,94.855,1.111,99.194
1,282.642,104.725,10.791,11.63,10.843,9.541,104.748,100.43,104.319,9.648,9.952,10.36,9.86,113.445,101.871
4,282.658,103.857,109.971,116.097,102.477,104.113,1.116,11.066,102.401,95.064,103.084,97.355,97.167,1.025,10.489
2,283.01,108.075,99.796,1.157,10.812,93.773,107.195,108.263,100.206,116.804,1.133,10.739,95.091,103.787,103.698
4,283.018,94.058,100.046,101.612,99.05,102.098,1.037,10.963,105.067,102.174,104.21,108.678,93.489,1.077,11.305
4,283.039,99.224,96.422,101.053,111.448,97.655,1.035,10.031,93.838,97.023,105.79,95.452,96.025,1.006,10.639
1,283.911,101.985,9.756,11.651,10.55,10.572,113.179,101.419,107.151,10.091,11.091,10.655,9.903,101.286,113.063
4,283.94,100.577,98.69,104.086,103.692,94.449,1.017,10.614,99.179,97.28,109.37,104.593,108.848,1.179,9.815
2,284.028,106.861,100.997,1.025,9.885,97.76,103.255,103.12,98.41,114.654,1.083,10.471,99.997,94.692,102.968
1,284.067,110.943,9.855,11.779,10.134,10.305,99.929,100.202,102.21,11.175,10.434,9.796,10.196,108.471,108.45
3,284.236,103.219,107.381,100.123,0.996,96.351,1.084,98.772,97.909,98.812,104.909,1.009,94.562,1.033,104.401
1,284.362,98.394,10.324,9.95,9.98,11.06,109.908,104.597,109.526,10.665,10.301,10.197,10.082,108.582,109.837
4,284.397,99.183,104.812,106.995,98.936,95.728,1.046,10.532,98.746,108.68,99.951,96.929,93.808,1.073,10.827
4,284.512,108.949,95.682,111.39,100.077,101.256,1.048,10.474,98.088,111.152,104.18,97.408,107.09,1.052,10.244
4,284.637,98.614,94.244,118.644,102.286,96.845,1.016,10.609,105.272,96.822,100.243,111.647,108.236,1.034,10.594
3,284.703,110.238,101.708,98.569,0.982,107.663,1.056,105.667,108.873,103.723,110.924,0.95,95.577,1.024,102.928
3,284.909,98.282,107.26,100.225,1.094,109.696,1.074,92.717,104.46,102.83,103.132,1.013,97.526,1.027,103.291
1,284.941,109.106,10.789,10.39,9.912,10.07,100.267,113.124,99.489,10.649,11.618,10.89,10.483,104.42,112.49
4,284.941,105.66,101.394,100.724,94.083,95.321,1.029,11.019,101.299,98.047,100.183,101.016,97.08,1.175,10.59
4,284.947,104.911,95.299,114.505,96.083,92.076,1.005,11.014,96.127,98.764,102.391,98.554,93.508,1.036,10.844
2,285.012,97.596,115.96,1.168,9.694,109.225,106.22,105.356,108.263,101.563,1.177,10.706,102.052,96.235,100.844
4,285.224,97.928,106.994,107.221,110.21,99.611,1.072,10.888,97.275,97.918,113.391,101.727,108.848,1.083,9.719
2,285.271,101.449,107.177,1.07,10.916,109.085,97.055,109.941,97.341,111.003,1.052,10.759,105.939,96.568,113.391
1,285.347,94.847,9.793,11.235,9.829,11.079,103.661,103.73,105.273,11.352,10.366,10.668,11.027,111.571,113.124
2,285.542,100.156,117.122,1.183,10.28,107.264,97.801,108.963,95.012,111.785,1.162,10.654,94.548,99.816,107.412
1,285.565,97.6,9.659,10.232,9.278,10.596,104.771,103.57,104.535,10.53,11.429,9.682,10.464,102.973,115.62
1,285.684,107.884,9.878,10.292,10.55,10.129,103.545,103.514,99.733,10.824,10.139,10.149,11.123,111.136,99.021
4,285.73,95.979,105.768,104.891,95.584,105.219,1.162,10.806,106.14,95.29,115.186,111.579,94.301,1.062,9.924
3,286.005,103.16,97.299,98.438,0.993,105.25,0.958,94.612,104.014,113.96,100.067,0.999,111.124,1.058,94.983
1,286.428,107.464,10.551,11.158,10.556,9.568,111.796,109.165,98.286,11.239,11.635,9.418,10.444,103.8,112.341
4,286.462,103.874,96.723,118.476,98.744,99.615,1.092,11.308,96.852,100.462,116.851,101.507,94.619,1.083,9.924
1,286.718,111.275,10.001,9.975,9.462,9.856,104.435,104.082,107.464,9.641,11.318,9.631,11.235,111.524,113.401
3,286.727,113.498,111.947,99.373,0.959,96.852,0.985,103.64,103.811,96.769,100.916,1.066,103.8,1.121,101.615
1,286.823,108.665,11.321,11.058,10.538,10.41,99.022,111.552,109.015,9.759,10.338,10.099,11.139,101.6,100.44
4,287.0,103.576,107.265,114.229,106.274,96.356,1.043,11.044,103.482,110.927,102.944,106.274,95.603,1.118,10.162
2,287.225,103.557,105.87,1.106,9.675,96.84,92.402,102.155,102.159,106.613,1.084,10.383,110.52,106.169,96.335
2,287.293,100.487,100.402,1.005,10.049,102.451,106.231,96.932,102.701,103.698,1.138,9.375,103.894,106.767,106.101
4,287.473,108.654,104.841,107.261,102.229,101.764,1.002,9.528,96.256,100.435,103.13,98.341,107.754,1.11,10.406
2,287.637,102.697,99.142,1.125,10.471,110.275,92.324,101.525,105.068,112.641,1.051,9.941,101.935,102.474,98.755
4,287.646,101.187,106.994,113.261,108.162,109.082,1.173,9.558,106.934,100.631,101.76,99.227,107.25,1.135,9.817
3,287.651,102.433,100.566,106.877,1.109,104.763,1.059,100.58,106.35,97.946,102.273,0.996,94.205,1.064,103.903
1,287.769,110.021,10.167,11.253,10.55,9.961,101.473,107.248,109.67,10.952,11.081,10.242,10.674,101.258,99.517
4,287.807,104.159,106.793,105.375,96.769,93.506,1.021,9.711,92.778,100.558,112.689,111.438,98.508,1.118,9.558
1,287.888,106.181,11.074,10.776,9.29,11.201,101.21,101.852,100.129,9.796,10.665,9.625,11.173,96.913,103.947
1,288.192,104.267,10.489,11.229,10.415,10.589,105.53,104.047,99.59,11.118,10.249,9.636,10.134,98.415,109.454
3,288.623,99.343,110.398,97.562,1.081,103.5,1.01,105.112,105.501,108.68,104.871,1.066,102.712,1.028,105.574
3,288.64,111.516,106.131,113.35,1.072,97.092,1.046,108.567,108.091,97.946,105.494,1.001,108.756,1.121,105.331
3,289.208,104.224,110.107,113.015,0.993,107.579,0.975,107.439,105.375,96.649,110.377,1.108,100.723,0.97,95.692
1,289.214,101.958,11.342,10.291,10.729,10.433,102.467,115.339,109.553,10.666,10.799,10.021,10.849,100.033,103.148
2,289.398,111.102,116.614,1.089,10.915,101.935,93.38,111.411,101.516,105.45,1.187,9.254,105.428,107.682,109.845
2,289.674,94.983,109.421,1.06,10.87,93.962,93.54,106.888,109.079,102.341,1.106,10.554,107.585,105.349,101.553
4,289.753,109.915,101.579,104.573,102.776,94.2,1.142,9.858,103.271,107.288,103.972,107.555,106.407,1.151,10.153
1,290.047,103.37,10.014,10.839,9.756,10.539,103.871,114.238,106.271,11.195,10.22,9.885,11.277,102.325,101.323
1,290.077,97.375,10.76,11.135,10.248,10.143,101.964,105.485,103.67,10.876,10.924,10.174,10.304,113.782,109.953
3,290.157,106.431,106.743,107.041,1.099,109.164,1.035,97.367,99.533,107.915,109.982,0.994,103.099,0.958,96.964
2,290.189,102.52,103.534,1.063,10.878,93.411,102.344,112.121,102.312,109.401,1.171,10.29,106.677,100.418,109.817
1,290.709,94.799,10.058,10.484,9.392,9.574,97.528,98.386,101.195,10.899,10.214,10.051,9.977,108.224,98.59
3,290.74,108.51,102.45,101.632,0.972,99.882,1.109,95.003,108.379,102.641,112.155,0.961,104.178,1.114,93.586
1,290.751,107.006,10.767,10.532,10.782,10.843,113.289,104.12,105.092,10.084,11.642,10.399,11.087,110.006,113.012
2,291.233,111.298,100.911,1.142,9.704,100.38,96.082,110.566,110.627,114.271,1.025,9.479,102.856,95.099,105.027
1,291.483,101.238,10.765,10.472,9.846,9.734,111.967,111.606,97.673,10.537,10.781,10.308,9.987,112.7,103.462
2,291.664,97.691,108.469,1.162,10.859,97.795,93.045,104.32,110.627,113.767,1.084,9.301,99.336,106.624,96.72
4,291.701,98.352,107.588,104.214,100.079,105.4,1.096,9.955,100.145,104.897,104.18,97.296,94.79,1.128,9.703
2,292.028,95.375,106.929,1.122,10.064,103.618,107.193,97.989,109.965,112.641,1.008,9.958,95.019,107.883,101.219
3,292.109,107.15,107.755,97.487,0.953,106.162,1.081,94.78,101.132,99.986,104.302,1.113,99.559,1.04,103.522
3,292.512,114.762,97.076,108.662,1.041,99.138,0.974,100.337,106.431,98.015,105.022,1.008,105.248,0.967,102.746
3,292.592,109.007,108.43,105.073,1.033,101.367,0.974,95.848,109.155,104.45,96.976,1.059,108.724,1.121,97.238
4,292.653,103.381,96.231,108.485,110.318,101.928,1.107,11.208,95.019,106.222,101.929,98.547,99.384,1.188,9.63
3,292.689,112.994,111.044,99.001,0.99,102.407,1.065,98.733,98.882,104.249,104.385,0.951,104.88,1.033,97.985
1,292.885,99.975,10.181,11.75,9.721,11.173,98.274,110.156,104.346,10.66,11.052,10.706,10.915,113.939,103.056
3,293.15,106.91,113.702,101.826,1.087,111.168,1.012,95.252,113.379,110.865,99.241,1.128,101.507,0.98,93.725
1,294.375,99.902,9.692,10.372,10.101,9.642,106.87,109.291,103.592,10.827,11.697,10.379,9.7,101.092,106.352
1,294.477,94.626,10.342,11.346,10.283,10.01,102.881,116.08,107.093,11.361,10.54,10.174,10.972,99.327,115.295
1,294.521,111.603,11.079,10.832,9.521,10.196,110.316,105.479,100.009,11.028,11.795,10.096,11.087,104.408,111.571
2,294.607,104.5,105.87,1.081,9.998,97.51,105.77,110.566,105.039,99.439,1.101,10.435,94.378,96.523,101.123
4,294.617,97.517,105.235,106.878,111.05,100.714,1.174,9.83,97.837,109.822,99.801,100.753,102.94,1.184,10.288
3,294.659,114.472,114.517,112.989,1.049,103.838,0.975,106.715,110.543,109.503,106.658,0.985,104.59,1.037,92.789
1,294.682,95.442,10.567,10.013,9.759,10.081,113.158,105.91,101.682,9.845,11.811,10.205,9.734,111.68,100.576
1,294.894,107.066,9.76,10.041,10.058,9.703,106.246,98.563,96.148,10.135,10.228,9.5,10.671,97.419,99.788
2,295.029,98.104,102.785,1.041,9.814,103.719,103.883,99.815,104.979,113.889,1.099,9.363,99.165,94.019,99.126
3,295.408,113.751,105.713,97.955,1.12,109.31,1.0,93.967,112.542,105.738,106.69,1.126,93.982,1.117,95.575
3,295.57,114.465,106.682,107.836,0.96,98.462,1.0,92.303,97.712,98.083,108.518,1.04,107.435,1.086,95.252
3,295.582,97.93,106.582,104.439,1.008,102.163,0.966,101.324,105.143,99.626,102.273,0.99,95.404,1.033,93.199
3,296.008,114.42,109.979,96.341,1.04,95.449,0.948,107.844,97.433,102.001,100.08,1.059,101.595,0.98,93.63
1,296.07,110.902,11.315,10.29,10.136,10.42,99.275,98.562,105.523,11.022,10.853,9.851,11.119,109.293,106.008
3,296.151,109.26,110.118,101.518,0.996,97.05,0.958,107.105,114.093,103.913,110.776,1.004,107.774,1.064,101.689
3,296.199,110.49,100.403,99.978,1.017,108.164,1.013,101.279,112.596,103.08,104.882,1.062,109.019,1.101,95.241
3,296.212,105.657,97.946,104.035,0.957,101.439,0.99,107.839,101.654,106.682,111.282,0.974,104.898,1.072,95.044
3,296.365,105.377,102.09,111.451,1.094,104.888,1.1,99.354,114.093,108.038,101.804,0.968,101.433,1.07,100.522
4,296.529,106.404,101.205,101.692,100.738,99.247,1.04,9.754,102.819,109.675,111.598,99.311,108.801,1.118,11.244
4,296.569,108.733,102.732,110.943,106.941,94.317,1.189,10.18,94.755,102.659,109.493,107.218,93.763,1.136,11.282
3,296.878,103.482,110.894,106.077,1.087,102.718,1.106,103.68,106.193,109.503,112.555,1.066,101.537,1.035,102.296
3,296.998,99.08,106.768,99.241,1.113,106.911,1.103,101.205,100.468,111.046,112.894,0.963,96.35,1.107,101.615
2,297.023,98.687,107.622,1.168,9.409,104.615,104.512,111.433,103.894,115.555,1.014,10.821,100.194,92.622,102.03
3,297.395,110.69,96.601,107.411,1.036,99.934,0.97,99.23,99.399,100.383,113.027,1.054,97.542,1.011,104.415
2,297.825,103.854,108.738,1.164,10.947,102.814,92.816,109.838,109.826,105.425,1.084,10.086,102.926,101.721,97.057
2,297.877,107.515,103.92,1.181,10.587,96.839,101.312,113.934,107.499,101.95,1.091,9.578,102.479,106.153,106.437
4,298.216,102.238,97.406,101.582,102.491,108.476,1.033,9.867,101.234,105.501,101.828,109.244,102.034,1.02,9.808
1,298.25,99.863,10.6,11.011,10.613,10.233,111.363,115.585,100.152,10.689,10.843,10.864,10.637,104.382,107.609
3,298.604,109.656,105.347,102.94,1.045,107.332,0.951,102.658,100.964,112.701,111.206,0.998,105.523,1.032,96.895
3,298.665,97.024,107.651,108.698,0.996,97.366,1.12,99.716,101.12,106.426,100.669,1.11,106.144,0.976,100.931
1,299.284,106.477,11.027,10.931,10.134,11.231,98.487,116.08,111.191,11.03,11.648,10.613,10.804,100.268,110.16
3,299.478,106.698,107.134,102.787,1.112,93.749,1.109,104.988,101.463,98.142,113.245,1.114,110.576,0.992,98.982
1,299.585,109.587,11.343,9.982,9.643,10.495,98.593,107.542,105.817,9.69,11.697,9.925,11.133,100.754,99.003
4,299.587,105.208,104.811,113.968,95.642,94.13,1.055,10.985,97.084,105.689,112.646,96.831,100.357,1.161,10.433
2,299.602,106.885,113.106,1.174,9.49,93.097,96.397,112.121,96.916,105.733,1.137,10.841,103.454,105.612,103.51
4,299.695,105.308,95.079,108.75,104.09,106.428,1.151,9.709,109.233,103.461,101.123,95.659,101.32,1.058,11.125
2,299.741,100.347,105.676,1.031,10.248,109.252,92.065,112.487,103.317,116.381,1.004,9.713,98.827,101.022,103.163
3,300.25,105.375,106.671,105.852,0.968,102.181,1.027,104.265,98.986,107.93,110.2,1.046,110.718,0.977,104.77
2,300.365,109.826,100.687,1.066,9.227,97.96,97.18,105.607,111.647,111.173,1.168,10.523,94.57,107.228,113.515
1,300.563,101.344,10.665,10.978,10.238,10.765,113.229,110.658,97.906,10.437,10.455,10.896,10.623,105.024,108.396
2,300.609,102.887,104.06,1.002,10.746,103.646,108.673,99.126,95.819,101.113,1.145,9.477,101.536,98.851,97.318
3,300.709,114.675,105.185,97.513,1.043,93.843,0.955,105.054,101.362,107.188,113.894,0.95,100.521,0.994,102.392
2,300.962,110.884,99.187,1.09,10.8,109.252,101.932,97.69,109.26,115.259,1.122,9.785,109.542,105.94,102.424
4,301.243,96.948,108.433,100.103,107.803,103.306,1.189,10.924,96.104,101.961,104.793,108.406,101.154,1.058,10.433
3,301.652,114.759,103.942,113.235,0.986,107.388,1.071,105.313,113.045,108.998,104.661,0.974,107.446,1.08,94.472
4,301.699,96.909,107.997,113.149,96.883,96.378,1.072,10.649,101.587,98.805,107.306,105.814,93.259,1.177,11.125
1,301.814,111.236,10.409,11.547,10.554,9.896,100.381,100.812,106.016,10.474,10.661,10.344,10.903,101.6,106.978
3,301.868,105.843,111.346,107.88,0.991,109.439,1.111,94.078,112.063,108.841,112.295,0.996,94.142,1.066,93.051
3,301.932,97.28,104.942,113.776,1.108,107.178,0.977,99.949,103.317,99.986,102.977,1.057,98.915,0.961,99.784
1,302.038,105.517,10.21,11.673,9.596,10.717,113.595,114.29,108.587,10.702,10.265,10.264,10.7,108.291,109.544
1,302.362,94.794,10.881,10.555,10.283,10.758,109.885,115.626,96.115,11.233,10.443,9.858,11.027,103.723,100.39
3,302.557,106.943,111.839,113.394,0.985,105.939,0.953,109.457,112.227,113.021,107.617,1.027,97.376,0.951,101.362
4,302.742,102.234,105.87,110.062,111.73,93.62,1.111,9.66,104.996,109.966,107.555,98.97,99.247,1.166,9.566
4,303.032,101.591,105.998,114.512,96.674,107.181,1.13,10.084,102.393,107.86,99.842,101.471,94.044,1.048,10.905
4,303.154,107.83,106.679,111.966,99.773,100.228,1.178,9.837,106.796,100.195,111.078,101.507,93.761,1.018,10.785
3,303.217,99.862,113.918,98.421,1.096,96.25,1.083,97.211,114.977,104.051,103.467,1.025,101.108,0.971,94.908
1,303.258,105.263,11.048,11.711,10.703,10.439,111.742,111.343,95.17,10.119,10.672,9.194,10.6,97.911,101.368
1,303.265,101.841,9.998,10.664,10.049,10.717,99.535,109.012,100.488,9.697,10.655,10.095,11.115,101.055,110.53
2,303.445,109.784,114.448,1.182,9.768,99.368,106.845,111.833,110.391,101.82,1.104,9.489,101.265,105.927,113.24
1,303.621,105.185,11.196,10.521,9.332,10.358,113.753,98.132,96.131,10.664,11.431,9.637,10.019,113.238,104.507
4,303.842,94.75,100.835,116.049,103.347,92.512,1.08,9.574,94.104,101.091,101.669,97.093,106.716,1.145,10.788
3,304.214,113.138,112.502,106.97,1.026,95.856,1.071,92.348,98.476,111.974,106.789,1.071,94.347,1.084,105.749
3,304.324,97.583,114.616,102.292,1.066,98.756,1.041,108.294,110.584,107.755,99.752,1.057,94.316,1.1,102.217
4,304.434,94.654,110.576,105.25,98.616,107.44,1.021,11.235,95.031,94.619,101.413,101.639,105.159,1.022,9.754
4,304.897,98.029,99.937,103.905,103.011,99.886,1.127,10.224,103.165,108.881,108.11,97.335,109.233,1.153,9.532
2,305.038,111.159,103.399,1.136,10.708,105.309,94.656,107.818,102.539,106.288,1.088,10.706,106.076,96.689,113.071
3,305.116,108.055,114.493,110.534,0.982,99.825,1.095,102.989,103.536,102.358,103.818,1.048,110.665,1.013,97.4
2,305.269,112.205,115.778,1.074,10.049,102.916,105.349,107.716,103.997,101.95,1.126,9.599,104.508,101.097,96.415
3,305.295,100.133,105.072,112.894,0.966,107.073,0.991,98.707,113.718,99.589,102.977,1.04,107.435,1.118,103.909
2,305.295,95.363,101.311,1.05,9.338,103.09,91.805,100.019,111.57,116.015,1.18,9.368,106.197,92.328,111.668
1,305.345,100.714,10.737,11.461,10.257,9.612,110.011,103.295,97.707,10.737,10.763,10.326,11.231,115.231,98.983
4,305.55,98.13,101.252,100.913,103.674,103.346,1.02,9.667,101.502,106.798,101.881,98.995,102.365,1.037,10.934
4,305.683,99.947,96.607,117.002,102.286,96.658,1.028,10.862,93.138,97.429,118.127,101.563,98.991,1.08,11.191
3,305.835,100.15,97.496,103.503,1.034,107.315,0.988,104.993,110.174,108.29,113.461,1.029,102.411,1.033,95.002
4,305.869,97.7,95.333,103.848,105.513,109.027,1.083,11.135,94.115,100.835,113.165,94.501,100.641,1.028,9.683
4,305.997,106.091,104.151,106.252,106.561,107.281,1.075,9.563,97.399,111.097,108.894,108.407,93.504,1.162,10.655
1,306.108,107.093,10.654,11.423,9.63,9.878,111.814,102.758,97.476,9.753,10.776,10.556,10.873,106.556,110.796
3,306.215,109.944,108.169,100.562,0.986,94.377,0.98,98.098,114.293,104.736,103.132,0.982,110.629,0.949,94.337
4,306.49,103.271,108.108,108.06,103.138,101.857,1.148,10.866,109.915,110.162,113.055,100.097,95.906,1.058,10.012
4,306.591,95.916,97.809,110.498,94.994,95.181,1.122,9.869,101.981,109.238,100.726,96.276,100.32,1.109,9.937
4,306.65,97.788,100.002,99.9,97.072,93.363,1.123,9.615,98.681,95.336,116.302,98.513,99.56,1.152,9.613
4,306.773,104.459,105.235,101.622,108.162,107.495,1.144,10.9,99.545,111.313,100.692,109.819,100.826,1.156,10.94
4,306.98,99.099,105.978,110.02,104.985,106.888,1.169,10.647,95.118,106.134,106.959,98.462,109.196,1.045,9.931
3,307.176,110.574,111.97,108.155,0.985,100.814,1.076,108.899,103.924,108.419,98.676,1.046,106.116,1.056,98.197
3,307.241,100.032,106.768,111.649,1.11,105.423,1.065,108.802,97.827,102.7,112.54,1.003,97.376,1.001,109.597
3,307.379,109.913,107.036,105.264,1.054,106.997,1.021,97.546,110.438,110.023,112.731,1.078,94.983,0.964,104.99
1,307.497,105.616,11.217,10.376,9.345,10.937,102.831,102.378,109.578,10.83,11.588,9.618,10.767,113.523,104.27
2,307.633,99.246,103.814,1.102,9.329,98.677,101.022,110.556,104.542,106.874,1.07,10.213,97.575,106.765,111.804
1,308.056,104.262,10.04,11.02,10.445,9.832,104.362,108.806,101.322,9.902,11.046,9.643,10.86,110.006,114.86
1,308.111,101.835,11.054,10.172,9.99,10.974,97.856,113.776,97.673,11.389,10.761,10.693,10.02,109.463,105.074
4,308.269,94.553,109.778,105.276,94.607,101.078,1.189,11.0,100.485,105.235,100.921,101.41,101.088,1.021,9.775
1,308.474,110.579,11.299,10.265,9.424,10.088,103.966,98.104,107.035,10.956,10.973,10.21,10.151,101.7,99.827
3,308.564,100.133,111.552,105.684,1.059,104.88,1.056,100.58,106.652,108.994,110.268,1.093,96.835,1.074,106.802
2,308.586,95.363,101.339,1.149,9.388,96.931,107.106,110.751,107.773,102.341,1.019,9.946,108.138,101.07,102.756
3,308.881,113.498,101.522,113.462,0.982,104.156,1.024,93.144,112.747,104.206,102.932,1.095,104.779,1.086,102.886
3,308.948,114.386,103.861,104.525,0.963,94.562,0.971,95.204,107.061,113.154,113.308,1.11,95.424,0.989,106.799
1,309.507,108.244,10.865,11.524,10.815,10.145,112.016,103.338,105.646,10.42,10.222,10.342,10.164,114.292,98.459
2,309.669,106.469,112.501,1.113,9.576,100.345,108.383,101.362,110.703,112.706,1.099,9.704,102.701,105.878,110.793
3,309.724,109.588,114.677,109.244,0.995,97.745,1.075,108.985,105.58,114.179,96.108,1.018,105.195,0.989,101.739
1,309.736,95.868,10.477,10.707,10.344,10.358,112.096,109.688,109.891,10.711,11.147,9.828,10.076,106.272,111.76
3,310.19,106.164,101.538,98.696,1.115,94.58,1.09,98.017,111.294,104.047,114.066,1.021,103.175,0.977,103.64
1,310.59,101.756,9.756,10.987,9.846,9.493,105.2,107.868,108.244,11.101,10.602,10.655,9.568,111.758,111.987
2,310.69,97.589,100.589,1.179,10.096,110.455,100.821,107.371,96.016,105.936,1.099,10.565,106.266,106.868,104.916
1,310.771,106.491,10.219,11.626,10.688,10.394,106.288,107.944,108.82,10.681,10.526,9.787,9.827,106.758,103.428
4,310.826,106.849,95.309,111.114,99.768,98.142,1.108,10.738,102.812,101.633,104.11,102.23,105.238,1.114,9.654
3,311.277,104.273,109.93,104.26,1.077,101.164,1.025,104.551,114.977,104.935,109.375,1.109,106.717,0.951,102.365
1,311.839,106.333,10.868,11.666,10.225,10.891,99.933,112.37,110.506,9.881,11.046,9.512,10.254,99.032,98.029
3,311.901,102.945,114.329,109.385,1.113,108.202,1.086,101.637,101.641,106.102,102.38,1.029,99.614,0.979,99.121
4,312.004,94.82,94.5,110.367,96.495,93.263,1.16,11.031,100.716,94.619,114.149,101.327,99.666,1.179,10.877
4,312.053,98.164,107.152,113.165,102.229,98.632,1.061,10.771,100.305,104.056,102.989,101.04,98.702,1.062,10.43
1,312.323,107.66,11.078,11.375,10.838,10.705,105.263,109.503,111.412,11.141,11.023,10.8,9.715,111.14,97.749
1,312.325,106.039,11.353,11.542,9.783,10.946,113.782,112.134,96.263,10.251,10.137,10.812,10.915,109.794,103.57
1,312.825,110.35,10.908,11.159,10.321,10.25,98.514,108.71,94.645,10.99,11.537,10.247,10.062,111.979,103.887
1,312.85,109.635,10.374,11.355,10.536,10.807,108.516,109.305,103.537,11.074,11.04,9.706,9.508,114.398,100.92
2,313.04,107.438,103.737,1.025,10.264,97.595,95.072,104.628,101.086,103.982,1.001,9.316,100.473,105.306,97.057
2,313.334,101.508,110.612,1.001,10.541,99.643,101.973,109.528,108.636,105.425,1.06,9.422,95.875,100.524,105.917
4,313.743,108.78,94.604,114.623,100.738,101.489,1.146,9.855,97.804,97.19,103.066,97.993,92.509,1.071,10.956
2,313.911,94.421,116.19,1.148,10.147,103.513,102.859,113.462,109.84,102.057,1.038,9.38,94.092,107.107,108.24
2,314.447,95.604,100.869,1.113,10.017,110.201,100.77,113.91,112.201,99.796,1.03,10.078,107.118,91.497,112.365
2,314.951,109.017,111.43,1.115,10.419,100.473,93.816,100.019,102.0,99.242,1.186,10.007,96.667,101.455,104.553
2,315.028,98.366,115.131,1.173,9.662,100.602,106.084,112.543,98.439,100.007,1.055,10.789,93.354,104.564,99.14
4,315.109,95.057,103.711,110.119,95.81,95.537,1.005,10.823,102.103,106.798,104.349,100.816,99.185,1.015,9.723
1,315.123,105.791,10.453,10.404,9.825,10.7,99.618,103.135,110.974,9.607,10.958,9.387,11.162,101.552,111.229
1,315.163,95.217,11.237,10.822,10.842,10.861,97.528,113.801,109.965,10.375,11.813,10.76,10.667,97.88,115.986
4,315.227,102.825,103.045,99.937,104.131,102.398,1.05,9.854,100.708,98.484,117.397,105.162,105.767,1.176,10.804
1,315.811,106.441,10.221,11.769,10.626,11.068,101.62,115.585,98.447,10.196,11.527,9.223,10.679,101.628,106.361
2,316.765,97.233,105.05,1.162,10.24,101.487,103.408,97.46,94.839,106.194,1.118,10.582,93.051,100.821,103.331
4,317.086,102.057,104.039,101.161,101.937,93.671,1.001,9.569,108.337,106.861,106.862,97.422,96.749,1.139,10.262
2,317.158,94.421,99.008,1.145,10.46,109.992,100.598,107.371,104.869,111.106,1.165,10.42,103.957,96.128,110.783
1,317.261,95.584,10.835,11.023,10.821,10.828,110.632,111.436,101.835,10.023,10.34,10.904,9.941,100.956,107.542
1,317.287,109.794,10.181,11.73,9.203,10.309,112.016,107.209,111.275,10.239,11.324,10.154,11.145,106.311,110.658
4,319.502,96.809,97.577,118.599,111.286,108.675,1.1,11.314,108.624,111.029,105.492,103.809,105.73,1.003,9.539
1,319.671,109.208,11.125,10.387,10.587,10.094,105.338,114.78,98.49,10.103,11.418,9.697,11.123,99.397,111.058
2,319.817,96.6,117.093,1.038,9.86,96.309,107.763,112.787,96.438,112.114,1.119,10.778,109.844,103.661,110.074
2,320.022,101.587,105.923,1.164,10.751,96.474,106.6,106.101,101.278,108.906,1.175,9.717,101.034,100.786,112.553
1,320.051,101.896,10.47,10.23,10.733,10.021,97.785,107.552,101.322,10.7,10.691,9.223,10.956,98.66,111.78
4,320.06,108.487,96.118,110.598,97.702,93.504,1.185,10.265,98.736,103.611,111.23,104.06,102.123,1.062,10.119
2,320.284,97.691,112.059,1.0,10.19,93.051,106.82,96.147,97.244,114.126,1.042,10.436,106.293,103.95,98.147
4,320.36,99.171,97.918,104.086,111.106,97.199,1.097,10.185,108.234,98.72,113.337,94.897,99.749,1.187,10.895
4,320.523,107.551,98.998,108.485,102.639,93.042,1.049,9.727,97.082,94.419,102.103,110.318,104.473,1.172,10.072
4,320.722,98.141,106.184,112.051,104.711,99.638,1.08,10.946,96.152,108.393,113.897,105.012,101.581,1.065,9.937
4,320.725,95.755,101.801,101.032,105.754,102.209,1.13,10.645,100.266,102.721,112.81,107.014,93.363,1.026,9.772
1,321.639,98.05,10.642,11.241,9.257,11.112,106.995,109.012,102.519,11.069,11.258,9.842,10.755,114.348,109.692
1,321.681,109.401,10.829,10.879,10.706,11.113,113.219,106.809,106.178,11.24,11.151,9.852,9.911,103.92,99.401
4,322.056,105.506,95.682,105.71,100.32,102.929,1.187,10.419,98.725,108.044,111.191,108.454,106.634,1.109,10.197
4,322.065,97.326,98.882,106.64,102.619,100.105,1.055,11.277,102.307,97.744,110.695,109.159,96.697,1.169,9.793
2,322.105,95.151,102.484,1.18,10.42,95.187,93.517,99.549,111.352,112.041,1.137,9.247,107.698,96.803,96.129
4,322.229,93.171,110.744,118.496,109.821,107.25,1.018,10.511,101.453,107.983,105.144,100.094,99.957,1.022,10.578
4,322.58,100.176,99.136,110.941,107.264,105.382,1.151,10.663,108.194,105.476,118.623,95.659,92.414,1.034,11.11
2,322.669,96.132,116.031,1.07,9.956,105.83,99.342,110.302,98.153,110.732,1.144,9.851,103.772,100.341,112.712
2,323.047,102.45,100.045,1.108,9.806,100.526,98.2,109.988,99.185,104.482,1.175,9.928,104.758,95.927,101.409
4,323.136,105.308,98.815,104.504,94.897,93.464,1.074,11.085,98.356,94.908,110.567,107.133,94.819,1.086,9.725
4,323.879,103.619,94.244,107.923,111.476,107.274,1.183,9.967,93.895,98.118,99.842,98.616,108.431,1.093,9.911
2,323.904,94.591,111.826,1.004,9.848,106.827,93.963,99.471,106.832,114.999,1.174,10.175,95.326,103.883,108.856
4,323.947,100.281,102.174,106.135,96.417,98.886,1.051,11.195,94.883,107.32,103.907,96.87,94.965,1.15,9.66
2,324.776,103.969,113.661,1.032,10.288,103.957,92.995,104.041,101.063,103.626,1.071,10.045,101.349,92.278,98.295
4,325.074,104.929,103.217,101.676,94.68,102.178,1.038,10.091,108.802,99.378,117.002,102.148,108.412,1.09,10.116
2,325.253,95.391,101.895,1.081,9.254,97.918,107.615,97.632,103.444,108.011,1.182,9.923,96.873,94.692,99.471
2,325.776,104.611,105.258,1.058,10.588,108.205,96.696,100.363,98.307,112.586,1.162,9.589,101.331,108.684,97.538
2,326.2,100.355,106.268,1.091,9.637,96.783,100.845,110.848,104.956,99.779,1.01,10.474,95.143,103.254,113.082
4,326.818,105.899,96.712,118.496,95.578,97.399,1.056,11.282,106.849,101.489,102.182,102.383,99.453,1.001,10.073
2,327.521,100.347,116.593,1.157,10.505,100.994,96.97,108.976,100.104,102.332,1.138,9.333,106.835,106.868,105.203
4,327.69,102.986,97.057,104.876,94.353,95.181,1.169,10.327,94.971,108.393,105.053,108.351,93.658,1.106,10.094
4,327.97,97.051,111.315,107.806,105.949,95.173,1.115,10.134,100.348,100.661,100.722,108.634,104.558,1.172,9.855
4,328.475,106.422,102.278,114.891,102.622,100.088,1.149,10.683,99.541,111.252,112.414,104.624,97.576,1.128,9.815
4,329.941,106.091,110.48,102.399,99.148,104.838,1.152,9.593,95.655,97.788,101.881,111.034,106.965,1.163,9.791
4,330.61,104.75,108.108,103.469,98.814,99.882,1.114,10.006,102.162,109.982,101.757,104.09,107.516,1.062,10.255
4,331.168,99.482,97.663,103.496,96.839,93.543,1.122,9.756,104.506,108.964,108.888,108.426,99.709,1.055,10.822
4,331.989,105.495,102.995,105.677,101.737,106.422,1.185,11.029,100.141,100.735,111.026,96.068,95.791,1.135,10.567
4,332.149,99.545,103.994,113.198,99.227,108.242,1.015,10.079,98.681,101.899,101.391,100.798,100.572,1.043,11.044
4,332.469,94.258,109.755,104.708,102.656,105.851,1.151,10.235,104.42,103.618,110.141,106.041,108.119,1.024,9.962
4,334.502,102.163,110.538,112.7,99.208,101.034,1.175,10.124,102.088,100.699,117.839,99.762,103.995,1.13,9.911
4,334.677,93.216,100.558,101.267,108.265,105.999,1.076,10.498,97.699,105.265,113.021,103.32,97.848,1.033,10.934
4,337.01,101.458,102.775,106.779,109.854,99.066,1.005,10.692,106.404,97.744,105.144,96.961,105.708,1.049,10.508
4,337.164,104.245,97.663,105.79,111.165,105.073,1.033,10.441,104.921,110.911,105.368,93.978,100.387,1.014,10.906
4,337.379,105.907,101.756,105.686,105.241,106.033,1.07,10.72,109.229,97.664,113.367,100.4,105.886,1.009,9.83
4,337.778,103.985,96.961,112.822,110.318,98.632,1.023,9.518,108.554,98.562,102.244,106.651,99.966,1.157,9.645
4,338.432,101.502,94.244,111.671,98.233,92.512,1.093,10.979,95.031,110.986,114.944,95.44,94.644,1.082,9.99
4,339.25,97.35,101.483,104.621,106.376,94.409,1.055,10.751,92.661,100.712,116.516,96.674,100.435,1.13,10.991
4,340.129,108.175,101.639,109.067,109.244,104.565,1.029,9.812,99.343,97.809,104.65,96.344,105.539,1.084,10.337
4,340.216,96.41,110.708,100.436,95.502,107.48,1.151,9.808,103.932,104.761,113.914,100.643,107.805,1.134,11.216
