task_type,arrival_time,est_m1,est_m2,est_m3,est_m4,est_m5,est_m6,est_m7,est_m8,ext_m1-1,ext_m2-1,ext_m3-1,ext_m4-1,ext_m5-1,ext_m6-1,ext_m7-1,ext_m8-1
T4,0.172,117.68,1.07,109.42,1.07,0.98,107.1,112.35,0.93,110.31,1.08,94.9,1.06,1.09,100.07,96.67,1.09
T1,0.221,114.06,1.02,100.1,0.95,1.14,102.63,99.74,1.02,113.18,1.08,101.9,0.99,1.01,100.55,107.71,1.04
T4,0.278,113.02,1.09,109.52,1.1,1.0,110.91,104.87,1.04,111.13,1.06,98.24,1.11,1.04,100.02,100.89,0.97
T1,0.512,102.56,1.08,102.99,1.01,1.05,104.72,103.78,1.13,105.58,0.99,102.16,1.02,1.1,110.13,110.08,1.0
T4,1.197,117.53,1.06,104.87,1.04,0.95,114.27,113.29,1.08,104.74,1.0,96.7,0.98,1.13,102.45,111.77,0.93
T3,1.232,99.47,1.03,102.74,1.02,1.08,97.14,110.58,1.17,102.48,1.0,109.8,1.04,1.05,108.72,115.8,1.03
T2,1.502,100.93,0.99,109.61,1.05,1.01,97.34,106.04,1.05,108.89,1.11,114.32,1.04,1.07,112.06,107.25,1.07
T1,1.549,103.83,1.15,104.06,0.94,0.99,96.41,104.85,1.08,114.98,1.12,112.53,0.99,1.14,96.57,116.17,1.18
T3,1.552,92.95,1.0,108.73,0.96,0.96,97.83,112.14,1.1,95.76,1.15,112.17,1.08,0.94,111.99,109.5,1.02
T1,1.755,105.59,1.1,103.14,0.94,1.1,107.34,106.34,1.09,108.52,1.07,110.45,1.1,0.97,111.48,108.43,1.14
T1,1.763,109.8,1.1,104.18,1.09,1.12,107.23,104.39,1.03,112.44,1.14,105.65,0.96,1.04,111.83,107.32,1.06
T2,1.972,101.54,0.97,107.98,0.92,0.99,113.91,106.52,1.02,92.49,1.11,117.16,1.07,1.0,98.19,100.54,1.02
T3,2.043,105.33,1.16,106.16,0.93,0.98,104.29,106.11,1.05,103.96,1.01,109.26,1.01,0.97,114.75,114.0,1.05
T4,2.189,106.78,1.0,101.53,1.02,0.95,109.26,105.99,0.93,116.86,1.01,95.8,1.01,1.0,99.28,110.1,1.02
T1,2.259,114.92,1.07,109.19,1.06,1.13,107.72,114.24,1.15,115.22,1.14,109.51,0.97,1.0,104.57,114.53,1.14
T2,2.27,105.54,1.06,107.84,0.95,0.95,99.94,103.73,1.05,98.63,1.01,106.81,1.05,1.07,113.68,99.6,1.08
T3,2.382,104.46,1.0,110.76,1.02,0.97,100.3,117.1,1.15,99.43,1.17,108.54,1.02,1.04,104.45,114.14,1.14
T4,2.778,118.78,0.97,96.78,1.03,1.01,97.8,110.37,0.98,111.68,1.04,102.44,1.1,0.97,110.16,108.93,0.98
T3,3.06,108.06,1.03,100.29,1.02,1.01,97.41,104.75,1.15,109.22,1.09,102.4,0.95,0.96,109.17,113.88,1.13
T1,3.062,104.41,1.14,102.1,0.95,1.03,110.27,106.6,1.15,99.57,1.01,102.16,1.09,1.01,103.62,101.76,1.04
T2,3.273,97.14,0.99,110.64,1.01,1.09,108.05,109.82,1.08,100.73,0.98,112.17,0.98,0.92,104.54,102.42,1.02
T4,3.334,114.0,0.98,95.77,1.13,1.01,114.66,105.15,1.06,101.92,1.12,104.09,0.99,0.99,107.68,97.14,0.96
T2,3.382,106.26,1.03,104.84,0.92,0.97,105.24,110.39,1.12,94.99,1.03,116.56,1.06,1.02,104.98,102.92,1.11
T3,3.765,104.79,1.01,103.95,1.09,1.02,109.18,100.68,1.07,97.11,1.06,109.35,1.06,0.94,102.17,108.57,1.15
T1,3.779,102.67,0.98,109.19,0.94,1.06,109.78,115.15,1.0,109.87,1.1,101.48,0.95,1.07,101.92,99.31,1.02
T1,3.845,98.16,1.05,102.2,1.06,1.14,111.44,104.21,1.07,114.69,1.14,106.42,0.96,1.07,107.75,104.03,1.1
T1,3.958,111.2,1.08,107.41,1.05,1.14,105.88,114.74,1.12,100.67,1.1,102.79,1.07,1.14,114.25,100.54,1.15
T3,3.967,101.01,1.1,108.37,1.08,0.97,99.37,103.3,1.07,105.61,1.11,103.0,0.94,0.96,107.21,105.09,1.17
T1,4.077,114.58,1.14,105.84,1.07,1.04,104.11,113.64,1.08,113.91,1.13,102.96,1.06,1.14,100.44,99.74,1.12
T3,4.121,105.25,1.15,110.35,0.99,0.97,101.95,111.08,1.11,98.89,1.11,100.39,0.93,1.03,103.1,117.46,1.16
T2,4.415,94.44,1.05,114.28,0.96,1.07,109.45,105.57,1.07,102.82,1.11,99.91,1.05,1.03,115.1,110.79,1.0
T1,4.498,104.41,1.11,104.11,1.07,1.15,96.57,115.4,1.1,100.96,1.13,102.96,0.98,1.07,101.3,106.77,1.16
T4,4.636,114.8,0.98,99.08,1.15,1.01,102.86,104.95,1.02,117.24,0.96,107.43,1.12,0.97,107.2,103.3,1.03
T2,5.048,93.93,0.97,103.56,0.91,0.96,108.84,96.05,1.03,108.89,1.11,106.1,0.96,1.0,97.29,103.69,1.09
T1,5.067,103.89,1.12,107.73,1.07,1.1,102.23,107.14,1.11,99.0,1.02,108.78,1.0,1.14,103.3,100.79,1.03
T1,5.195,112.66,1.03,102.96,1.0,1.04,97.27,110.6,1.13,104.33,0.99,111.07,0.94,1.03,110.63,114.24,1.07
T3,5.2,104.99,1.16,96.93,1.05,1.0,103.01,101.48,1.16,98.39,1.03,103.49,1.02,0.95,107.98,115.43,1.17
T3,5.302,98.19,1.11,113.24,0.99,0.99,104.28,116.51,1.14,102.47,1.14,104.14,1.07,1.06,97.27,106.15,1.13
T4,5.49,102.74,0.96,95.72,1.13,1.09,100.32,103.79,1.0,106.06,1.1,94.95,1.04,1.03,108.19,110.48,0.98
T2,5.529,107.91,1.09,100.04,0.97,1.08,104.65,105.57,1.05,100.95,1.1,110.88,1.02,0.94,100.18,105.53,1.11
T4,5.61,118.38,1.0,101.08,1.0,1.09,98.15,107.23,1.06,104.12,1.12,101.41,1.08,0.99,100.04,112.06,0.96
T4,5.707,105.54,1.02,111.64,0.99,0.96,97.28,105.98,1.09,111.77,1.09,106.79,1.12,1.09,108.9,111.96,0.99
T4,6.05,113.36,0.99,110.96,1.14,1.04,102.07,105.02,0.93,114.39,0.95,98.46,1.09,1.09,97.76,111.68,1.01
T4,6.342,116.22,0.99,95.8,1.1,0.98,108.43,101.14,1.04,108.82,1.1,102.75,1.02,1.05,105.29,110.86,1.02
T2,6.669,97.57,1.1,105.1,0.97,0.93,111.0,97.18,0.96,93.58,0.97,111.74,1.05,1.04,104.9,113.11,0.97
T4,6.857,106.85,1.1,109.42,1.0,0.95,99.08,104.25,0.94,113.66,1.11,109.22,1.1,1.0,99.61,106.07,1.01
T3,6.877,102.86,1.13,108.86,0.94,1.11,101.99,115.11,1.12,93.12,1.03,106.6,1.07,0.93,108.36,103.71,1.1
T4,6.952,104.03,0.97,109.87,1.04,1.1,114.58,104.56,0.93,113.9,1.02,95.82,1.13,1.05,100.51,103.65,1.06
T1,6.983,97.81,1.01,98.16,1.08,1.06,108.26,97.87,1.12,114.21,1.08,101.88,1.08,1.06,102.76,107.82,1.16
T2,7.186,109.05,1.08,116.28,0.94,0.96,112.44,108.27,0.97,106.9,0.96,105.57,1.03,1.08,103.11,105.75,1.02
T3,7.214,103.32,1.12,111.19,1.05,1.11,101.47,108.98,1.07,103.29,1.17,96.13,0.96,1.08,98.98,105.7,1.17
T3,7.643,100.09,1.04,101.07,1.06,1.05,98.77,111.59,1.05,108.53,1.03,97.57,1.03,0.96,103.96,111.08,1.08
T4,7.648,119.05,0.97,106.31,1.07,1.01,113.46,102.42,1.09,116.94,0.99,100.78,1.0,0.97,99.55,99.73,0.97
T3,7.804,98.02,1.14,109.57,0.97,1.09,106.78,116.74,1.02,105.45,1.1,103.88,1.06,1.02,100.5,108.99,1.05
T2,7.896,94.82,1.02,101.82,0.92,1.07,100.76,107.04,1.1,97.53,1.03,111.26,0.95,1.01,103.46,104.58,0.99
T4,8.027,102.64,1.05,111.69,1.0,1.11,99.95,103.81,1.04,112.13,0.97,106.39,1.1,1.05,98.25,110.48,0.98
T3,8.061,106.72,1.17,107.9,0.99,1.06,104.55,105.3,1.02,106.32,1.16,113.29,1.08,0.94,103.91,111.65,1.13
T1,8.102,114.32,1.01,112.94,0.94,1.09,113.17,99.36,1.08,110.65,1.01,97.28,0.94,1.11,105.73,109.84,1.17
T3,8.167,102.27,1.03,111.0,0.95,1.06,112.07,113.76,1.0,98.88,1.05,112.98,0.95,1.03,110.3,108.99,1.05
T3,8.329,98.66,1.15,108.54,0.95,1.08,105.04,104.42,1.15,102.89,1.09,111.56,1.03,0.93,108.3,113.23,1.13
T4,8.534,103.27,1.06,100.62,1.0,1.12,108.79,100.11,0.99,104.67,0.96,102.79,1.0,1.03,105.35,110.48,0.99
T1,8.806,99.79,0.98,99.84,1.01,0.99,104.82,103.84,1.1,98.36,0.99,100.7,1.1,1.15,96.66,97.88,1.14
T1,9.092,109.01,1.0,107.17,1.06,1.01,98.19,108.29,1.18,103.01,1.15,109.36,1.03,0.98,108.92,103.03,1.06
T1,9.103,104.44,0.99,108.29,0.98,1.14,98.59,113.48,1.0,99.57,1.06,104.69,1.0,1.12,103.86,108.41,1.09
T4,9.156,103.3,0.97,110.55,1.03,0.99,112.33,113.11,1.06,114.38,1.06,108.51,1.09,1.01,112.71,112.53,1.09
T1,9.18,106.08,1.13,107.5,0.96,1.1,103.52,97.78,1.13,101.1,1.07,115.09,1.07,1.02,106.33,103.89,1.07
T2,9.401,102.84,1.01,115.93,1.01,1.01,103.4,102.26,1.09,94.85,0.95,108.56,0.92,1.04,111.85,96.16,0.97
T3,9.711,104.89,1.12,98.32,1.05,1.1,103.05,110.9,1.09,105.19,1.03,104.31,1.05,1.04,96.96,111.46,1.17
T4,9.927,119.03,0.94,98.02,1.13,1.09,97.45,103.66,0.94,117.27,1.11,108.31,1.1,1.04,108.69,113.85,1.02
T1,9.941,98.0,1.04,97.6,0.95,1.04,97.24,105.51,1.05,114.76,1.13,110.48,1.1,1.02,108.28,103.02,1.01
T1,10.168,103.56,1.14,113.34,0.99,0.98,98.3,105.84,1.03,107.19,1.08,109.09,0.96,0.99,109.18,104.77,1.14
T3,10.561,107.58,1.01,106.58,1.01,0.99,99.16,104.48,1.18,93.63,1.04,110.28,0.98,0.96,107.03,102.06,1.09
T4,10.612,108.62,1.03,94.45,1.08,1.05,107.01,105.88,1.09,117.29,0.95,110.05,1.12,1.02,100.87,104.11,0.94
T4,10.732,118.78,1.1,111.52,1.13,1.02,100.32,101.57,1.05,113.65,1.07,108.42,1.1,1.13,102.84,107.28,1.01
T4,10.807,114.37,0.99,94.48,1.14,1.02,102.12,99.51,0.93,112.37,0.97,103.33,1.02,0.97,97.12,104.88,1.01
T2,10.867,97.72,1.03,114.25,1.07,1.09,100.28,104.07,0.98,98.75,0.95,99.89,0.93,0.98,111.88,104.5,1.09
T4,10.974,101.79,1.05,97.0,1.03,1.0,99.63,113.52,1.05,111.97,1.08,105.22,1.1,1.03,99.44,113.4,0.94
T4,10.979,105.46,1.02,100.88,1.09,0.97,105.19,99.77,0.93,108.82,1.08,103.5,0.97,1.0,101.93,99.21,0.96
T2,11.221,99.75,0.97,102.15,0.97,0.95,98.0,107.02,1.1,100.25,0.96,103.53,0.95,1.08,107.94,102.73,1.03
T1,11.227,114.34,1.01,109.3,1.05,1.0,114.5,107.18,1.11,114.09,0.99,114.16,1.1,1.1,98.91,106.33,1.02
T4,11.247,100.94,1.03,110.76,1.14,1.09,102.25,103.5,0.94,101.92,0.99,95.8,1.07,0.96,110.16,105.37,1.03
T1,11.265,104.42,1.03,113.84,1.06,1.13,106.84,103.06,1.06,100.58,1.1,98.33,1.0,1.14,106.74,109.3,1.14
T3,11.288,106.0,1.06,108.4,1.04,1.05,107.54,107.06,1.06,103.64,1.08,99.47,1.1,1.08,105.41,113.47,1.05
T4,11.342,106.28,1.0,111.7,1.12,1.11,100.48,113.91,0.98,107.86,0.98,95.71,1.09,1.01,107.36,110.17,1.0
T3,11.48,92.66,1.08,109.49,1.01,1.04,111.93,105.35,1.1,92.72,1.02,104.49,1.04,1.07,104.64,103.71,1.06
T4,11.811,108.55,1.02,103.33,0.99,1.02,103.39,105.59,0.99,108.05,0.94,102.54,1.01,1.12,101.56,110.08,1.01
T1,11.937,104.34,0.98,102.28,1.01,0.97,106.46,114.24,1.17,109.89,1.08,111.22,1.08,1.0,105.25,110.52,1.11
T3,12.145,104.46,1.07,112.91,1.01,1.1,105.9,114.16,1.08,102.51,1.12,103.83,1.04,1.06,103.43,100.75,1.02
T2,12.25,93.34,1.01,101.36,1.05,1.09,109.11,100.43,0.97,108.23,1.06,105.37,1.05,1.02,112.58,106.24,1.08
T3,12.339,92.39,1.07,98.8,1.0,1.09,105.5,116.5,1.12,93.45,1.1,96.92,0.94,0.96,100.03,113.76,1.06
T3,12.464,103.15,1.1,107.05,1.03,1.04,100.62,102.21,1.08,105.5,1.08,100.83,0.93,1.01,106.3,113.6,1.08
T2,12.751,103.7,1.1,109.61,1.0,1.04,103.42,105.71,0.95,95.63,1.03,109.96,0.97,0.98,107.46,103.23,1.01
T3,12.834,93.07,1.01,105.2,1.09,1.05,103.88,100.75,1.02,96.05,1.15,103.49,1.04,1.09,109.25,103.49,1.03
T4,12.978,112.77,1.1,101.46,1.05,1.05,110.16,113.58,1.07,101.92,1.01,106.48,1.03,1.03,106.27,104.75,0.93
T4,13.113,113.68,1.11,104.88,1.12,1.0,111.34,114.1,1.0,113.63,0.99,100.39,0.98,1.07,113.47,96.68,0.93
T1,13.147,112.59,1.06,97.9,1.01,1.09,108.13,99.53,1.06,106.62,0.99,102.62,0.95,1.06,97.71,113.33,1.14
T4,13.199,113.99,1.01,104.47,0.98,0.96,102.36,98.69,0.94,112.96,1.11,99.63,1.06,1.02,113.1,105.48,1.0
T3,13.23,102.63,1.11,112.21,0.93,0.93,111.06,99.58,1.1,99.42,1.02,110.96,1.02,1.1,104.39,101.96,1.07
T2,13.24,102.58,1.07,104.51,1.01,1.0,111.37,103.56,1.1,109.14,1.09,113.22,0.99,1.08,113.91,106.69,1.02
T1,13.308,102.77,1.16,108.23,0.95,1.14,103.73,103.34,1.03,106.08,1.0,105.81,1.08,1.01,96.44,108.22,1.1
T4,13.343,105.15,1.03,107.44,1.13,1.03,112.26,104.67,0.98,107.38,0.96,108.16,1.09,0.97,99.59,113.14,1.01
T1,13.649,103.0,1.03,105.6,1.02,1.08,106.43,103.61,1.17,111.05,1.1,108.66,0.93,1.1,107.87,111.29,1.08
T3,13.85,105.0,1.05,97.82,0.92,1.07,100.34,113.22,1.16,104.35,1.05,104.56,1.08,0.96,106.98,107.15,1.0
T2,14.572,96.32,1.11,117.09,0.97,1.04,103.5,100.79,0.98,108.38,0.99,109.23,0.99,0.97,101.49,101.23,0.97
T2,14.648,96.34,1.07,112.89,1.02,1.0,100.56,95.83,1.11,104.1,1.11,116.65,1.04,1.07,97.76,96.52,0.96
T3,15.277,94.01,1.17,110.18,1.01,1.1,103.42,115.07,1.17,103.53,1.15,110.53,1.0,0.97,106.11,103.29,1.02
T2,15.305,97.57,0.98,110.76,1.0,0.98,110.1,103.63,1.08,97.27,0.96,113.1,1.0,1.06,108.57,97.2,1.0
T4,15.514,106.72,1.08,106.71,0.99,1.05,114.75,110.16,0.99,118.24,1.03,110.33,1.12,1.1,105.92,111.54,0.96
T3,15.623,104.54,1.11,102.98,1.07,0.95,110.76,112.73,1.18,98.46,1.17,101.82,1.04,0.94,98.98,114.2,1.05
T3,15.97,95.53,1.18,101.89,1.07,0.98,113.68,117.66,1.06,100.35,1.15,106.93,0.99,0.94,108.69,115.37,1.09
T2,15.981,102.45,0.98,102.16,1.06,0.99,113.97,109.21,0.98,99.36,1.02,102.59,0.94,0.98,107.94,105.06,1.05
T3,16.0,104.99,1.15,113.54,1.06,0.94,106.96,103.2,1.13,107.49,1.11,98.57,1.0,0.96,112.66,114.15,1.05
T2,16.205,105.54,1.07,114.99,1.0,1.08,104.18,108.31,1.02,98.32,1.06,100.68,0.93,0.93,111.58,111.45,1.06
T3,16.418,103.79,1.1,110.34,0.99,0.96,106.05,99.73,1.03,98.66,1.11,109.72,1.07,1.05,107.97,114.43,1.09
T2,16.484,93.04,1.04,100.16,1.01,0.98,98.82,110.85,1.11,103.08,1.09,99.52,1.05,1.08,104.02,111.71,0.96
T4,16.687,101.92,1.0,101.73,1.01,1.07,97.45,103.69,0.96,111.54,0.96,107.54,1.14,1.13,106.09,110.21,1.06
T1,16.763,113.91,1.05,108.58,0.98,1.09,96.98,110.79,1.07,97.7,0.98,102.74,1.06,1.02,106.29,106.14,1.02
T4,17.144,113.74,1.05,95.06,1.14,1.02,101.09,113.03,0.93,105.47,0.98,106.44,1.08,1.11,105.33,112.2,1.05
T2,17.285,98.42,1.02,100.6,0.94,0.94,107.13,108.98,1.07,93.22,1.04,103.95,1.08,0.96,108.22,96.4,0.96
T4,17.486,103.1,1.02,96.72,0.98,1.1,99.3,113.14,1.04,118.48,1.06,109.88,1.07,1.09,98.32,106.81,0.92
T2,17.561,106.5,0.95,103.27,1.02,0.97,113.98,99.56,1.06,109.34,1.03,111.13,1.06,0.98,100.65,105.03,1.12
T2,17.577,102.97,0.95,100.4,0.99,0.96,110.06,106.96,0.98,108.6,1.1,112.11,0.96,1.08,98.14,106.86,1.06
T4,17.611,117.46,1.07,99.05,0.98,0.97,111.71,99.22,1.04,100.23,1.03,105.81,1.05,0.95,104.81,108.9,1.09
T2,17.66,96.01,1.09,104.4,1.05,0.95,106.11,99.64,0.97,101.43,0.96,109.87,1.03,1.02,98.65,101.23,1.09
T4,17.815,111.12,1.04,111.94,0.99,1.04,106.74,110.98,1.09,111.73,0.95,111.66,0.99,1.04,105.25,103.54,0.96
T2,17.963,97.26,1.09,115.77,1.06,1.03,98.49,110.0,1.0,97.07,0.96,105.37,1.08,1.09,101.67,109.63,0.95
T3,17.97,109.35,1.01,96.52,1.05,0.94,104.78,109.3,1.09,109.39,1.12,110.97,1.05,1.0,105.21,100.37,1.07
T1,18.088,110.72,1.07,108.9,1.03,1.11,106.84,115.27,1.18,109.48,0.98,108.76,0.97,0.99,103.06,108.53,1.09
T3,18.132,101.16,1.0,108.32,0.96,0.96,105.5,107.67,1.06,102.16,1.03,108.75,1.05,1.03,110.3,111.21,1.17
T3,18.135,96.2,1.15,111.16,0.96,0.95,107.49,113.5,1.03,102.48,1.11,109.88,1.0,0.96,99.27,117.1,1.08
T4,18.407,106.17,1.12,98.55,1.01,1.05,106.27,113.36,1.05,116.5,1.06,95.14,1.05,1.06,101.92,112.87,0.93
T4,18.671,101.09,1.08,94.75,1.0,0.95,102.9,104.14,1.02,110.48,1.1,109.52,1.1,0.99,109.22,112.19,1.04
T1,18.677,104.58,0.98,101.67,1.08,1.1,100.36,98.77,1.14,101.1,1.02,106.84,0.98,1.01,105.65,98.38,1.11
T1,18.749,103.63,1.0,110.7,0.97,1.07,104.69,100.15,1.17,111.55,1.01,108.03,0.99,1.12,109.71,111.84,1.15
T2,18.778,100.56,1.07,112.18,1.08,1.09,107.78,102.29,0.96,99.13,1.07,108.44,1.05,0.94,101.41,113.22,0.96
T2,18.854,95.67,1.01,103.18,0.99,1.08,104.02,100.83,1.01,108.02,1.1,112.85,0.93,1.05,111.17,104.05,1.09
T1,19.12,99.23,1.01,103.18,1.08,0.98,112.18,98.37,1.15,114.53,1.13,110.26,1.0,1.01,106.03,100.75,1.12
T4,19.455,100.33,1.11,98.75,1.04,1.02,113.0,109.24,0.98,116.32,0.95,98.34,1.12,1.11,104.44,105.73,1.02
T1,19.679,105.09,1.15,107.13,1.02,1.09,111.45,104.03,1.18,109.01,1.05,98.14,0.97,0.98,103.59,104.06,1.18
T1,19.854,103.08,1.0,99.24,0.97,1.14,107.9,108.27,1.03,107.71,1.01,100.23,1.05,1.01,102.98,102.23,1.03
T4,19.943,115.62,1.0,107.67,1.01,1.13,113.21,106.7,0.98,114.36,1.02,97.66,1.0,0.99,112.58,114.34,0.99
T2,20.023,95.14,1.03,108.85,1.06,1.06,112.0,104.82,1.01,96.73,1.09,100.25,0.97,1.01,99.6,103.61,0.96
T2,20.157,102.01,1.1,108.04,1.01,1.07,100.33,103.24,1.13,105.25,1.0,111.48,0.91,1.01,98.76,98.76,1.03
T1,20.443,103.27,1.12,115.59,1.1,1.01,98.51,106.49,1.14,100.4,1.06,99.5,1.1,1.09,104.72,102.33,1.17
T2,20.49,105.32,1.06,115.26,0.94,1.02,105.98,107.67,1.04,94.89,1.09,110.86,1.07,1.03,115.1,109.33,0.99
T2,20.556,105.26,0.97,100.66,0.98,1.02,101.94,98.76,1.05,109.04,1.09,110.21,0.99,1.06,105.4,96.52,1.04
T1,20.576,101.95,1.08,97.9,0.95,1.07,97.3,99.59,1.17,113.38,1.07,98.48,1.09,1.14,96.89,110.9,1.09
T1,20.588,111.0,0.99,113.05,1.03,1.06,101.88,115.27,1.13,105.02,1.08,115.25,1.02,1.12,111.69,102.84,1.03
T1,20.899,103.26,1.09,113.82,1.02,1.04,108.68,105.94,1.16,112.53,1.13,97.7,1.02,1.15,110.48,103.41,1.08
T3,20.982,106.89,1.16,111.65,0.94,1.08,108.8,107.46,1.09,96.1,1.17,105.07,1.0,1.0,113.68,111.24,1.13
T1,21.256,99.0,1.08,110.94,0.99,1.01,106.87,103.43,1.07,108.7,1.07,107.91,0.99,1.01,110.27,110.62,1.0
T3,21.365,98.47,1.0,96.78,0.99,0.94,99.66,99.74,1.18,100.28,1.05,106.0,1.09,1.09,103.48,103.89,1.04
T3,21.407,98.32,1.17,105.38,0.94,0.98,112.75,102.4,1.0,97.78,1.06,98.62,0.96,0.95,108.16,104.89,1.15
T4,21.656,116.28,1.04,99.09,1.07,0.98,115.06,108.76,1.08,112.06,0.97,97.48,1.1,1.02,112.28,103.68,1.09
T4,21.756,110.32,1.06,99.82,1.05,0.96,112.05,97.77,1.06,114.88,0.94,107.54,0.97,1.09,99.17,97.43,1.01
T1,21.776,101.74,1.12,109.37,0.96,1.02,110.13,110.62,1.15,107.66,1.1,115.4,0.97,1.14,101.74,105.87,1.14
T3,21.787,96.82,1.06,114.16,1.07,1.1,108.3,111.65,1.07,105.03,1.12,98.4,0.98,1.03,109.03,107.74,1.01
T3,21.883,94.28,1.14,101.06,0.94,1.02,99.73,110.59,1.09,104.27,1.08,98.19,1.07,1.04,98.79,114.56,1.15
T2,22.505,105.82,0.94,99.56,1.0,1.05,106.22,112.24,1.03,96.95,0.97,102.11,1.0,1.0,109.76,111.76,0.97
T4,23.115,104.33,1.09,96.27,1.13,1.11,100.21,114.08,1.08,108.43,0.98,99.84,0.98,1.06,103.57,105.53,1.06
T4,23.233,103.06,1.1,97.76,0.99,1.1,102.24,98.44,1.03,103.22,0.97,110.24,1.0,1.0,111.87,113.89,1.06
T2,23.325,102.48,1.09,114.72,0.97,0.96,107.98,111.19,1.0,94.82,1.0,106.99,1.08,0.94,100.78,107.8,0.96
T3,23.621,101.31,1.14,100.55,1.09,1.06,97.76,99.52,1.15,94.28,1.08,98.0,1.0,0.97,99.2,114.54,1.1
T4,23.774,115.1,0.96,106.98,1.0,1.05,106.76,98.56,0.94,107.87,1.03,109.18,1.11,1.07,108.92,101.25,1.04
T1,23.775,99.94,0.98,112.94,1.08,1.13,108.66,106.38,1.1,106.91,1.01,114.3,1.08,1.14,98.54,99.63,1.06
T4,23.8,108.31,1.1,105.88,1.1,0.96,112.83,108.76,0.95,116.16,1.1,106.98,1.02,1.09,111.18,100.5,1.01
T2,24.331,95.88,1.08,111.64,1.04,1.02,104.17,100.51,1.06,97.5,1.05,103.44,1.06,1.03,99.94,97.96,1.06
T4,24.436,109.39,0.95,107.76,1.03,1.12,113.07,113.92,0.98,117.88,1.1,105.53,1.02,1.11,112.56,97.43,1.04
T3,24.491,92.8,1.0,110.43,1.09,1.06,96.96,117.17,1.08,102.73,1.08,105.38,1.02,0.97,97.83,109.89,1.17
T4,24.71,101.08,1.05,106.17,1.04,1.09,108.28,103.93,1.02,103.88,1.04,100.27,1.1,1.04,103.91,108.85,1.02
T1,24.954,97.64,1.02,103.81,1.01,1.11,98.98,107.4,1.14,107.61,0.99,100.94,0.95,1.1,111.29,99.05,1.1
T3,25.359,96.69,1.0,110.92,1.05,1.04,102.06,110.02,1.0,103.63,1.01,106.78,1.09,1.1,102.3,114.29,1.02
T2,25.652,104.72,1.03,101.26,1.0,1.02,109.05,97.86,0.97,97.76,1.1,101.71,1.07,1.06,105.52,105.57,1.04
T1,25.657,111.22,1.01,104.66,0.99,0.98,113.96,106.78,1.16,108.87,1.0,100.3,0.97,1.03,96.94,113.55,1.0
T4,25.663,115.81,1.05,95.06,1.03,0.98,105.74,107.84,0.96,111.88,1.06,95.48,1.05,0.99,96.82,105.99,1.04
T4,25.669,116.0,1.08,103.23,1.01,0.96,106.51,99.5,1.04,114.23,0.96,94.54,1.12,1.03,111.87,111.3,0.95
T4,26.062,104.33,0.98,110.98,1.1,1.07,111.44,106.47,0.96,113.82,1.08,100.92,1.02,1.09,106.54,113.08,1.07
T4,26.123,107.88,0.99,100.92,1.0,0.95,107.36,109.19,0.94,111.87,1.01,104.93,1.13,0.97,106.18,111.5,1.0
T4,26.205,112.57,1.02,111.29,1.07,0.99,104.36,101.57,1.02,105.2,0.96,105.0,0.97,1.04,112.9,109.86,1.09
T2,26.78,96.74,1.06,116.13,1.07,1.03,104.65,109.39,0.97,92.64,0.98,110.08,1.02,1.05,98.33,105.48,1.11
T1,26.857,98.77,1.14,102.96,1.06,1.02,113.23,114.7,1.15,114.76,1.13,106.69,1.07,1.06,112.77,105.6,1.01
T1,27.114,106.34,1.0,104.18,1.04,1.08,114.36,113.99,1.05,102.38,1.03,114.62,1.1,1.11,105.96,111.2,1.11
T4,27.231,111.13,1.0,110.33,1.01,1.05,112.92,105.55,1.02,105.74,0.96,105.56,1.14,1.01,112.92,97.46,0.93
T1,27.241,97.76,1.11,109.37,0.95,1.07,103.31,103.6,1.0,112.13,1.14,110.64,1.07,1.09,110.19,107.6,1.12
T1,27.263,107.3,1.07,107.18,1.0,1.06,111.32,105.15,1.15,107.62,1.12,113.66,0.95,1.0,114.0,103.4,1.12
T2,27.355,103.92,0.97,116.03,1.08,0.98,98.53,107.99,1.12,94.96,0.96,107.33,1.08,1.06,104.38,111.98,0.96
T3,27.384,97.04,1.08,106.27,0.96,1.06,98.05,117.01,1.17,106.32,1.04,110.18,1.0,0.94,99.58,99.64,1.1
T2,27.64,94.99,1.11,106.13,1.08,0.98,105.88,96.44,1.01,92.52,1.09,111.26,1.07,1.0,100.89,105.25,1.05
T4,27.786,116.67,1.1,111.6,1.11,1.08,109.09,110.87,1.01,112.69,1.12,104.39,1.14,0.99,107.61,98.89,1.07
T1,28.022,97.39,1.05,102.03,1.1,1.1,96.94,106.11,1.09,107.14,1.16,110.7,0.96,1.09,114.5,103.61,1.15
T1,28.111,99.62,1.1,106.44,1.04,1.08,111.85,104.73,1.04,110.14,1.04,98.75,1.07,0.98,100.9,97.8,1.01
T2,28.146,94.03,1.06,112.89,1.07,1.02,101.19,97.62,1.01,102.75,1.12,112.98,1.02,1.08,105.61,98.06,1.02
T1,28.927,105.39,1.03,107.42,0.95,1.06,104.06,102.98,1.16,108.92,1.11,111.08,0.94,1.09,113.29,116.14,1.01
T2,29.197,103.12,1.02,111.88,0.97,0.99,97.71,102.91,0.98,93.69,1.12,112.62,1.04,0.95,115.19,100.66,0.98
T3,29.257,93.32,1.1,97.21,0.92,0.94,108.8,102.95,1.08,106.24,1.05,101.52,0.99,0.99,104.9,101.77,1.04
T1,29.444,110.81,1.06,107.41,1.06,1.07,109.0,102.16,1.01,107.3,1.04,98.37,1.09,0.98,103.09,99.29,1.11
T4,29.813,118.08,1.11,99.71,0.98,0.99,111.38,106.58,1.03,112.15,1.0,106.05,0.98,1.13,100.71,100.8,1.0
T1,29.926,109.51,1.14,103.49,1.01,0.99,110.61,107.26,1.17,110.27,1.05,112.53,1.04,1.05,110.16,102.84,1.1
T4,30.522,111.83,0.97,111.47,1.14,1.05,107.4,104.43,1.04,103.66,1.1,112.17,1.04,1.13,114.1,111.48,1.09
T3,31.006,94.96,1.12,109.28,1.06,1.06,100.44,107.06,1.18,105.71,1.03,111.65,1.08,1.1,110.27,107.76,1.01
T1,31.364,110.36,1.03,114.72,1.02,1.09,97.45,111.57,1.1,99.1,0.98,106.39,1.09,1.04,101.85,105.6,1.0
T3,31.771,92.69,1.07,96.43,1.06,1.05,102.55,117.5,1.02,103.18,1.06,110.92,0.99,1.08,111.2,99.09,1.08
T2,32.102,93.02,0.95,100.72,1.06,0.93,100.68,112.79,1.07,94.75,1.09,107.74,1.06,1.05,113.81,100.3,1.04
T1,32.405,114.21,1.13,113.89,0.97,1.09,111.02,112.59,1.1,113.0,1.09,98.35,0.99,1.02,103.7,105.03,1.09
T2,32.449,101.42,1.07,109.9,0.93,1.01,98.06,99.9,1.08,93.79,0.96,111.92,1.04,1.05,104.72,109.93,1.03
T2,32.538,95.7,1.1,110.61,0.96,1.07,102.48,95.46,1.12,105.04,1.1,100.24,1.07,0.96,114.82,98.55,1.0
T4,32.746,102.28,1.09,109.67,1.0,1.06,109.23,110.08,1.07,107.04,0.98,104.72,0.99,1.0,107.62,103.35,1.04
T2,32.876,94.22,1.0,109.7,0.99,1.0,112.63,102.99,0.98,99.14,1.06,117.06,1.01,1.09,111.82,103.04,1.12
T2,33.06,102.12,1.05,104.59,1.01,0.96,101.57,99.6,0.95,97.91,0.97,111.84,1.08,1.04,100.33,105.82,1.09
T3,33.13,100.69,1.11,98.93,1.02,1.0,99.95,104.87,1.14,107.28,1.12,108.32,1.06,1.09,96.87,101.44,1.11
T4,33.183,113.66,1.11,110.05,1.12,0.98,110.91,106.92,0.98,104.61,1.1,97.86,1.1,1.0,98.72,112.06,1.05
T2,33.287,102.36,1.07,108.32,0.92,1.09,106.9,108.4,1.06,106.8,0.96,112.14,0.94,1.01,100.45,99.64,1.1
T4,33.63,101.46,0.94,95.13,1.13,0.96,104.04,102.6,1.01,105.51,1.11,111.79,1.03,0.98,109.7,102.0,1.0
T4,33.705,103.45,0.97,103.34,0.97,1.03,105.05,110.06,1.1,114.73,0.95,97.9,1.15,1.04,96.98,102.47,0.93
T4,33.947,118.92,1.0,102.32,1.03,1.0,98.12,111.82,1.09,116.86,1.12,105.81,1.14,1.08,112.76,101.67,1.09
T4,34.138,117.25,1.01,97.88,0.97,1.12,112.7,104.38,0.96,101.61,1.04,104.7,1.13,1.09,103.31,107.83,0.93
T2,34.177,109.02,1.05,103.32,1.05,0.93,100.75,104.07,1.05,98.85,1.1,110.34,0.98,1.09,99.6,113.01,1.06
T1,34.73,97.92,1.06,105.81,0.94,1.0,104.32,99.22,1.12,105.55,1.02,111.82,1.03,0.99,104.08,116.19,1.02
T3,34.908,97.44,1.13,100.31,1.05,1.1,99.14,115.12,1.0,93.09,1.12,106.62,0.94,0.94,110.16,103.8,1.01
T2,35.094,96.75,1.1,106.1,1.01,0.98,98.06,107.37,0.99,100.3,0.94,112.85,0.99,1.08,113.77,100.6,1.04
T4,35.361,100.62,1.09,97.29,1.06,1.03,99.0,109.08,1.04,116.41,0.97,106.48,1.12,0.97,110.11,107.84,1.1
T4,35.416,116.15,1.06,111.75,1.08,1.0,99.14,111.84,1.0,103.84,1.11,101.3,1.01,0.99,99.57,108.09,1.03
T3,35.528,109.24,1.06,96.7,1.09,0.95,114.19,112.54,1.0,107.3,1.06,112.16,1.09,1.03,99.92,102.53,1.17
T2,35.58,101.96,1.05,108.34,0.93,0.99,107.03,110.31,1.07,98.51,1.04,110.56,0.98,1.01,115.24,96.4,1.06
T4,35.807,115.07,1.02,94.78,1.11,1.06,103.98,110.08,0.98,118.39,0.98,96.34,1.1,0.98,113.21,101.67,1.05
T1,36.093,112.49,1.08,108.48,1.08,1.14,105.12,110.0,1.02,98.39,1.15,112.8,0.98,0.98,98.23,112.61,1.16
T3,36.378,96.04,1.14,103.96,0.94,0.99,111.23,106.45,1.0,98.02,1.01,99.54,1.08,0.97,97.14,115.86,1.14
T2,36.463,96.36,0.98,101.45,1.03,1.08,113.16,108.37,1.1,98.1,0.97,109.06,0.97,0.93,106.9,95.61,1.04
T1,36.511,108.02,1.11,102.74,0.96,1.08,109.35,98.77,1.05,106.24,1.06,110.13,1.02,1.13,112.63,115.68,1.14
T4,36.898,103.25,1.02,102.75,0.98,1.03,109.89,102.67,1.07,110.66,1.06,102.41,1.02,1.11,96.87,105.26,0.94
T1,37.045,113.11,1.12,115.11,0.99,1.07,107.18,103.36,1.0,98.82,1.01,100.26,1.01,1.07,100.85,113.99,1.18
T4,37.326,105.95,1.07,101.58,1.07,1.03,110.05,111.54,0.98,113.86,1.1,110.92,1.08,1.11,99.05,101.24,1.09
T2,37.351,103.02,0.98,102.86,0.93,0.98,110.46,104.58,0.97,108.66,0.99,114.57,1.05,0.96,106.01,106.82,0.96
T4,37.355,103.64,1.03,104.51,1.13,1.03,104.57,107.71,1.04,105.25,0.96,102.55,1.06,1.12,102.14,103.46,0.95
T1,37.514,97.52,1.11,98.12,1.1,1.02,99.53,110.79,1.01,100.58,1.02,98.49,1.1,1.0,107.1,113.55,1.07
T3,37.825,105.03,1.03,101.33,0.98,1.0,111.3,108.26,1.08,104.84,1.1,96.25,1.05,1.09,113.04,100.48,1.0
T4,37.925,116.67,1.01,104.26,0.98,1.13,111.82,96.61,1.1,105.88,1.1,98.0,1.11,1.03,105.17,100.6,1.01
T4,38.24,100.68,0.95,99.31,1.09,1.02,98.66,108.36,1.0,117.16,1.09,101.44,1.06,1.03,107.82,107.83,0.94
T3,38.691,98.89,1.08,96.7,0.98,1.09,100.33,101.96,1.11,95.77,1.1,107.75,0.98,1.11,109.96,108.11,1.01
T3,38.803,105.82,1.0,99.18,1.08,0.99,97.87,116.76,1.17,103.49,1.17,114.24,0.99,1.01,108.69,99.45,1.12
T2,38.83,107.28,0.98,108.41,1.02,1.08,101.69,95.84,1.04,93.55,0.98,115.53,1.05,1.06,100.08,108.37,1.04
T3,38.969,97.42,1.17,107.02,1.07,1.06,104.35,113.83,1.05,97.78,1.05,97.6,0.95,1.01,103.98,106.78,1.08
T4,38.988,117.73,1.07,111.67,1.07,1.11,97.94,99.42,0.96,116.7,1.1,103.26,1.01,1.05,99.21,113.98,0.95
T4,39.044,114.33,1.07,97.42,1.15,0.99,113.79,106.6,0.96,101.08,1.08,106.88,1.09,1.02,98.19,103.48,1.1
T1,39.111,114.94,1.08,112.41,1.03,1.01,101.0,105.73,1.11,113.69,0.99,101.42,1.08,1.07,107.72,98.36,1.18
T1,39.23,104.6,1.08,102.11,1.08,1.11,103.25,109.33,1.16,110.81,1.0,109.73,1.07,1.15,104.56,113.57,1.01
T2,39.238,107.64,1.11,101.81,0.94,0.97,100.34,103.78,0.98,105.96,1.07,101.31,1.07,1.1,106.9,113.02,1.01
T4,39.333,108.91,1.03,101.41,1.11,1.1,97.8,104.03,1.1,115.81,0.97,105.0,1.05,1.04,111.39,101.44,0.93
T4,39.347,105.08,0.95,99.0,0.98,1.12,98.19,98.88,1.06,109.18,1.03,112.13,1.06,1.09,110.5,104.27,0.94
T2,39.613,97.88,1.03,113.67,0.99,0.95,97.15,104.42,1.1,104.39,0.98,100.14,1.07,0.93,100.82,98.82,1.0
T4,39.639,108.6,0.96,99.22,1.1,1.12,111.15,109.84,1.01,104.41,0.95,112.0,1.1,0.99,103.72,99.42,0.93
T4,39.731,109.9,1.04,98.28,1.14,0.97,109.92,105.05,0.98,113.82,1.07,112.14,1.08,1.1,99.47,96.74,1.07
T4,39.882,102.27,1.12,98.41,1.03,0.97,114.91,100.8,1.07,111.27,0.96,102.98,1.14,0.97,107.59,99.08,1.02
T2,39.922,97.52,0.99,103.41,1.08,0.96,98.97,112.55,1.0,104.66,1.05,107.43,0.94,1.08,98.27,100.8,1.1
T3,40.203,95.26,1.01,102.76,1.06,0.96,105.96,116.27,1.08,108.41,1.17,105.26,1.02,1.03,102.47,116.24,1.08
T1,40.399,112.74,1.11,100.94,1.05,1.1,113.04,102.42,1.06,106.98,1.09,107.24,1.06,0.98,101.83,102.62,1.09
T3,40.598,102.51,1.07,103.82,1.09,1.05,100.25,107.95,1.13,102.9,1.11,103.88,0.99,1.08,103.75,116.94,1.02
T1,40.729,112.91,1.0,105.56,0.94,1.12,111.74,98.61,1.06,99.62,1.01,102.36,1.1,1.02,113.65,114.64,1.0
T4,40.83,114.38,1.0,107.24,1.09,0.97,107.04,106.5,1.07,112.48,1.09,106.16,1.13,1.02,107.49,101.41,1.09
T3,40.945,101.27,1.03,100.31,0.94,1.0,105.32,116.35,1.13,92.33,1.07,114.06,1.04,1.09,101.34,106.69,1.16
T3,41.086,100.18,1.16,104.2,1.04,0.98,108.16,110.35,1.07,103.81,1.08,100.42,0.95,0.94,99.95,103.23,1.16
T2,41.549,100.37,1.0,108.25,0.97,1.08,103.18,100.57,1.01,100.53,0.94,102.26,0.92,0.94,100.01,98.57,0.96
T4,41.589,106.75,0.99,107.81,0.99,0.97,102.75,103.58,1.04,114.37,1.03,95.39,1.13,1.12,102.38,96.64,1.01
T3,41.693,109.46,1.05,96.48,1.05,0.97,97.16,99.14,1.04,97.18,1.08,101.74,1.06,1.04,96.88,116.49,1.02
T4,41.986,114.08,1.02,104.56,1.12,1.08,98.31,101.67,0.92,111.87,0.98,99.22,1.13,1.08,98.31,105.03,1.08
T3,41.988,93.09,1.09,114.02,0.98,1.01,111.89,108.68,1.15,98.1,1.15,108.62,1.01,1.03,103.29,103.53,1.03
T1,42.071,101.3,1.16,104.26,1.01,1.06,110.72,98.74,1.03,103.3,1.02,114.69,0.98,1.12,106.71,102.79,1.0
T2,42.223,100.87,0.98,104.81,1.08,1.02,113.61,98.97,0.98,92.85,1.02,110.09,0.98,0.95,103.4,110.09,0.99
T1,42.381,114.83,1.07,101.3,0.93,1.08,103.19,106.68,1.06,109.25,1.15,110.36,1.03,1.14,106.06,111.88,1.08
T3,42.496,102.48,1.14,107.21,0.95,1.1,97.41,108.57,1.14,103.62,1.0,100.17,1.08,0.99,106.1,116.14,1.04
T3,42.746,100.39,1.11,101.62,1.08,1.08,110.17,116.29,1.06,92.69,1.15,102.76,1.09,0.94,114.19,114.71,1.08
T3,42.92,92.05,1.17,107.31,1.06,0.96,111.2,102.0,1.03,97.78,1.08,114.04,0.99,1.1,97.41,117.29,1.12
T2,43.154,96.78,1.06,114.59,1.05,0.92,107.2,98.83,1.13,105.77,1.03,104.14,1.08,1.02,99.94,102.57,1.0
T2,43.212,105.49,1.12,108.03,1.05,0.98,100.45,110.91,0.99,108.46,0.98,108.11,0.97,1.0,101.63,105.2,1.0
T2,43.283,106.95,1.04,105.18,0.99,1.05,104.3,112.16,1.03,101.24,0.94,112.85,0.92,1.02,114.69,104.58,1.09
T2,43.29,101.67,0.97,99.81,1.06,1.06,100.78,108.9,1.06,105.75,0.98,110.7,1.05,1.0,101.97,103.14,1.09
T2,43.343,102.43,1.03,113.29,0.92,1.02,102.15,109.68,1.05,96.15,1.07,110.4,0.93,1.01,98.0,103.08,0.97
T2,43.6,95.98,1.12,108.92,0.94,0.97,100.19,109.27,1.11,104.52,1.12,112.69,1.04,1.06,99.42,95.71,1.0
T1,43.619,105.96,1.13,105.3,1.05,1.12,100.08,100.04,1.09,104.01,1.09,98.29,1.05,0.99,108.14,115.54,1.11
T1,43.706,107.44,1.07,102.14,1.01,1.12,113.99,109.04,1.14,109.9,1.0,108.33,0.96,1.04,111.23,115.97,1.13
T1,43.712,106.2,1.05,107.72,0.96,1.1,98.23,101.62,1.04,103.24,1.04,105.42,1.1,1.01,101.98,110.61,1.12
T1,43.755,109.89,1.1,98.37,0.95,1.06,99.02,104.71,1.02,110.65,1.03,111.61,0.96,1.1,104.37,99.53,1.13
T3,43.833,105.01,1.03,103.24,1.02,1.1,113.95,102.99,1.16,94.94,1.08,105.11,1.05,1.04,105.39,108.47,1.04
T2,43.928,96.36,0.96,111.51,1.05,1.04,99.05,109.17,1.01,96.18,1.09,114.59,1.04,1.1,112.55,103.32,1.01
T3,43.961,93.63,1.18,103.49,1.03,0.95,102.59,103.82,1.07,105.75,1.04,103.31,0.93,0.95,104.61,115.52,1.17
T2,44.062,92.13,0.98,103.73,0.94,0.98,105.5,110.27,0.96,107.06,0.94,101.19,1.0,1.0,103.75,101.54,0.95
T1,44.102,115.6,1.1,111.81,1.09,1.13,103.59,107.61,1.04,100.96,1.05,101.75,1.06,0.98,113.5,101.85,1.02
T4,44.34,114.42,0.95,109.95,1.15,0.97,105.33,104.17,1.04,108.82,0.98,102.75,1.05,1.11,103.07,99.77,1.01
T2,44.425,92.08,0.97,110.2,0.98,1.08,101.69,101.24,1.06,102.45,1.08,113.79,1.0,1.1,105.83,111.02,1.0
T3,44.666,101.72,1.08,104.23,0.96,1.1,114.24,109.08,1.17,108.06,1.18,98.72,0.98,1.07,102.17,102.46,1.04
T1,44.8,99.76,1.06,110.24,1.03,1.06,109.43,113.79,1.01,114.23,1.08,114.06,1.05,0.99,98.92,102.77,1.06
T2,45.01,94.38,1.11,103.76,0.96,1.09,108.58,112.76,1.01,109.34,1.1,101.3,1.06,1.07,97.92,109.1,1.0
T3,45.186,108.1,1.04,109.09,1.01,1.05,102.98,112.38,1.13,105.6,1.18,105.26,1.02,0.99,99.85,107.49,1.18
T4,45.2,113.86,1.03,111.52,1.04,0.97,99.31,114.08,1.02,106.56,0.95,95.14,1.01,0.99,111.07,100.21,0.98
T4,45.257,100.92,1.1,95.05,0.97,1.03,98.77,109.97,1.06,103.88,1.03,100.28,1.08,1.11,97.4,102.15,0.94
T2,45.352,106.91,1.03,103.04,1.05,1.09,106.84,100.52,1.06,105.71,1.03,103.27,0.94,1.0,99.26,102.02,1.11
T2,45.485,106.83,0.94,116.44,1.01,1.05,107.63,97.75,1.06,97.62,1.02,101.46,1.07,0.96,108.39,98.7,0.99
T2,45.618,92.21,0.96,111.44,1.01,0.96,113.21,111.8,0.96,97.21,0.95,110.29,0.99,1.02,108.58,108.04,0.97
T1,45.697,101.68,1.08,105.1,1.08,1.11,110.99,116.19,1.0,98.87,1.03,114.06,1.09,0.99,111.55,103.56,1.06
T4,45.719,112.94,1.08,97.68,1.14,0.97,97.33,112.51,0.97,116.03,1.08,101.2,1.01,1.09,113.12,98.81,0.98
T2,46.047,108.54,0.98,103.73,0.94,1.0,105.83,105.25,1.11,94.85,1.05,105.07,0.99,1.01,107.3,107.71,1.05
T3,46.236,95.98,1.03,110.58,1.01,0.97,100.74,111.5,1.18,108.2,1.0,109.18,1.03,1.1,98.52,100.68,1.05
T4,46.399,115.53,0.97,102.58,1.03,1.07,100.81,104.36,1.06,104.73,1.08,101.73,1.13,1.05,106.16,104.9,1.03
T2,46.477,97.4,0.96,98.78,1.07,0.96,102.77,110.0,0.95,100.09,0.94,110.34,1.01,1.05,105.74,113.12,1.05
T1,46.662,108.41,1.06,102.78,0.98,1.09,103.47,110.67,1.1,102.36,1.11,111.99,1.04,1.06,98.51,104.07,1.05
T2,46.954,105.01,1.02,108.91,1.0,1.07,99.54,105.84,1.0,100.29,1.04,103.65,0.98,1.01,107.8,98.95,1.03
T4,47.208,102.58,0.97,96.02,1.08,1.01,111.1,100.48,0.93,105.25,1.06,111.99,1.09,0.97,112.86,106.87,1.04
T1,47.214,104.9,1.16,104.08,0.96,1.04,110.98,111.83,1.08,110.05,1.08,106.81,0.94,1.14,108.74,110.72,1.09
T3,47.391,103.71,1.18,110.88,1.04,0.96,113.87,104.74,1.0,103.49,1.18,113.37,0.95,1.1,99.37,115.58,1.17
T4,47.8,101.88,1.08,110.81,1.04,1.12,103.44,100.94,1.09,116.69,1.09,110.24,1.01,1.08,110.88,110.39,1.07
T2,48.147,100.98,1.01,109.16,1.05,0.97,97.34,103.55,0.97,101.15,1.08,112.55,1.01,1.0,100.8,112.45,1.02
T3,48.165,93.84,1.17,100.3,0.96,1.05,111.58,103.68,1.08,101.08,1.13,97.31,1.04,1.03,99.84,103.61,1.1
T1,48.189,101.36,1.16,107.43,1.02,0.98,111.69,115.14,1.01,100.96,1.12,98.58,0.96,1.0,99.92,112.01,1.04
T2,48.446,92.31,1.01,105.86,0.92,1.04,111.87,102.63,1.1,107.53,0.98,112.92,1.08,0.95,102.98,106.19,1.06
T2,48.535,104.34,1.04,102.82,1.02,0.94,110.24,107.53,1.09,106.64,1.02,116.8,1.06,1.02,104.98,111.02,1.01
T2,48.664,100.84,1.03,98.68,0.95,0.93,105.63,104.2,0.97,95.38,1.03,105.18,0.92,1.0,102.06,95.46,0.96
T4,49.089,113.9,1.09,97.46,1.07,0.98,108.88,113.4,1.08,115.07,1.01,103.63,1.06,1.02,110.62,111.83,1.01
T1,49.288,112.26,0.98,110.02,0.97,1.07,106.17,98.12,1.11,110.78,1.15,110.7,1.1,1.02,113.2,112.13,1.18
T4,50.054,101.47,1.03,97.76,1.12,1.12,97.82,108.73,1.06,104.48,0.99,102.55,1.12,1.04,102.85,108.6,1.04
T1,50.055,101.1,1.14,104.31,1.06,0.97,100.94,105.84,1.14,107.64,1.16,111.38,0.99,1.01,97.74,115.4,1.04
T1,50.214,109.24,0.99,112.41,1.03,1.02,111.23,101.42,1.13,114.18,1.08,102.74,0.99,1.03,112.19,111.38,1.1
T2,50.231,93.02,1.11,98.94,0.92,1.0,110.59,111.42,1.08,106.03,1.09,109.09,1.01,1.01,109.58,96.3,1.1
T2,50.461,94.5,0.94,108.56,1.05,0.98,104.59,100.84,0.96,108.71,1.09,104.2,1.01,0.93,102.77,98.66,1.04
T4,50.539,114.0,0.95,112.0,1.08,0.99,106.5,103.28,1.02,118.92,1.04,100.09,1.04,1.08,98.72,102.05,1.03
T3,50.782,104.05,1.12,99.02,1.04,0.93,106.96,101.92,1.03,105.14,1.12,103.14,0.96,1.02,104.42,100.87,1.18
T1,50.866,114.82,1.15,105.98,1.05,1.05,106.74,108.25,1.06,113.44,0.99,97.27,0.98,1.01,99.17,100.04,1.08
T3,51.413,107.19,1.01,102.2,0.98,1.06,105.28,100.55,1.17,101.12,1.01,100.42,0.97,0.95,103.01,113.31,1.02
T2,51.7,96.78,1.03,100.32,1.05,1.04,109.79,101.24,0.98,95.6,1.05,107.74,1.07,1.06,97.6,99.11,1.12
T4,51.765,100.82,1.02,97.07,1.0,1.0,114.9,112.72,1.02,104.48,1.11,95.93,0.98,0.96,102.2,113.92,0.98
T4,52.081,117.38,0.94,111.66,1.07,0.96,114.86,111.38,0.95,112.58,1.04,96.44,1.1,1.02,114.91,113.14,0.98
T4,52.123,114.9,1.04,107.93,1.11,0.97,111.21,104.93,1.09,112.01,1.05,94.81,0.98,1.09,113.82,109.9,0.98
T4,52.214,102.42,1.03,98.27,1.12,1.04,98.12,112.66,1.09,111.88,0.97,103.34,1.01,1.04,99.82,112.91,0.98
T3,52.321,104.22,1.03,111.97,1.1,1.05,101.61,107.28,1.12,105.46,1.16,101.72,0.95,1.09,104.35,106.45,1.06
T1,52.469,100.56,1.08,103.51,1.02,1.13,104.03,114.84,1.12,105.84,1.11,113.34,0.97,1.07,114.5,106.11,1.02
T2,52.584,93.8,1.1,106.8,0.98,0.98,99.94,104.33,1.06,103.22,1.0,108.89,0.98,1.01,114.98,97.42,1.11
T2,52.653,99.07,1.05,102.94,1.05,0.94,104.1,104.12,1.05,106.5,1.04,109.13,0.96,1.08,103.58,104.74,1.01
T3,52.961,103.52,1.04,98.4,0.98,1.01,102.22,102.48,1.06,100.57,1.12,106.34,1.07,1.04,102.87,116.35,1.07
T2,52.974,93.02,1.1,100.73,1.03,0.93,101.47,112.67,0.99,92.96,1.07,99.28,1.02,0.96,97.54,103.49,1.01
T2,52.994,105.53,1.03,102.11,0.97,1.06,114.29,96.03,0.95,103.6,1.03,113.9,0.98,1.09,110.43,105.71,1.11
T1,53.51,106.93,1.13,108.94,0.98,1.04,106.87,106.84,1.1,108.17,1.12,110.47,1.04,1.05,99.85,100.49,1.0
T2,53.541,105.77,1.1,103.38,0.96,1.07,114.01,100.26,0.96,102.6,1.06,115.15,0.98,0.99,105.93,97.13,1.12
T2,53.581,95.38,1.05,108.89,0.95,1.07,109.62,111.94,1.08,96.48,1.06,117.0,0.96,0.93,110.96,107.89,1.09
T3,53.751,100.68,1.15,100.54,1.01,1.1,105.86,105.73,1.03,98.62,1.14,100.14,1.04,0.95,104.35,104.47,1.01
T3,54.005,106.18,1.13,103.14,0.93,1.06,113.8,113.24,1.05,93.01,1.18,107.22,0.93,0.96,103.32,109.79,1.15
T1,54.132,114.68,1.1,104.45,0.97,1.03,111.68,116.11,1.07,99.21,0.98,112.43,1.02,1.1,107.97,102.81,1.0
T3,54.162,106.46,1.16,100.26,1.05,1.07,108.64,99.48,1.17,99.26,1.18,101.89,1.04,0.98,102.22,112.05,1.12
T1,54.428,99.5,1.03,97.81,0.96,1.1,104.95,99.87,1.14,114.76,1.03,114.62,1.09,1.07,109.92,111.0,1.16
T3,54.479,101.46,1.14,99.65,0.99,0.99,104.32,114.66,1.08,108.98,1.01,102.22,1.09,0.99,113.44,105.91,1.09
T1,54.554,97.34,1.14,112.51,1.05,1.08,99.95,99.24,1.01,97.85,0.98,101.94,1.05,0.98,99.34,100.49,1.06
T2,54.598,109.12,0.95,103.27,1.04,0.99,105.71,99.56,0.96,99.45,0.97,110.28,0.96,0.98,99.16,96.13,1.07
T3,54.857,98.08,1.11,96.39,1.02,1.08,109.14,99.44,1.03,103.9,1.14,110.24,1.05,1.02,102.56,114.85,1.09
T2,55.107,94.43,0.95,99.76,1.05,1.1,104.63,107.64,1.01,103.08,1.01,106.83,0.99,0.97,99.8,108.08,1.01
T3,55.14,97.02,1.12,98.62,0.99,1.11,97.16,100.26,1.05,95.91,1.17,107.98,1.02,1.02,104.66,111.4,1.12
T3,55.513,95.74,1.1,100.88,1.08,0.94,105.71,115.81,1.02,97.61,1.16,114.21,1.06,0.98,99.27,112.61,1.15
T2,55.623,108.39,1.09,110.57,0.97,1.02,107.71,103.69,1.13,106.66,1.11,105.13,0.94,0.96,103.44,97.32,1.06
T1,55.754,97.39,1.02,102.54,1.07,1.14,114.43,103.03,1.01,107.76,1.11,100.22,1.05,1.03,96.72,106.71,1.1
T4,55.806,114.37,1.06,99.81,1.0,1.09,97.62,99.62,0.96,107.35,1.09,99.14,1.11,0.95,114.88,99.82,1.07
T4,55.937,100.9,1.01,109.49,1.1,1.04,100.0,105.63,1.06,117.57,0.99,104.32,1.06,1.08,105.69,102.79,1.04
T1,56.015,115.22,1.02,114.39,1.0,1.07,111.34,105.93,1.11,108.96,1.01,100.55,1.0,0.98,113.85,103.94,1.17
T1,56.477,108.14,1.13,99.47,0.96,1.07,97.07,112.16,1.17,100.41,0.98,104.89,0.98,1.03,101.85,108.78,1.17
T1,56.534,103.19,1.02,102.05,1.1,1.01,100.03,105.9,1.06,108.16,1.12,101.8,1.08,0.99,104.59,103.12,1.12
T2,56.547,103.02,1.05,113.44,1.05,1.08,99.24,110.38,1.05,109.42,1.0,101.29,0.98,1.09,104.12,97.18,1.03
T2,56.628,105.15,0.96,113.01,0.97,0.96,97.22,108.09,1.02,100.93,0.98,114.99,1.07,1.08,105.87,100.77,1.06
T2,56.641,98.1,1.1,112.98,1.03,0.98,106.92,103.64,0.97,106.21,1.0,99.34,1.03,0.94,101.13,110.43,1.12
T1,56.755,103.53,1.0,115.1,1.08,1.06,113.87,116.25,1.06,112.38,1.13,111.17,1.0,1.15,98.98,103.66,1.04
T2,56.766,99.08,1.12,114.24,1.06,1.0,97.39,97.43,0.96,105.1,1.01,103.51,1.0,1.06,103.18,99.77,1.0
T3,57.0,104.87,1.18,113.24,0.95,1.02,109.89,111.6,1.05,96.6,1.06,103.14,0.97,0.96,109.95,107.82,1.01
T3,57.104,94.28,1.02,110.18,0.95,0.98,114.6,102.37,1.07,102.1,1.17,108.11,0.92,1.1,109.18,114.16,1.08
T2,57.141,106.58,1.07,104.2,1.07,1.07,98.44,98.14,1.01,104.1,1.08,104.56,1.08,0.96,109.58,100.24,0.97
T4,57.25,119.14,1.09,106.39,1.06,0.99,96.81,110.32,1.08,117.0,0.98,107.63,1.01,1.02,107.15,109.08,1.01
T1,57.558,108.87,1.13,111.95,0.93,0.99,110.72,115.76,1.11,102.26,1.16,102.39,1.02,1.14,112.16,101.69,1.06
T1,57.725,114.24,1.03,100.37,0.94,1.09,101.08,107.76,1.03,113.79,1.11,106.21,0.96,1.13,109.04,114.88,1.12
T4,57.876,103.17,1.01,105.04,1.1,0.99,107.31,103.38,0.98,112.06,1.02,96.56,1.15,0.98,99.59,109.43,1.03
T4,57.893,110.96,0.96,111.08,1.13,1.04,105.67,113.22,1.08,100.78,0.95,107.54,1.03,1.02,107.42,112.16,0.98
T4,58.501,113.02,1.07,100.46,0.98,0.98,98.62,97.52,0.97,113.74,1.08,112.28,1.04,1.1,114.84,101.83,1.07
T2,58.559,102.91,0.99,117.12,1.01,1.05,109.76,111.79,1.09,92.14,1.11,100.83,1.05,0.96,103.42,96.4,1.03
T1,58.634,114.92,1.09,100.73,1.07,1.03,110.16,108.52,1.15,101.7,1.16,112.53,0.96,1.11,98.55,113.99,1.13
T1,58.684,113.99,1.12,103.67,0.96,1.12,100.35,104.73,1.12,104.33,1.16,104.53,1.02,1.12,98.55,114.01,1.0
T3,58.687,95.84,1.17,113.12,0.94,1.03,104.35,105.96,1.1,93.44,1.14,113.33,1.02,1.05,108.36,111.93,1.16
T3,58.864,101.66,1.06,114.16,0.96,1.02,107.87,106.69,1.05,94.62,1.09,98.8,1.01,1.03,98.25,103.89,1.0
T2,59.265,92.53,1.1,104.22,1.06,0.94,110.49,101.58,1.07,97.08,0.96,112.18,0.94,0.97,101.06,104.74,1.11
T1,59.272,106.73,1.14,100.72,1.0,1.08,110.98,103.85,1.18,97.66,0.98,111.48,1.06,0.98,105.8,114.84,1.05
T4,59.758,104.31,1.08,112.01,1.06,1.04,111.65,103.48,0.98,104.4,1.05,108.22,0.98,1.04,113.17,114.11,1.01
T4,59.867,115.06,1.02,103.45,1.13,0.98,113.28,114.67,1.1,117.13,1.06,100.76,0.98,0.99,103.72,109.4,1.08
T1,59.933,111.96,1.05,109.67,1.02,1.01,108.43,109.81,1.12,98.07,1.09,99.34,1.0,1.08,103.19,106.29,1.09
T4,60.027,108.77,0.98,97.61,1.01,1.03,114.33,98.67,0.99,117.33,1.1,102.71,1.11,1.13,113.0,107.52,0.99
T1,60.114,108.61,1.11,109.37,1.03,1.09,112.87,115.45,1.09,115.6,1.01,108.58,1.07,1.02,99.87,114.84,1.01
T4,60.208,118.16,0.96,103.72,1.05,1.05,102.17,110.83,1.05,104.89,1.04,99.57,1.0,1.06,106.76,102.22,1.06
T4,60.442,101.66,0.99,107.58,1.1,1.0,113.13,113.22,1.02,113.54,0.94,109.46,1.02,1.09,107.3,113.52,0.98
T2,60.445,106.69,0.98,110.2,1.06,1.01,97.76,99.59,1.05,93.58,1.04,100.4,1.07,0.94,115.02,113.01,1.08
T2,60.502,93.93,1.08,108.79,0.92,1.08,114.87,97.98,1.11,106.26,1.01,112.85,0.96,0.97,114.82,97.36,1.1
T2,60.774,99.75,0.97,109.1,1.08,1.02,108.03,96.69,1.1,103.46,0.98,115.59,0.95,0.95,111.3,107.46,1.05
T3,60.839,93.8,1.15,97.74,1.06,1.05,107.05,107.06,1.0,102.63,1.13,106.19,0.92,1.1,112.04,116.94,1.12
T2,60.918,104.08,0.95,116.44,0.92,1.04,111.85,103.69,1.09,96.01,1.07,107.33,1.07,1.04,110.96,109.91,1.01
T2,61.118,95.6,0.97,113.94,0.93,0.96,111.88,103.29,1.11,96.74,1.1,99.31,1.08,1.01,110.52,103.31,0.98
T2,61.218,107.65,1.03,101.43,1.0,0.95,108.3,96.18,0.96,98.52,1.06,102.94,0.99,1.07,97.74,110.19,0.97
T1,61.237,113.12,1.11,114.8,0.98,1.11,99.34,103.91,1.09,97.92,1.13,100.56,0.98,1.01,113.51,108.78,1.02
T4,61.285,103.84,1.08,109.0,1.03,0.95,102.93,113.93,1.1,101.39,0.96,96.44,1.04,1.05,98.4,109.19,1.09
T1,61.301,108.19,1.12,98.07,0.98,1.1,114.21,109.7,1.1,109.13,1.12,111.58,0.94,1.01,113.07,109.81,1.16
T4,61.338,103.48,1.03,108.38,1.1,1.06,105.43,97.16,0.94,102.34,1.1,98.28,1.07,1.12,112.88,101.41,0.93
T1,61.698,111.1,1.03,109.62,1.01,1.05,96.89,104.03,1.01,101.23,1.02,106.57,0.99,1.12,98.72,104.39,1.16
T2,61.806,98.98,1.09,102.57,0.94,1.02,104.03,104.0,0.97,101.96,1.06,105.1,1.03,1.01,98.72,99.87,1.02
T1,62.09,100.41,1.14,101.98,1.1,1.0,114.5,99.22,1.07,108.73,1.08,111.89,1.1,1.03,106.03,102.03,1.03
T2,62.136,104.81,1.09,108.25,1.02,0.96,114.45,108.21,1.04,94.27,1.06,116.49,1.02,1.0,100.54,111.28,1.09
T2,62.161,101.31,1.09,110.48,1.04,0.95,104.75,105.57,1.09,105.71,0.96,111.02,1.07,0.97,109.59,107.86,1.01
T3,62.495,99.45,1.17,110.85,1.04,1.02,102.66,105.02,1.08,107.58,1.01,111.65,1.09,1.07,99.03,111.21,1.18
T2,62.953,100.22,0.99,104.24,0.99,1.02,110.52,110.43,1.11,107.08,1.07,110.34,1.08,1.06,111.0,98.41,1.02
T1,63.06,100.02,1.1,110.08,1.08,1.1,104.7,99.54,1.04,109.64,0.98,107.26,0.95,1.03,105.84,98.38,1.04
T2,63.381,100.95,1.0,112.11,1.07,0.95,113.67,99.29,0.95,96.01,1.04,116.22,1.02,0.98,105.6,102.78,0.96
T1,63.509,107.1,1.07,110.1,0.96,1.05,98.15,98.23,1.02,108.83,1.04,106.54,0.97,1.15,105.84,98.53,1.02
T2,63.836,106.82,1.02,110.36,1.07,0.93,110.46,102.68,1.07,108.56,1.04,110.58,0.93,0.98,114.69,100.6,1.02
T3,63.84,96.69,1.01,106.45,0.97,0.94,105.92,101.16,1.16,93.72,1.06,111.19,0.92,0.95,105.84,112.72,1.0
T3,63.966,105.55,1.08,97.82,0.98,0.94,113.75,99.04,1.18,102.1,1.07,110.97,1.1,1.1,102.53,115.38,1.02
T4,64.152,110.3,1.01,104.89,1.06,1.04,109.51,98.48,1.08,108.55,1.01,101.3,0.99,0.97,100.03,108.2,1.0
T1,64.163,99.79,1.11,114.53,0.94,1.12,105.89,100.43,1.1,100.51,1.06,105.41,1.03,1.15,107.65,114.96,1.13
T3,64.221,104.42,1.11,96.55,0.95,1.05,102.92,107.15,1.15,99.93,1.07,96.53,1.05,0.95,111.42,116.76,1.05
T3,64.23,104.45,1.17,104.2,0.94,1.01,114.44,112.38,1.12,94.75,1.16,104.14,1.08,1.03,113.75,102.78,1.08
T4,64.249,116.15,1.04,104.88,1.01,1.03,97.62,99.62,0.94,108.43,1.06,106.98,1.03,1.13,105.25,114.73,1.08
T2,64.344,103.82,0.97,112.99,0.99,0.94,99.98,95.42,1.0,99.12,1.0,104.35,1.02,0.96,107.8,100.51,0.97
T2,64.434,92.44,1.04,109.83,0.92,0.98,110.52,113.03,1.08,108.48,1.0,106.73,0.96,0.99,97.13,101.31,1.03
T1,64.491,113.65,1.02,111.1,1.06,1.05,114.61,98.35,1.18,111.92,1.06,99.63,0.95,0.99,102.46,116.11,1.1
T3,64.553,97.59,1.11,105.09,1.05,1.01,108.28,106.15,1.12,108.1,1.06,104.49,0.99,1.0,110.32,112.18,1.0
T3,64.696,98.46,1.16,104.56,1.07,0.95,107.98,107.46,1.08,99.95,1.02,96.38,1.05,1.03,104.36,100.89,1.1
T3,64.886,105.69,1.03,104.96,0.93,0.95,107.78,106.44,1.14,98.08,1.1,110.32,0.99,1.1,108.16,110.01,1.11
T2,65.071,97.22,1.12,107.46,0.96,1.01,102.86,111.35,1.07,106.04,0.97,110.64,0.99,1.02,113.69,111.92,1.08
T1,65.091,99.42,1.02,107.74,1.09,1.12,100.26,113.68,1.17,103.92,0.99,102.54,1.11,1.02,108.26,100.54,1.16
T1,65.489,109.43,1.04,109.73,1.04,1.11,107.29,103.08,1.12,111.1,1.15,102.93,0.97,1.08,104.92,103.08,1.0
T4,65.498,109.77,1.1,111.21,1.09,0.98,98.48,105.84,1.08,101.56,1.0,106.38,1.12,1.0,108.18,105.62,0.94
T4,65.522,116.01,0.99,106.05,1.05,0.98,100.45,100.9,0.97,116.0,1.1,110.11,0.98,1.05,99.44,99.03,1.03
T4,65.594,114.37,1.02,94.96,0.99,1.05,114.1,106.07,1.02,105.03,1.08,96.36,1.0,1.11,113.61,104.24,1.09
T3,65.712,104.92,1.08,108.67,0.98,1.05,113.29,105.87,1.07,103.81,1.06,104.21,1.02,0.94,108.04,103.25,1.16
T4,65.8,116.36,1.09,99.23,1.14,1.03,98.59,96.52,0.96,116.5,1.03,94.98,1.06,1.09,105.35,105.99,1.05
T2,66.001,108.24,0.96,113.8,1.02,1.05,111.2,98.85,1.05,108.24,0.97,103.57,0.92,0.93,104.72,103.19,1.08
T1,66.233,104.39,1.0,112.59,1.07,1.15,103.38,109.01,1.1,110.81,1.1,100.91,0.98,1.12,106.19,108.26,1.14
T3,66.285,103.32,1.03,96.93,0.97,1.03,111.66,103.2,1.17,102.63,1.11,104.51,1.09,1.02,98.6,108.85,1.11
T3,66.744,109.18,1.06,98.7,1.01,0.97,105.66,103.23,1.02,95.63,1.15,99.18,1.06,1.08,102.86,101.29,1.01
T3,66.888,104.34,1.08,109.62,1.04,1.05,97.14,112.96,1.07,105.33,1.1,108.23,0.97,1.05,102.17,111.98,1.0
T3,66.904,102.89,1.03,101.25,0.98,1.0,114.92,100.45,1.16,100.24,1.17,100.55,0.96,0.95,100.23,108.86,1.09
T3,66.961,99.3,1.06,112.07,1.07,1.08,106.81,106.15,1.1,97.75,1.18,96.21,1.06,0.97,110.08,108.86,1.17
T4,67.2,116.15,1.05,102.0,1.06,1.1,97.94,103.21,0.94,114.77,1.04,97.13,0.98,1.04,105.57,99.76,1.08
T3,67.463,92.69,1.07,104.48,1.0,0.95,97.06,113.81,1.07,94.52,1.13,101.02,1.02,0.97,113.44,109.24,1.02
T1,67.578,99.2,1.08,98.95,0.97,1.04,112.56,106.28,1.14,101.82,1.07,102.96,1.0,1.13,109.98,108.45,1.12
T1,68.118,103.19,0.98,99.07,0.95,1.08,110.06,106.2,1.14,111.99,1.02,110.87,1.07,0.98,113.12,110.83,1.11
T1,68.399,115.4,1.07,109.45,0.98,1.09,101.85,99.5,1.01,113.94,1.06,107.24,0.98,1.07,97.22,100.38,1.02
T2,68.557,101.8,0.99,102.72,1.04,1.0,115.51,109.93,0.96,98.78,1.1,103.15,1.01,0.96,106.47,95.74,1.1
T4,68.717,109.91,1.02,100.36,1.12,1.01,99.68,106.38,1.06,116.37,1.11,102.43,1.1,1.04,98.72,112.06,1.09
T4,68.73,117.05,0.94,94.96,1.02,1.01,100.94,109.34,1.0,101.94,1.08,102.15,1.06,0.99,104.05,100.94,0.96
T3,69.454,105.5,1.16,110.14,0.93,1.0,109.06,100.2,1.02,106.46,1.07,100.78,0.96,0.93,106.36,99.87,1.16
T2,69.473,102.87,1.1,106.21,0.94,1.01,100.45,102.35,1.11,109.51,1.07,106.26,1.08,1.0,99.53,106.2,1.05
T4,69.591,117.44,1.05,102.55,1.01,1.11,98.83,113.01,1.05,117.13,1.1,105.74,1.03,1.11,102.22,100.95,0.96
T1,69.597,114.09,1.15,113.63,1.01,0.97,101.04,104.39,1.04,99.62,1.15,102.41,1.08,1.14,104.95,101.81,1.14
T4,69.819,108.03,1.05,110.94,1.0,1.11,98.45,110.31,1.06,116.67,1.07,102.24,1.08,1.05,108.28,104.17,1.06
T3,70.128,108.73,1.0,110.85,0.95,1.01,108.04,109.43,1.07,92.82,1.02,99.42,0.95,0.94,98.91,104.12,1.16
T4,70.145,105.82,1.05,104.02,0.99,1.08,114.46,106.81,1.1,116.03,0.96,99.18,1.0,1.1,97.89,106.68,0.97
T2,70.309,104.72,1.03,100.84,1.0,0.98,98.33,113.04,1.01,108.54,1.02,106.36,1.0,1.0,111.98,111.42,1.11
T3,70.508,107.19,1.12,109.55,1.0,1.0,99.31,112.18,1.07,103.49,1.06,108.59,1.02,1.06,109.35,107.89,1.16
T2,70.642,108.78,0.96,115.65,0.95,1.03,99.31,113.03,0.99,108.25,1.03,103.63,0.94,0.93,97.27,103.07,1.05
T4,70.648,116.98,0.98,111.96,1.12,1.08,98.25,109.39,1.05,114.09,1.03,96.0,1.09,1.13,99.58,101.02,0.98
T4,71.368,117.16,1.0,112.28,1.06,1.1,98.91,113.92,1.09,113.27,1.03,101.29,1.05,1.01,112.71,114.47,1.01
T4,71.387,110.64,1.07,100.9,1.12,1.06,97.68,100.9,0.95,104.03,1.01,101.31,0.99,0.98,99.82,104.14,1.06
T3,71.391,93.21,1.04,104.46,0.94,1.1,102.55,113.23,1.06,98.62,1.06,110.98,1.07,1.07,109.96,115.22,1.13
T4,71.392,104.88,1.02,111.13,1.11,1.08,102.22,100.95,0.96,113.91,1.05,103.84,1.11,1.06,105.44,106.97,0.99
T2,71.468,108.1,1.05,114.26,0.94,1.06,115.18,95.46,1.04,102.9,0.99,100.12,1.0,1.03,109.44,104.91,1.04
T1,71.649,102.04,1.16,102.62,1.05,1.04,105.91,104.5,1.09,112.96,1.05,104.89,0.93,1.0,106.38,111.72,1.13
T3,71.652,102.31,1.0,101.86,0.97,0.95,99.31,101.06,1.15,101.6,1.17,106.93,0.98,1.01,99.4,112.61,1.14
T2,72.421,107.48,1.03,112.52,1.02,1.02,99.96,106.5,1.04,106.42,1.02,100.3,0.92,1.02,114.52,97.98,1.03
T2,72.609,102.56,0.96,106.21,1.02,1.08,97.93,101.66,1.01,97.24,1.07,116.86,0.96,1.01,101.67,101.19,0.97
T3,72.72,103.98,1.15,96.21,1.02,0.96,107.75,99.56,1.01,109.26,1.09,112.66,1.07,0.96,102.26,103.58,1.13
T1,72.751,113.03,1.1,111.86,1.06,0.97,109.18,114.94,1.01,109.91,1.14,103.17,1.02,1.02,106.64,106.46,1.02
T1,72.978,98.68,1.08,99.76,0.98,1.15,104.8,108.25,1.0,103.92,0.99,98.33,1.08,1.02,106.86,106.78,1.11
T2,72.984,94.24,1.03,106.73,0.96,0.96,114.68,112.16,0.99,101.52,1.0,106.1,0.96,1.01,103.61,98.57,1.04
T2,73.357,103.1,0.99,110.04,0.95,1.03,104.03,97.2,1.03,97.89,0.97,108.38,0.99,0.93,98.33,110.13,1.01
T3,73.57,104.07,1.06,99.69,1.04,0.97,103.35,116.85,1.09,101.66,1.01,114.25,0.95,0.96,104.81,102.49,1.03
T1,73.59,100.8,1.14,102.01,1.01,1.0,108.05,105.36,1.08,100.81,1.09,98.82,1.09,1.08,108.47,114.06,1.17
T3,74.034,93.27,1.14,105.09,1.05,1.1,109.17,101.95,1.0,92.91,1.18,101.9,1.06,0.96,105.5,106.64,1.03
T1,74.114,97.76,1.11,112.68,1.0,1.05,103.31,112.24,1.12,103.76,1.07,107.27,1.01,1.05,108.16,98.5,1.18
T3,74.2,99.59,1.03,98.79,1.0,1.09,102.66,102.23,1.1,99.39,1.12,100.99,0.95,1.05,107.93,108.17,1.03
T2,74.23,92.55,1.1,103.35,0.98,0.94,101.77,102.57,1.02,102.97,0.99,110.86,0.92,1.02,99.56,108.66,1.04
T1,74.281,103.04,1.11,113.48,1.07,1.03,102.2,103.53,1.01,111.85,1.1,104.71,1.04,1.1,97.66,107.76,1.13
T3,74.836,108.06,1.05,103.65,1.04,1.01,103.36,115.99,1.15,103.87,1.14,113.43,0.96,1.1,98.0,108.2,1.06
T1,74.866,108.95,0.98,114.06,1.08,1.05,106.46,98.89,1.03,114.31,1.0,113.92,0.94,1.12,96.77,111.24,1.11
T3,75.378,98.59,1.11,114.16,0.98,1.08,114.63,102.34,1.1,103.62,1.01,97.13,0.95,1.06,100.87,99.54,1.1
T1,75.483,104.41,1.05,98.49,1.05,1.14,108.19,108.52,1.1,110.36,1.12,110.58,1.09,0.99,113.65,99.96,1.06
T1,75.684,112.12,1.15,107.76,1.08,1.15,101.52,111.03,1.03,109.98,1.12,114.33,0.96,1.1,105.73,102.06,1.17
T1,75.697,112.96,1.1,105.3,0.97,1.11,111.42,101.78,1.01,99.29,1.15,107.08,1.01,0.98,113.54,109.09,1.12
T1,75.84,112.08,1.02,98.79,0.95,1.08,102.59,110.36,1.15,113.92,1.12,113.68,1.02,1.05,96.39,102.81,1.13
T1,76.346,111.15,1.0,104.92,0.98,0.98,111.0,99.0,1.1,113.73,1.16,111.38,1.08,1.12,105.88,103.56,1.09
T1,76.611,101.76,1.03,104.33,0.96,1.08,106.79,110.06,1.17,101.94,1.13,100.49,0.94,1.05,96.37,115.66,1.07
T3,77.512,98.66,1.08,105.01,1.06,1.07,105.5,112.7,1.17,104.45,1.18,106.45,0.95,1.06,113.05,113.76,1.14
T3,77.711,94.31,1.08,99.47,0.97,0.98,99.7,104.28,1.07,95.91,1.03,97.53,1.08,1.04,100.14,105.29,1.18
T3,77.837,99.83,1.14,97.97,1.07,1.03,102.98,115.49,1.1,106.31,1.04,96.53,1.02,1.03,104.94,114.95,1.14
T3,79.087,108.06,1.17,97.83,1.0,0.97,97.95,115.81,1.02,107.66,1.15,98.19,1.05,0.93,101.52,104.69,1.02
T3,79.461,108.21,1.01,103.34,1.06,0.99,97.35,100.75,1.11,99.06,1.05,99.04,0.96,0.97,111.21,99.84,1.07
T3,80.178,99.99,1.05,108.75,0.96,0.95,98.91,110.37,1.02,99.05,1.11,110.92,0.95,1.01,113.54,115.8,1.06
T3,80.459,103.64,1.0,100.17,1.03,1.1,97.0,115.06,1.02,103.87,1.12,110.47,1.0,0.97,106.96,113.59,1.03
T3,80.664,106.4,1.01,103.69,0.98,1.07,101.2,115.74,1.01,103.87,1.01,105.09,1.09,1.1,99.58,99.42,1.08
T3,80.72,107.14,1.07,111.13,1.08,1.08,98.52,117.27,1.14,97.27,1.04,113.91,1.05,0.96,99.71,107.5,1.1
T3,81.119,93.14,1.04,108.18,1.06,1.0,112.72,116.9,1.18,101.21,1.11,108.29,1.02,1.0,108.04,99.86,1.1
T3,82.303,107.3,1.01,99.09,0.98,0.94,101.59,105.91,1.15,105.76,1.18,110.24,1.04,1.1,109.0,103.73,1.04
T3,82.639,103.96,1.06,111.97,1.04,1.07,99.16,99.55,1.06,101.72,1.0,97.18,0.92,1.06,102.63,105.09,1.06
