task_type_id,arrival_time,est_m1,est_m2,est_m3,est_m4,ext_m1-1,ext_m2-1,ext_m3-1,ext_m4-1
2,0.275,2.243,2.012,4.777,0.803,1.912,1.948,3.954,0.722
1,0.823,2.15,1.587,5.1,0.72,1.979,1.517,4.825,0.766
1,0.835,2.478,1.824,5.11,0.676,2.07,1.674,4.052,0.66
2,1.022,2.462,1.681,4.259,0.876,2.128,1.899,3.911,1.002
2,1.192,1.9,2.12,3.774,0.856,2.491,1.654,4.01,0.821
1,1.469,2.616,1.774,4.625,0.617,2.559,1.806,4.331,0.857
2,1.581,2.221,1.558,4.501,0.956,2.325,1.775,4.038,0.999
1,1.997,2.161,1.653,3.863,0.773,2.616,1.948,5.033,0.722
1,2.838,1.853,1.76,5.11,0.739,2.252,1.73,5.036,0.74
1,2.94,2.094,1.826,3.872,0.692,2.414,1.708,3.871,0.642
1,3.102,2.277,1.746,3.995,0.716,2.095,1.443,4.339,0.633
1,5.284,1.915,1.457,4.352,0.724,2.582,1.709,5.018,0.63
2,6.11,1.873,1.949,4.269,0.799,1.94,1.585,3.669,0.91
1,6.386,2.318,1.89,4.986,0.779,2.215,1.621,4.5,0.698
1,6.977,2.57,1.588,4.061,0.75,2.327,1.846,3.999,0.758
1,7.447,2.215,1.837,3.991,0.643,2.206,1.774,4.076,0.768
1,7.688,2.402,1.459,4.347,0.806,1.891,1.765,3.816,0.778
1,7.87,2.062,1.88,4.099,0.855,1.94,1.515,3.773,0.83
1,8.012,1.879,1.682,4.585,0.703,1.882,1.709,4.225,0.811
2,9.003,2.176,1.822,4.743,0.729,2.498,1.695,4.746,0.766
1,9.55,2.612,1.509,4.878,0.638,2.177,1.934,3.777,0.696
2,10.777,2.57,1.699,4.79,0.797,2.169,2.054,4.416,0.736
2,11.292,2.625,1.966,4.311,0.788,1.866,2.059,4.767,0.858
1,11.551,2.381,1.846,4.889,0.684,1.89,1.896,5.031,0.787
1,12.836,2.233,1.687,4.659,0.772,2.195,1.961,3.944,0.641
1,13.008,2.612,1.438,4.268,0.692,2.055,1.819,4.233,0.774
1,13.337,2.418,1.922,3.989,0.691,2.057,1.432,4.706,0.767
2,14.732,2.416,1.966,4.877,0.77,2.332,1.753,3.921,0.899
1,15.639,2.557,1.83,4.725,0.612,2.143,1.562,4.282,0.828
1,16.588,2.323,1.735,3.605,0.695,2.455,1.48,3.664,0.719
1,16.631,2.031,1.947,4.108,0.858,2.27,1.89,4.505,0.707
1,16.777,2.443,1.847,4.167,0.707,1.86,1.65,4.483,0.716
1,16.815,2.476,1.937,4.349,0.837,2.469,1.973,4.219,0.723
1,17.003,2.143,1.498,4.169,0.826,2.043,1.911,4.611,0.674
1,17.499,2.612,1.582,3.672,0.819,2.482,1.439,3.776,0.627
1,17.515,1.872,1.975,4.121,0.843,2.434,1.718,3.848,0.659
1,17.72,2.319,1.898,4.553,0.839,2.586,1.469,3.775,0.856
1,17.988,2.34,1.621,4.843,0.745,1.857,1.743,4.258,0.775
2,18.553,2.511,1.609,4.817,0.987,2.196,1.785,3.903,0.834
1,18.578,2.346,1.598,4.925,0.716,2.571,1.603,3.617,0.667
1,18.957,2.198,1.766,3.786,0.842,2.544,1.441,4.967,0.83
1,19.81,2.213,1.562,3.706,0.625,2.092,1.916,4.562,0.804
1,21.629,2.479,1.983,3.874,0.66,2.086,1.983,4.57,0.84
1,22.458,1.904,1.523,4.389,0.749,2.541,1.73,4.999,0.806
1,22.813,1.995,1.546,4.609,0.861,2.231,1.71,4.896,0.748
1,23.872,1.868,1.657,4.156,0.785,1.868,1.491,4.326,0.76
1,24.628,2.59,1.574,4.411,0.694,2.125,1.978,4.978,0.612
1,24.969,2.467,1.518,3.881,0.74,2.146,1.83,4.053,0.764
1,24.988,2.466,1.582,4.843,0.839,2.434,1.89,3.777,0.791
2,25.502,2.346,1.888,4.769,0.878,1.997,1.538,3.892,0.98
2,25.897,2.513,1.974,4.656,0.899,2.391,1.975,4.995,0.763
1,26.487,1.913,1.591,4.076,0.638,2.082,1.851,4.084,0.643
2,27.776,2.102,1.598,3.64,0.804,2.255,1.848,3.807,0.941
1,28.259,2.402,1.707,5.042,0.639,2.553,1.897,4.38,0.627
2,29.564,2.197,1.96,4.884,0.844,1.882,1.614,4.614,0.721
1,29.776,2.327,1.471,4.177,0.836,2.185,1.898,4.08,0.81
1,29.855,2.557,1.851,4.675,0.687,2.562,1.528,3.685,0.785
1,31.753,1.885,1.916,4.997,0.627,2.581,1.662,3.692,0.785
2,32.005,2.373,1.764,4.441,0.846,2.31,1.602,4.357,0.897
1,32.304,2.14,1.588,4.923,0.691,2.309,1.682,3.806,0.845
1,32.612,2.064,1.958,4.411,0.816,1.912,1.566,5.098,0.641
1,33.095,1.861,1.702,4.541,0.678,2.111,1.862,5.099,0.76
2,33.154,2.527,1.791,4.477,0.924,1.938,1.69,3.71,0.742
1,33.178,2.471,1.959,4.523,0.754,2.301,1.841,4.484,0.632
1,33.509,1.891,1.552,4.674,0.812,2.335,1.738,3.737,0.76
1,34.063,2.048,1.709,4.891,0.861,2.241,1.661,4.029,0.667
1,34.286,2.023,1.865,4.555,0.842,2.155,1.836,5.102,0.795
2,35.002,2.302,1.946,4.128,0.749,2.19,1.861,4.024,0.951
1,35.203,2.069,1.478,4.526,0.623,1.852,1.617,3.987,0.715
1,35.975,1.979,1.905,3.888,0.848,2.103,1.806,4.741,0.781
1,36.048,1.874,1.542,4.633,0.763,2.42,1.674,3.803,0.854
1,36.38,2.346,1.633,4.632,0.692,2.095,1.405,4.233,0.73
2,37.272,1.9,1.761,3.92,0.799,2.639,2.073,4.079,0.977
1,37.456,1.863,1.423,4.789,0.76,1.9,1.613,3.986,0.619
2,37.99,2.364,1.921,4.331,0.999,2.2,1.795,4.225,0.775
1,38.989,1.997,1.932,4.277,0.691,2.578,1.873,4.888,0.716
1,39.589,2.117,1.696,3.756,0.832,1.949,1.989,4.347,0.855
1,39.822,1.854,1.87,4.624,0.693,2.473,1.951,4.04,0.619
1,41.875,2.452,1.783,3.615,0.78,1.886,1.462,4.833,0.644
1,42.248,1.885,1.419,4.19,0.861,2.484,1.978,4.231,0.833
1,42.579,2.248,1.598,4.481,0.759,2.277,1.89,4.675,0.705
1,43.596,2.082,1.486,4.663,0.766,2.272,1.631,4.277,0.695
1,45.942,2.12,1.603,3.968,0.704,1.874,1.766,4.305,0.642
2,46.503,2.625,1.578,3.803,0.738,2.001,2.0,4.146,0.918
1,47.505,2.318,1.671,3.981,0.794,2.24,1.735,4.774,0.618
2,47.622,2.23,1.949,4.295,0.953,2.625,2.113,3.95,0.737
1,47.879,2.429,1.87,4.915,0.86,2.618,1.636,4.53,0.686
1,48.047,2.455,1.659,4.364,0.703,2.269,1.835,4.775,0.788
1,48.225,2.27,1.899,4.393,0.695,2.185,1.776,4.81,0.79
1,49.817,2.602,1.479,4.492,0.715,2.254,1.679,4.852,0.863
1,49.911,1.931,1.413,5.043,0.752,1.884,1.74,4.805,0.691
1,50.276,2.604,1.738,3.669,0.739,2.167,1.684,4.969,0.676
1,50.893,2.31,1.516,4.933,0.751,1.983,1.432,4.824,0.72
2,51.468,2.116,1.649,4.156,0.769,2.368,1.894,3.63,0.881
1,51.64,2.616,1.732,4.43,0.758,2.562,1.546,3.944,0.757
1,52.317,1.996,1.651,4.343,0.621,2.059,1.746,3.618,0.767
1,52.926,2.553,1.766,4.161,0.824,2.08,1.616,4.699,0.832
1,53.202,2.312,1.835,4.775,0.834,1.945,1.897,3.681,0.722
1,53.822,2.058,1.875,4.563,0.776,2.317,1.622,4.782,0.719
2,54.446,2.298,1.953,4.798,0.918,2.298,1.904,3.93,0.914
1,54.526,1.954,1.858,4.202,0.758,2.458,1.73,3.882,0.691
1,54.59,2.244,1.656,4.484,0.663,2.388,1.567,4.613,0.672
1,54.863,1.899,1.46,4.371,0.863,1.969,1.977,4.584,0.735
1,56.002,2.544,1.535,4.781,0.768,1.935,1.966,4.717,0.678
1,56.923,2.507,1.668,4.923,0.703,2.228,1.969,4.609,0.657
1,57.516,1.857,1.834,3.604,0.689,2.131,1.418,3.783,0.717
2,57.704,2.215,1.92,3.835,0.952,2.571,1.613,4.605,0.779
2,58.038,2.446,1.735,3.876,0.989,2.429,1.953,3.775,0.806
2,58.275,2.001,1.546,4.125,0.744,2.592,1.621,4.49,1.006
1,59.977,2.476,1.607,4.941,0.714,2.167,1.989,4.966,0.854
2,60.492,2.238,2.073,3.77,0.797,2.008,2.014,4.474,0.919
1,60.808,1.88,1.891,3.995,0.617,2.011,1.703,4.303,0.691
1,62.458,2.041,1.439,4.479,0.768,2.109,1.528,4.688,0.659
1,62.931,2.528,1.668,4.841,0.612,1.997,1.41,5.072,0.661
1,63.215,1.903,1.543,4.677,0.622,2.478,1.946,3.765,0.72
1,63.642,2.345,1.73,4.369,0.667,2.206,1.496,5.008,0.719
1,63.739,1.961,1.609,3.773,0.707,2.013,1.73,4.04,0.735
2,65.26,2.523,1.565,4.809,0.833,2.321,1.512,4.334,0.83
2,65.897,2.427,2.111,5.084,0.719,2.017,1.966,4.196,0.889
2,66.343,2.294,1.792,4.462,0.861,1.935,1.961,4.602,0.871
1,66.345,2.482,1.405,4.907,0.842,2.086,1.89,4.176,0.684
2,67.027,2.513,1.844,4.118,0.774,2.521,1.59,4.495,0.956
1,67.688,1.949,1.971,3.803,0.666,2.029,1.476,4.081,0.822
1,68.068,2.397,1.949,4.492,0.633,2.205,1.974,4.121,0.763
2,68.672,2.552,1.636,4.995,0.971,2.041,2.064,4.631,0.747
1,68.787,2.309,1.911,4.907,0.618,2.618,1.893,3.8,0.618
1,68.864,2.254,1.738,4.605,0.678,1.901,1.658,4.233,0.738
1,69.046,2.483,1.988,4.661,0.719,1.882,1.765,4.033,0.612
1,70.594,2.191,1.882,4.503,0.83,2.231,1.73,4.609,0.746
1,71.435,1.865,1.711,5.096,0.795,1.983,1.937,4.76,0.677
1,71.718,2.532,1.463,4.325,0.753,2.1,1.93,4.031,0.751
2,72.062,2.375,1.657,4.555,0.793,2.38,1.984,4.947,1.007
1,72.705,2.449,1.716,3.982,0.733,1.856,1.961,4.905,0.833
1,72.857,1.987,1.694,4.006,0.63,2.455,1.479,3.98,0.837
1,73.388,2.198,1.593,3.625,0.744,2.153,1.963,4.053,0.842
1,74.745,2.358,1.591,3.981,0.715,2.174,1.976,4.996,0.774
1,75.133,1.996,1.776,4.86,0.796,2.373,1.989,4.055,0.86
1,75.385,1.961,1.801,4.275,0.765,1.935,1.696,4.608,0.798
1,78.056,2.215,1.577,5.003,0.818,2.009,1.913,4.753,0.837
1,80.209,1.995,1.622,4.258,0.83,1.915,1.541,4.199,0.667
1,81.077,2.285,1.422,4.699,0.722,2.012,1.822,4.283,0.677
1,82.28,2.029,1.858,4.516,0.859,2.239,1.988,4.279,0.692
1,82.456,1.922,1.949,4.659,0.842,2.586,1.441,3.652,0.811
1,83.432,2.028,1.478,4.992,0.782,2.284,1.462,4.225,0.719
1,84.212,2.009,1.515,4.225,0.664,2.575,1.434,4.204,0.64
2,85.69,2.114,1.757,4.119,0.753,2.138,2.122,4.841,0.937
1,85.867,2.312,1.434,4.303,0.691,2.41,1.585,4.282,0.746
1,86.657,2.623,1.908,3.654,0.741,2.402,1.953,3.668,0.812
2,87.307,2.36,1.775,3.827,0.819,2.394,1.768,4.242,0.914
2,87.445,2.117,1.747,3.875,0.719,2.022,1.581,5.127,0.745
2,88.201,2.379,1.825,5.083,1.002,2.007,2.101,3.954,0.864
1,88.697,2.405,1.462,4.832,0.648,2.031,1.824,4.716,0.839
1,88.699,2.259,1.958,4.136,0.623,2.612,1.676,4.72,0.83
1,89.491,2.156,1.968,3.942,0.722,2.048,1.516,4.13,0.826
1,90.059,2.381,1.877,4.107,0.851,2.111,1.613,3.717,0.649
2,91.081,2.4,2.032,4.784,0.792,2.266,2.001,4.869,0.791
1,91.593,2.555,1.638,4.737,0.735,2.312,1.871,3.803,0.717
1,92.318,2.239,1.895,4.663,0.654,2.388,1.432,4.29,0.694
1,92.711,2.144,1.762,3.657,0.62,2.219,1.946,4.236,0.722
1,92.826,2.491,1.876,4.725,0.703,2.215,1.405,4.617,0.753
1,92.937,1.936,1.765,4.427,0.858,2.296,1.841,5.008,0.839
2,93.341,2.611,1.926,3.972,1.008,2.523,2.022,5.021,0.732
1,94.45,2.57,1.656,3.978,0.842,2.363,1.968,4.175,0.828
2,94.585,1.944,1.903,3.783,0.732,2.624,1.528,4.59,0.756
2,94.646,2.475,1.692,5.101,0.941,2.224,1.875,4.96,0.96
1,94.77,2.576,1.53,3.877,0.64,2.07,1.413,3.726,0.653
1,94.853,2.216,1.52,3.672,0.836,2.451,1.662,3.814,0.682
2,95.334,1.916,1.681,4.312,1.013,2.169,1.722,4.102,0.847
1,95.617,2.076,1.68,3.981,0.848,2.464,1.697,3.777,0.83
1,95.621,2.447,1.872,5.031,0.803,2.422,1.862,4.891,0.704
1,96.389,2.276,1.876,4.584,0.615,1.928,1.419,4.161,0.611
1,96.453,1.88,1.676,3.783,0.811,2.571,1.434,4.992,0.689
1,96.574,2.373,1.574,4.962,0.625,2.238,1.752,4.342,0.632
1,98.064,2.548,1.958,3.613,0.686,2.581,1.485,4.204,0.686
1,98.106,2.315,1.89,3.748,0.794,2.014,1.984,3.692,0.633
1,98.674,1.996,1.609,3.902,0.838,2.187,1.801,4.033,0.776
1,98.831,2.43,1.968,3.902,0.817,1.863,1.983,3.847,0.716
2,99.613,2.295,2.097,3.835,0.75,2.151,1.801,3.948,0.867
1,99.983,2.054,1.646,4.437,0.725,2.568,1.601,4.347,0.659
2,99.992,2.15,2.122,4.95,0.805,2.011,1.578,3.789,0.73
2,100.047,2.145,1.897,3.803,0.772,2.243,1.892,3.911,0.903
2,101.23,2.333,1.804,4.15,0.988,2.13,1.599,3.752,0.925
2,101.25,2.494,1.794,4.315,0.745,2.625,1.736,4.014,0.756
1,102.271,2.623,1.538,4.156,0.696,2.517,1.905,4.011,0.858
1,102.53,2.248,1.589,5.003,0.727,2.04,1.469,3.791,0.702
1,102.562,2.48,1.823,4.412,0.72,1.988,1.476,4.5,0.644
1,102.594,2.122,1.871,3.659,0.75,2.1,1.658,4.067,0.743
1,103.107,2.475,1.735,4.78,0.744,2.044,1.712,3.605,0.815
1,103.14,2.167,1.534,4.395,0.861,2.453,1.538,4.19,0.631
1,103.663,2.451,1.844,3.724,0.719,2.031,1.613,3.814,0.74
2,103.73,2.191,1.908,4.999,0.839,2.13,1.658,5.057,0.928
1,104.517,2.471,1.633,5.11,0.729,1.951,1.847,3.737,0.611
1,104.981,1.897,1.958,3.908,0.69,1.901,1.714,4.138,0.697
1,105.198,2.476,1.92,3.604,0.679,2.12,1.765,4.593,0.825
1,105.552,2.482,1.619,4.828,0.764,2.582,1.689,4.196,0.623
1,106.009,2.555,1.978,4.038,0.728,2.591,1.616,5.11,0.644
1,107.55,2.31,1.704,3.858,0.719,2.616,1.8,4.352,0.724
1,107.937,1.94,1.455,4.681,0.688,2.209,1.793,3.858,0.704
1,107.993,2.455,1.927,4.457,0.619,2.131,1.44,3.816,0.719
2,108.196,1.904,2.113,4.504,0.83,2.261,2.071,4.283,0.799
1,108.459,2.429,1.565,4.298,0.677,2.458,1.455,4.354,0.854
1,109.018,2.528,1.946,4.128,0.816,1.955,1.631,4.347,0.765
2,109.175,2.298,1.569,4.568,0.912,2.417,1.592,3.908,1.016
1,109.739,1.91,1.905,3.871,0.672,2.12,1.482,4.631,0.816
2,110.003,2.625,1.978,4.469,0.803,2.059,1.828,4.416,0.826
1,111.063,2.083,1.663,4.824,0.723,1.905,1.661,3.673,0.647
1,111.327,2.266,1.423,4.596,0.755,2.363,1.97,3.748,0.861
1,111.363,2.113,1.969,4.258,0.863,1.878,1.546,5.095,0.715
1,112.4,2.497,1.786,3.904,0.681,2.022,1.92,4.079,0.704
2,112.543,1.906,1.787,5.084,1.005,2.283,2.133,3.667,0.765
1,112.704,1.86,1.901,4.059,0.86,2.197,1.869,4.564,0.765
1,114.704,2.233,1.908,4.791,0.714,1.988,1.643,4.373,0.762
1,114.769,2.474,1.415,3.877,0.658,1.978,1.479,3.745,0.631
1,114.955,2.539,1.598,4.926,0.667,2.095,1.559,4.456,0.839
1,115.26,2.562,1.836,4.217,0.804,1.999,1.479,4.469,0.853
2,115.382,2.268,1.943,3.869,0.977,2.248,2.123,4.788,0.831
1,116.696,2.447,1.782,4.516,0.65,1.856,1.755,4.081,0.693
1,116.818,2.266,1.551,4.045,0.655,2.045,1.852,4.258,0.682
1,117.376,2.27,1.516,4.474,0.818,1.963,1.605,4.258,0.86
1,117.661,1.987,1.714,4.136,0.669,2.605,1.513,3.839,0.632
2,118.969,2.408,1.7,4.727,0.757,2.351,2.113,4.928,0.828
1,119.207,2.143,1.518,4.703,0.668,2.346,1.569,4.001,0.768
1,119.594,2.054,1.73,4.925,0.623,1.871,1.868,4.982,0.687
1,119.778,2.226,1.463,4.279,0.738,2.276,1.764,4.432,0.62
1,121.25,2.092,1.838,3.746,0.612,2.286,1.872,4.562,0.83
1,121.398,2.465,1.631,3.987,0.636,2.476,1.87,4.134,0.861
1,121.436,1.925,1.668,4.614,0.766,2.053,1.963,3.685,0.681
1,121.767,2.373,1.603,4.968,0.624,2.302,1.667,3.972,0.688
1,125.141,1.882,1.445,4.406,0.693,2.578,1.947,4.146,0.833
1,125.808,2.162,1.844,4.354,0.626,1.863,1.862,4.506,0.765
1,126.657,1.874,1.967,4.343,0.707,2.074,1.836,5.043,0.635
1,127.005,2.119,1.426,4.516,0.815,2.539,1.584,4.34,0.754
1,128.553,2.471,1.755,4.582,0.691,1.988,1.584,5.098,0.735
1,128.572,2.308,1.603,5.098,0.696,2.238,1.438,3.773,0.695
1,129.884,2.35,1.534,4.674,0.726,2.571,1.876,4.674,0.676
1,130.212,2.086,1.87,4.132,0.766,2.327,1.968,4.412,0.773
1,130.332,2.502,1.61,4.379,0.761,2.103,1.655,3.853,0.812
2,130.38,2.094,1.801,5.069,0.816,1.913,1.536,4.174,0.799
2,131.007,2.007,1.612,4.973,0.719,2.491,2.032,4.584,0.897
1,132.02,2.088,1.845,4.915,0.699,1.937,1.445,4.264,0.791
2,132.205,2.285,1.747,3.637,0.847,2.209,1.777,4.76,0.889
1,132.59,1.912,1.442,4.516,0.797,1.868,1.937,3.932,0.686
1,133.541,2.087,1.702,4.128,0.791,2.023,1.574,3.61,0.707
1,133.678,2.301,1.801,4.132,0.843,2.029,1.613,5.098,0.709
1,134.258,2.456,1.459,4.751,0.803,2.405,1.598,4.118,0.623
1,134.409,2.615,1.639,4.899,0.65,1.9,1.502,4.857,0.845
2,134.529,2.324,1.544,5.022,0.989,2.497,2.082,4.311,0.852
2,135.54,2.169,1.891,5.052,0.91,2.589,1.994,4.995,0.732
1,136.142,1.882,1.579,4.549,0.639,2.453,1.711,4.366,0.663
2,136.741,2.361,2.012,4.455,0.874,2.384,2.105,4.622,0.99
1,137.041,2.373,1.838,4.98,0.84,2.023,1.978,4.582,0.854
1,137.424,2.384,1.461,4.916,0.612,2.245,1.554,3.626,0.623
1,137.824,2.623,1.703,3.657,0.734,2.569,1.797,4.357,0.663
2,138.27,2.589,1.78,4.24,0.955,2.386,1.725,4.613,0.775
1,140.662,2.192,1.434,3.904,0.768,2.525,1.51,4.326,0.716
1,141.301,2.147,1.98,3.991,0.766,2.074,1.603,4.533,0.716
2,142.16,2.063,1.956,4.774,0.913,2.011,1.98,4.723,0.809
1,142.218,1.948,1.738,4.553,0.654,1.953,1.809,4.19,0.75
1,142.479,2.467,1.577,4.287,0.658,2.202,1.644,4.354,0.744
2,144.267,2.346,2.091,4.23,0.913,2.557,1.617,3.679,0.996
1,144.814,2.525,1.819,4.249,0.835,2.081,1.416,4.313,0.612
1,144.866,2.298,1.662,3.838,0.748,2.095,1.836,3.64,0.632
1,145.104,2.177,1.836,4.19,0.732,2.244,1.619,4.683,0.745
2,145.38,2.584,2.009,3.954,0.972,2.457,1.965,4.733,0.757
1,145.407,1.967,1.567,4.611,0.618,2.45,1.657,3.987,0.852
2,145.54,2.437,1.821,4.522,0.75,1.895,1.746,4.251,0.868
1,147.059,2.597,1.448,4.977,0.7,2.54,1.448,4.912,0.746
1,148.392,2.592,1.566,4.564,0.632,1.939,1.471,4.778,0.616
1,148.839,2.53,1.673,3.617,0.832,2.458,1.853,4.17,0.77
1,148.943,2.56,1.821,4.031,0.61,1.867,1.931,4.924,0.739
1,149.246,2.539,1.613,4.456,0.667,2.099,1.638,3.64,0.728
2,149.681,2.565,1.595,3.86,0.856,2.252,1.526,3.679,0.776
1,149.837,2.165,1.639,4.696,0.746,1.918,1.696,3.724,0.666
1,149.843,2.358,1.884,4.688,0.729,2.521,1.434,4.025,0.786
1,150.339,2.422,1.989,4.032,0.764,2.032,1.704,4.068,0.78
1,150.498,2.558,1.982,4.689,0.792,2.576,1.727,3.665,0.707
1,151.495,2.345,1.668,4.009,0.81,2.261,1.672,3.681,0.658
1,151.599,1.916,1.868,4.611,0.722,1.865,1.445,4.917,0.702
2,151.728,2.35,1.762,4.56,0.921,2.368,1.964,4.286,0.763
1,151.821,2.429,1.821,4.175,0.637,1.94,1.976,5.112,0.622
1,151.959,2.495,1.893,3.86,0.63,2.282,1.905,3.724,0.788
1,151.96,2.04,1.446,4.611,0.825,2.577,1.947,3.693,0.719
1,152.146,2.358,1.846,3.822,0.639,2.404,1.703,4.17,0.83
1,152.635,2.049,1.58,4.661,0.831,2.015,1.549,3.913,0.644
1,152.722,2.195,1.702,4.001,0.826,2.233,1.547,4.778,0.788
1,153.964,1.906,1.517,4.771,0.659,2.101,1.744,4.614,0.737
1,154.857,2.331,1.803,4.264,0.682,2.624,1.719,3.627,0.702
1,155.333,1.915,1.865,4.475,0.703,2.227,1.815,4.003,0.749
1,155.498,1.88,1.524,4.873,0.741,2.451,1.453,3.979,0.684
1,155.966,2.011,1.651,4.354,0.627,1.858,1.656,4.354,0.62
2,156.701,2.269,1.933,4.152,0.966,2.619,1.544,4.777,0.966
1,157.897,2.272,1.69,3.648,0.653,2.044,1.546,4.841,0.801
2,158.616,2.488,1.579,4.368,0.947,2.453,1.658,4.465,1.007
1,158.82,2.456,1.675,3.942,0.821,2.226,1.741,4.997,0.69
2,159.541,2.311,1.819,3.95,0.998,2.022,2.073,4.024,0.998
1,159.634,2.623,1.809,4.714,0.762,2.113,1.646,4.108,0.804
1,159.726,1.885,1.763,4.96,0.69,1.861,1.967,4.896,0.741
2,159.835,2.172,1.548,3.63,0.744,2.071,2.032,4.581,1.008
2,160.285,2.63,1.882,4.032,0.816,2.043,2.069,4.275,0.919
1,160.751,2.01,1.82,4.006,0.741,2.226,1.535,4.011,0.739
2,161.054,2.631,1.819,4.107,0.995,2.577,2.022,4.86,0.856
2,162.027,1.881,1.853,4.871,0.787,1.959,1.571,4.243,0.76
2,162.213,2.34,1.692,4.495,0.729,2.182,1.546,4.582,0.988
1,162.838,2.36,1.623,4.455,0.721,2.328,1.815,4.08,0.746
1,162.893,2.346,1.546,4.608,0.858,2.337,1.942,4.851,0.661
1,163.4,2.198,1.942,4.606,0.723,2.429,1.584,4.437,0.612
1,163.587,1.961,1.437,4.379,0.852,2.458,1.715,4.782,0.638
1,163.859,2.052,1.988,4.367,0.844,2.309,1.462,3.796,0.862
1,163.939,2.476,1.948,4.272,0.616,2.561,1.825,4.307,0.632
2,163.967,1.88,2.087,4.767,0.944,2.294,2.122,3.793,0.916
1,164.331,2.436,1.585,4.829,0.66,2.092,1.728,4.675,0.638
1,165.026,2.254,1.917,4.083,0.693,2.272,1.647,4.555,0.63
2,165.089,2.192,1.821,4.44,0.849,1.973,1.949,4.902,0.786
1,165.734,2.068,1.844,4.313,0.689,2.162,1.543,5.088,0.675
1,165.902,1.935,1.457,4.44,0.712,2.565,1.434,4.716,0.855
2,166.04,2.24,1.832,4.956,0.952,1.979,2.047,4.098,0.951
1,167.522,2.428,1.524,5.055,0.635,2.24,1.677,4.075,0.66
2,167.573,2.306,2.091,3.827,0.989,2.056,1.546,4.041,1.0
2,168.08,2.251,1.658,4.332,0.88,2.447,1.61,4.268,0.959
2,168.303,1.898,1.618,4.125,0.952,2.238,2.064,4.365,0.84
1,168.612,1.916,1.844,3.841,0.632,2.388,1.473,4.491,0.664
1,170.443,2.059,1.544,3.711,0.763,2.35,1.939,4.562,0.801
2,171.111,2.361,2.108,4.44,0.794,1.943,1.894,5.078,0.988
1,171.357,2.252,1.885,4.258,0.774,2.142,1.524,3.681,0.679
1,171.517,2.119,1.474,5.001,0.747,2.209,1.546,4.657,0.791
1,171.838,1.965,1.591,4.065,0.676,2.267,1.668,3.709,0.751
2,172.207,2.114,1.801,4.194,0.846,1.923,1.953,4.344,0.988
2,172.794,2.063,1.562,3.63,1.018,2.315,1.824,5.035,0.837
2,173.056,2.43,1.852,3.64,0.775,2.523,1.894,3.807,0.924
1,173.938,1.982,1.661,4.44,0.736,2.624,1.972,4.209,0.828
2,173.997,2.545,1.63,3.77,0.92,2.045,1.887,4.965,0.977
1,174.216,1.886,1.953,3.646,0.753,2.192,1.752,4.19,0.667
1,174.754,2.482,1.405,3.984,0.831,2.62,1.707,4.287,0.667
1,175.592,2.081,1.761,4.653,0.64,1.988,1.405,4.405,0.81
1,175.684,2.197,1.601,4.977,0.81,2.086,1.872,4.895,0.629
1,176.01,2.542,1.793,4.032,0.76,1.95,1.769,4.373,0.621
1,176.039,2.343,1.72,4.196,0.755,1.94,1.942,4.741,0.724
1,177.281,2.276,1.946,4.62,0.846,2.252,1.61,4.596,0.791
2,177.753,2.179,1.61,4.685,0.86,2.633,2.076,3.743,0.908
2,177.945,2.617,1.917,4.207,0.852,1.912,1.726,4.665,0.995
1,178.115,2.42,1.495,4.936,0.736,2.542,1.885,5.042,0.818
1,178.603,2.206,1.896,4.472,0.662,2.528,1.406,4.87,0.724
1,178.798,2.497,1.501,4.506,0.843,1.86,1.876,4.611,0.851
1,179.179,2.612,1.448,4.858,0.689,1.921,1.77,4.541,0.68
1,180.276,2.486,1.515,4.575,0.76,2.013,1.732,4.303,0.632
1,180.915,2.615,1.905,4.003,0.72,2.557,1.957,4.624,0.72
1,181.292,2.541,1.53,3.674,0.744,2.424,1.512,4.258,0.818
1,182.655,2.486,1.419,4.608,0.661,2.455,1.712,3.657,0.646
1,183.005,1.98,1.417,4.861,0.738,2.074,1.438,4.046,0.676
1,184.864,2.363,1.838,4.707,0.751,1.86,1.441,3.984,0.767
2,185.585,2.269,1.867,3.951,0.749,2.623,1.806,4.585,0.759
1,187.261,2.588,1.688,4.115,0.751,2.051,1.765,4.386,0.861
1,187.724,2.312,1.984,4.437,0.763,2.548,1.958,4.206,0.751
1,187.754,2.022,1.442,4.033,0.63,2.054,1.905,4.568,0.735
2,188.167,2.523,2.04,4.715,0.909,2.312,1.967,4.665,1.002
1,189.44,2.531,1.868,4.389,0.652,2.091,1.868,4.038,0.668
1,190.125,1.868,1.546,4.674,0.762,1.894,1.822,4.132,0.843
1,191.309,2.431,1.432,4.311,0.828,2.616,1.655,4.287,0.677
2,191.616,2.218,1.839,4.135,0.988,1.948,1.818,4.556,0.839
2,191.862,1.943,1.847,4.555,0.748,2.592,2.095,4.768,0.789
1,192.719,1.996,1.485,4.516,0.631,2.272,1.571,5.11,0.701
1,192.751,2.158,1.636,4.307,0.676,2.101,1.639,4.816,0.822
1,193.027,1.976,1.479,4.763,0.779,2.454,1.897,3.848,0.763
1,194.33,2.015,1.506,4.727,0.683,2.041,1.931,4.079,0.627
1,194.893,2.142,1.421,4.352,0.666,1.991,1.821,3.8,0.631
1,195.223,2.548,1.423,4.235,0.801,2.015,1.535,4.79,0.753
1,195.556,2.013,1.798,3.807,0.695,2.277,1.846,4.971,0.843
2,196.926,1.912,1.801,4.235,0.82,2.636,1.664,5.046,0.914
1,197.086,2.604,1.505,4.279,0.744,2.431,1.549,3.86,0.635
1,198.224,2.173,1.512,4.38,0.818,2.625,1.444,4.194,0.775
1,198.311,2.577,1.838,4.541,0.626,2.55,1.716,3.948,0.63
1,198.317,2.082,1.955,4.593,0.746,1.857,1.955,4.873,0.668
1,198.714,2.418,1.951,4.412,0.844,2.013,1.809,4.483,0.837
1,199.422,2.081,1.479,4.62,0.784,2.509,1.419,4.833,0.631
1,199.829,2.453,1.738,3.997,0.667,1.988,1.548,3.624,0.678
1,199.949,2.143,1.708,4.457,0.695,2.479,1.758,4.88,0.666
2,201.859,2.192,1.811,3.864,0.811,2.401,2.063,4.399,1.0
1,202.379,2.427,1.879,4.658,0.648,1.993,1.862,3.777,0.863
1,202.783,1.873,1.897,4.666,0.61,2.325,1.668,3.783,0.639
1,203.037,2.126,1.948,4.962,0.748,2.286,1.543,3.805,0.622
1,204.179,2.578,1.522,3.874,0.73,2.337,1.462,4.843,0.759
1,204.333,2.44,1.569,3.888,0.759,2.202,1.716,4.674,0.626
1,204.558,2.436,1.445,4.622,0.849,2.585,1.818,3.64,0.631
1,206.196,2.266,1.73,3.832,0.719,2.065,1.463,4.725,0.695
1,206.262,2.158,1.779,4.993,0.766,2.408,1.715,3.664,0.711
2,206.562,2.39,1.953,3.984,0.83,2.295,1.512,4.559,0.999
2,207.098,2.197,1.695,5.121,0.845,1.923,2.138,5.076,0.832
1,207.74,2.505,1.753,4.88,0.656,2.158,1.969,4.996,0.744
1,208.173,2.616,1.618,4.727,0.818,2.081,1.682,4.556,0.839
1,208.238,2.173,1.961,4.196,0.77,1.909,1.968,4.354,0.809
1,209.698,2.177,1.501,4.707,0.633,2.623,1.559,3.835,0.861
1,209.755,2.473,1.52,4.43,0.849,1.956,1.685,4.873,0.821
1,210.306,2.252,1.775,3.964,0.861,2.093,1.703,3.896,0.764
1,210.781,2.07,1.518,4.322,0.611,2.436,1.543,4.683,0.822
2,210.803,2.625,1.657,3.637,1.015,2.333,1.688,4.765,0.904
1,211.773,1.905,1.593,4.427,0.762,1.902,1.8,4.618,0.678
1,212.865,2.01,1.535,3.854,0.739,2.24,1.506,3.664,0.734
1,213.134,2.108,1.962,4.873,0.636,2.585,1.821,3.778,0.751
1,213.394,2.219,1.739,3.676,0.863,2.104,1.8,4.861,0.766
1,213.755,1.852,1.905,4.079,0.835,2.069,1.879,5.032,0.802
1,214.857,2.077,1.869,3.845,0.758,2.317,1.872,4.196,0.657
1,214.88,1.857,1.761,4.803,0.803,2.35,1.41,5.097,0.666
1,215.191,2.491,1.433,3.863,0.813,2.472,1.562,5.037,0.84
2,215.542,2.506,1.714,4.592,0.899,2.295,1.584,4.007,0.966
1,215.965,2.318,1.419,3.776,0.667,1.905,1.771,3.619,0.753
1,216.068,2.248,1.486,4.298,0.613,2.114,1.821,5.097,0.671
2,216.449,2.25,1.869,4.365,0.734,2.189,2.009,4.963,0.825
1,216.632,2.056,1.702,3.839,0.626,2.382,1.676,4.233,0.66
2,217.076,1.9,1.52,3.709,0.885,2.093,2.064,4.721,0.841
2,217.265,2.094,1.956,4.643,0.963,2.4,1.734,4.602,0.805
2,217.61,2.612,1.519,3.8,0.726,2.139,1.823,4.626,0.895
1,218.331,2.362,1.691,3.737,0.621,2.525,1.762,4.912,0.728
2,218.707,2.433,1.967,3.837,0.903,2.215,1.796,3.783,0.946
1,219.255,2.183,1.684,3.922,0.759,2.011,1.814,4.542,0.855
1,219.534,2.474,1.873,3.664,0.719,2.282,1.867,4.62,0.836
1,219.538,1.947,1.799,3.931,0.816,1.94,1.782,3.693,0.742
2,220.243,2.308,1.831,4.001,0.766,2.098,1.61,3.701,1.003
2,220.477,1.904,1.73,4.268,0.93,1.881,1.735,4.631,0.786
1,221.575,1.881,1.475,4.611,0.757,2.095,1.949,4.326,0.675
2,221.741,2.189,2.128,4.229,0.799,2.251,1.612,3.642,0.877
2,222.097,2.028,1.676,3.774,0.999,2.639,2.108,4.255,0.872
1,222.626,1.909,1.848,4.165,0.696,1.935,1.519,4.718,0.706
2,222.672,2.599,2.034,4.287,0.778,2.019,1.9,4.379,0.944
1,223.114,2.149,1.591,4.753,0.775,1.919,1.593,3.691,0.84
2,224.588,2.19,1.513,3.631,0.988,2.066,1.705,4.111,0.85
2,224.875,2.272,1.612,3.964,0.987,1.997,1.586,4.813,0.905
2,225.462,2.169,1.916,4.219,0.83,2.416,2.071,4.746,0.765
1,225.937,2.176,1.44,4.373,0.76,2.539,1.852,3.776,0.76
1,226.508,1.916,1.551,3.8,0.667,1.953,1.79,4.597,0.833
1,227.432,2.31,1.628,4.338,0.678,2.573,1.467,4.068,0.734
1,227.539,1.951,1.58,4.917,0.664,2.272,1.542,5.099,0.84
1,228.557,2.173,1.603,4.62,0.648,2.238,1.649,4.246,0.677
1,228.66,2.012,1.515,3.661,0.716,2.393,1.76,3.632,0.762
1,228.721,2.613,1.552,3.854,0.652,2.248,1.586,4.76,0.83
2,230.024,2.008,2.081,3.768,0.771,1.882,1.959,4.712,0.871
1,230.709,2.109,1.594,4.204,0.724,1.853,1.791,4.498,0.73
2,231.095,2.26,2.009,4.946,0.736,2.628,1.935,4.179,0.744
1,231.158,1.986,1.902,4.405,0.754,2.231,1.447,4.962,0.862
1,231.503,2.1,1.608,4.645,0.755,2.458,1.842,4.364,0.796
1,231.918,1.972,1.876,3.776,0.801,2.364,1.591,4.824,0.827
2,232.049,1.972,1.686,4.556,0.753,2.438,2.127,4.275,0.738
1,232.073,2.118,1.689,4.261,0.692,2.126,1.685,4.492,0.784
2,232.242,1.91,2.122,4.79,0.861,1.97,1.987,4.313,0.944
1,232.396,2.254,1.838,4.013,0.736,2.483,1.519,4.31,0.733
2,233.134,1.905,1.863,4.638,0.997,2.059,1.827,4.768,0.846
1,234.041,2.165,1.868,5.111,0.824,2.272,1.972,4.554,0.686
1,234.597,2.493,1.846,4.909,0.633,2.358,1.463,4.618,0.767
2,235.33,2.421,1.898,4.283,1.01,2.32,1.527,3.75,0.914
2,236.009,1.888,1.712,3.939,1.002,2.398,2.01,5.025,0.93
1,236.582,1.915,1.531,4.313,0.721,2.309,1.755,3.773,0.727
2,236.645,2.078,2.071,5.056,0.841,2.255,1.636,4.33,1.005
2,236.76,2.502,1.886,4.125,0.965,2.582,1.919,3.804,0.856
1,237.495,2.498,1.463,4.357,0.659,2.145,1.688,4.425,0.723
1,238.044,1.967,1.728,4.8,0.764,1.907,1.722,3.676,0.76
2,239.536,2.215,1.546,3.94,0.72,2.52,2.027,3.985,0.997
1,241.025,2.476,1.475,4.331,0.637,1.864,1.951,4.974,0.691
1,241.889,2.572,1.958,5.037,0.668,1.922,1.631,4.642,0.664
2,242.118,1.908,1.892,3.831,0.799,2.319,2.022,5.098,0.949
1,242.971,2.216,1.845,3.978,0.801,2.568,1.659,4.916,0.656
1,243.792,1.995,1.548,4.541,0.68,2.205,1.475,4.977,0.675
2,243.979,2.099,1.804,4.275,0.85,2.364,1.966,5.116,0.732
1,244.391,1.852,1.776,4.608,0.847,2.418,1.924,4.741,0.715
1,245.49,2.286,1.567,4.633,0.799,2.399,1.974,5.05,0.717
1,245.548,2.27,1.865,4.412,0.784,2.024,1.804,5.077,0.75
1,245.571,2.597,1.955,3.984,0.644,2.145,1.55,4.727,0.659
1,245.605,1.931,1.775,3.937,0.831,2.27,1.784,4.233,0.617
1,245.934,2.183,1.457,4.899,0.784,2.319,1.714,3.653,0.659
1,246.272,2.162,1.989,4.549,0.757,2.513,1.677,3.877,0.733
1,246.765,1.946,1.682,4.119,0.842,1.854,1.779,3.627,0.683
2,246.824,2.31,1.656,4.268,0.924,1.972,1.636,4.989,0.967
1,247.022,1.954,1.868,3.747,0.667,2.111,1.532,4.364,0.793
1,248.404,2.531,1.932,4.41,0.622,1.882,1.501,4.369,0.844
1,249.035,2.049,1.459,3.69,0.642,2.375,1.616,4.89,0.736
1,249.543,2.241,1.985,4.592,0.849,2.525,1.737,5.043,0.616
2,249.9,2.005,1.789,4.817,0.737,1.894,1.887,3.693,0.75
1,252.275,1.972,1.671,4.986,0.646,1.901,1.687,4.986,0.751
2,252.784,2.359,1.522,3.886,0.987,1.971,1.585,3.939,0.885
1,253.155,2.185,1.626,4.724,0.801,2.198,1.48,3.676,0.84
1,253.29,1.857,1.977,4.705,0.814,2.379,1.788,4.479,0.694
1,253.839,2.238,1.711,5.112,0.848,2.04,1.762,4.829,0.687
1,255.066,2.076,1.763,4.583,0.61,2.049,1.44,4.35,0.616
2,255.676,1.912,1.571,4.327,0.88,2.492,1.734,3.635,0.809
1,255.897,2.324,1.68,4.523,0.707,2.263,1.862,4.967,0.751
1,256.178,2.223,1.839,3.627,0.842,2.126,1.452,5.003,0.637
1,257.082,2.429,1.598,4.899,0.694,1.997,1.809,3.989,0.854
2,257.302,2.05,1.966,4.675,0.905,2.34,1.892,4.106,0.93
1,257.873,2.483,1.48,4.052,0.701,2.557,1.885,3.896,0.861
1,257.995,2.493,1.485,3.707,0.836,2.028,1.927,4.562,0.832
1,258.819,1.857,1.547,4.364,0.685,1.881,1.475,4.803,0.795
1,259.42,2.49,1.497,4.791,0.765,2.286,1.799,3.905,0.66
1,259.978,2.049,1.777,4.876,0.765,2.466,1.827,4.784,0.678
2,261.029,2.211,1.644,4.612,0.719,1.993,1.667,5.1,0.863
1,262.834,2.34,1.676,4.817,0.821,2.604,1.656,3.607,0.767
1,263.192,2.561,1.728,4.31,0.764,2.279,1.689,4.62,0.822
1,263.315,2.306,1.439,4.258,0.652,2.466,1.702,4.852,0.694
1,264.267,2.258,1.607,4.491,0.776,2.563,1.722,4.564,0.687
2,264.648,2.498,1.869,4.014,0.778,2.046,2.049,4.995,0.846
1,264.702,2.147,1.733,4.205,0.619,2.122,1.962,3.884,0.706
1,265.054,2.22,1.662,4.07,0.719,2.309,1.479,4.006,0.714
1,265.978,2.031,1.919,4.771,0.724,2.162,1.68,3.605,0.833
1,266.89,2.193,1.866,3.888,0.845,2.309,1.836,4.62,0.681
2,266.937,2.348,1.603,3.854,0.799,2.194,1.602,5.085,0.89
1,267.227,2.555,1.441,4.506,0.715,2.072,1.838,4.044,0.694
1,267.372,1.938,1.646,4.977,0.861,1.913,1.893,3.76,0.722
2,267.502,2.197,1.632,3.701,0.965,2.188,1.863,4.098,0.81
2,267.622,2.268,1.604,3.67,0.872,2.438,1.679,4.137,0.921
1,268.013,2.308,1.605,4.986,0.796,2.419,1.862,4.966,0.66
1,268.526,2.185,1.647,4.492,0.681,2.371,1.653,4.169,0.859
2,268.555,1.888,1.632,3.911,0.916,2.019,1.784,4.871,0.727
1,268.715,2.194,1.824,4.051,0.848,2.165,1.838,3.719,0.72
1,269.422,2.341,1.819,3.835,0.822,2.011,1.651,3.775,0.767
1,269.779,2.478,1.882,4.831,0.726,2.174,1.819,4.725,0.707
1,270.116,2.058,1.851,4.128,0.815,2.223,1.905,4.816,0.711
1,270.404,2.339,1.85,4.347,0.76,2.094,1.757,4.902,0.791
2,270.528,2.58,1.537,3.912,0.731,2.379,1.933,4.901,0.871
1,271.28,2.452,1.99,4.083,0.659,2.456,1.802,5.037,0.649
1,271.606,1.88,1.497,4.955,0.784,2.555,1.41,4.348,0.68
1,272.3,2.073,1.684,4.277,0.638,2.502,1.706,3.773,0.728
1,272.51,2.257,1.92,3.775,0.631,2.567,1.427,4.918,0.785
1,272.599,1.996,1.815,4.916,0.656,1.923,1.654,4.639,0.71
1,272.671,2.346,1.506,4.87,0.708,1.938,1.608,4.052,0.723
1,273.049,2.351,1.77,4.363,0.664,1.922,1.419,4.136,0.672
1,274.57,1.972,1.836,3.691,0.787,2.24,1.838,3.82,0.707
1,275.703,2.279,1.405,4.44,0.762,2.34,1.855,4.097,0.627
1,276.752,2.14,1.732,4.919,0.647,1.951,1.725,3.664,0.766
1,277.018,2.452,1.837,4.611,0.676,1.905,1.868,4.172,0.664
2,278.934,2.642,1.894,3.804,0.982,2.247,1.627,4.189,0.97
1,279.08,2.31,1.419,4.069,0.816,2.34,1.647,3.672,0.716
2,279.439,2.213,1.971,4.474,0.78,2.475,2.126,4.055,0.838
1,279.789,2.049,1.931,3.672,0.755,2.022,1.405,4.495,0.818
1,279.993,2.074,1.547,4.438,0.825,1.919,1.777,3.733,0.729
1,280.55,2.565,1.881,4.033,0.649,2.525,1.652,4.922,0.793
2,280.816,2.329,1.606,3.702,0.893,2.297,1.53,3.713,0.838
2,280.922,2.542,1.764,4.495,0.809,2.32,1.904,4.673,0.878
2,281.332,1.914,2.121,4.135,0.991,2.27,1.832,3.954,0.947
1,282.134,1.856,1.542,4.915,0.716,2.24,1.618,4.585,0.729
1,282.205,2.569,1.51,4.11,0.632,2.052,1.521,4.491,0.808
1,282.344,2.183,1.462,4.079,0.698,2.273,1.817,4.231,0.672
2,282.526,2.433,1.935,4.251,0.741,2.08,1.935,3.775,0.904
1,282.818,2.108,1.653,3.86,0.671,2.571,1.755,4.437,0.801
1,283.132,2.155,1.657,4.346,0.807,1.912,1.403,4.843,0.733
1,283.432,1.856,1.617,3.659,0.744,2.302,1.978,4.954,0.765
1,283.665,2.233,1.931,5.06,0.684,2.284,1.776,5.073,0.631
1,284.012,2.555,1.848,4.097,0.691,2.064,1.821,4.891,0.747
1,284.814,1.928,1.718,4.988,0.629,2.301,1.72,4.097,0.755
1,284.85,2.397,1.707,4.303,0.738,2.011,1.668,4.87,0.664
2,285.613,2.498,1.982,5.004,0.978,1.876,1.779,4.313,0.93
2,285.888,1.902,1.821,4.356,0.928,1.867,1.96,4.541,0.839
1,287.129,2.329,1.703,4.045,0.764,2.228,1.968,3.654,0.738
2,288.929,2.169,1.933,3.962,0.869,1.971,1.769,5.063,0.873
1,289.268,1.935,1.467,4.901,0.712,2.056,1.863,3.845,0.817
1,290.197,1.983,1.559,4.699,0.633,1.993,1.927,4.775,0.737
1,290.202,1.946,1.844,4.609,0.766,2.572,1.698,4.353,0.845
1,290.349,2.379,1.408,4.132,0.751,2.59,1.61,4.13,0.758
2,290.517,2.443,1.747,3.624,0.78,1.906,1.72,4.673,0.839
1,291.108,1.988,1.524,4.196,0.676,2.624,1.774,4.666,0.786
1,291.143,2.467,1.454,4.395,0.761,2.473,1.714,4.407,0.755
1,291.528,2.095,1.923,4.609,0.755,2.272,1.671,4.204,0.76
1,292.877,2.327,1.46,4.304,0.825,2.351,1.985,3.86,0.737
1,293.202,2.076,1.899,4.045,0.843,2.278,1.485,5.112,0.846
1,293.289,2.502,1.593,4.134,0.782,2.279,1.98,4.843,0.84
1,293.442,1.95,1.826,4.083,0.841,2.272,1.628,4.988,0.626
1,293.957,2.219,1.729,4.594,0.622,1.856,1.743,4.184,0.732
1,295.634,2.246,1.492,4.405,0.803,1.94,1.427,4.246,0.854
1,296.723,2.517,1.452,4.999,0.845,2.622,1.494,4.357,0.692
1,298.304,1.921,1.543,4.116,0.695,2.21,1.445,4.446,0.829
1,299.552,2.584,1.822,4.72,0.79,2.156,1.689,4.412,0.637
1,299.567,2.538,1.552,4.688,0.676,2.541,1.986,4.775,0.695
1,299.634,2.254,1.793,4.731,0.829,2.144,1.588,4.86,0.793
2,300.038,2.253,2.073,3.75,0.72,2.346,1.546,4.388,0.813
1,300.049,1.997,1.514,4.083,0.744,2.482,1.444,3.627,0.764
1,300.799,2.194,1.798,4.901,0.633,2.359,1.548,4.386,0.837
1,301.401,1.986,1.946,3.783,0.675,2.022,1.895,4.901,0.618
1,302.174,2.431,1.469,4.487,0.716,2.51,1.61,4.557,0.671
2,302.611,1.905,1.658,3.812,1.016,2.155,1.695,4.695,0.964
1,302.699,2.074,1.453,3.724,0.818,1.906,1.676,4.364,0.684
1,302.704,2.119,1.516,3.614,0.711,2.458,1.653,3.853,0.832
1,303.685,2.575,1.862,3.986,0.696,2.571,1.945,4.982,0.723
1,305.265,2.553,1.706,4.974,0.703,2.446,1.605,3.939,0.822
1,307.382,2.45,1.672,4.783,0.656,2.157,1.69,4.236,0.775
1,308.519,2.025,1.871,5.003,0.789,2.596,1.746,4.557,0.619
1,308.626,2.521,1.879,4.304,0.627,2.246,1.473,4.455,0.675
1,309.84,2.456,1.888,4.271,0.841,2.379,1.947,4.363,0.689
1,310.908,2.402,1.566,3.664,0.697,2.604,1.42,4.005,0.729
1,311.205,2.149,1.552,4.775,0.761,2.549,1.422,4.107,0.772
2,311.301,2.05,1.563,3.622,0.91,2.017,1.528,3.669,0.933
1,311.841,2.61,1.916,4.571,0.746,2.138,1.802,4.568,0.738
1,312.453,1.904,1.518,4.616,0.841,2.497,1.962,3.939,0.664
1,313.033,2.548,1.598,5.088,0.767,1.935,1.902,3.902,0.747
2,314.617,2.027,1.526,4.258,0.872,2.462,2.132,4.49,0.749
2,314.7,2.094,1.943,3.973,0.951,1.912,1.593,3.63,0.838
2,315.301,2.247,1.948,3.75,0.98,2.115,1.654,3.792,0.917
1,315.514,2.192,1.601,4.887,0.611,2.431,1.619,4.331,0.799
1,315.55,2.21,1.469,4.025,0.617,2.434,1.649,4.479,0.708
2,317.968,2.236,1.716,4.585,0.903,2.333,2.064,4.098,0.73
2,318.058,2.086,2.001,4.706,0.759,2.469,1.961,4.877,0.806
1,318.151,2.574,1.445,4.028,0.628,1.954,1.792,4.34,0.653
1,318.824,1.99,1.618,4.364,0.719,2.228,1.763,4.252,0.688
1,319.849,2.096,1.829,3.824,0.749,1.974,1.865,4.88,0.76
1,320.048,1.988,1.646,3.878,0.831,2.346,1.803,4.549,0.828
1,320.365,2.48,1.766,4.746,0.746,2.474,1.461,3.989,0.768
1,320.441,2.052,1.67,3.968,0.683,2.44,1.549,4.871,0.84
1,320.588,2.209,1.631,3.607,0.846,2.332,1.73,4.405,0.808
1,321.391,2.124,1.846,4.45,0.847,2.351,1.88,5.072,0.612
2,322.115,1.937,1.655,3.675,1.0,2.181,1.651,3.795,0.84
2,322.481,2.115,2.037,5.046,0.861,2.276,1.908,4.465,0.958
1,323.052,2.056,1.432,4.916,0.64,1.885,1.651,4.298,0.716
1,323.122,2.006,1.482,4.614,0.74,2.022,1.969,4.338,0.61
2,323.21,2.316,1.768,3.768,0.77,2.071,1.909,4.462,0.83
1,323.227,1.95,1.419,4.783,0.626,2.017,1.989,4.203,0.831
1,323.267,2.012,1.797,5.033,0.712,2.31,1.741,4.725,0.83
1,323.504,2.464,1.478,4.253,0.687,2.372,1.71,4.083,0.809
1,323.633,2.08,1.579,4.77,0.822,2.1,1.638,3.626,0.757
1,325.044,2.174,1.981,3.657,0.719,2.493,1.569,4.433,0.61
2,325.111,2.566,2.039,4.833,0.952,1.971,1.674,4.622,0.863
1,325.686,2.27,1.598,4.402,0.724,2.496,1.761,3.981,0.612
1,325.984,1.999,1.79,4.725,0.615,2.14,1.774,4.703,0.75
1,326.23,2.456,1.682,4.388,0.832,2.52,1.946,4.727,0.823
1,326.613,2.192,1.948,4.067,0.797,2.162,1.605,4.131,0.627
1,326.646,2.003,1.622,4.097,0.632,2.482,1.433,4.169,0.667
1,326.742,2.192,1.479,4.411,0.754,2.158,1.569,4.705,0.702
1,326.921,2.517,1.742,4.503,0.643,2.42,1.594,4.028,0.688
1,326.939,1.94,1.48,3.944,0.764,1.868,1.651,4.524,0.811
1,328.318,2.502,1.653,4.386,0.764,2.363,1.682,3.861,0.674
1,329.917,1.903,1.835,5.102,0.785,1.953,1.871,4.632,0.726
1,330.055,2.381,1.786,4.081,0.804,1.878,1.433,3.984,0.631
1,330.135,2.507,1.905,5.037,0.802,1.902,1.619,4.258,0.807
1,330.49,1.86,1.814,4.917,0.854,2.371,1.437,4.233,0.668
1,330.661,2.451,1.518,5.049,0.66,2.511,1.844,4.876,0.666
1,330.882,2.604,1.73,5.031,0.843,2.478,1.766,4.433,0.636
1,331.018,2.198,1.842,5.1,0.842,1.897,1.69,3.893,0.837
1,331.117,2.25,1.465,4.611,0.675,2.207,1.719,5.036,0.86
1,331.165,2.405,1.916,4.128,0.844,1.858,1.689,4.891,0.825
1,331.228,2.088,1.897,3.685,0.737,2.486,1.521,4.252,0.758
2,332.642,1.984,1.58,4.178,0.904,2.272,1.83,4.963,0.813
1,333.629,1.949,1.522,3.706,0.765,2.31,1.905,4.988,0.652
1,334.654,2.169,1.421,3.968,0.696,2.119,1.98,3.941,0.698
2,335.757,1.951,1.635,4.106,0.899,1.91,2.132,4.365,0.881
2,335.893,2.547,1.596,4.267,0.933,1.95,2.049,5.005,0.988
1,336.67,1.988,1.588,4.696,0.761,1.925,1.475,4.107,0.648
2,338.088,2.156,1.735,3.667,0.843,2.456,1.949,3.975,0.83
1,338.73,2.321,1.948,4.873,0.81,2.431,1.89,4.326,0.831
1,338.768,2.458,1.61,5.112,0.622,2.467,1.737,4.433,0.761
1,338.855,2.147,1.779,4.575,0.786,1.996,1.959,4.177,0.71
1,338.888,2.577,1.591,4.469,0.753,2.066,1.535,4.749,0.61
1,339.109,2.065,1.467,3.944,0.829,2.383,1.546,4.081,0.636
2,339.274,2.532,1.679,4.269,0.911,2.016,2.065,4.987,0.933
2,339.299,2.016,2.04,3.632,0.982,2.343,1.684,4.568,0.839
2,340.545,2.569,1.645,4.599,0.903,2.222,1.716,4.584,0.785
2,340.552,2.39,2.049,4.584,0.808,2.294,1.659,4.151,0.818
1,343.821,2.242,1.79,3.866,0.693,2.133,1.927,4.104,0.822
1,343.924,2.407,1.905,3.816,0.623,2.525,1.478,3.847,0.736
1,344.367,2.023,1.989,4.902,0.733,2.081,1.899,4.36,0.75
1,345.178,1.897,1.531,3.946,0.838,2.571,1.46,4.677,0.659
1,345.298,1.945,1.457,4.659,0.76,1.879,1.841,4.64,0.746
1,345.618,2.226,1.962,4.079,0.755,2.464,1.773,4.759,0.766
1,345.826,2.225,1.974,4.556,0.702,2.586,1.738,3.932,0.764
2,347.506,2.529,1.52,4.674,0.895,2.433,1.886,4.313,0.838
2,348.174,2.186,1.794,4.957,0.908,1.87,1.907,3.714,0.835
1,349.045,2.07,1.405,4.498,0.833,2.228,1.475,4.677,0.785
2,349.362,1.898,1.726,3.648,0.925,2.007,1.645,5.083,0.904
2,350.526,2.019,1.941,4.529,0.863,2.483,1.597,4.119,0.835
1,350.774,2.035,1.716,4.146,0.822,2.539,1.418,3.627,0.763
1,351.069,2.446,1.939,3.832,0.647,1.879,1.807,3.814,0.801
1,351.139,2.274,1.506,4.611,0.661,1.991,1.948,4.594,0.837
2,351.93,1.913,1.946,5.004,0.873,2.201,1.762,3.649,0.999
2,352.767,2.471,1.801,5.021,0.996,1.915,1.599,4.535,0.92
1,353.11,2.62,1.893,4.96,0.773,2.023,1.455,4.088,0.823
1,353.718,2.171,1.538,3.86,0.689,2.427,1.821,4.366,0.64
2,354.076,2.262,2.04,4.838,0.958,1.945,1.757,4.647,1.007
1,356.311,1.945,1.846,4.706,0.739,2.609,1.528,4.411,0.711
1,356.532,2.324,1.836,4.444,0.747,2.585,1.929,4.479,0.803
1,357.27,2.022,1.567,4.027,0.666,2.584,1.786,4.724,0.667
1,357.847,1.925,1.814,4.252,0.675,2.286,1.876,3.618,0.793
1,358.816,2.131,1.799,4.373,0.661,1.961,1.93,3.775,0.728
1,358.84,2.446,1.402,3.783,0.734,1.964,1.44,4.57,0.81
2,359.325,2.544,2.071,3.68,0.771,1.954,2.07,4.588,0.749
1,359.494,1.9,1.707,4.258,0.861,2.158,1.738,4.923,0.726
2,359.819,2.368,2.006,4.685,0.975,2.046,1.618,5.063,0.982
1,360.127,2.241,1.931,3.941,0.715,2.056,1.559,4.386,0.788
1,360.146,2.574,1.501,4.993,0.625,2.043,1.856,4.225,0.77
1,361.057,2.582,1.422,3.657,0.859,2.173,1.482,4.699,0.69
2,361.821,2.043,1.721,4.275,0.769,2.281,1.984,3.954,0.762
1,363.565,2.375,1.846,4.683,0.702,2.492,1.577,3.617,0.679
1,364.191,2.158,1.671,3.627,0.678,2.466,1.942,4.261,0.668
1,364.753,2.179,1.482,4.412,0.637,2.384,1.478,4.249,0.645
1,364.766,1.86,1.42,4.325,0.847,2.167,1.946,4.059,0.776
1,364.901,2.215,1.656,3.608,0.81,2.479,1.82,4.325,0.717
1,365.341,2.049,1.552,3.747,0.675,2.59,1.494,3.835,0.801
2,366.528,2.612,1.792,4.117,0.726,2.305,1.966,4.578,0.798
1,366.664,2.525,1.921,4.624,0.823,2.153,1.652,4.891,0.728
1,367.555,2.301,1.408,4.211,0.742,1.97,1.969,3.692,0.64
1,367.886,2.313,1.704,4.484,0.675,2.069,1.567,4.233,0.679
1,367.964,1.899,1.657,4.933,0.633,2.455,1.988,4.57,0.782
1,369.067,2.279,1.922,4.516,0.799,2.031,1.534,4.312,0.66
1,369.275,2.55,1.951,4.364,0.851,2.414,1.737,4.622,0.704
2,369.412,1.926,2.141,4.935,1.016,2.071,1.991,4.905,0.874
1,369.635,2.327,1.77,4.954,0.791,1.929,1.544,4.724,0.854
1,370.725,2.223,1.902,4.386,0.758,1.94,1.657,4.219,0.723
1,371.169,2.251,1.656,4.165,0.675,2.173,1.682,5.077,0.668
1,371.179,1.943,1.603,3.61,0.717,2.161,1.662,4.503,0.749
1,371.221,1.899,1.847,4.8,0.64,2.12,1.603,4.486,0.646
1,371.76,1.9,1.746,4.025,0.691,2.358,1.622,4.784,0.786
1,371.887,2.114,1.652,4.632,0.684,2.305,1.565,4.611,0.663
1,372.122,2.088,1.847,4.374,0.634,2.573,1.846,3.729,0.735
2,372.441,1.904,1.914,3.912,0.748,2.592,1.598,3.732,0.909
2,373.516,2.134,1.891,4.97,0.89,2.321,1.569,4.674,0.885
1,373.688,2.166,1.868,4.233,0.74,1.919,1.851,3.897,0.801
1,373.851,1.963,1.735,3.617,0.667,2.192,1.691,4.816,0.678
2,373.999,2.109,2.027,4.841,0.73,2.591,2.082,4.226,1.003
2,374.529,2.611,2.037,4.492,0.941,2.614,1.656,4.268,0.932
2,374.818,1.944,1.941,4.846,0.833,2.297,1.985,4.533,0.857
1,375.436,2.14,1.654,3.615,0.659,2.197,1.41,4.26,0.765
2,375.561,2.592,1.813,3.63,0.893,2.073,1.917,4.213,0.883
1,375.683,2.337,1.826,4.727,0.707,2.043,1.988,4.411,0.792
1,376.616,1.864,1.69,4.542,0.759,2.571,1.885,4.809,0.789
1,376.666,2.22,1.551,3.822,0.793,2.497,1.653,5.037,0.667
1,376.985,2.456,1.884,4.457,0.757,2.333,1.784,4.441,0.668
1,377.879,2.049,1.486,3.769,0.666,2.509,1.551,4.633,0.782
2,378.923,2.329,1.514,4.233,0.918,1.93,1.821,3.835,0.745
1,379.414,2.24,1.846,3.904,0.614,2.063,1.927,3.709,0.689
1,379.949,1.935,1.841,4.659,0.662,2.359,1.856,5.11,0.631
2,381.346,2.015,1.982,4.327,0.809,2.157,2.026,4.028,0.938
2,382.594,1.895,1.935,4.125,0.745,2.013,1.565,4.516,0.999
1,382.906,2.477,1.559,4.325,0.618,2.013,1.714,4.441,0.757
1,383.336,1.989,1.866,3.877,0.804,2.057,1.946,3.937,0.763
2,383.674,2.615,1.557,3.63,1.015,1.935,1.677,4.492,1.014
2,383.794,2.475,1.565,4.51,0.999,2.622,1.706,4.995,0.762
1,384.611,2.346,1.555,4.442,0.693,2.231,1.765,3.929,0.612
1,384.871,2.469,1.766,3.848,0.702,1.974,1.53,4.553,0.769
1,385.276,1.938,1.596,4.437,0.789,2.428,1.579,4.352,0.754
1,385.648,2.192,1.467,5.018,0.773,2.272,1.898,4.345,0.612
1,386.352,2.126,1.836,3.848,0.862,2.213,1.433,4.477,0.719
1,386.918,1.931,1.631,3.653,0.746,2.023,1.685,3.745,0.832
1,387.272,1.982,1.851,4.912,0.807,1.961,1.743,3.619,0.633
1,387.374,2.01,1.415,4.326,0.625,2.146,1.551,3.931,0.636
2,387.585,2.428,1.609,3.797,0.959,2.188,2.099,4.292,0.745
1,387.669,2.142,1.744,4.313,0.855,2.231,1.837,4.392,0.613
1,387.691,1.943,1.919,4.345,0.837,1.947,1.767,3.786,0.707
1,388.441,2.359,1.87,3.617,0.622,2.521,1.917,4.449,0.676
2,388.891,2.605,1.512,3.898,0.863,2.599,1.919,3.827,0.728
2,389.415,2.202,2.084,4.368,0.864,2.258,1.732,5.074,0.861
1,389.539,1.949,1.897,3.674,0.821,1.941,1.918,3.993,0.693
1,389.908,2.146,1.422,3.773,0.775,2.118,1.659,4.325,0.814
2,389.939,2.32,1.538,4.964,0.949,2.606,1.821,3.898,0.745
1,389.96,2.108,1.799,4.079,0.69,2.031,1.927,3.668,0.861
1,390.792,2.298,1.454,4.411,0.672,2.616,1.528,4.364,0.66
2,390.95,2.127,1.919,4.3,0.983,1.87,1.967,4.816,0.932
1,390.956,1.998,1.897,4.287,0.679,2.269,1.469,4.961,0.623
2,390.961,1.9,2.111,4.995,0.882,2.027,1.999,3.696,0.916
1,391.352,2.055,1.443,4.31,0.625,2.419,1.559,4.926,0.636
2,391.65,1.901,1.705,4.719,0.889,2.409,1.887,4.495,0.748
1,392.639,2.258,1.801,3.941,0.78,2.528,1.474,3.648,0.632
2,393.314,2.554,1.785,4.231,0.861,2.099,1.768,4.555,0.795
1,393.401,2.063,1.607,3.875,0.712,2.591,1.85,5.032,0.684
1,393.448,2.429,1.567,4.833,0.86,2.582,1.687,3.944,0.812
2,394.806,1.984,2.124,3.972,0.906,1.946,1.58,4.685,0.987
1,395.004,2.044,1.942,4.165,0.695,1.937,1.527,3.61,0.651
1,395.319,2.048,1.988,4.112,0.76,2.428,1.8,3.675,0.74
1,395.583,2.126,1.579,4.891,0.633,2.609,1.549,4.536,0.801
2,395.663,2.462,2.073,3.658,0.9,2.34,1.512,3.94,0.85
1,395.699,2.348,1.416,3.848,0.759,2.567,1.835,3.685,0.716
2,395.855,2.103,2.093,4.83,0.831,1.922,1.593,4.759,0.749
2,395.878,2.117,1.565,4.957,0.996,2.15,2.07,4.472,0.886
1,399.05,2.249,1.779,3.672,0.636,2.483,1.959,3.733,0.767
2,399.349,1.882,2.012,3.795,0.799,2.054,1.843,4.427,0.995
1,400.308,1.885,1.656,3.617,0.809,2.603,1.93,4.313,0.806
1,400.505,2.276,1.942,3.901,0.633,1.997,1.838,4.495,0.86
1,401.181,2.54,1.73,4.774,0.728,2.571,1.598,3.627,0.75
1,401.628,2.493,1.974,4.611,0.684,2.185,1.98,4.283,0.806
1,402.075,2.471,1.738,3.707,0.755,1.88,1.583,4.614,0.668
1,402.656,2.076,1.969,4.657,0.798,2.36,1.844,5.07,0.746
1,403.112,1.939,1.69,4.891,0.659,2.517,1.821,4.449,0.819
1,403.543,2.328,1.662,4.612,0.713,2.5,1.828,4.454,0.81
2,403.973,2.127,2.122,4.98,0.966,1.935,1.936,4.721,0.763
1,404.247,2.521,1.779,5.018,0.859,2.454,1.761,4.225,0.65
1,404.316,1.896,1.931,4.076,0.633,2.471,1.647,4.345,0.667
2,404.524,2.223,1.656,4.007,0.897,2.503,1.637,4.259,0.814
1,405.191,2.215,1.852,3.961,0.786,2.244,1.585,3.993,0.716
1,405.798,2.446,1.627,4.492,0.821,2.177,1.906,4.784,0.667
1,406.073,2.453,1.782,4.079,0.722,2.561,1.51,4.067,0.806
1,406.484,2.588,1.962,4.666,0.752,2.485,1.433,4.242,0.61
1,407.815,2.064,1.552,3.913,0.742,2.197,1.714,4.427,0.714
1,407.86,2.131,1.405,4.961,0.638,2.103,1.716,4.134,0.78
1,408.09,2.563,1.822,3.688,0.666,2.258,1.79,5.111,0.74
1,408.483,1.931,1.795,4.225,0.643,1.956,1.711,3.877,0.756
2,408.736,1.877,2.142,5.004,1.01,1.982,1.649,4.666,0.888
2,408.899,2.213,2.034,3.799,0.867,2.0,1.531,4.83,0.958
1,409.259,2.108,1.646,4.789,0.655,2.183,1.804,5.032,0.81
1,409.629,1.854,1.422,4.633,0.639,2.043,1.448,3.746,0.612
1,410.88,1.915,1.556,4.327,0.779,2.402,1.674,4.219,0.789
2,411.148,2.223,1.601,4.189,0.727,2.394,1.949,5.048,0.753
1,412.889,2.056,1.79,3.619,0.711,2.056,1.815,4.252,0.632
1,413.331,2.245,1.582,4.303,0.862,2.009,1.687,4.961,0.635
1,413.931,2.51,1.459,4.34,0.848,1.937,1.764,4.353,0.722
1,414.649,2.53,1.876,4.322,0.806,2.339,1.898,3.76,0.852
1,414.908,2.011,1.687,3.609,0.734,2.057,1.702,3.72,0.674
2,415.657,2.207,1.735,4.395,0.736,1.969,2.0,5.088,0.866
1,417.024,2.195,1.852,3.763,0.764,2.592,1.406,4.291,0.659
1,419.115,2.623,1.807,4.084,0.785,2.623,1.482,3.773,0.739
1,420.549,2.617,1.585,4.454,0.688,1.922,1.841,4.219,0.861
1,420.828,1.964,1.706,4.272,0.841,2.476,1.851,4.945,0.684
2,421.472,2.566,1.794,4.395,0.765,2.022,1.867,3.948,1.0
1,421.524,2.171,1.809,4.204,0.847,1.946,1.796,4.061,0.631
2,423.513,2.295,1.774,4.638,0.73,2.494,1.836,4.267,0.984
1,423.576,1.858,1.427,4.843,0.705,2.12,1.841,4.896,0.83
1,423.916,2.397,1.983,3.838,0.709,2.146,1.685,4.608,0.807
2,424.054,1.968,1.658,4.881,0.803,1.922,1.652,4.245,0.852
1,425.209,2.103,1.48,4.223,0.807,2.248,1.714,4.031,0.639
2,425.653,2.22,2.121,3.675,0.799,2.079,1.735,3.628,0.808
1,425.888,2.591,1.89,5.044,0.64,2.346,1.703,4.386,0.691
1,425.949,2.167,1.895,4.242,0.742,2.051,1.764,3.627,0.705
1,426.913,2.4,1.723,4.386,0.646,1.9,1.515,3.937,0.81
1,427.15,2.382,1.9,3.746,0.771,2.329,1.913,4.737,0.701
1,427.807,2.362,1.569,3.633,0.86,1.986,1.981,4.575,0.672
1,427.819,1.914,1.591,3.904,0.854,2.369,1.757,3.912,0.815
2,427.871,2.552,1.943,3.706,0.91,2.218,1.785,4.571,0.852
1,428.367,2.521,1.546,4.07,0.863,2.493,1.445,4.202,0.858
1,428.529,2.56,1.826,3.874,0.61,2.24,1.892,4.724,0.768
2,428.635,2.581,1.535,4.712,0.815,1.875,1.792,4.673,0.986
1,432.114,2.54,1.827,3.726,0.675,1.9,1.571,3.778,0.801
1,433.269,1.999,1.689,3.832,0.653,2.277,1.655,4.401,0.643
1,433.902,2.192,1.463,4.112,0.626,2.074,1.631,4.624,0.707
1,434.104,2.045,1.811,3.858,0.7,1.889,1.516,4.791,0.757
1,434.115,2.274,1.737,4.246,0.676,2.252,1.827,3.709,0.722
1,434.556,1.993,1.87,4.261,0.806,2.034,1.974,3.786,0.836
1,434.582,2.225,1.647,5.001,0.732,2.584,1.825,4.405,0.843
1,435.224,2.259,1.621,4.084,0.826,2.566,1.443,4.119,0.72
1,436.107,1.97,1.478,4.138,0.771,2.602,1.722,4.078,0.796
1,437.172,2.272,1.71,3.92,0.689,2.315,1.471,3.627,0.642
1,437.256,2.192,1.551,4.33,0.754,2.358,1.419,4.721,0.729
1,437.612,1.982,1.419,4.564,0.746,2.286,1.439,4.099,0.707
2,438.865,2.417,1.633,3.893,0.985,1.871,2.055,3.652,0.744
1,439.122,2.074,1.822,4.031,0.765,2.478,1.422,4.871,0.667
1,439.579,2.041,1.684,4.706,0.639,2.219,1.775,4.099,0.63
1,439.58,2.231,1.437,4.027,0.799,2.032,1.452,4.714,0.803
1,439.804,2.395,1.942,4.252,0.836,1.918,1.806,3.608,0.633
1,439.923,2.031,1.479,4.705,0.667,2.316,1.95,4.085,0.694
1,440.134,2.331,1.849,3.675,0.729,2.468,1.735,4.393,0.722
1,440.579,2.1,1.548,4.225,0.623,2.492,1.891,3.776,0.705
1,443.077,2.557,1.799,4.666,0.691,2.192,1.41,4.916,0.633
1,443.755,2.153,1.518,4.966,0.791,2.552,1.538,4.961,0.764
2,444.091,1.946,1.821,4.268,0.998,1.876,1.528,4.093,0.822
1,445.376,2.0,1.622,4.33,0.672,2.597,1.408,4.264,0.752
1,445.591,1.885,1.469,4.726,0.834,1.916,1.872,4.069,0.61
1,445.815,2.327,1.811,4.999,0.698,1.951,1.548,4.136,0.775
1,446.66,2.282,1.875,4.823,0.694,1.982,1.76,5.036,0.64
1,447.742,2.421,1.916,4.148,0.704,2.455,1.741,3.838,0.729
2,448.37,2.195,1.809,4.231,0.935,2.181,2.142,4.455,0.745
1,448.383,1.972,1.566,5.1,0.716,2.378,1.885,4.414,0.816
2,448.728,2.64,2.029,4.785,0.814,2.369,1.61,4.051,0.809
2,449.29,1.979,1.904,3.795,0.896,2.321,1.992,4.915,0.878
2,449.412,1.952,1.649,3.683,1.008,2.209,2.122,3.898,0.844
2,449.426,2.469,1.574,4.087,0.775,2.37,2.046,4.809,0.91
2,450.214,2.126,1.64,4.902,0.736,2.605,1.889,3.775,0.968
2,451.168,2.562,1.52,5.05,0.988,1.897,1.822,4.33,0.975
2,453.495,2.182,1.985,3.955,0.997,2.305,1.887,4.06,0.995
1,454.39,2.056,1.649,3.748,0.678,2.291,1.77,3.72,0.863
2,455.001,2.617,2.126,3.685,0.735,2.404,1.787,5.088,0.856
1,455.037,1.961,1.9,4.027,0.76,2.257,1.579,4.354,0.648
2,455.472,2.547,1.606,3.752,0.926,2.297,1.747,3.631,1.007
1,455.668,2.316,1.572,4.108,0.723,2.069,1.711,3.803,0.764
1,456.156,2.321,1.984,4.945,0.619,1.955,1.825,3.628,0.749
1,456.276,1.958,1.698,4.136,0.736,2.183,1.86,4.916,0.677
1,456.76,2.057,1.482,4.838,0.689,1.86,1.521,4.778,0.801
1,457.666,2.238,1.445,4.292,0.633,2.011,1.744,4.205,0.784
1,458.231,2.012,1.644,4.027,0.755,1.963,1.851,4.176,0.753
1,458.753,1.912,1.422,4.414,0.748,1.899,1.497,3.803,0.668
1,459.694,1.899,1.855,3.902,0.623,2.099,1.882,4.338,0.646
1,459.819,2.562,1.824,3.944,0.861,2.455,1.895,4.582,0.667
1,459.819,2.323,1.433,4.864,0.725,2.464,1.626,3.848,0.818
2,459.865,1.985,1.662,5.022,0.748,2.475,1.953,4.674,0.929
1,460.025,2.541,1.737,4.645,0.637,2.19,1.403,4.083,0.823
1,460.46,1.951,1.773,4.083,0.776,2.395,1.71,3.937,0.806
1,460.622,1.889,1.942,4.195,0.636,2.07,1.89,4.45,0.754
2,460.648,2.257,2.078,4.769,0.733,2.379,1.678,3.847,0.754
1,461.058,2.002,1.859,4.53,0.83,2.419,1.678,4.406,0.838
1,461.068,2.408,1.656,4.297,0.706,2.593,1.978,4.081,0.627
1,461.498,2.412,1.569,5.032,0.728,1.969,1.639,3.729,0.736
2,461.503,2.628,2.071,4.392,0.786,2.074,1.615,4.584,0.878
2,461.793,2.547,1.679,4.642,0.797,2.024,1.767,4.605,0.92
1,461.878,1.996,1.846,4.982,0.789,2.163,1.981,3.91,0.786
1,462.209,2.24,1.463,4.149,0.813,2.521,1.868,4.357,0.811
2,462.321,2.221,2.089,3.807,0.867,2.058,1.868,3.848,1.009
1,462.772,2.474,1.86,4.326,0.786,1.991,1.567,3.994,0.807
1,463.307,2.468,1.918,3.904,0.838,2.544,1.475,4.373,0.839
1,463.994,2.467,1.838,4.727,0.782,2.19,1.835,4.491,0.617
1,464.023,1.92,1.962,4.009,0.613,2.358,1.476,4.348,0.725
2,464.489,2.268,2.123,4.559,0.871,2.333,1.723,4.384,0.87
2,464.575,2.266,1.598,5.091,0.837,1.883,2.133,5.032,0.959
1,464.649,2.312,1.598,3.961,0.614,2.452,1.687,4.746,0.751
1,464.757,2.183,1.696,4.116,0.772,2.003,1.439,4.62,0.617
2,465.735,2.26,1.811,4.572,0.722,2.548,1.581,5.021,0.745
2,466.388,2.46,1.659,4.194,0.975,1.89,1.823,4.588,0.844
1,466.981,2.443,1.634,3.672,0.863,1.913,1.501,5.102,0.861
2,467.299,2.498,2.123,4.701,0.792,2.297,1.791,4.315,0.847
1,468.329,2.36,1.651,5.009,0.724,2.325,1.89,4.901,0.839
1,468.818,2.36,1.688,3.663,0.642,2.429,1.708,4.431,0.618
1,469.157,2.535,1.93,3.832,0.75,2.138,1.647,4.954,0.847
1,469.659,2.388,1.9,3.912,0.86,2.146,1.555,4.373,0.773
1,469.989,2.466,1.858,4.326,0.61,1.963,1.876,3.941,0.84
1,470.529,2.006,1.567,4.19,0.622,2.177,1.762,3.792,0.785
1,470.855,2.065,1.617,4.725,0.749,1.912,1.975,4.888,0.66
1,471.445,2.402,1.852,3.882,0.776,2.492,1.764,3.837,0.664
1,471.658,2.176,1.784,4.475,0.752,2.402,1.582,3.806,0.612
2,472.557,2.097,1.656,5.013,0.996,2.136,2.108,4.37,0.961
1,472.601,2.167,1.89,4.013,0.661,2.274,1.485,3.803,0.742
1,473.116,2.333,1.846,4.575,0.843,2.59,1.678,4.922,0.757
1,473.522,2.405,1.735,3.832,0.855,2.48,1.616,4.032,0.762
1,474.193,2.296,1.793,4.361,0.806,2.176,1.882,4.891,0.837
1,475.135,2.362,1.754,4.134,0.768,2.006,1.892,3.937,0.683
1,475.156,2.025,1.554,4.713,0.701,2.209,1.65,4.386,0.843
1,476.57,2.468,1.738,4.72,0.617,1.94,1.985,4.068,0.656
2,476.644,2.339,1.728,3.807,0.725,2.589,1.992,4.456,0.733
2,476.976,1.973,1.804,4.18,0.904,2.187,1.516,4.951,0.914
2,477.024,2.013,2.04,4.051,0.813,1.898,1.934,4.465,0.736
1,477.673,2.452,1.642,5.088,0.616,2.48,1.676,3.628,0.76
1,477.808,2.491,1.518,4.831,0.64,2.104,1.549,3.664,0.686
1,478.507,2.563,1.87,4.345,0.628,2.302,1.587,4.803,0.693
1,478.693,2.592,1.464,3.888,0.821,2.325,1.577,3.942,0.675
1,479.977,2.251,1.426,4.115,0.652,2.309,1.783,3.946,0.825
1,480.368,2.197,1.442,5.033,0.84,2.388,1.662,4.341,0.619
1,481.853,1.852,1.973,4.019,0.617,2.122,1.608,4.252,0.711
1,482.253,2.309,1.824,4.368,0.766,1.886,1.482,4.169,0.678
1,482.397,2.474,1.61,4.223,0.61,1.92,1.892,4.258,0.829
2,482.398,2.298,2.006,3.725,0.916,2.103,1.598,5.06,0.933
2,482.467,2.46,1.688,4.434,0.753,2.368,1.578,4.3,0.941
1,482.634,1.972,1.984,4.296,0.732,2.267,1.501,4.134,0.724
2,482.874,2.026,1.904,4.063,0.773,2.382,1.589,4.7,0.852
1,483.884,2.327,1.623,3.978,0.774,2.544,1.441,4.478,0.624
1,484.092,2.54,1.714,3.961,0.835,1.998,1.821,4.784,0.758
1,484.504,2.041,1.905,4.219,0.646,2.503,1.83,4.541,0.738
1,485.004,2.213,1.722,4.195,0.656,1.871,1.425,4.044,0.671
1,485.565,2.546,1.939,3.707,0.702,2.192,1.437,4.342,0.807
2,486.295,2.052,1.912,3.701,0.882,2.188,2.078,4.584,0.744
1,486.314,1.88,1.534,4.059,0.691,2.491,1.61,4.81,0.711
1,486.527,2.013,1.988,4.843,0.854,2.498,1.479,4.874,0.745
1,487.949,2.455,1.552,4.279,0.859,1.954,1.976,4.235,0.676
1,487.962,2.158,1.968,3.747,0.667,2.156,1.432,4.395,0.651
1,489.129,2.317,1.685,4.492,0.71,2.467,1.708,4.76,0.854
1,489.541,2.327,1.522,4.479,0.748,2.433,1.789,4.088,0.78
2,490.558,2.074,1.96,4.117,0.748,2.562,1.656,4.995,0.771
1,490.943,2.531,1.617,4.204,0.734,2.183,1.815,4.386,0.762
1,491.782,2.011,1.844,4.925,0.812,2.12,1.714,4.417,0.64
1,491.786,2.279,1.885,4.364,0.811,2.431,1.825,4.596,0.682
1,492.482,1.868,1.567,4.347,0.618,1.922,1.835,4.781,0.717
1,494.429,1.864,1.432,3.846,0.691,2.252,1.844,4.992,0.755
1,494.793,2.272,1.678,3.64,0.718,2.358,1.408,4.663,0.632
1,495.075,2.388,1.876,4.965,0.844,2.584,1.684,3.816,0.688
1,495.283,2.052,1.554,3.604,0.803,1.982,1.908,4.131,0.839
1,495.417,2.095,1.847,4.864,0.714,2.603,1.667,3.604,0.81
1,496.53,2.383,1.601,5.044,0.819,2.388,1.549,4.632,0.863
2,496.755,2.06,2.101,5.022,0.815,2.617,1.967,4.081,0.846
1,497.005,1.905,1.773,4.772,0.694,2.447,1.769,4.506,0.823
1,497.228,2.324,1.744,4.596,0.835,2.197,1.97,4.687,0.774
1,497.329,2.077,1.981,4.516,0.751,2.414,1.522,4.331,0.754
1,498.01,2.244,1.82,3.827,0.809,2.492,1.551,3.964,0.612
1,498.829,2.162,1.556,4.134,0.816,1.914,1.801,3.956,0.746
1,498.868,2.207,1.432,4.961,0.811,1.982,1.654,3.913,0.852
2,499.064,2.315,2.124,4.304,0.997,2.54,1.531,4.723,0.821
1,499.417,2.35,1.631,4.659,0.798,2.562,1.799,5.006,0.612
1,500.428,2.419,1.735,3.942,0.76,2.422,1.438,4.772,0.745
1,500.96,2.233,1.981,4.313,0.748,1.983,1.851,4.624,0.863
1,501.855,2.575,1.841,4.614,0.639,2.104,1.786,4.529,0.823
2,503.27,1.91,1.914,3.752,0.754,2.549,1.983,4.418,0.886
1,503.535,1.955,1.489,4.505,0.775,2.011,1.418,4.683,0.78
2,504.119,2.256,1.598,4.311,0.945,2.534,1.669,3.975,0.904
1,504.405,2.213,1.582,4.046,0.783,2.559,1.619,4.371,0.857
2,504.515,2.4,1.747,4.098,0.762,2.268,2.127,4.803,0.98
1,504.615,2.059,1.673,3.981,0.726,2.592,1.554,3.913,0.813
1,505.274,2.334,1.517,3.617,0.653,2.176,1.509,3.64,0.853
2,505.491,2.03,1.626,4.591,0.774,2.166,2.069,4.543,0.839
1,505.843,2.142,1.413,4.297,0.646,2.065,1.518,3.605,0.639
1,507.25,1.914,1.826,3.908,0.854,2.337,1.782,4.051,0.647
1,511.286,2.242,1.521,4.437,0.75,2.42,1.814,5.008,0.617
1,511.669,2.399,1.558,4.772,0.837,2.312,1.966,4.917,0.774
1,511.783,1.946,1.505,4.402,0.772,2.126,1.918,4.065,0.726
1,511.941,2.451,1.735,4.465,0.614,1.864,1.732,4.067,0.69
1,512.116,2.049,1.943,4.538,0.671,1.886,1.653,4.401,0.776
1,512.225,2.073,1.86,4.564,0.726,2.476,1.465,4.003,0.854
1,514.134,2.119,1.737,4.242,0.695,2.444,1.735,4.348,0.76
1,514.173,2.553,1.405,3.669,0.724,2.454,1.698,4.172,0.821
1,514.281,2.443,1.911,3.672,0.612,2.577,1.916,5.099,0.76
1,514.915,2.362,1.952,3.981,0.847,2.023,1.447,3.765,0.821
1,515.255,2.023,1.933,4.169,0.858,2.156,1.933,4.86,0.668
1,515.866,2.017,1.844,3.746,0.678,2.378,1.905,3.912,0.792
1,520.126,1.894,1.815,4.177,0.791,2.412,1.959,4.35,0.66
1,520.3,2.098,1.838,3.663,0.826,2.124,1.497,4.78,0.799
1,520.555,2.59,1.639,4.938,0.74,2.291,1.706,3.888,0.621
1,520.666,2.041,1.497,3.845,0.811,2.122,1.422,4.39,0.764
1,523.205,2.338,1.461,4.373,0.66,2.254,1.98,5.111,0.627
1,524.241,2.492,1.824,3.745,0.722,2.082,1.689,4.962,0.75
1,524.754,2.555,1.738,4.456,0.659,2.157,1.491,3.997,0.856
1,525.169,2.337,1.677,4.165,0.863,2.453,1.589,4.296,0.702
1,526.049,1.86,1.977,3.995,0.631,2.301,1.455,5.096,0.676
1,526.183,2.093,1.671,4.896,0.673,2.066,1.682,4.182,0.818
1,527.854,2.023,1.605,3.617,0.663,2.177,1.531,4.912,0.752
1,530.496,1.885,1.492,4.529,0.768,2.318,1.972,3.86,0.818
1,530.512,2.5,1.743,3.673,0.689,2.219,1.671,4.841,0.659
1,530.669,2.282,1.582,4.966,0.675,2.498,1.542,3.613,0.804
