task_type,arrival_time,est_m1,est_m2,est_m3,est_m4,est_m5,est_m6,est_m7,est_m8,ext_m1-1,ext_m2-1,ext_m3-1,ext_m4-1,ext_m5-1,ext_m6-1,ext_m7-1,ext_m8-1
T4,0.094,173.84,28.02,27.22,26.6,25.87,94.89,9.98,1.09,165.1,27.52,26.38,27.41,28.79,102.62,9.76,1.07
T4,0.176,156.34,27.17,27.22,28.19,27.44,95.59,10.55,0.96,174.63,26.45,26.03,27.23,28.59,112.08,10.88,1.06
T6,0.366,171.57,28.44,24.82,26.28,28.09,109.02,10.41,1.01,171.26,25.48,26.46,29.21,24.88,107.35,11.5,1.11
T8,0.369,145.8,26.05,28.84,26.56,27.57,111.36,9.64,1.07,148.77,24.86,27.26,24.69,29.29,107.04,11.02,0.97
T1,0.393,141.46,26.51,29.62,23.19,24.44,98.19,10.75,1.0,160.02,26.42,26.48,24.88,24.02,110.91,9.85,1.06
T10,0.468,161.28,24.5,27.12,26.5,23.86,98.25,10.6,1.13,150.61,23.38,26.44,26.7,24.75,98.68,11.1,1.14
T8,0.471,148.25,25.79,28.48,27.06,28.83,105.13,10.39,1.0,155.92,23.8,28.86,25.82,27.02,111.5,9.62,1.0
T7,0.538,151.79,26.81,24.76,26.1,25.08,102.68,11.16,1.01,168.68,26.77,24.93,25.49,25.01,113.58,9.96,1.03
T7,0.543,148.26,27.99,26.23,25.32,27.23,101.16,10.0,1.02,157.58,29.54,27.0,24.92,25.74,106.65,10.33,1.07
T3,0.552,162.46,28.18,25.14,25.16,26.38,102.51,10.33,1.09,161.67,25.64,28.18,27.25,26.34,96.3,10.85,1.03
T6,0.674,155.9,27.44,22.99,25.1,28.55,109.29,10.91,1.0,163.26,26.84,26.21,26.28,27.97,107.78,11.15,1.0
T5,0.867,155.22,24.89,25.36,26.99,26.51,104.23,10.5,0.97,158.58,24.63,25.86,27.83,26.53,105.17,9.44,0.98
T6,0.892,149.03,28.4,23.47,28.19,24.79,97.72,10.84,1.13,152.6,27.06,23.95,27.3,24.66,113.39,9.72,1.15
T5,0.919,149.42,28.55,26.86,27.77,25.75,99.78,9.97,0.94,162.24,28.2,25.12,27.27,25.03,106.85,10.04,1.05
T5,0.943,138.94,25.09,26.89,25.32,27.7,109.6,10.49,1.1,152.74,27.93,27.74,24.89,24.51,98.98,9.77,1.02
T7,1.143,152.73,29.1,25.91,24.6,27.13,115.11,9.76,1.07,172.13,26.95,26.17,23.8,26.24,116.63,10.6,1.03
T2,1.365,158.42,26.88,24.54,24.94,24.4,115.33,11.28,1.0,150.04,25.1,26.95,25.35,25.91,106.86,10.56,1.07
T7,1.433,162.18,28.12,26.91,24.06,28.06,108.26,10.72,1.05,148.28,28.73,24.28,23.9,27.75,106.06,9.77,1.02
T6,1.455,158.33,25.91,26.67,26.18,25.64,105.96,10.88,1.01,157.16,29.21,24.66,24.75,27.28,113.98,10.94,1.04
T6,1.478,160.71,24.81,26.9,26.19,28.15,111.81,10.45,1.01,145.99,27.95,26.3,25.4,24.62,108.64,10.35,1.15
T3,1.552,150.56,27.74,28.74,26.56,24.03,99.02,10.2,1.09,153.84,26.46,29.19,24.37,27.04,110.76,9.76,1.0
T1,1.652,148.59,24.76,25.23,25.66,23.72,94.04,9.58,1.05,150.49,25.94,25.38,25.77,27.66,103.5,9.65,1.15
T6,1.696,168.89,29.11,23.93,28.54,25.78,108.24,10.99,1.13,165.26,24.86,25.21,29.18,25.23,108.67,10.46,1.0
T1,1.846,159.89,26.52,29.7,24.85,24.82,95.96,10.08,1.1,163.98,26.62,27.7,24.29,26.75,103.04,10.09,1.14
T4,1.881,165.99,24.34,29.03,26.55,28.58,104.19,10.95,0.96,158.08,27.57,27.59,25.11,29.36,99.55,10.09,1.02
T1,1.948,153.36,24.48,28.54,25.19,26.11,109.23,10.59,1.11,163.98,27.46,26.04,23.12,24.85,93.79,10.52,1.08
T8,2.038,161.41,25.66,25.92,26.07,28.9,112.83,9.9,0.99,156.96,26.3,25.9,26.86,27.8,113.44,10.75,0.98
T3,2.092,169.94,25.26,28.05,27.7,27.59,104.32,9.35,1.0,165.05,24.8,29.6,27.39,26.38,109.86,10.76,1.05
T6,2.131,158.75,28.94,25.59,28.8,25.51,104.01,9.82,1.05,171.88,25.03,24.69,26.13,24.38,113.04,10.47,0.99
T10,2.192,165.74,24.95,28.05,24.99,26.4,105.3,11.15,1.01,153.78,23.63,26.32,25.6,25.49,106.35,10.72,1.13
T5,2.351,151.66,27.83,27.46,25.93,24.45,112.79,10.99,1.02,146.85,25.28,25.57,27.2,24.36,104.17,10.74,1.03
T4,2.367,165.74,23.88,25.18,28.24,28.16,95.3,10.11,1.0,177.04,25.29,28.18,27.99,28.0,96.14,10.64,0.93
T6,2.384,160.12,29.06,23.64,27.55,27.87,105.63,10.69,1.07,162.48,26.5,24.84,26.32,25.5,112.38,10.95,1.05
T1,2.395,144.69,27.88,25.29,25.67,26.7,93.97,10.63,1.09,142.82,25.66,27.16,27.01,24.36,102.96,9.4,1.04
T2,2.553,156.62,28.38,27.35,25.36,28.61,105.66,10.32,1.06,167.44,26.43,27.01,25.11,24.62,108.01,11.32,1.07
T3,2.607,161.9,26.49,29.2,24.59,25.56,101.23,9.35,1.09,155.18,27.13,28.08,28.1,27.33,98.44,9.82,1.12
T9,2.638,164.95,26.33,25.53,26.14,25.54,96.83,10.89,1.04,149.37,29.64,26.27,25.7,28.38,111.85,10.32,1.07
T4,2.652,173.45,27.45,26.13,25.76,26.18,106.23,10.38,0.97,158.09,25.08,26.46,24.93,27.98,94.3,10.06,0.97
T4,2.81,170.58,25.93,25.52,24.82,28.21,99.49,10.24,0.94,155.95,26.63,28.71,25.26,29.2,101.65,9.56,1.03
T1,2.938,141.64,24.39,25.37,26.38,23.75,107.66,10.06,1.01,151.43,24.39,27.55,23.08,26.84,101.61,10.1,1.13
T3,3.029,146.43,29.06,29.36,26.74,26.57,112.04,10.09,0.95,158.18,28.94,27.64,26.95,25.88,103.04,10.9,1.08
T10,3.029,153.13,26.84,27.89,24.81,27.44,98.97,10.11,1.01,154.11,24.12,26.28,25.53,24.14,107.71,11.57,1.03
T2,3.089,163.88,27.88,28.03,27.14,28.51,117.82,11.42,0.96,159.72,25.7,28.19,24.93,27.9,104.16,11.36,1.0
T3,3.304,165.42,27.6,26.62,25.9,24.36,101.36,9.61,1.02,143.85,25.62,29.23,24.96,27.88,101.14,10.12,1.12
T1,3.308,151.79,25.28,25.93,26.01,24.42,110.26,9.9,1.07,147.36,27.95,28.43,23.57,25.44,106.75,9.42,1.0
T6,3.335,155.06,28.44,24.74,26.13,27.12,105.41,10.84,1.08,161.82,28.3,24.45,25.72,27.14,98.3,11.43,0.99
T1,3.418,155.73,27.88,29.23,24.81,24.04,108.39,10.71,1.02,157.7,26.24,26.02,25.06,25.64,94.59,10.36,0.99
T5,3.421,149.89,25.53,25.66,26.47,27.94,106.16,11.03,0.94,143.41,26.26,28.39,26.53,26.31,99.48,9.85,0.95
T4,3.557,158.16,27.84,27.7,27.88,28.98,98.38,10.44,1.07,155.54,27.79,26.45,26.76,27.42,108.67,9.69,1.0
T2,3.591,162.48,26.84,25.46,25.88,28.45,114.29,10.3,1.1,149.2,24.54,26.16,23.51,24.68,115.67,9.73,1.08
T1,3.595,142.7,25.72,29.34,25.76,25.66,97.38,10.42,1.1,141.84,26.12,27.54,25.52,26.42,98.0,10.27,1.05
T2,3.616,144.71,27.06,26.11,25.1,25.53,109.35,9.66,0.99,143.05,24.49,27.12,23.68,28.38,109.93,10.34,1.0
T2,3.77,164.5,26.57,25.62,25.79,24.57,107.76,10.51,1.04,149.85,27.8,26.08,25.62,27.49,100.23,10.74,1.09
T5,3.781,159.55,26.77,24.99,25.17,24.58,105.9,9.44,1.0,156.65,26.62,25.06,27.55,24.59,109.77,10.41,1.04
T1,3.863,144.22,25.62,26.1,27.14,24.24,103.52,10.43,1.13,154.95,28.47,27.91,24.07,27.3,108.54,9.48,1.08
T2,3.888,153.03,27.75,27.96,24.83,26.13,112.98,9.82,1.14,168.15,25.06,27.79,27.08,24.26,114.67,11.04,1.03
T3,4.009,161.54,28.23,27.7,26.36,25.94,101.54,10.07,1.07,146.01,29.18,29.74,28.2,27.33,104.82,9.71,1.03
T5,4.009,139.31,27.86,27.43,27.88,23.75,105.54,10.39,1.07,139.8,24.93,28.87,28.06,27.12,96.34,9.4,0.98
T1,4.015,165.1,27.0,29.48,26.41,25.99,102.72,9.41,1.08,153.49,27.53,29.11,24.51,26.94,108.23,10.09,1.11
T3,4.126,146.3,26.03,28.76,26.7,28.43,112.09,9.4,1.03,155.54,24.94,29.0,26.95,27.05,111.63,9.72,0.96
T6,4.203,172.1,28.73,27.27,27.53,27.72,108.48,10.83,1.03,160.26,26.75,24.1,27.86,25.98,99.05,10.65,0.99
T3,4.208,155.54,27.77,25.72,26.08,28.36,109.94,10.66,0.98,153.61,26.89,27.06,24.97,24.99,98.75,9.44,1.08
T2,4.225,144.7,26.99,24.93,27.12,27.16,104.51,11.35,1.08,164.76,26.45,25.09,24.46,24.63,117.41,10.71,0.97
T4,4.563,171.86,26.96,27.45,23.97,27.12,106.38,9.87,0.98,162.75,26.42,26.09,28.19,28.18,95.45,10.96,0.94
T10,4.655,145.7,26.89,26.78,26.34,24.14,98.62,10.14,1.04,149.97,24.0,24.39,25.46,27.01,96.78,11.17,1.12
T7,4.676,175.2,25.1,23.71,27.94,28.81,106.58,10.3,0.95,170.87,25.14,24.31,27.46,26.23,108.48,10.84,0.95
T7,4.794,149.48,29.04,26.0,24.05,27.4,105.41,9.97,1.01,158.62,29.42,26.37,26.8,25.84,99.14,10.19,1.1
T2,4.824,166.91,28.4,27.4,24.19,24.21,116.64,11.18,0.98,149.41,24.98,26.08,26.16,25.67,102.19,9.65,1.05
T7,4.824,152.94,27.87,26.97,27.86,25.16,98.63,10.34,1.06,157.58,28.18,23.95,27.04,25.09,113.9,10.97,1.02
T5,4.842,162.54,24.76,27.4,25.56,25.44,104.79,10.06,1.02,152.56,26.54,28.54,25.85,25.22,101.19,9.95,0.98
T2,4.87,146.21,24.5,25.39,23.24,28.4,106.69,10.89,1.05,142.82,25.04,25.84,26.07,24.83,112.71,10.28,1.12
T7,4.877,163.8,25.4,26.44,23.75,27.05,103.88,10.04,1.11,165.02,27.6,24.84,27.82,28.19,114.92,9.76,0.94
T9,4.878,157.88,29.55,24.68,25.62,29.54,98.46,10.86,1.1,163.51,25.56,26.69,26.58,29.39,96.83,10.09,1.11
T8,5.053,166.36,26.3,27.91,25.88,29.7,100.75,10.35,1.15,152.39,25.42,27.54,25.35,26.99,99.92,9.52,1.09
T2,5.066,158.47,25.61,26.98,23.78,25.15,113.88,11.0,1.01,151.15,26.82,26.79,26.73,28.51,110.81,10.49,1.0
T9,5.133,152.46,26.23,25.86,25.36,29.77,103.81,11.3,1.02,165.1,25.88,25.51,24.77,29.5,101.86,10.32,0.95
T4,5.193,170.1,26.04,25.81,25.07,25.79,104.63,11.04,1.0,156.59,24.6,27.45,27.56,28.3,108.88,10.68,0.94
T3,5.511,144.23,29.01,26.06,27.22,25.99,95.86,9.83,0.96,149.22,29.36,27.42,24.31,24.9,103.36,9.84,0.98
T8,5.576,143.13,23.69,25.33,27.3,28.74,111.75,9.47,1.07,157.06,25.53,24.59,26.41,29.6,106.33,10.17,1.08
T3,5.703,143.57,26.09,25.14,24.68,25.51,106.13,9.78,1.04,160.15,25.52,25.22,27.35,27.87,109.54,10.18,1.04
T2,5.735,145.97,26.45,26.84,25.25,28.51,118.82,11.11,1.12,158.63,24.13,25.15,24.78,25.28,114.61,9.84,1.01
T4,5.747,157.61,25.84,29.62,28.26,26.49,108.14,9.53,1.06,159.2,27.36,28.04,27.92,26.76,98.66,10.39,1.01
T3,5.829,162.45,24.81,29.0,25.18,24.22,112.27,10.55,1.09,168.4,26.01,29.52,24.96,27.5,99.33,10.01,1.0
T10,5.906,162.26,27.26,27.85,23.24,23.4,103.16,10.63,1.11,155.74,25.28,24.16,24.63,26.38,106.79,11.16,1.15
T5,5.935,138.75,26.01,28.75,28.06,27.4,108.1,9.76,1.04,158.47,27.93,28.26,24.72,25.45,105.06,10.38,0.94
T10,5.955,167.88,26.89,26.73,24.08,24.78,106.47,10.11,1.0,163.7,25.75,23.98,23.64,26.56,97.64,9.87,1.1
T3,6.093,157.9,28.96,25.18,27.62,26.26,111.31,10.08,1.06,164.92,25.07,29.26,25.96,25.69,101.15,9.97,0.98
T6,6.124,164.23,28.81,23.92,25.42,24.15,113.98,11.48,1.05,171.99,26.73,26.78,28.22,26.11,101.32,10.51,1.03
T6,6.166,148.98,25.8,25.64,28.41,24.54,112.35,11.38,1.02,153.29,27.61,26.96,26.71,28.06,99.23,10.95,1.11
T10,6.333,165.74,25.7,27.53,24.84,24.96,101.76,10.4,1.03,172.46,24.44,23.91,23.56,25.32,110.61,10.45,1.1
T10,6.362,159.34,24.53,26.84,25.6,26.77,101.42,10.93,1.05,149.28,26.71,25.24,26.6,25.04,95.67,10.95,0.99
T2,6.493,145.37,27.76,25.37,26.14,24.96,105.38,10.22,1.05,151.07,27.86,26.54,24.56,25.32,104.64,10.98,1.1
T6,6.836,145.38,25.68,23.38,28.03,27.64,106.58,10.74,1.12,166.7,25.56,23.69,28.36,24.39,113.57,10.95,1.12
T2,6.908,153.41,25.32,25.58,26.33,27.83,115.52,10.55,1.0,165.08,26.7,25.68,25.16,24.27,114.3,10.57,0.97
T8,7.039,162.85,25.9,27.87,23.83,29.59,110.8,10.78,1.0,157.63,25.91,25.35,26.46,25.97,101.43,9.63,0.98
T7,7.108,174.46,26.65,26.2,27.67,24.82,116.18,10.03,1.08,164.65,25.21,25.05,24.46,27.94,110.2,11.18,0.96
T1,7.129,146.56,25.61,25.32,26.98,26.2,100.52,9.74,1.04,144.48,25.46,25.87,25.16,24.87,107.17,9.56,1.06
T4,7.236,167.62,24.72,27.94,26.44,24.87,108.12,10.74,1.09,158.48,27.69,27.44,28.04,25.55,106.25,10.05,1.01
T8,7.289,153.51,25.97,28.91,26.1,28.56,104.36,10.77,1.14,156.82,26.81,26.47,24.61,28.16,105.24,10.2,1.14
T2,7.373,153.8,24.91,27.7,25.66,25.15,114.03,9.7,1.05,167.29,28.15,27.99,25.22,27.78,104.42,11.29,1.06
T8,7.815,150.65,26.45,28.9,27.28,29.38,107.99,10.07,1.14,151.44,24.39,25.23,24.74,27.67,106.58,11.14,1.08
T8,7.883,165.18,26.03,28.99,24.28,27.9,110.98,11.16,1.13,146.49,27.39,26.49,24.97,27.84,98.95,10.89,1.13
T10,7.916,146.61,23.74,27.39,25.37,24.11,109.99,11.1,1.08,147.22,25.25,27.9,24.64,27.54,101.82,9.88,1.12
T5,7.983,147.83,25.02,25.39,24.49,25.99,111.52,10.41,1.08,137.88,24.57,26.82,27.12,26.73,113.93,11.01,1.0
T5,8.196,137.72,24.47,25.86,27.16,24.31,102.63,10.79,0.93,151.39,24.82,25.36,26.34,27.6,111.74,10.2,0.99
T3,8.232,153.96,27.35,27.29,25.21,24.56,100.53,10.69,1.12,168.22,25.48,25.89,27.36,25.53,107.73,10.13,1.03
T1,8.265,145.57,24.95,28.3,25.49,25.06,108.81,9.4,1.13,142.07,25.72,28.54,25.15,24.89,100.75,9.65,1.14
T3,8.282,169.27,28.19,27.72,24.57,28.3,111.62,11.0,0.96,165.75,24.88,28.82,24.61,26.92,106.04,10.42,1.06
T7,8.438,171.62,29.1,24.12,23.66,28.06,116.15,10.39,1.0,157.31,27.82,24.3,24.09,26.94,110.62,10.51,1.03
T7,8.658,163.59,26.53,23.75,23.78,24.32,110.78,9.96,1.1,163.28,26.7,26.01,24.63,28.67,115.2,10.96,1.09
T10,8.769,161.54,25.01,25.88,25.09,27.14,101.42,10.82,1.16,170.2,24.58,28.15,26.38,25.34,107.58,11.07,1.12
T4,8.783,161.93,24.82,25.15,26.86,28.78,99.17,10.13,1.06,169.82,26.7,28.46,24.59,28.56,100.72,9.79,0.93
T10,9.134,163.73,25.69,26.81,27.38,27.74,107.7,9.87,1.15,147.22,25.0,24.83,25.22,27.36,95.47,9.98,1.05
T1,9.173,163.72,24.82,28.79,24.67,26.48,97.37,9.39,1.04,155.9,28.17,26.14,24.91,25.15,98.41,10.2,0.99
T1,9.332,145.74,26.65,28.91,26.37,26.56,108.54,9.68,1.01,157.06,27.76,27.96,23.21,24.88,102.01,10.36,1.1
T6,9.372,165.81,29.22,23.52,28.5,25.77,114.7,9.96,1.11,148.32,28.95,24.06,28.01,27.86,109.97,10.17,1.05
T1,9.402,153.4,25.68,25.11,24.76,24.33,99.24,10.84,1.1,162.86,27.3,27.38,26.44,26.32,95.04,10.72,1.05
T8,9.43,166.99,26.61,25.65,27.0,29.55,99.71,10.48,0.99,166.92,25.73,27.86,26.89,28.37,111.72,9.78,1.14
T6,9.488,167.01,27.98,27.0,28.52,25.43,100.09,9.98,1.16,145.01,26.2,26.18,26.45,25.71,100.57,11.28,1.1
T4,9.676,150.62,24.63,27.53,27.95,28.59,108.79,11.25,1.01,175.95,27.69,26.48,27.19,25.11,111.02,10.97,1.06
T8,9.704,166.05,27.59,25.52,25.78,26.02,104.38,10.76,1.1,149.4,25.75,26.31,27.61,26.5,97.56,10.6,0.98
T10,9.73,167.67,25.23,26.27,26.94,26.21,95.54,9.88,1.01,145.93,25.6,26.28,26.07,24.85,103.16,9.87,1.11
T2,9.737,156.02,26.39,24.63,26.91,27.4,105.91,10.95,1.04,163.83,27.48,24.6,24.15,28.58,117.81,11.11,1.08
T7,9.758,163.28,25.68,24.64,27.13,28.67,113.61,11.19,1.1,173.16,26.55,27.48,23.7,24.7,109.59,9.76,0.99
T2,9.774,144.89,25.12,28.16,24.6,24.88,107.1,11.4,1.1,167.12,25.9,26.35,26.88,26.42,106.76,10.82,0.98
T5,9.778,161.08,28.86,25.69,25.06,25.89,99.38,9.98,1.02,163.39,24.97,27.69,24.59,26.22,105.9,10.21,1.06
T8,9.811,142.57,26.27,27.62,26.71,28.58,102.74,10.88,1.06,161.74,25.96,27.62,25.67,28.5,113.66,10.94,1.07
T8,9.854,161.0,24.99,27.06,23.95,28.44,108.78,10.21,1.1,140.57,27.16,28.99,23.79,29.21,104.64,10.48,1.02
T3,9.927,155.65,28.77,26.97,27.4,25.42,108.75,10.83,1.03,157.43,26.47,26.47,27.13,25.24,105.07,9.98,1.1
T2,10.01,156.81,25.76,25.08,23.7,24.21,114.18,11.01,0.97,167.37,27.76,26.25,25.35,27.83,115.58,10.17,1.06
T6,10.017,167.45,28.99,25.52,28.55,25.04,115.97,10.82,0.99,151.27,28.74,27.19,28.05,25.57,101.93,10.33,1.12
T5,10.113,151.06,27.74,28.72,26.65,25.44,107.22,10.04,1.1,138.54,28.1,25.22,28.03,25.02,111.93,10.39,0.98
T3,10.141,144.79,26.38,25.32,25.46,27.2,99.58,10.8,1.02,166.88,27.22,26.48,26.11,26.26,101.89,10.88,1.02
T10,10.153,168.41,25.89,25.27,25.11,24.2,101.74,10.78,1.12,167.1,27.44,24.69,26.49,26.28,111.25,11.18,1.1
T2,10.154,149.89,26.45,25.37,26.8,25.96,115.52,10.79,1.06,160.29,23.94,27.6,24.97,26.58,110.92,11.2,0.96
T3,10.162,169.39,28.55,28.22,25.25,24.72,106.87,10.3,1.0,152.44,28.94,26.49,26.21,24.9,112.09,10.82,1.01
T8,10.301,160.13,26.79,28.09,24.26,27.37,102.96,10.01,1.12,159.71,25.96,25.65,27.25,29.04,105.97,10.97,1.09
T1,10.551,156.69,27.26,29.6,25.82,26.49,101.52,10.47,1.14,158.42,25.58,25.69,24.28,26.03,105.44,10.57,1.08
T3,10.614,155.42,27.08,28.63,27.58,25.97,113.0,9.73,1.1,170.33,28.45,26.6,24.24,26.95,105.45,9.49,0.96
T8,10.635,157.8,26.62,27.94,26.55,26.05,108.91,10.68,1.05,150.46,24.29,27.81,24.25,28.25,106.42,11.19,1.09
T7,10.636,163.22,28.67,26.97,25.87,28.01,99.78,10.58,0.95,168.92,28.14,26.71,28.06,24.97,110.0,10.18,0.96
T5,10.648,151.45,24.58,27.38,25.53,26.88,99.74,10.14,1.02,141.85,24.75,27.06,27.26,26.09,111.74,10.41,1.09
T6,10.652,165.87,29.18,25.21,25.4,28.02,99.34,10.8,1.01,160.3,24.94,23.25,29.15,25.46,102.7,10.67,1.06
T6,10.788,149.55,27.67,26.85,26.59,24.8,107.78,10.28,1.06,162.6,27.26,25.56,28.55,24.95,110.39,9.98,1.13
T4,10.852,156.84,27.47,27.22,24.95,27.29,99.17,11.25,1.04,155.91,25.38,27.07,25.07,25.46,106.43,9.93,0.98
T10,10.945,167.86,24.36,24.28,26.72,25.83,108.42,11.08,1.0,147.39,24.93,24.5,23.78,27.48,111.95,9.81,1.12
T9,11.032,157.21,25.76,24.33,27.0,29.21,102.3,11.32,1.06,167.27,26.97,25.09,26.67,26.58,110.54,11.32,0.96
T1,11.315,160.91,24.52,29.1,25.99,24.27,110.37,9.57,1.12,163.91,27.66,25.37,24.32,25.73,93.36,9.79,1.07
T3,11.376,158.05,29.25,28.24,26.29,24.94,110.28,10.23,0.97,160.87,25.17,25.45,24.09,28.29,105.5,10.89,0.96
T8,11.631,167.09,25.14,25.32,26.27,29.48,113.11,10.31,1.11,154.77,25.3,27.34,25.8,29.41,100.13,10.13,1.12
T5,11.651,156.58,24.7,26.46,25.27,23.83,98.48,9.67,1.06,160.71,26.78,26.22,27.05,27.28,102.91,11.01,1.03
T9,12.147,145.35,26.42,24.38,25.75,27.92,106.25,11.28,1.01,159.59,28.13,25.73,24.47,27.81,98.23,9.72,1.11
T8,12.149,157.8,26.03,25.11,26.87,29.26,97.56,10.38,1.13,147.42,25.51,26.92,23.77,25.26,107.5,10.38,1.07
T2,12.188,162.84,25.35,25.38,25.98,25.82,113.25,10.41,1.12,159.18,28.33,27.96,24.78,24.48,110.13,10.16,1.03
T2,12.274,144.89,28.01,24.3,25.39,25.96,115.19,9.82,1.12,153.62,28.11,25.49,26.55,28.22,100.41,11.32,1.12
T4,12.311,165.82,25.53,28.55,27.27,27.65,110.56,9.78,1.07,155.1,23.71,27.93,23.91,25.49,109.18,9.68,1.06
T3,12.543,151.89,26.04,27.71,27.09,25.08,95.56,10.95,1.03,152.07,29.42,26.1,26.71,25.01,104.95,9.54,1.05
T2,12.626,163.37,26.56,28.37,24.31,25.88,114.29,10.41,1.12,155.73,25.89,27.2,24.55,28.62,111.9,9.8,0.96
T8,12.737,157.26,23.6,25.26,24.05,27.87,110.75,10.8,1.01,147.78,25.62,28.9,27.25,29.0,113.99,10.01,1.03
T5,12.782,144.49,24.76,26.5,24.86,27.16,113.93,9.99,1.1,153.57,26.73,25.33,28.36,28.1,98.89,10.85,1.05
T4,12.807,172.46,25.84,25.96,24.74,28.24,105.7,9.76,0.94,173.81,27.43,26.45,26.77,26.23,105.12,10.2,0.98
T3,13.109,170.08,28.74,27.17,26.21,26.19,103.24,10.8,1.13,165.21,27.65,26.06,26.94,26.63,102.04,10.07,1.04
T1,13.195,148.35,27.14,26.06,25.86,27.46,94.62,9.43,1.04,149.52,28.74,26.84,23.19,25.12,109.57,10.61,1.17
T9,13.301,157.67,27.17,25.73,25.08,25.96,97.41,10.94,1.11,146.4,28.13,26.33,24.88,25.8,104.81,11.26,0.97
T7,13.325,152.08,26.12,26.55,23.77,25.93,111.79,9.68,1.07,162.39,26.06,26.32,27.43,27.12,112.46,10.2,1.08
T10,13.335,164.53,23.93,24.36,24.97,23.86,105.86,11.3,1.06,150.27,26.98,25.36,26.24,25.96,107.28,10.97,1.14
T7,13.338,157.08,28.68,26.58,23.75,24.43,104.41,11.15,0.95,160.05,26.47,26.44,25.62,24.89,112.12,11.36,1.01
T4,13.389,155.11,23.81,27.13,27.9,28.98,95.26,10.48,0.97,155.58,24.66,28.83,26.75,28.5,100.85,10.99,1.02
T8,13.391,158.02,25.75,26.14,27.14,27.12,115.9,9.8,1.01,149.22,24.95,27.54,28.01,28.34,115.49,9.51,1.11
T5,13.561,159.45,26.14,27.4,24.5,26.51,98.58,10.31,0.99,159.19,26.8,28.42,26.42,26.28,107.22,11.06,1.05
T2,13.74,153.77,24.54,27.59,26.96,24.4,101.52,9.94,0.98,160.49,27.65,26.11,25.11,28.63,104.09,9.72,1.01
T8,13.783,162.85,27.05,24.97,26.75,27.6,103.77,9.48,1.12,154.77,25.59,28.36,27.96,26.33,106.33,9.44,0.99
T3,13.816,169.84,26.41,26.86,24.16,24.04,109.26,9.48,0.97,169.64,25.29,28.41,24.47,26.7,107.3,10.7,1.09
T10,13.84,152.49,23.95,24.31,27.43,27.27,102.22,10.13,1.15,165.03,24.86,26.75,24.13,26.35,98.25,10.35,1.05
T10,14.039,156.21,26.93,24.78,26.33,26.67,109.89,10.64,0.99,145.54,23.4,25.08,25.96,25.75,107.39,11.22,1.08
T10,14.079,148.05,27.26,25.01,26.56,23.43,98.18,10.36,1.06,160.25,23.75,28.13,24.8,24.63,95.64,11.45,1.16
T4,14.129,174.8,26.22,25.04,26.82,28.6,95.92,10.26,1.02,152.28,27.28,25.92,26.63,25.17,105.78,11.09,1.01
T8,14.324,150.43,24.89,25.6,27.03,29.75,100.78,9.63,1.12,162.36,26.8,26.59,25.55,28.45,104.49,9.52,1.15
T2,14.469,151.48,25.85,27.79,24.55,28.44,108.4,11.39,1.05,152.4,25.22,25.74,24.66,24.33,117.34,10.3,1.13
T9,14.746,161.69,28.86,25.62,26.18,25.24,104.58,10.47,1.0,153.48,27.83,26.29,24.28,25.66,103.3,10.58,0.99
T1,14.758,144.21,26.63,26.96,24.6,24.34,104.14,11.0,1.12,150.09,27.15,26.18,25.86,27.55,101.09,9.72,1.08
T8,14.765,163.53,23.34,27.25,26.13,26.72,102.21,10.83,1.01,144.64,25.92,26.32,24.95,26.79,113.04,9.8,1.12
T6,14.826,146.69,25.4,26.72,29.14,27.08,104.95,10.88,1.12,157.97,27.42,23.69,27.99,26.99,106.58,10.75,1.09
T6,14.846,162.07,26.38,26.76,28.85,28.13,98.87,10.13,1.13,160.34,29.2,27.1,28.81,28.28,99.31,10.58,1.02
T9,15.183,165.5,27.79,26.4,24.89,29.6,108.25,11.36,1.04,160.47,25.77,24.81,25.49,29.76,108.48,10.43,1.1
T10,15.241,160.3,27.27,24.54,23.39,26.33,111.75,11.39,0.99,167.16,24.94,26.06,23.94,27.35,105.18,11.62,1.12
T8,15.68,163.47,23.32,27.98,25.66,28.15,99.06,9.79,1.08,158.32,27.0,28.83,24.91,25.51,102.77,10.9,1.04
T8,15.693,161.28,24.08,27.32,26.57,26.22,114.63,10.25,1.09,152.61,25.18,27.62,27.91,28.91,98.56,10.83,0.98
T8,15.943,141.14,25.22,27.38,27.18,27.67,112.86,9.5,1.06,154.6,27.43,25.76,27.74,27.95,111.58,10.52,0.97
T6,16.069,171.52,27.14,23.41,26.74,27.36,101.1,11.47,1.15,162.95,24.91,25.09,28.19,24.25,111.37,9.99,0.99
T4,16.121,175.06,26.7,25.17,24.92,28.69,106.38,10.28,1.0,178.55,26.47,26.46,27.48,27.98,108.83,10.3,1.03
T3,16.276,143.51,29.46,28.45,27.34,25.31,106.4,9.46,1.11,157.84,27.35,27.14,27.36,26.96,109.54,10.08,1.01
T9,16.367,157.77,28.36,28.61,24.27,27.9,113.04,11.11,1.1,154.8,25.95,27.89,24.95,29.27,100.68,9.89,1.07
T4,16.467,158.64,24.44,28.76,24.44,28.75,111.99,10.21,0.94,172.48,24.9,27.6,25.44,26.44,96.58,10.26,1.08
T1,16.575,166.62,25.87,26.6,22.98,25.74,97.63,10.17,1.01,155.68,27.55,25.54,22.97,27.23,93.56,10.94,0.99
T1,16.6,150.38,26.23,25.87,23.4,26.17,100.21,10.27,1.0,165.97,28.54,27.75,25.57,24.52,94.88,11.07,1.05
T1,16.643,146.22,25.22,26.05,27.07,27.88,107.06,10.11,1.09,159.06,27.85,28.41,23.12,27.7,99.6,10.66,1.17
T10,16.704,155.29,27.63,28.14,25.31,25.74,109.72,10.58,1.05,152.77,25.8,26.13,26.08,26.67,104.15,10.13,1.06
T2,16.905,164.43,26.82,27.41,25.32,24.26,114.76,9.75,0.97,144.7,28.29,23.96,25.08,25.67,108.24,10.35,1.01
T8,16.942,166.22,24.84,25.19,23.74,29.41,105.74,10.7,1.15,152.09,23.84,25.27,24.19,26.73,99.78,9.76,1.08
T5,17.007,140.47,27.74,28.66,25.55,25.01,105.08,10.97,1.08,159.75,27.68,25.45,25.23,24.12,104.92,9.82,0.98
T4,17.112,166.04,24.23,26.57,26.28,27.56,103.57,11.07,0.99,175.27,27.05,28.32,27.32,26.02,94.6,10.87,1.0
T5,17.237,156.96,26.79,25.95,24.98,23.95,98.76,10.48,1.08,155.45,27.61,27.29,24.73,27.43,114.0,9.99,1.08
T1,17.604,150.56,28.34,25.21,24.81,24.13,99.37,11.07,1.04,164.01,26.74,25.75,24.08,26.63,95.56,10.96,1.17
T5,17.966,160.54,25.28,27.16,24.67,24.8,112.97,9.62,0.95,163.73,25.52,26.46,24.57,27.78,104.44,10.84,1.03
T9,18.042,156.12,27.2,28.61,25.92,29.38,106.56,11.12,1.09,153.91,25.78,28.16,26.22,28.52,102.73,10.88,1.04
T10,18.188,170.24,25.08,26.65,27.19,26.35,94.72,11.36,1.02,150.88,23.58,25.43,23.87,24.96,101.16,10.25,1.13
T5,18.295,156.06,27.56,26.6,24.19,26.22,103.96,10.14,1.1,156.97,25.02,27.01,26.32,25.02,103.25,11.07,1.03
T1,18.305,163.67,27.81,29.07,25.02,25.5,104.86,10.59,1.13,142.61,27.34,25.27,24.85,26.6,106.95,10.21,1.05
T7,18.393,157.29,25.62,25.03,27.72,27.44,110.05,10.08,0.98,167.87,27.26,23.45,24.26,26.4,101.25,10.88,0.98
T3,18.675,157.34,24.95,27.61,24.1,26.15,101.67,10.92,1.01,146.58,27.09,26.76,26.34,24.72,104.57,10.25,0.95
T5,18.797,160.07,27.5,28.52,27.78,23.9,96.4,10.42,1.03,148.66,25.41,27.0,27.58,25.77,110.89,10.14,1.08
T2,18.836,146.55,27.18,26.65,24.03,28.22,117.62,10.78,1.01,153.66,26.42,26.56,25.88,26.13,103.18,10.98,0.98
T5,19.019,141.81,24.33,26.6,26.48,24.73,103.16,9.62,0.94,155.98,24.88,24.52,24.41,25.92,101.51,10.44,0.98
T10,19.072,153.84,24.99,25.31,24.52,25.02,106.02,10.02,1.09,153.78,23.61,25.16,24.98,26.7,107.92,10.4,1.02
T3,19.261,153.9,29.32,27.36,24.13,26.52,104.32,9.7,0.99,158.27,28.06,29.7,25.72,24.01,102.07,9.75,1.02
T3,19.388,145.72,28.57,29.57,27.68,25.0,107.13,10.8,1.08,156.32,26.97,28.17,27.44,27.25,107.74,10.84,1.07
T6,19.436,168.95,29.22,25.98,26.79,28.33,111.22,11.47,1.14,171.8,27.91,23.93,28.07,27.47,113.65,11.43,1.01
T9,19.505,162.44,26.86,28.36,27.29,27.53,96.71,10.58,1.02,171.5,28.99,24.38,24.81,26.9,106.55,10.72,0.97
T6,19.871,166.85,27.42,24.9,27.93,28.33,108.13,10.73,1.06,155.76,26.0,24.25,28.75,27.09,106.33,9.76,1.05
T1,20.014,155.1,26.24,29.23,23.52,25.96,102.78,10.31,1.09,162.0,25.45,26.62,23.68,26.33,100.12,9.86,1.01
T2,20.044,142.49,27.36,24.35,24.97,25.92,112.02,10.6,0.97,146.02,25.58,25.09,23.2,26.84,105.78,9.71,1.02
T5,20.285,153.44,27.18,28.15,27.39,25.86,112.55,10.02,1.08,161.14,25.92,26.92,25.32,27.3,113.51,11.14,1.1
T3,20.324,157.93,28.94,26.68,27.78,25.54,112.29,10.71,0.98,152.5,29.05,29.07,25.71,25.62,95.69,9.48,1.08
T2,20.326,148.55,28.42,27.05,26.87,27.69,103.9,11.36,1.1,149.96,26.9,27.16,23.81,24.91,101.8,10.38,1.04
T7,20.384,159.39,28.12,26.21,27.92,25.42,116.42,9.68,0.95,155.1,28.24,26.68,23.81,27.94,106.97,10.64,0.98
T3,20.44,144.41,27.67,29.13,25.02,26.44,112.93,9.84,0.96,153.5,27.24,28.63,24.46,27.05,106.04,9.58,1.04
T9,20.571,152.54,25.88,25.01,23.69,26.56,108.56,10.15,0.98,163.17,27.93,25.95,25.23,25.83,96.9,11.11,1.06
T4,20.618,155.53,26.69,26.7,25.06,28.95,107.93,10.74,1.06,175.83,24.18,26.29,24.76,28.54,109.65,10.66,1.01
T1,20.749,157.38,27.57,28.14,23.68,27.08,97.44,10.59,1.05,142.07,25.49,25.63,25.86,27.56,105.43,10.92,1.1
T6,20.802,153.42,25.69,23.71,29.14,24.11,107.01,10.4,1.13,148.91,25.43,25.95,27.98,25.41,113.95,10.19,0.98
T4,20.814,177.31,26.14,27.0,27.89,28.34,98.48,10.78,1.01,169.01,23.98,26.79,23.9,28.86,100.29,9.69,1.01
T3,20.983,159.95,26.38,27.81,28.08,26.7,104.0,10.88,1.01,146.07,27.77,29.19,25.98,26.04,105.38,10.05,1.1
T6,21.047,159.34,28.61,24.6,27.72,28.36,114.14,10.81,1.08,168.19,25.96,26.45,28.97,24.36,112.88,11.28,1.06
T2,21.291,155.73,27.27,25.09,23.24,27.5,115.26,10.95,1.01,149.06,27.0,27.68,24.57,24.18,115.04,9.8,1.13
T1,21.501,141.73,24.42,28.83,23.59,26.31,104.31,10.97,1.12,141.94,27.13,29.34,24.21,24.28,99.92,10.8,1.01
T2,21.624,159.62,24.87,27.36,26.44,25.98,100.35,10.29,1.04,167.73,27.89,27.41,25.03,25.19,117.19,10.68,1.0
T4,21.657,154.59,27.44,27.35,25.23,28.32,102.16,10.27,1.06,154.71,27.88,27.94,24.03,27.33,108.6,10.37,1.07
T3,21.762,163.34,26.57,28.39,26.76,26.02,97.23,11.04,1.01,158.74,24.95,27.42,24.48,27.04,110.7,11.02,0.95
T4,21.966,173.98,26.7,26.55,24.33,25.96,108.57,10.14,0.99,154.79,27.57,25.16,28.3,27.28,106.14,10.96,1.09
T2,22.171,144.87,26.99,27.47,26.37,28.13,117.87,9.85,0.98,163.72,28.41,27.2,25.88,28.32,104.88,10.14,1.06
T8,22.256,165.35,27.38,28.13,28.01,28.54,106.8,10.72,1.06,153.11,27.36,26.18,26.04,29.42,115.37,10.61,1.03
T3,22.277,165.06,29.46,28.86,27.08,27.48,96.63,10.56,1.05,161.39,25.57,29.43,28.02,26.15,108.75,10.02,0.97
T9,22.349,148.78,28.13,27.45,23.56,25.98,96.85,10.09,0.96,153.08,27.72,28.47,26.71,25.82,109.13,11.22,1.08
T7,22.448,157.58,27.01,23.46,26.18,25.46,113.01,10.08,1.01,175.04,26.76,25.4,27.92,25.74,117.14,11.1,0.98
T8,22.6,158.21,24.11,27.67,25.93,26.49,109.98,10.76,1.11,148.62,27.42,25.6,27.86,25.27,97.8,10.32,0.99
T2,22.638,167.86,25.04,28.31,24.4,25.49,117.13,10.82,1.0,163.52,27.31,24.95,26.82,27.09,111.66,11.36,1.02
T4,22.845,163.7,24.51,26.11,27.42,28.4,109.2,9.96,0.99,165.32,26.28,28.01,24.86,28.29,110.79,10.82,0.98
T9,22.92,165.97,28.57,26.35,26.0,28.3,105.83,10.93,1.09,159.59,25.67,25.46,25.31,28.8,105.91,11.37,0.96
T5,23.033,144.75,25.06,24.69,26.1,26.03,111.93,10.72,1.0,141.58,26.08,28.49,28.27,27.11,104.75,9.97,1.08
T4,23.15,163.42,27.62,29.36,27.32,26.12,101.48,10.79,0.97,177.15,26.47,25.4,25.63,24.92,108.81,10.94,1.1
T8,23.234,149.39,24.22,26.14,23.58,25.63,115.49,11.16,1.08,149.39,25.13,24.54,26.52,27.86,100.33,10.27,1.12
T3,23.527,170.07,27.65,26.93,23.9,27.8,109.81,9.89,1.08,158.46,27.0,25.71,27.32,27.68,99.45,10.69,0.98
T8,23.836,154.69,24.29,25.91,23.99,29.11,101.76,9.79,1.1,143.62,25.39,28.65,24.13,26.58,101.95,9.9,1.09
T5,23.843,145.22,24.8,26.79,24.29,25.25,111.76,10.5,0.99,149.42,28.4,26.68,26.5,23.76,104.82,10.88,1.07
T3,24.313,147.28,26.24,26.62,27.5,27.42,106.34,11.05,0.99,151.83,25.15,27.09,24.48,26.47,110.82,9.43,0.97
T3,24.337,157.97,24.98,29.04,26.87,27.21,112.96,10.34,1.12,163.66,29.15,29.39,28.29,26.74,96.32,10.26,1.06
T5,24.408,139.91,26.44,27.04,26.06,24.57,104.03,9.53,1.04,162.52,25.24,24.6,27.91,25.69,113.12,10.63,1.0
T4,24.69,151.69,24.82,25.92,24.68,26.96,110.26,11.02,1.03,153.1,24.85,25.52,28.19,29.38,110.43,9.86,0.95
T5,24.697,162.24,24.65,26.4,24.57,26.38,104.99,9.39,1.02,149.42,25.84,27.12,25.54,24.61,101.32,10.52,1.02
T7,24.769,169.22,29.43,24.89,26.55,25.3,110.94,10.6,0.99,171.94,25.0,23.43,27.14,25.21,112.85,10.0,0.97
T10,24.798,160.65,25.02,25.44,23.23,24.21,105.67,10.35,1.09,162.06,25.83,26.54,25.23,25.8,95.72,10.2,1.17
T4,24.8,154.27,27.04,27.56,24.97,28.48,100.58,11.31,0.92,169.05,24.08,29.61,24.92,26.33,112.0,10.22,0.96
T2,24.848,164.74,25.75,24.28,25.08,28.05,112.02,11.43,1.13,161.71,27.24,28.31,26.52,24.51,111.56,10.57,1.06
T7,24.937,159.4,28.67,26.2,25.66,25.07,116.71,10.6,0.99,166.65,25.46,27.0,28.02,25.77,104.03,10.36,1.07
T9,24.939,163.94,25.69,24.94,26.17,27.26,112.13,10.89,1.0,155.1,28.1,24.94,24.13,26.43,99.45,10.12,1.05
T3,25.002,157.83,26.35,28.84,26.91,27.31,101.91,9.6,1.02,165.24,28.62,27.36,27.92,25.74,100.66,11.06,1.01
T7,25.049,169.76,26.59,26.5,27.72,26.06,101.88,9.76,1.11,164.25,27.4,24.54,27.06,25.13,110.66,9.94,1.09
T8,25.097,155.12,26.33,27.62,25.62,27.22,104.46,9.74,0.98,157.15,27.37,28.54,27.64,27.6,101.61,9.42,1.0
T7,25.103,159.81,29.14,27.46,26.34,24.79,103.48,10.37,1.07,170.87,25.74,23.24,26.67,24.96,108.56,11.16,0.98
T8,25.216,147.5,27.22,28.1,26.56,29.55,107.5,10.31,1.13,155.8,24.77,26.31,26.28,29.35,111.2,9.74,1.07
T8,25.225,160.33,24.42,27.78,27.88,26.89,105.98,10.91,1.11,141.37,26.77,25.96,25.41,27.52,112.17,10.37,1.12
T5,25.332,143.96,28.02,28.54,25.77,25.58,96.63,10.21,1.07,143.86,28.22,26.24,24.07,24.72,106.44,9.9,1.03
T7,25.476,172.7,28.38,26.48,23.8,25.49,112.76,10.38,1.01,166.98,29.02,23.27,27.66,25.2,115.07,9.86,0.96
T10,25.549,162.55,25.87,25.12,26.82,27.4,105.61,10.81,1.1,171.33,24.56,25.88,23.11,27.62,106.49,11.3,1.04
T7,25.64,148.77,26.37,24.28,24.09,25.21,107.47,9.73,1.04,159.34,25.64,23.88,27.99,26.03,114.14,9.99,0.98
T10,25.678,155.88,26.47,26.38,25.72,26.74,96.52,11.3,1.15,153.42,23.93,24.3,25.51,26.7,94.44,10.03,1.07
T5,25.742,152.86,24.79,24.49,24.1,26.84,100.75,10.85,1.02,157.02,24.43,25.52,27.29,27.29,108.93,10.12,0.98
T8,25.758,143.01,27.57,27.76,26.33,25.54,111.69,10.6,1.15,150.15,23.62,25.27,26.05,26.15,106.38,11.12,1.13
T3,25.782,151.71,28.18,27.35,24.8,26.4,104.92,10.88,1.05,149.05,27.05,28.59,27.94,25.29,111.04,10.72,1.09
T3,25.811,167.88,26.72,27.37,26.8,28.35,97.91,9.31,1.1,160.96,25.52,27.54,23.93,25.19,105.49,9.48,0.97
T3,25.832,157.9,26.86,26.21,27.42,28.04,106.72,9.41,1.06,151.75,28.6,27.14,24.58,25.24,106.43,9.85,0.99
T4,25.858,176.5,25.54,28.45,25.63,29.14,102.44,10.36,1.01,170.14,25.52,28.71,24.81,28.56,94.45,10.97,0.97
T6,25.872,164.0,26.13,25.89,26.34,28.18,114.73,11.03,1.15,145.07,28.08,25.11,29.18,28.34,115.98,11.02,1.1
T1,25.977,148.36,26.38,26.5,24.46,26.32,99.31,10.05,0.99,159.26,25.55,26.58,23.3,24.88,103.68,10.49,1.11
T4,26.058,171.53,26.74,28.13,27.92,26.84,101.99,10.68,1.05,169.87,26.22,29.1,27.32,27.75,107.39,10.39,0.98
T1,26.196,154.95,25.0,26.2,24.41,23.91,102.51,10.24,1.02,160.74,26.0,26.5,24.41,25.09,107.42,9.68,1.04
T4,26.202,152.65,23.85,27.66,24.77,28.16,96.45,9.58,1.05,151.99,25.23,25.48,27.8,28.76,96.13,10.58,0.94
T1,26.25,159.3,24.26,25.45,25.41,26.94,105.16,10.56,0.99,164.33,26.81,27.07,23.17,26.8,109.5,9.84,1.16
T7,26.456,175.44,25.01,25.45,25.37,27.74,100.88,10.57,1.04,157.98,29.67,24.8,26.0,25.06,111.21,10.88,1.1
T8,26.523,163.47,26.62,28.56,25.48,29.3,104.51,10.4,0.99,149.46,26.87,27.96,26.07,26.05,101.77,10.18,1.06
T4,26.539,152.34,25.13,27.52,27.69,27.98,100.22,10.74,0.99,155.11,25.31,29.04,26.74,28.5,95.04,9.6,1.0
T1,26.632,161.8,25.36,26.11,23.6,27.14,102.78,10.46,1.16,142.02,27.3,27.46,23.22,24.2,97.5,10.57,1.13
T1,26.638,141.56,28.18,29.14,25.53,24.98,109.08,10.3,1.06,165.74,24.19,29.7,26.1,26.61,108.02,11.04,1.01
T2,26.714,165.96,24.43,24.91,24.97,26.33,107.59,11.32,0.98,141.85,24.45,23.97,24.24,28.26,108.1,11.42,1.0
T10,26.754,157.98,25.01,27.64,26.74,25.69,97.49,10.45,1.14,161.15,25.7,25.1,25.62,23.6,108.31,11.11,1.05
T1,26.87,144.21,25.54,25.39,23.99,25.91,93.62,9.78,1.05,143.19,27.63,28.92,23.35,25.21,97.84,10.57,1.02
T9,26.9,154.12,27.48,25.85,26.61,28.43,104.81,10.44,1.09,160.25,27.7,25.98,25.05,27.21,109.22,9.83,1.02
T6,26.978,157.39,27.78,26.59,28.82,28.17,112.43,11.06,1.12,146.3,27.75,26.21,27.86,27.13,103.47,11.44,1.13
T5,27.013,155.5,25.54,28.77,26.92,24.31,106.57,10.29,1.09,149.66,27.82,28.11,27.08,25.19,102.71,10.37,0.99
T1,27.034,148.44,25.22,25.06,23.1,27.03,105.77,10.69,1.06,147.78,27.3,29.48,25.15,26.31,104.98,9.39,1.07
T8,27.113,145.66,25.35,25.83,26.56,27.67,101.72,10.82,0.97,144.03,25.19,26.08,25.35,27.84,110.05,10.47,1.05
T9,27.147,170.26,26.54,27.64,27.19,25.68,95.56,9.85,1.05,165.43,26.02,26.68,24.03,26.4,111.69,10.72,0.97
T10,27.299,169.79,26.3,28.39,26.28,24.36,108.7,11.08,1.15,166.98,27.52,28.19,24.73,27.43,102.32,10.12,1.12
T5,27.687,144.25,25.04,28.05,25.07,25.35,103.77,11.0,1.11,139.79,27.18,28.1,28.28,26.07,98.08,10.84,1.04
T2,27.741,147.12,24.85,27.15,23.18,27.48,103.47,10.32,1.01,147.18,28.28,26.03,25.42,26.65,115.63,11.29,0.96
T10,27.766,159.15,25.49,27.47,25.13,23.78,102.22,10.23,1.05,149.52,25.54,27.84,23.74,26.46,96.64,10.23,1.12
T3,27.841,164.76,26.38,26.36,27.25,25.23,97.28,9.62,1.1,158.7,24.92,26.62,26.47,24.48,105.64,9.65,1.13
T10,27.867,164.68,26.9,26.15,24.38,26.93,107.39,9.8,1.01,157.86,26.42,27.54,26.61,23.72,106.9,10.94,1.04
T10,27.987,146.72,23.65,27.52,24.3,24.85,102.53,9.89,1.17,148.48,24.63,25.36,25.71,25.05,94.64,10.32,1.12
T9,28.038,169.18,29.03,26.4,25.52,29.41,110.6,9.73,1.07,146.64,26.76,25.96,26.12,29.29,102.73,10.0,0.99
T10,28.117,165.05,26.23,23.88,24.19,24.13,98.81,10.09,1.05,164.72,25.68,27.46,25.7,25.46,103.65,11.4,1.06
T2,28.137,166.41,26.57,25.72,26.41,26.14,109.16,11.18,1.04,146.15,26.6,25.44,24.76,26.06,101.62,11.16,1.06
T6,28.159,159.06,25.84,24.59,25.56,26.21,100.92,10.08,1.02,160.45,28.01,23.54,24.92,26.79,114.47,11.03,1.12
T1,28.224,162.16,26.38,28.03,23.73,26.46,96.04,10.25,1.12,145.01,25.97,27.98,25.75,25.88,100.38,10.02,1.05
T10,28.227,163.28,23.36,25.25,25.75,24.61,103.26,11.07,1.03,156.44,27.22,23.88,26.5,27.36,98.68,11.52,1.12
T9,28.261,145.12,28.34,27.64,24.37,26.7,100.7,11.45,0.97,162.4,25.4,26.84,23.99,27.08,111.95,10.41,1.08
T3,28.297,161.52,25.09,25.04,25.08,27.21,105.28,10.24,1.11,152.65,28.18,26.27,27.72,27.59,103.26,10.01,1.1
T6,28.352,168.13,27.12,25.26,27.43,26.87,111.05,9.94,1.07,171.57,25.7,23.78,27.44,25.46,100.24,9.97,1.07
T1,28.385,158.28,26.24,28.3,24.1,25.09,99.34,9.62,1.11,157.71,27.44,28.68,25.4,24.21,98.16,10.07,1.05
T8,28.541,143.46,27.62,28.58,27.15,25.22,114.68,10.8,1.03,142.41,25.99,28.03,25.04,27.41,106.53,9.5,1.01
T7,28.671,159.83,25.31,27.5,24.13,28.11,109.28,9.88,0.98,167.44,25.09,24.65,27.95,26.9,99.38,10.49,1.08
T9,28.722,151.96,26.2,28.29,25.9,25.35,97.33,10.96,1.08,170.77,26.33,28.43,25.1,25.76,110.79,10.5,1.07
T3,29.148,158.68,26.81,25.36,25.72,25.74,100.46,10.29,1.01,155.75,28.07,26.99,27.58,27.07,111.07,10.52,1.11
T1,29.154,167.21,27.54,28.83,26.61,23.89,95.53,9.65,1.09,152.64,27.82,29.62,26.91,27.16,99.51,9.62,1.04
T4,29.238,159.0,26.04,27.52,25.84,27.51,97.99,10.98,1.07,173.2,25.74,26.14,24.5,29.31,111.02,10.74,0.96
T10,29.333,154.13,23.33,28.0,26.08,26.4,101.4,10.93,1.16,155.33,25.49,23.89,25.23,27.41,98.26,11.39,1.08
T8,29.776,145.98,23.71,28.33,26.22,27.4,113.89,10.86,1.15,143.72,25.33,28.13,24.73,29.4,100.73,9.66,1.14
T10,29.779,169.06,25.7,27.16,23.33,24.74,98.18,11.55,1.09,152.76,24.64,27.54,23.27,26.91,104.92,9.92,1.0
T2,29.795,151.03,27.28,27.13,23.96,28.49,113.38,10.82,1.02,149.15,26.98,27.29,26.17,28.3,112.4,11.26,0.96
T1,29.978,150.47,24.3,26.14,23.2,25.51,99.4,9.59,1.11,151.15,24.62,25.82,26.64,26.13,94.76,9.48,1.03
T6,30.126,161.98,26.15,24.56,25.59,27.96,112.69,11.31,1.0,167.93,25.15,25.27,27.56,24.79,113.57,10.46,1.06
T6,30.409,146.54,27.15,24.9,26.32,24.45,102.62,9.7,1.14,156.71,26.41,26.87,26.28,24.49,109.5,11.06,1.01
T10,30.462,155.71,25.14,25.43,26.53,24.13,101.66,10.32,1.05,158.71,23.75,25.87,25.81,24.18,107.59,10.58,1.09
T7,30.478,157.54,27.45,26.57,24.09,26.14,101.45,9.87,1.09,158.38,28.85,24.08,23.66,26.12,114.67,11.36,1.06
T3,30.589,161.74,25.94,25.03,24.48,24.02,105.72,9.64,1.05,143.74,25.04,28.01,24.96,24.5,103.81,10.82,0.96
T3,31.066,168.56,27.57,25.65,23.85,24.15,105.07,9.82,0.99,168.85,27.28,27.92,23.88,25.81,111.63,10.34,1.07
T2,31.069,164.92,27.46,23.98,26.9,25.77,113.78,10.74,1.02,144.04,24.71,27.16,23.46,24.21,106.07,10.39,1.09
T1,31.287,161.83,27.51,28.25,25.12,25.89,100.66,10.05,1.14,147.57,24.62,28.39,25.42,24.52,99.3,10.05,1.12
T6,31.336,152.68,27.32,24.04,24.97,26.94,107.42,10.28,1.06,160.71,28.88,23.81,28.56,24.39,104.83,11.33,0.99
T8,31.401,148.69,23.67,25.27,27.27,28.04,110.05,9.89,1.11,143.03,25.62,28.51,25.58,29.65,111.37,9.73,1.14
T1,31.546,163.91,27.84,29.35,26.84,25.69,99.42,10.94,1.0,154.13,26.58,27.33,23.4,24.63,104.09,10.2,1.06
T2,31.644,152.86,24.28,26.94,25.37,28.62,108.09,11.02,1.0,166.54,24.1,28.29,24.97,27.5,111.26,10.35,1.09
T5,31.659,140.35,24.97,25.9,27.55,26.95,110.55,9.74,1.04,162.04,27.67,27.29,27.66,25.46,104.98,10.97,1.05
T2,31.692,151.35,28.01,27.61,26.29,26.69,108.13,10.94,1.1,143.91,24.48,24.95,26.54,27.95,115.76,11.06,1.1
T2,31.751,150.63,26.92,27.79,24.12,26.52,101.46,9.72,1.02,151.24,25.61,24.65,23.15,24.34,117.4,10.01,1.05
T7,32.052,150.82,26.88,26.29,26.82,26.35,113.11,9.74,1.06,167.01,27.55,24.95,25.24,24.51,103.12,10.14,0.97
T2,32.125,141.72,27.63,28.24,27.37,28.02,111.63,10.97,1.0,155.41,24.28,26.85,24.68,26.66,113.66,11.2,1.1
T4,32.132,155.04,27.61,25.93,25.15,29.14,102.15,9.74,1.0,171.85,27.57,26.14,26.01,25.76,100.61,10.79,0.92
T5,32.195,159.45,24.86,24.64,24.96,23.86,111.14,10.68,1.05,145.67,28.6,26.53,27.26,25.02,96.04,9.84,0.97
T5,32.23,137.92,24.44,25.19,26.1,25.26,114.03,9.71,1.1,153.63,26.18,28.74,26.28,25.7,97.62,9.96,1.05
T3,32.285,159.95,25.64,29.57,24.0,26.57,98.36,9.34,1.1,155.77,25.22,27.35,27.21,25.51,109.41,9.33,1.02
T8,32.51,166.14,23.3,27.3,26.81,26.78,99.39,10.15,1.04,164.67,25.99,25.82,27.99,29.26,108.62,9.77,1.11
T5,32.795,148.19,25.24,24.39,26.98,24.18,104.7,9.86,0.98,157.01,26.22,26.58,24.01,26.67,103.3,9.91,1.04
T10,32.924,167.52,26.61,24.3,27.39,27.38,96.85,11.13,1.09,156.29,27.29,27.37,26.58,25.37,95.86,11.06,1.09
T6,33.042,157.46,25.14,23.85,25.17,28.15,98.85,10.68,1.06,159.99,25.66,24.53,29.1,26.73,112.33,10.58,1.06
T2,33.051,164.66,24.28,24.14,24.21,26.52,110.99,9.89,1.04,168.14,25.8,25.62,24.52,27.56,106.26,9.87,1.11
T9,33.122,169.28,25.8,28.19,27.02,29.3,99.44,10.63,0.94,146.88,27.66,25.38,23.23,29.46,108.18,10.2,1.0
T3,33.16,167.2,27.09,29.36,26.3,25.33,105.12,10.93,1.07,149.21,28.45,28.33,25.83,25.53,103.26,9.73,0.99
T7,33.335,148.26,27.44,24.18,25.64,26.92,101.86,9.98,0.98,158.0,27.42,27.47,24.18,24.33,105.96,10.63,1.0
T7,33.341,159.3,25.23,23.88,27.87,26.12,108.84,10.53,1.04,163.91,25.33,23.3,26.13,27.71,101.98,9.68,0.96
T1,33.344,157.06,25.4,25.21,26.44,25.63,110.45,10.55,1.03,147.78,28.13,28.46,25.27,26.01,106.12,9.35,1.13
T7,33.386,171.72,27.18,25.76,27.55,27.66,109.15,11.48,1.0,165.55,28.79,24.14,26.33,26.9,111.97,10.95,0.99
T8,33.438,141.09,27.37,28.58,23.99,25.22,108.93,9.43,1.14,156.03,26.38,27.16,25.67,27.96,101.45,10.56,1.14
T7,33.541,165.69,29.07,26.49,26.73,26.16,111.18,10.94,1.0,170.79,29.59,25.45,23.8,26.23,111.94,11.36,0.96
T3,33.549,150.5,27.54,25.18,27.95,24.07,105.32,9.85,1.02,150.79,28.74,25.46,26.71,26.07,110.15,9.72,0.98
T6,33.583,163.45,25.7,24.43,24.76,25.06,102.19,10.84,1.12,169.87,27.1,26.99,27.98,24.16,108.94,11.4,1.03
T7,33.597,161.95,29.65,24.95,24.62,28.22,104.25,10.69,1.12,165.02,28.36,26.44,24.38,24.97,101.98,10.6,0.96
T6,33.647,148.28,28.12,26.24,26.11,25.05,101.59,10.1,1.03,160.3,26.67,24.32,28.52,27.52,102.4,10.21,1.13
T4,33.715,155.83,26.22,26.43,25.43,28.05,100.69,11.22,1.03,171.54,24.41,28.97,27.74,26.36,102.98,11.2,0.98
T2,33.747,153.23,27.27,27.94,25.42,26.45,110.16,10.54,1.08,166.73,25.6,27.25,25.67,27.13,108.92,10.88,1.1
T3,33.781,158.71,24.92,27.07,26.81,25.24,103.92,10.1,0.95,154.98,25.8,29.09,28.03,28.24,96.04,10.02,0.96
T2,33.893,165.9,26.66,26.35,26.41,25.55,107.35,9.91,1.07,164.24,23.96,24.81,27.02,25.2,104.65,9.84,0.98
T5,33.916,151.41,28.13,28.6,24.63,24.18,113.02,9.9,1.02,163.54,28.74,25.44,25.29,24.3,96.17,9.77,1.1
T5,34.038,138.17,27.96,26.55,26.2,27.26,113.43,10.91,0.94,157.98,28.81,26.13,25.0,27.31,98.3,10.41,0.96
T3,34.233,164.85,25.38,25.02,26.27,27.01,111.56,10.8,1.02,156.9,28.15,27.57,24.0,25.81,106.5,9.45,1.03
T3,34.351,152.43,29.33,26.61,26.36,25.68,107.62,9.55,0.95,161.52,25.87,26.81,26.74,27.38,111.39,9.46,1.11
T2,34.421,167.44,24.78,27.69,23.32,25.21,104.06,11.28,1.1,163.03,25.94,26.28,24.27,26.62,117.76,9.99,1.13
T9,34.577,156.91,25.04,24.2,24.66,26.4,109.9,11.48,1.04,161.58,26.06,27.14,25.71,28.87,105.04,10.77,1.08
T3,34.693,169.0,25.14,26.49,24.63,27.01,104.52,10.23,0.99,159.21,27.18,26.68,25.12,24.64,98.01,9.98,1.03
T7,35.013,170.64,27.62,25.28,23.73,28.54,108.0,10.27,1.05,157.29,27.85,23.81,26.65,25.64,109.38,10.84,1.08
T1,35.03,152.82,26.01,25.72,24.35,27.56,105.25,10.06,1.09,164.76,24.41,27.13,27.13,27.04,102.09,10.63,1.16
T2,35.057,153.73,27.98,25.73,25.62,27.91,102.69,10.36,1.12,153.4,27.41,24.28,26.96,26.65,105.78,11.22,1.12
T9,35.081,158.62,27.84,25.17,24.89,25.62,97.14,11.08,0.98,168.88,27.67,24.33,23.56,26.84,100.38,10.68,0.94
T8,35.37,145.7,25.84,27.77,26.7,26.0,107.5,10.75,1.11,157.06,25.02,27.96,25.55,25.89,103.72,10.9,1.09
T4,35.456,170.0,26.38,24.96,25.95,26.98,109.27,9.7,0.98,170.0,27.58,27.16,27.32,25.81,103.01,10.77,0.93
T7,35.871,163.48,26.68,26.35,25.48,28.36,100.88,10.12,1.01,163.91,26.51,23.96,25.99,25.27,102.76,11.01,1.03
T1,35.952,146.43,27.85,28.95,24.67,25.15,101.57,10.31,1.08,154.55,25.52,25.09,23.48,25.69,106.7,10.41,1.09
T6,36.024,147.46,27.66,23.82,26.52,25.15,113.81,11.4,1.14,168.02,24.78,23.81,27.89,28.28,107.22,10.4,1.14
T2,36.119,159.45,28.21,27.06,25.82,26.23,107.98,10.71,1.01,159.45,27.2,28.15,25.15,26.05,105.12,9.74,1.1
T10,36.218,155.55,25.89,27.62,26.08,25.32,111.14,10.3,1.05,161.15,25.37,24.36,25.57,23.48,107.0,10.06,1.06
T7,36.442,157.84,27.49,24.3,26.32,26.16,105.96,10.58,1.1,151.24,29.43,26.82,27.57,24.31,103.62,9.81,1.05
T10,36.548,171.16,26.33,25.71,24.2,26.36,105.64,10.52,1.02,162.33,27.14,26.96,24.36,24.57,106.09,11.32,1.03
T8,36.557,160.49,25.22,27.3,24.44,29.01,112.75,10.97,0.98,159.45,27.21,24.85,25.9,25.98,109.56,10.6,1.07
T8,36.567,156.6,25.51,27.67,27.35,26.87,108.87,9.66,1.14,156.78,23.69,27.17,25.64,26.31,97.56,9.8,1.06
T1,36.72,149.83,24.88,25.06,24.44,24.44,100.84,10.86,1.11,163.85,24.45,25.74,26.24,27.33,100.82,10.18,1.02
T2,36.9,154.29,27.44,28.27,26.05,26.4,115.52,11.08,1.06,161.88,24.89,24.39,23.19,26.97,106.96,10.75,1.12
T2,37.248,154.7,24.09,27.47,23.2,24.95,102.78,10.56,0.99,153.73,28.18,27.5,24.27,27.35,109.64,9.69,1.0
T6,37.348,156.97,25.14,23.99,25.7,26.54,98.66,10.2,1.0,171.02,26.08,25.73,27.54,26.58,99.65,9.96,1.06
T10,37.467,150.61,26.53,23.91,27.48,24.49,103.99,10.74,1.14,168.4,23.75,24.62,24.14,23.5,96.54,10.51,1.01
T7,37.514,156.16,29.0,23.96,27.09,26.59,112.24,9.8,1.01,148.26,27.4,23.99,26.93,25.21,113.9,10.48,0.95
T1,37.543,147.18,27.46,27.36,25.77,23.9,99.78,11.03,1.1,149.37,25.88,25.82,23.42,26.94,102.35,10.84,1.08
T3,37.56,149.22,25.0,25.85,27.44,27.01,111.56,11.05,1.08,144.87,25.7,27.92,27.0,27.56,98.28,9.54,1.05
T1,37.635,164.53,24.95,27.17,24.81,24.29,107.72,10.32,1.14,149.45,26.5,29.62,23.5,25.13,106.61,10.96,1.07
T4,37.759,151.69,25.73,26.67,27.4,28.23,95.44,10.09,0.93,165.7,26.0,26.84,26.88,29.17,104.57,10.89,1.07
T5,37.769,160.54,25.33,25.71,26.76,24.79,102.74,10.72,1.05,140.78,24.56,26.21,24.13,25.84,105.76,9.55,0.99
T3,37.793,148.08,25.23,29.04,24.35,25.74,95.52,10.01,1.01,150.39,24.97,26.38,26.88,26.17,104.45,10.51,0.96
T6,37.827,156.48,25.05,25.23,26.9,28.39,107.6,11.11,0.98,155.7,26.67,23.36,27.39,28.14,113.57,11.09,1.08
T9,37.843,162.47,25.67,26.36,26.69,26.92,102.06,10.74,1.07,158.42,28.99,27.31,26.2,25.42,100.92,10.32,1.02
T10,37.893,153.78,26.25,26.35,26.9,27.2,103.39,10.25,1.12,158.7,25.89,25.56,26.47,27.09,95.39,9.89,1.0
T7,37.92,159.57,28.53,25.24,26.86,28.4,115.47,11.36,0.95,172.0,26.28,25.01,24.97,24.62,108.88,10.83,0.96
T10,38.085,153.84,26.47,25.36,26.17,26.0,102.32,10.51,1.05,149.04,24.68,25.22,24.5,25.22,105.44,11.1,1.08
T4,38.174,153.31,24.52,27.44,26.64,28.43,100.64,10.4,1.09,161.32,25.62,27.14,25.76,29.1,109.98,10.5,1.0
T8,38.183,148.13,23.97,26.94,24.74,25.52,110.63,11.0,1.03,165.31,27.42,27.16,25.11,29.68,108.62,10.96,0.99
T6,38.328,166.59,28.7,25.59,25.47,24.88,115.14,10.01,1.14,159.46,26.62,24.77,28.87,28.14,101.33,9.71,1.06
T4,38.492,163.43,23.94,26.53,24.89,29.39,104.06,10.32,1.01,176.72,24.21,28.74,24.3,28.5,104.94,10.72,1.01
T2,38.501,145.22,28.35,27.82,26.69,26.75,115.9,11.0,1.05,160.03,24.92,27.13,23.2,27.94,102.21,11.36,1.12
T9,38.604,170.02,27.87,26.52,25.65,28.12,112.64,10.69,0.97,167.78,26.27,27.98,24.81,26.75,109.72,10.2,0.95
T2,38.689,167.44,24.2,27.09,24.97,25.3,103.62,9.73,1.06,148.15,27.59,28.24,24.73,27.21,105.49,10.7,1.04
T7,38.732,167.33,28.61,27.55,25.45,27.49,105.84,9.86,1.02,166.61,28.64,26.49,26.06,25.41,107.26,10.87,1.01
T8,38.746,148.93,27.38,26.44,25.2,26.47,103.83,10.55,1.03,147.59,26.14,28.57,24.95,29.64,112.59,9.97,1.1
T3,38.777,167.53,28.17,29.24,25.72,27.52,100.75,9.61,1.06,165.88,28.18,28.28,24.76,28.45,106.92,9.68,1.11
T3,39.047,155.49,28.44,25.29,27.5,27.36,95.29,9.85,0.98,155.18,25.47,29.65,27.76,28.26,103.77,10.01,1.02
T4,39.215,166.87,26.81,27.18,23.9,27.38,103.55,10.38,1.07,176.78,24.59,26.3,27.26,29.57,100.69,10.87,0.99
T1,39.503,161.57,28.27,25.67,24.4,27.64,105.52,9.54,0.99,147.58,24.83,29.37,26.45,24.64,96.95,10.37,1.03
T5,39.523,151.3,25.0,28.07,26.69,23.76,110.1,10.39,1.05,144.12,25.16,25.71,25.4,24.18,102.3,10.91,0.96
T10,39.536,156.29,26.69,25.03,24.66,24.57,101.4,11.4,1.01,165.72,24.15,24.54,23.36,27.11,108.7,10.82,1.01
T1,39.537,162.68,27.19,25.75,23.38,26.17,100.37,9.84,1.15,146.81,24.66,27.7,24.64,26.16,96.96,9.74,1.06
T1,39.59,150.44,28.53,27.95,24.63,25.92,94.76,9.65,1.16,144.84,25.94,25.36,25.23,25.4,100.2,10.71,1.17
T2,39.625,158.17,25.3,28.26,26.36,25.55,115.78,10.07,1.14,154.02,25.42,26.27,25.35,26.36,105.33,10.9,1.13
T3,39.654,161.43,26.05,25.59,24.47,26.25,95.83,10.39,1.07,169.42,25.77,27.61,24.48,25.79,107.91,10.03,1.12
T5,39.854,159.8,26.06,27.16,25.54,23.92,104.37,10.35,1.01,161.24,24.38,26.9,27.16,26.49,106.33,10.15,0.99
T2,39.867,141.77,27.03,26.27,25.29,24.85,116.95,10.84,1.12,151.93,24.5,25.34,24.73,27.47,105.62,10.03,0.96
T3,39.882,143.85,26.92,27.44,28.15,25.65,95.76,11.06,1.03,146.24,29.49,25.44,27.91,28.28,102.07,10.09,0.96
T1,39.932,151.87,27.72,29.48,26.47,26.02,99.24,10.44,1.02,157.06,24.53,25.54,25.04,24.95,101.28,10.38,1.06
T8,40.152,152.98,26.23,26.87,25.83,27.35,101.77,10.24,0.98,159.14,26.68,24.78,26.59,26.13,115.93,9.8,1.03
T5,40.178,146.16,24.54,28.75,28.03,26.52,112.09,10.46,1.04,138.8,28.57,28.77,28.1,23.75,102.05,10.15,0.99
T2,40.351,158.37,24.6,25.92,23.11,24.27,114.36,9.91,1.01,155.19,26.66,24.7,23.27,28.0,108.68,10.5,1.07
T3,40.377,165.22,25.61,26.78,24.05,25.34,109.68,9.54,1.0,159.95,26.97,27.55,25.39,26.36,109.6,10.27,1.09
T7,40.389,170.97,25.71,23.81,27.6,25.68,115.3,10.42,1.05,159.39,28.35,26.74,26.29,28.46,117.06,11.36,1.11
T6,40.437,158.23,28.81,25.95,28.54,27.21,113.63,10.48,1.11,168.13,29.08,23.55,29.1,28.31,114.61,11.21,1.07
T6,40.555,171.12,25.57,27.26,28.69,27.74,103.07,11.51,1.02,153.82,27.89,25.72,26.2,26.41,109.58,10.68,1.0
T1,40.574,158.99,25.92,25.09,24.69,25.77,94.62,10.71,1.06,154.74,27.2,25.11,25.07,26.57,104.46,11.07,1.04
T4,40.674,162.14,27.3,27.62,24.09,28.52,108.46,9.63,0.93,178.85,27.2,28.03,24.39,25.44,95.95,10.33,0.96
T8,40.742,165.95,27.32,25.29,27.87,28.24,113.12,10.35,1.11,150.9,25.64,29.06,27.46,25.24,97.98,9.82,1.14
T10,40.744,168.47,25.63,26.32,27.36,24.65,95.46,10.83,1.17,152.16,27.44,27.15,27.12,24.07,100.59,9.79,1.05
T8,40.758,146.79,26.95,26.2,24.08,26.84,114.65,10.04,1.0,156.75,26.6,25.64,24.98,25.75,112.92,10.77,1.0
T3,40.938,146.38,29.08,28.63,26.51,26.08,103.98,10.78,1.06,154.35,25.53,26.03,24.12,24.56,109.96,10.21,1.09
T6,41.125,162.31,25.19,23.42,25.43,25.12,100.38,10.11,0.98,162.88,25.88,27.0,28.33,27.24,112.38,9.8,1.03
T10,41.177,164.6,24.1,25.88,25.7,23.91,111.45,10.23,1.04,169.13,24.71,27.06,23.25,25.43,103.57,11.15,1.11
T10,41.628,147.96,25.09,25.89,25.25,27.39,107.29,10.71,1.0,155.31,26.59,24.2,27.02,25.5,111.51,10.36,1.03
T10,41.682,157.65,25.87,27.0,26.55,24.26,103.22,10.8,1.09,146.51,26.21,26.16,26.76,25.0,106.57,10.82,1.1
T6,41.966,169.54,27.1,27.18,26.34,27.6,108.96,11.21,1.12,162.74,25.72,25.74,25.17,27.42,108.95,9.96,1.08
T6,41.985,171.57,25.99,23.6,26.93,28.63,101.68,10.48,1.16,166.59,29.15,26.95,26.91,27.46,109.8,10.29,1.02
T5,42.051,151.41,25.27,25.89,25.38,26.84,101.46,9.46,0.97,144.64,28.1,26.78,25.26,27.32,104.06,10.48,0.98
T2,42.132,144.54,24.58,24.06,23.99,25.14,116.63,10.87,0.99,147.75,26.2,26.25,25.42,25.53,111.86,10.69,1.07
T5,42.185,163.58,25.07,25.53,27.91,24.78,104.53,9.49,1.11,159.87,26.89,27.58,26.02,27.59,105.13,10.96,0.99
T9,42.197,161.53,26.88,26.86,25.1,29.19,110.58,11.11,1.07,167.02,27.84,24.42,23.2,27.86,100.92,11.17,1.08
T8,42.358,149.46,25.89,25.85,27.07,29.21,114.53,10.25,1.06,151.0,24.81,28.71,24.25,27.36,102.91,10.55,1.12
T6,42.44,164.57,29.28,25.32,28.45,25.0,104.13,10.02,1.12,156.21,25.83,25.28,27.07,26.23,99.89,10.41,1.0
T9,42.451,154.57,26.55,25.14,26.84,25.26,111.55,11.19,1.08,166.51,28.64,27.58,25.31,26.52,105.96,10.07,1.09
T2,42.601,142.85,26.48,25.66,26.4,24.68,101.57,10.75,0.99,157.84,27.89,25.08,26.78,24.74,108.26,10.34,1.12
T3,42.774,166.52,27.24,28.63,24.51,26.05,112.96,10.59,0.99,153.96,27.5,26.11,27.02,24.08,111.92,10.25,1.04
T9,42.807,163.01,26.4,27.98,23.12,27.17,95.91,11.19,0.96,161.26,26.34,25.9,26.03,28.84,98.0,10.64,1.05
T4,42.857,176.74,27.96,28.91,27.71,27.17,111.52,10.77,0.97,154.58,26.62,29.43,26.9,27.15,105.2,9.85,1.04
T10,42.953,156.23,26.27,25.22,27.44,26.24,110.21,9.85,1.03,152.53,27.64,24.62,25.82,27.13,108.99,10.94,1.17
T10,43.013,172.35,25.41,27.5,24.52,26.78,104.7,10.95,0.99,151.88,25.82,28.06,27.1,24.82,97.9,10.23,1.1
T4,43.021,167.49,27.39,26.3,28.16,28.4,103.88,10.87,1.05,159.01,27.52,25.66,26.68,25.02,110.44,10.21,1.06
T6,43.074,160.67,26.74,26.47,25.96,27.18,106.5,10.69,1.05,146.34,27.81,25.18,26.88,24.15,99.97,10.12,1.05
T1,43.253,157.22,25.27,27.17,23.59,27.43,99.04,9.8,1.05,156.58,27.49,28.66,23.18,27.25,108.61,10.5,1.08
T3,43.276,146.01,25.28,28.46,26.4,24.7,111.62,10.08,0.96,158.18,26.9,26.54,24.65,24.94,104.32,9.82,1.02
T6,43.355,162.64,28.81,24.87,27.18,27.72,107.77,11.05,1.0,145.79,26.81,23.68,27.46,24.26,106.25,9.92,1.1
T3,43.747,151.8,25.97,25.59,26.95,27.32,100.0,11.03,1.01,168.79,29.17,29.14,27.87,28.24,108.35,10.07,0.96
T7,43.777,167.57,25.94,23.23,25.44,26.86,109.18,10.01,0.95,173.67,27.94,23.38,26.82,27.67,113.39,9.73,0.99
T3,43.916,147.52,26.53,25.58,24.1,25.71,96.38,10.7,1.01,146.24,25.61,29.4,24.09,26.19,105.12,11.04,1.08
T9,44.036,169.29,28.16,27.24,26.34,28.5,111.66,9.89,1.01,171.57,29.13,27.44,27.33,29.16,107.19,10.36,1.01
T8,44.052,143.91,24.3,27.87,27.74,26.16,103.19,9.85,1.1,161.26,24.22,28.02,25.33,29.74,104.07,9.49,1.08
T6,44.153,157.17,26.22,26.22,25.88,28.15,103.85,9.94,1.15,157.14,25.04,25.59,29.2,24.59,107.55,10.23,0.99
T2,44.323,146.19,26.78,26.09,24.41,25.2,110.18,11.41,1.03,160.35,25.88,27.54,27.15,24.92,118.27,10.49,0.97
T8,44.345,154.14,27.07,25.53,27.82,26.63,107.86,10.69,1.03,144.8,26.95,27.92,25.84,26.76,106.4,10.35,1.13
T1,44.524,164.32,25.25,28.08,25.53,27.04,97.26,10.86,1.12,162.16,26.08,29.59,26.44,26.62,95.63,10.14,1.14
T10,44.585,148.6,24.97,26.95,25.79,26.24,98.3,11.38,1.15,145.7,24.87,24.39,23.79,25.16,101.74,11.26,1.05
T1,44.649,147.16,28.47,29.07,26.24,26.94,93.65,10.72,1.03,147.88,26.28,25.77,23.49,24.28,108.43,10.63,1.14
T2,44.697,163.23,27.16,27.86,24.2,25.22,110.44,11.28,1.05,144.43,28.35,24.03,24.65,24.32,118.25,10.35,1.12
T7,44.712,170.04,29.05,23.51,27.78,27.07,116.65,10.32,1.01,171.97,26.93,26.71,25.54,27.4,102.49,10.01,1.01
T6,44.726,165.16,27.7,25.98,28.04,24.12,116.04,10.82,1.04,172.17,24.84,25.59,28.99,24.84,100.78,10.75,1.14
T10,44.753,146.7,25.76,26.58,23.44,23.88,109.24,10.45,1.08,158.92,23.9,24.23,26.64,25.05,100.91,11.47,1.0
T7,44.769,170.94,26.67,24.57,24.8,27.04,112.39,11.2,1.09,171.14,29.3,27.47,24.45,28.14,101.64,11.22,0.95
T9,44.771,169.15,25.57,28.57,26.2,26.48,104.97,10.12,1.12,167.19,28.66,27.75,26.31,27.57,111.25,10.04,1.02
T3,44.868,167.33,27.9,28.24,24.16,26.31,104.84,9.4,0.99,163.77,25.4,25.21,26.92,25.57,107.35,10.41,0.96
T3,45.189,161.81,28.69,27.84,24.92,28.24,105.72,10.73,1.09,159.95,27.46,28.41,26.85,27.66,107.94,10.34,1.11
T9,45.2,171.33,26.17,25.73,24.0,25.24,104.86,11.48,1.06,170.0,25.07,28.14,24.22,25.62,95.51,10.63,1.05
T5,45.262,150.71,25.77,26.22,28.25,23.73,100.42,10.41,0.96,152.85,26.85,25.46,26.32,25.35,100.03,10.01,1.05
T5,45.66,159.34,25.86,25.33,27.97,25.16,110.89,10.91,1.0,162.98,25.07,28.24,27.43,23.75,108.18,9.65,1.0
T1,45.725,141.97,26.43,26.86,26.35,24.54,110.76,10.54,1.05,150.09,28.56,26.61,26.82,27.77,109.23,10.45,1.11
T7,45.857,172.7,28.66,23.62,25.02,26.57,103.71,11.17,1.01,174.6,25.44,23.3,25.5,25.63,116.12,11.11,1.02
T8,46.385,161.24,24.31,26.06,24.2,26.24,110.9,11.11,1.06,153.27,23.46,24.48,25.01,26.8,115.72,11.06,1.13
T5,46.425,152.52,28.75,24.82,25.11,24.57,102.62,10.88,1.07,147.66,26.88,25.41,28.14,25.04,111.59,10.56,0.97
T8,46.429,142.33,23.44,27.86,25.16,28.73,111.35,9.71,1.05,155.1,27.08,28.06,27.16,27.72,115.89,9.84,1.08
T4,46.479,173.38,27.84,25.33,27.16,25.11,105.98,11.18,0.98,163.94,24.11,25.5,25.17,25.49,98.15,10.76,1.08
T1,46.803,142.07,28.09,26.19,24.8,26.42,93.63,10.29,1.17,151.06,24.78,27.88,26.81,26.76,94.43,10.96,1.07
T1,46.828,148.41,25.29,28.56,25.55,23.62,106.51,10.7,1.04,164.76,27.92,25.18,24.45,27.51,100.56,10.1,1.02
T5,47.024,145.72,24.56,26.88,24.83,25.25,112.98,9.58,1.0,145.83,28.41,28.16,26.75,23.82,113.8,9.73,1.02
T9,47.095,166.58,26.19,24.83,24.46,29.17,105.58,10.95,1.08,166.35,25.75,27.31,25.67,28.12,107.98,10.78,1.06
T1,47.259,147.73,27.12,29.58,24.67,26.92,102.72,10.68,1.14,167.29,24.86,29.47,26.77,26.79,107.53,10.08,1.07
T6,47.41,149.77,28.87,25.41,27.44,25.35,111.8,11.28,1.02,163.99,26.59,26.3,25.96,26.15,101.52,10.97,1.13
T10,47.431,166.66,27.0,24.13,24.58,24.78,101.4,10.97,1.03,149.21,27.07,25.25,23.7,26.94,95.59,10.13,1.05
T4,47.51,153.8,23.87,29.31,23.9,27.05,100.65,11.19,1.07,174.94,23.71,25.12,27.14,27.46,98.85,11.22,1.09
T4,47.564,174.18,24.64,27.52,25.22,26.05,104.13,11.08,1.03,153.8,24.02,29.4,25.38,25.9,110.91,9.91,1.0
T9,47.573,152.65,25.66,24.82,27.1,25.12,112.66,10.27,1.03,158.84,29.03,24.35,25.73,25.7,105.93,9.66,1.11
T3,47.59,154.31,28.66,26.65,27.02,24.79,105.48,10.06,1.06,166.52,25.06,27.07,24.31,25.79,97.04,9.54,0.96
T7,47.73,153.27,25.42,23.62,27.28,27.98,115.85,11.45,0.98,164.18,25.73,25.34,27.51,25.05,116.32,10.25,0.96
T6,47.76,145.53,26.19,24.05,27.01,27.24,115.66,10.3,1.05,161.64,25.53,27.12,27.35,25.69,106.95,11.5,1.1
T2,47.811,149.85,27.16,24.4,27.02,27.12,107.88,9.67,1.13,162.16,24.72,25.88,26.75,26.38,113.81,10.03,1.08
T9,47.879,163.01,25.22,28.66,26.92,28.83,102.28,9.95,1.07,163.04,27.69,25.8,25.46,27.77,109.06,11.2,0.99
T3,47.938,161.18,24.88,27.33,25.27,27.68,101.59,9.32,1.0,147.65,26.96,28.32,26.55,27.97,110.61,9.35,0.96
T8,47.992,140.58,25.91,25.74,24.25,25.64,108.83,11.02,1.08,158.72,23.55,28.54,24.36,29.2,104.08,9.46,1.0
T9,48.252,149.7,28.1,26.68,26.19,26.46,96.1,9.77,0.95,145.99,27.86,27.54,23.27,27.74,111.85,10.12,1.0
T6,48.307,148.28,26.13,26.72,26.01,27.14,110.6,10.85,1.05,145.61,25.03,24.61,28.61,24.26,110.94,10.72,1.0
T3,48.383,161.74,29.08,25.6,28.2,24.81,104.35,9.57,0.99,152.38,26.64,29.24,26.04,28.33,101.52,10.56,1.12
T9,48.445,167.32,28.16,24.62,25.48,26.55,104.2,10.19,0.96,149.6,25.34,24.66,25.21,25.87,104.93,10.87,1.06
T3,48.455,165.9,27.92,27.69,25.65,25.85,105.5,10.45,0.98,148.14,26.27,25.4,24.31,28.38,108.61,10.36,0.97
T6,48.594,160.1,27.68,26.35,27.45,27.15,98.16,10.46,1.15,153.01,29.01,23.34,25.72,26.56,108.36,10.95,1.08
T10,48.688,162.97,24.54,25.76,25.11,23.72,110.62,11.29,1.01,158.09,26.16,25.79,26.86,27.1,101.03,10.24,1.1
T1,48.937,148.76,27.19,26.2,26.38,25.44,100.02,10.29,1.06,158.33,27.92,25.65,24.86,23.66,105.13,10.68,1.14
T3,49.035,169.99,25.71,29.44,23.95,27.98,100.35,9.76,0.98,168.14,27.87,27.16,25.97,26.4,102.08,10.07,1.08
T2,49.056,161.17,25.21,27.47,27.15,26.45,109.64,10.78,1.14,144.86,24.05,24.71,27.23,24.95,107.92,10.62,1.09
T6,49.178,157.46,26.23,25.27,27.86,25.38,103.36,11.37,1.12,166.02,26.67,25.4,25.81,26.66,103.63,10.35,1.08
T7,49.202,153.56,25.85,26.04,25.83,27.4,100.17,11.0,0.95,154.04,26.24,27.02,27.95,28.16,102.46,10.01,1.03
T2,49.221,155.95,26.57,25.0,23.7,28.58,111.15,9.7,1.1,144.89,24.07,24.73,26.14,28.61,115.92,10.6,0.99
T9,49.264,157.0,27.63,27.16,25.38,29.1,101.79,10.43,1.01,170.42,27.31,24.74,25.45,26.22,95.76,11.31,1.11
T8,49.289,160.74,23.62,26.6,26.49,27.87,109.99,11.01,1.06,161.95,27.27,28.34,26.34,28.98,110.19,10.83,1.09
T3,49.45,160.38,27.05,28.78,25.19,25.72,104.97,10.98,1.0,168.22,26.61,27.54,25.45,28.15,111.88,9.33,1.06
T2,49.724,150.98,24.36,23.96,26.91,26.05,109.4,11.0,1.04,163.14,25.04,24.13,24.78,27.12,105.79,11.27,0.99
T1,49.834,167.25,27.61,26.78,23.5,26.51,106.84,10.7,1.09,152.18,28.54,25.76,23.41,26.01,110.05,10.47,0.99
T6,50.053,151.06,28.6,24.5,29.03,25.96,107.74,10.8,1.16,151.44,28.66,24.5,26.71,28.17,110.83,11.37,1.09
T5,50.2,147.83,25.46,28.52,26.14,25.41,98.94,10.91,0.96,153.69,28.61,27.61,25.11,23.75,97.2,10.93,1.02
T7,50.377,162.84,27.99,25.23,28.02,27.73,105.2,11.16,0.94,165.53,27.23,23.85,27.36,26.42,117.03,9.89,1.0
T9,50.45,151.08,25.11,27.04,25.82,26.43,107.65,10.33,0.97,147.17,26.6,26.73,25.69,28.48,99.59,10.4,1.04
T9,50.601,157.0,25.14,28.36,25.6,26.75,100.37,11.29,0.97,155.79,27.91,27.92,24.0,25.76,103.32,10.8,1.04
T8,50.72,166.13,24.67,26.65,25.37,28.64,105.84,10.04,1.08,145.5,27.05,26.06,23.86,26.79,105.08,9.67,1.13
T5,50.758,143.86,27.03,25.25,26.35,25.91,106.23,9.71,0.96,151.42,26.94,25.02,25.29,24.09,99.25,10.62,0.94
T5,50.781,161.73,28.71,26.28,24.86,27.75,103.36,9.72,1.08,160.42,26.9,24.39,26.68,28.14,98.29,10.28,0.94
T3,50.863,148.22,25.17,25.44,23.95,24.13,104.49,10.43,1.03,154.29,26.27,28.35,26.99,27.59,100.58,9.87,1.09
T3,51.177,152.19,25.38,26.15,25.28,23.96,95.32,9.85,0.99,157.94,25.63,27.34,24.1,27.72,95.69,9.34,1.06
T8,51.279,159.11,26.27,28.96,27.73,26.38,105.85,10.44,1.15,149.22,27.54,25.61,27.36,28.79,113.26,9.63,1.12
T4,51.314,154.49,27.0,27.45,26.63,27.67,98.93,10.11,0.97,172.46,25.29,27.66,26.54,26.37,111.64,10.1,1.0
T6,51.481,158.89,27.75,23.17,28.29,26.0,108.04,10.92,1.04,168.14,26.53,24.33,29.04,28.22,106.09,11.28,1.07
T2,51.624,158.12,24.66,24.98,25.55,28.06,111.04,10.15,1.11,165.53,28.4,24.0,23.25,28.41,118.88,9.88,0.98
T7,51.701,153.2,29.21,26.66,24.8,28.14,115.16,10.3,0.99,173.43,25.9,26.26,24.66,27.22,116.71,11.1,1.03
T9,51.805,152.28,25.24,24.24,23.16,27.23,112.51,10.17,1.12,149.71,28.1,25.86,24.69,28.17,102.23,10.98,1.01
T1,51.985,167.25,28.36,27.75,25.13,26.65,94.96,10.69,1.02,143.4,26.57,26.48,24.47,23.72,110.82,9.43,1.15
T7,52.217,162.91,26.64,25.72,27.68,28.21,114.45,11.06,0.97,153.64,28.72,26.21,24.88,26.49,108.0,11.41,1.0
T8,52.22,149.84,26.84,26.69,24.97,26.33,103.83,11.05,0.99,144.12,26.94,27.46,26.88,29.28,110.94,10.49,1.07
T1,52.269,149.12,28.16,29.23,25.3,27.85,104.79,10.4,1.06,156.47,27.83,26.79,23.1,23.97,107.17,10.87,1.16
T9,52.483,166.48,25.66,26.1,26.16,28.91,99.97,10.59,0.95,172.04,28.21,27.02,26.89,28.71,101.32,9.85,0.98
T7,52.569,151.22,25.17,25.86,23.61,25.84,116.45,10.19,1.11,167.91,28.19,25.63,27.78,24.7,111.6,10.69,0.99
T5,52.723,149.4,25.27,26.1,24.99,27.26,96.66,10.24,0.98,152.26,28.09,25.75,25.29,25.65,112.18,10.02,1.05
T9,52.763,149.6,27.86,24.67,26.58,25.36,111.19,9.68,0.98,167.1,26.63,28.59,25.55,26.89,99.68,9.74,1.01
T6,52.803,155.45,27.06,25.2,25.81,24.34,114.85,9.71,1.12,156.79,25.18,24.57,28.29,27.64,100.02,11.51,1.02
T2,52.9,163.89,28.16,26.08,24.43,25.62,119.15,9.86,1.01,156.62,26.82,25.39,27.03,28.52,102.02,11.1,1.04
T2,52.985,147.87,25.84,28.19,24.37,27.65,115.46,9.62,1.14,158.81,25.14,27.54,27.37,24.94,107.95,10.3,1.06
T3,53.013,160.35,25.08,27.34,27.75,25.48,104.16,9.5,0.96,165.34,27.06,25.92,26.09,25.0,97.66,10.24,0.99
T9,53.29,163.88,25.32,26.04,27.1,29.13,110.51,10.12,1.05,145.56,29.26,24.72,24.31,27.86,108.52,10.47,0.98
T9,53.523,151.2,29.45,28.69,24.67,26.85,108.98,9.76,1.1,155.41,27.08,24.3,23.54,29.32,110.9,10.09,1.12
T1,53.567,144.28,27.58,27.42,26.7,24.27,110.36,10.03,1.14,141.24,26.07,27.57,23.02,26.37,94.23,10.2,1.17
T7,53.587,161.12,28.16,24.07,25.9,25.25,105.77,9.86,1.04,174.46,24.95,25.7,24.86,27.12,111.37,10.66,1.0
T7,53.591,170.75,25.82,24.54,24.9,28.07,104.44,10.61,0.94,165.05,25.72,24.0,26.54,27.44,103.62,11.06,1.11
T1,53.637,147.36,28.48,27.38,25.67,25.22,100.74,10.4,1.13,155.73,25.46,26.0,25.04,25.64,106.78,10.3,1.06
T3,53.999,143.77,27.86,28.08,26.07,28.01,103.63,9.54,1.01,153.49,28.18,29.66,27.5,26.39,99.62,10.29,1.1
T2,54.042,159.81,27.86,23.97,26.33,28.3,118.35,10.73,1.05,152.92,26.19,27.9,24.2,27.54,112.3,11.34,1.05
T6,54.084,165.29,26.24,26.21,24.92,26.44,111.16,9.74,1.05,145.19,24.66,23.36,27.11,24.36,103.47,10.61,1.14
T3,54.199,156.71,27.89,25.18,26.46,25.14,104.9,11.03,1.1,163.77,25.94,27.8,27.01,24.81,108.23,9.76,1.07
T5,54.221,157.51,28.65,27.03,28.04,24.44,112.18,10.29,1.02,163.54,25.46,27.54,24.55,25.25,96.63,10.41,1.1
T10,54.38,161.0,25.44,27.92,26.84,24.55,101.83,10.75,1.14,149.91,25.4,26.35,27.18,27.36,110.01,9.97,1.05
T5,54.454,146.42,26.11,26.1,28.28,26.42,102.8,10.1,0.94,138.39,25.99,26.27,27.29,24.11,103.65,9.48,1.06
T2,54.455,164.09,27.32,26.36,27.44,24.28,115.14,11.33,1.09,143.57,27.26,28.27,26.65,28.15,114.74,11.25,1.12
T7,54.483,173.67,25.28,23.88,27.09,25.83,98.96,9.81,1.0,160.24,27.83,24.09,25.94,25.76,117.03,9.74,1.05
T10,54.852,170.35,23.73,25.77,24.91,25.48,100.08,11.16,1.05,145.93,26.82,28.14,25.44,25.44,96.24,10.58,0.99
T8,55.154,144.29,26.46,26.26,25.08,26.65,98.41,10.1,1.02,166.1,27.16,28.65,27.53,25.28,113.96,10.47,1.05
T9,55.387,171.57,26.13,26.78,24.62,29.44,101.46,10.27,1.12,147.66,28.85,26.73,26.29,27.27,104.07,11.43,1.09
T2,55.396,145.97,25.29,24.78,27.22,24.78,105.98,10.39,0.99,144.36,25.14,24.33,23.23,26.09,110.4,9.8,1.04
T6,55.425,156.21,25.76,23.81,25.14,28.44,113.39,10.8,1.04,145.61,27.42,23.16,26.32,28.16,111.34,10.14,1.06
T3,55.737,158.05,28.45,26.93,24.02,25.17,99.34,11.03,1.05,170.15,26.79,27.2,27.05,28.31,108.26,10.61,1.04
T3,55.755,160.35,26.12,29.19,25.97,24.48,103.45,9.49,1.03,158.15,28.88,28.45,27.18,25.99,100.53,9.89,1.12
T7,55.823,164.58,25.23,27.28,26.39,26.07,113.38,10.26,0.97,155.36,26.94,26.54,26.07,25.21,102.02,11.29,1.07
T2,55.847,151.2,26.69,27.04,24.98,25.16,116.42,11.36,1.07,166.6,24.64,26.26,24.46,27.4,103.31,10.46,1.02
T2,55.854,157.13,24.85,28.32,24.13,27.26,115.11,10.82,1.01,143.94,24.02,26.56,23.79,27.74,113.92,9.71,1.11
T4,55.928,163.23,23.72,25.31,26.72,26.97,103.58,10.07,1.04,168.34,28.04,27.64,26.34,25.92,103.4,11.08,0.92
T10,56.096,150.01,24.75,27.84,25.23,27.8,101.26,11.13,1.16,155.32,23.9,26.06,24.77,25.64,97.01,10.63,1.08
T6,56.142,166.44,29.21,25.93,28.58,27.44,101.37,11.48,1.07,166.54,24.84,25.94,25.29,27.92,115.43,11.4,1.06
T9,56.244,163.06,26.97,27.99,26.42,25.08,101.01,11.08,0.97,156.71,27.83,25.51,26.02,29.76,100.22,11.48,1.04
T7,56.394,171.54,25.62,25.6,27.88,26.05,110.94,10.3,1.04,166.8,28.15,26.21,25.02,25.01,101.87,10.9,0.95
T6,56.443,157.44,25.93,26.5,25.72,26.79,103.94,10.22,1.06,171.5,26.38,27.1,28.47,28.44,110.79,10.06,1.1
T7,56.459,170.64,25.93,27.3,24.58,26.29,108.4,10.51,0.97,162.91,27.55,25.86,27.95,26.53,101.89,10.42,1.07
T2,56.473,167.45,26.2,25.8,26.68,25.49,118.0,10.46,0.97,161.26,28.08,25.69,25.85,25.98,115.88,11.09,1.06
T2,56.485,158.18,26.88,27.52,27.45,27.13,111.46,10.29,1.03,165.02,25.72,26.05,25.72,27.5,109.76,10.09,1.04
T9,56.901,165.62,29.26,27.28,23.94,27.39,102.13,10.88,1.02,169.42,25.77,25.11,24.49,27.86,102.26,11.48,1.08
T5,56.903,160.11,26.88,25.61,28.31,26.63,98.3,10.3,0.98,141.5,25.75,26.7,26.68,25.54,101.58,10.04,0.94
T7,56.929,173.77,25.61,25.31,27.37,28.67,101.87,10.4,1.01,162.7,26.53,26.36,27.67,26.42,107.17,10.52,0.95
T9,56.941,166.2,26.83,26.97,26.82,26.06,108.42,11.3,0.95,168.54,29.22,24.67,23.92,28.08,99.13,9.83,0.96
T10,56.968,147.24,25.35,25.36,23.9,26.11,111.83,11.48,1.08,167.88,24.23,26.75,27.44,24.1,97.27,11.31,1.07
T10,56.994,169.28,25.75,27.55,24.2,25.24,106.45,10.63,1.11,165.16,27.16,26.4,26.99,25.53,95.28,11.54,1.15
T3,57.036,160.79,26.63,29.39,24.13,27.4,111.44,9.93,1.01,166.1,27.78,27.92,24.54,28.05,101.0,9.51,0.98
T8,57.087,153.32,23.52,26.39,26.48,28.89,110.66,9.54,1.11,150.82,23.71,25.48,26.04,25.74,114.7,10.66,1.12
T5,57.093,163.58,26.94,25.46,24.3,26.29,106.13,10.1,0.95,140.65,28.38,25.77,24.12,25.58,98.76,10.43,1.02
T8,57.152,161.17,27.1,25.14,26.06,25.55,109.59,9.53,1.09,163.11,26.92,28.7,26.49,27.99,105.65,10.82,1.06
T8,57.175,142.04,24.23,28.36,26.4,25.08,109.97,10.41,1.12,155.39,25.81,26.18,27.7,26.09,107.14,10.98,1.14
T3,57.328,154.98,25.17,26.56,25.96,27.88,97.97,9.61,0.99,156.43,27.48,26.49,28.02,27.76,102.23,9.52,0.98
T3,57.44,167.88,25.36,25.18,26.12,25.72,96.4,9.91,1.06,151.6,28.26,27.23,26.11,27.76,112.86,10.48,1.11
T10,57.783,162.16,23.73,25.12,23.8,25.64,104.95,9.98,1.09,169.57,23.3,24.66,25.08,27.16,105.98,11.6,1.1
T5,57.819,154.72,25.24,27.99,24.25,26.58,108.49,10.33,0.97,157.95,25.34,26.01,23.9,23.81,104.75,11.08,1.01
T3,57.876,163.25,26.41,28.83,27.72,26.55,102.24,10.94,1.05,164.6,25.95,28.91,25.15,27.31,108.15,9.96,1.03
T6,57.916,150.18,26.04,24.1,25.25,27.64,104.55,10.72,0.99,145.95,28.12,25.18,25.65,27.22,110.27,10.5,1.06
T5,58.059,138.14,24.75,25.31,27.02,24.1,111.76,9.39,0.96,146.5,27.02,25.16,25.54,25.02,111.11,10.01,1.08
T9,58.131,151.34,27.67,25.11,23.4,26.36,99.98,10.69,1.05,150.25,29.42,26.73,25.49,28.46,97.91,10.85,1.1
T9,58.332,167.96,29.2,27.82,26.68,27.0,102.49,10.72,1.04,157.06,26.68,24.62,25.89,29.71,99.57,11.4,1.04
T1,58.382,144.27,25.91,27.09,23.48,24.98,105.77,10.45,1.09,160.74,26.16,29.2,25.47,25.08,106.04,10.09,1.08
T2,58.407,153.14,24.75,24.82,27.31,24.54,115.86,10.93,1.03,146.86,24.75,26.66,23.94,24.21,114.61,10.55,0.98
T6,58.622,152.3,25.59,25.26,25.16,27.57,103.83,10.52,0.98,149.2,25.63,25.59,25.86,28.61,113.17,11.02,1.14
T4,58.827,152.78,24.66,26.8,26.2,27.44,95.48,11.29,1.01,157.03,28.07,25.58,26.48,24.88,95.43,11.26,1.06
T8,58.933,150.27,25.57,26.97,25.08,26.24,106.71,10.76,1.01,161.84,26.07,26.86,27.85,27.11,110.96,10.95,1.14
T6,59.077,161.99,28.7,23.65,27.03,24.56,113.12,11.12,1.03,159.99,25.14,25.75,26.61,25.33,110.24,11.03,1.06
T6,59.29,145.82,26.5,26.65,25.7,24.42,114.35,11.18,1.1,167.02,26.33,24.84,25.35,26.46,104.3,10.08,1.09
T8,59.292,141.4,25.55,27.44,26.19,26.79,108.68,11.04,0.97,145.16,27.17,27.2,26.8,28.77,109.37,9.9,1.12
T7,59.343,160.83,26.04,25.55,25.64,27.29,99.22,10.27,0.97,169.84,25.31,23.5,27.78,26.83,99.87,11.11,0.96
T3,59.347,145.04,27.58,25.08,26.76,25.39,102.33,10.66,1.09,166.5,27.84,27.87,26.66,24.56,108.63,9.92,1.09
T1,59.361,152.32,26.42,29.16,24.6,25.96,105.82,10.22,1.06,158.61,28.73,29.48,25.9,25.6,100.74,10.82,1.02
T6,59.47,158.45,26.26,24.15,28.22,27.23,111.0,10.89,0.99,169.3,25.84,23.16,27.12,27.35,105.17,11.2,0.99
T3,59.491,148.89,29.48,29.64,26.3,26.76,102.64,10.41,1.05,150.56,28.07,28.14,27.9,27.98,98.19,10.29,1.12
T9,59.564,170.92,25.43,27.76,25.54,27.42,102.31,11.0,1.04,168.49,25.93,26.37,25.99,27.05,101.85,11.4,1.12
T8,59.578,148.04,26.6,25.86,27.94,27.87,97.54,10.32,1.06,142.77,24.48,24.56,26.89,29.64,102.66,10.75,1.04
T6,59.586,166.83,26.4,27.1,25.43,27.33,97.98,11.18,0.99,168.84,25.68,23.63,27.33,24.94,103.82,9.72,1.0
T2,59.857,152.39,26.49,28.15,27.4,24.44,115.84,11.34,1.12,166.62,27.96,24.28,26.05,24.17,101.87,11.42,1.01
T9,59.887,165.67,25.97,26.77,27.07,28.39,112.54,10.15,0.95,167.76,29.06,25.85,26.04,28.35,102.26,9.87,1.07
T2,59.903,157.41,25.67,24.5,26.91,27.07,102.21,11.24,1.1,150.43,25.27,24.89,25.28,28.64,101.72,11.18,1.01
T2,59.948,161.26,26.05,27.02,23.23,24.44,108.68,11.0,1.1,162.25,26.95,27.62,25.39,25.16,103.11,9.8,1.12
T3,59.985,169.56,28.67,26.76,25.03,26.82,107.42,9.9,1.03,153.24,25.41,27.76,26.16,26.96,110.61,10.26,1.08
T4,60.002,152.3,25.71,26.88,24.02,28.52,94.89,10.86,1.06,176.04,26.29,27.19,24.89,27.05,112.05,10.62,0.99
T5,60.037,141.37,27.02,28.46,25.92,23.94,105.63,9.49,1.03,139.19,24.97,24.65,25.76,26.21,104.03,9.5,0.99
T4,60.048,157.41,27.97,25.51,25.35,26.98,100.82,10.23,1.0,152.34,25.96,26.19,26.63,28.28,95.3,10.57,0.98
T5,60.056,160.46,24.79,27.72,27.15,24.71,106.85,10.62,0.93,143.19,27.09,26.22,24.11,24.78,113.51,10.65,1.04
T8,60.237,158.32,26.68,26.2,23.57,28.83,114.39,11.18,1.08,145.43,24.44,24.48,25.55,25.37,115.97,10.47,1.0
T4,60.464,176.92,24.14,26.9,24.56,27.65,105.69,9.84,1.02,171.94,26.64,29.07,26.43,25.9,99.2,11.12,1.0
T7,60.638,167.21,29.41,25.03,25.94,24.7,105.29,10.82,1.08,156.13,29.54,23.62,27.64,27.92,109.42,10.36,0.96
T7,60.788,169.87,25.71,26.08,25.73,28.36,112.51,10.02,1.05,163.07,27.45,24.4,24.11,25.03,110.52,10.69,0.95
T6,60.896,163.78,27.75,25.9,24.89,25.18,98.87,10.32,1.04,150.25,27.9,23.33,25.62,28.26,113.97,10.13,1.02
T3,61.378,143.59,26.02,28.02,26.2,24.21,101.96,9.36,1.0,154.72,25.47,27.76,24.57,27.87,99.25,10.34,1.07
T9,61.382,148.72,29.14,28.4,25.09,27.2,111.25,11.26,1.01,149.58,25.38,25.69,27.18,28.15,109.68,10.74,1.03
T1,61.428,141.24,26.1,25.93,23.96,25.25,99.6,10.48,1.13,141.18,25.15,26.77,26.24,26.24,107.79,10.64,0.99
T2,61.446,156.8,27.11,27.86,26.93,27.02,100.76,11.1,1.03,160.37,26.36,27.25,24.43,28.48,117.05,9.66,1.03
T5,61.533,162.46,28.86,27.15,25.6,24.82,98.62,10.13,1.08,153.63,24.87,24.64,27.8,24.91,112.53,9.74,1.02
T3,61.599,148.95,26.04,27.61,23.84,26.04,96.54,11.02,1.1,150.88,26.44,26.48,27.73,26.63,106.36,10.68,1.1
T3,61.61,145.76,28.94,26.62,24.23,25.45,104.19,10.89,1.0,164.92,24.83,27.03,24.77,26.6,111.82,10.02,1.0
T6,61.722,166.92,25.56,24.38,28.56,27.8,98.15,11.0,1.08,149.51,28.0,23.96,28.46,27.58,106.52,10.46,0.99
T3,61.779,157.8,28.05,29.03,25.17,27.22,96.75,9.74,1.03,157.89,27.89,26.2,24.66,25.54,103.03,9.48,1.1
T3,61.849,148.84,27.39,26.48,26.25,27.78,105.6,10.99,1.11,166.07,28.45,28.86,27.09,28.31,99.0,10.68,1.07
T5,61.867,139.04,24.3,27.27,23.99,23.81,107.82,9.49,0.99,153.26,28.05,24.38,27.51,27.12,104.95,10.97,0.98
T4,61.931,153.71,25.55,29.62,24.61,27.33,112.08,9.65,0.94,156.96,27.61,26.97,25.66,28.23,94.26,11.06,0.92
T10,62.084,155.73,25.42,25.02,23.32,27.09,105.18,11.57,1.0,165.9,26.59,25.36,23.32,27.28,105.89,10.63,1.12
T9,62.101,146.59,27.98,26.52,26.78,29.1,107.98,11.11,0.95,148.37,29.34,28.15,24.33,27.07,107.42,9.86,0.95
T8,62.186,143.91,24.66,24.53,25.0,29.35,111.19,9.71,1.11,151.4,23.82,26.13,27.74,27.96,108.49,10.5,1.09
T4,62.348,175.09,24.04,28.82,27.65,25.58,110.54,10.58,1.06,153.52,27.33,26.52,24.96,27.99,108.88,10.04,0.97
T2,62.43,165.04,27.32,25.93,27.42,28.13,106.27,10.16,1.09,153.33,25.47,26.95,27.43,26.3,118.29,11.0,0.99
T8,62.462,146.16,25.05,27.37,26.29,28.02,114.13,11.0,1.12,158.72,24.61,24.73,24.07,29.79,112.08,10.35,1.08
T4,62.505,154.09,27.36,25.16,28.36,28.35,104.81,9.77,1.06,176.71,26.17,28.4,26.44,26.79,110.02,10.18,0.99
T3,62.627,150.48,25.56,27.65,27.3,27.81,96.94,9.72,1.01,148.14,29.27,25.6,25.57,27.67,98.38,9.82,1.07
T3,62.664,145.04,25.18,28.42,27.34,28.22,106.24,9.52,1.09,163.42,27.24,29.19,27.93,26.25,112.93,10.03,1.08
T8,62.667,150.14,25.82,26.24,24.88,26.05,112.59,11.07,1.03,160.35,24.98,28.49,26.77,26.36,98.36,10.44,1.11
T8,62.721,165.53,25.62,25.86,24.38,29.38,110.17,10.44,1.13,159.38,23.78,28.85,27.97,29.23,100.82,9.48,1.13
T9,62.725,145.78,25.11,26.85,26.42,25.29,101.33,10.66,0.94,166.44,26.43,24.4,26.35,28.23,110.17,10.78,0.96
T7,62.82,167.56,27.06,26.0,26.02,27.32,105.51,9.74,0.97,164.79,27.13,25.52,25.18,25.91,101.13,10.2,1.02
T2,62.909,153.62,25.02,27.84,26.05,24.18,100.19,10.18,0.98,147.49,27.78,25.72,26.36,24.49,112.85,11.18,1.08
T8,62.938,156.47,25.53,25.93,24.23,27.72,103.95,10.9,1.11,147.5,24.99,27.8,26.06,29.14,99.59,10.44,1.09
T9,62.97,150.3,26.73,26.5,25.12,26.85,110.76,11.31,0.96,165.72,27.48,28.4,26.61,27.16,105.1,10.07,1.11
T8,63.004,155.04,24.92,26.67,25.33,28.04,111.69,10.0,1.13,149.46,25.99,24.52,27.59,26.25,100.88,10.57,1.08
T2,63.006,144.86,27.11,24.37,24.37,24.4,109.01,10.46,1.05,161.04,25.7,24.62,26.67,24.86,104.93,11.37,0.99
T2,63.133,165.0,24.56,24.92,25.1,25.92,104.93,10.29,0.98,161.78,24.87,24.99,26.18,27.68,102.57,10.62,1.08
T4,63.217,151.58,26.21,26.5,24.97,29.54,96.9,9.65,1.04,167.42,25.53,29.03,27.88,27.63,106.18,10.25,1.05
T10,63.306,172.22,23.45,27.85,24.47,24.38,97.63,10.59,1.03,163.18,26.12,24.6,24.56,27.47,100.92,10.63,1.12
T5,63.414,151.23,28.4,28.63,27.86,25.44,96.82,10.79,0.97,153.85,25.92,24.61,25.27,25.16,113.02,9.44,1.03
T8,63.468,154.05,23.77,27.36,26.41,25.63,102.55,10.86,1.08,150.86,24.21,27.34,26.32,27.88,104.5,10.11,0.97
T8,63.718,162.79,24.61,28.17,23.86,29.42,113.5,11.04,1.1,164.6,24.85,28.8,25.84,29.15,110.71,10.89,1.11
T10,63.737,153.5,25.62,27.38,26.04,26.14,103.58,10.01,1.04,162.06,25.12,25.51,26.32,27.43,94.77,11.22,1.07
T8,63.828,147.71,24.43,24.81,27.84,26.38,110.19,10.04,1.1,152.98,23.52,27.31,26.16,25.82,97.89,10.61,1.13
T9,63.917,153.46,25.72,26.4,27.06,28.84,107.88,11.05,1.02,166.0,29.25,25.53,24.62,25.7,108.39,10.59,1.1
T6,63.948,152.27,28.67,23.22,26.52,25.96,98.05,9.91,1.01,170.67,25.04,24.5,26.3,24.93,108.93,9.9,1.1
T3,64.087,157.84,27.78,28.83,24.02,28.24,99.25,9.4,0.96,147.17,28.74,25.92,24.05,27.01,102.94,9.99,1.07
T10,64.131,150.97,23.52,26.64,24.0,27.48,109.74,10.45,1.13,156.23,24.95,24.65,23.92,26.62,100.78,9.94,1.02
T6,64.165,170.13,26.52,26.05,25.24,25.65,104.34,11.24,1.09,161.03,28.37,25.53,28.14,27.77,107.56,11.03,0.98
T2,64.367,162.46,24.85,25.52,24.65,26.03,104.37,9.79,1.01,166.54,27.52,24.28,27.04,27.28,113.43,10.68,1.0
T8,64.43,163.63,26.19,25.76,27.9,28.96,103.11,10.7,1.0,150.92,24.51,27.81,26.28,27.9,103.3,10.23,1.1
T1,64.538,156.7,24.67,29.48,24.75,25.23,98.05,9.66,1.1,149.9,27.64,26.91,25.82,23.92,98.02,10.76,1.16
T1,64.567,151.83,25.15,25.18,24.77,27.36,97.37,11.08,1.12,153.23,26.96,25.21,23.12,24.14,99.7,9.64,1.15
T8,64.702,154.59,25.35,28.3,25.68,25.55,108.78,11.12,1.05,146.02,23.81,25.89,25.99,26.82,100.27,10.14,1.05
T2,64.847,159.02,26.74,27.28,27.22,28.05,116.32,11.0,1.04,166.12,28.33,26.86,24.89,26.02,112.21,10.35,1.01
T8,64.967,154.29,26.61,25.31,27.34,26.6,110.71,10.63,0.98,155.5,23.4,24.76,25.78,28.04,99.71,9.83,1.06
T1,65.1,157.48,25.27,26.37,24.15,25.95,99.18,9.36,1.03,148.59,27.45,27.93,26.16,26.66,101.02,10.89,1.12
T5,65.416,156.57,27.33,27.99,28.37,25.59,112.81,10.78,1.1,157.95,26.46,28.97,24.01,25.18,104.79,9.59,0.96
T10,65.878,165.76,27.04,28.14,24.5,26.5,103.16,9.81,1.15,171.42,25.98,26.15,25.41,26.56,111.95,9.99,1.1
T10,65.924,164.9,25.72,27.3,26.03,26.29,109.54,11.19,1.15,154.4,25.35,27.84,27.4,25.35,111.15,11.02,1.16
T7,65.95,160.14,29.16,25.86,26.58,24.55,113.99,10.02,1.09,149.5,28.39,24.84,25.71,26.49,110.05,10.16,0.95
T9,65.971,152.33,29.03,26.68,25.56,26.92,97.32,9.9,0.95,163.24,27.5,26.92,23.61,29.46,100.25,10.97,1.08
T7,65.993,171.67,28.28,23.97,26.06,28.41,113.0,10.64,1.02,151.57,26.8,25.87,24.41,24.85,109.18,10.16,1.1
T9,66.077,148.07,29.69,27.97,26.57,27.27,97.99,10.58,1.04,162.61,25.11,24.42,23.71,28.2,107.26,11.0,1.07
T2,66.238,148.28,25.28,25.66,27.15,24.9,107.76,10.23,0.96,158.09,23.92,25.66,25.36,27.1,111.71,10.31,1.05
T1,66.253,148.44,25.9,27.55,26.71,26.74,97.43,10.73,0.99,163.46,28.24,29.61,23.31,23.9,93.25,10.59,1.07
T3,66.263,158.28,24.94,27.86,25.43,26.38,98.31,10.56,1.0,166.49,25.99,26.03,28.3,27.11,102.5,10.43,1.01
T8,66.289,146.84,24.59,26.26,24.61,26.66,100.3,9.62,1.15,164.28,26.89,24.58,24.12,27.37,98.21,10.58,1.12
T6,66.417,163.92,27.98,25.84,27.74,26.32,104.86,10.91,0.98,167.17,28.8,23.68,27.01,27.03,108.06,10.23,1.16
T6,66.46,153.87,27.41,25.8,24.79,26.12,99.37,11.28,1.06,153.94,27.0,26.85,26.54,24.62,108.81,10.49,1.15
T7,66.468,173.0,27.79,27.36,25.18,25.64,113.3,10.78,0.94,147.86,27.09,24.93,27.17,26.8,110.58,9.83,1.02
T2,66.566,158.56,28.0,27.04,26.83,26.81,111.02,10.34,1.03,145.67,27.95,27.4,23.27,28.17,103.1,9.79,1.04
T8,67.026,147.59,24.37,25.96,24.73,26.16,106.33,10.54,1.02,163.56,23.5,24.64,26.99,25.1,113.0,9.59,1.1
T2,67.031,144.19,26.1,26.15,23.52,25.49,104.37,11.41,1.1,160.89,27.38,27.2,23.6,27.04,113.18,10.08,1.09
T6,67.046,169.17,26.44,27.06,29.26,24.22,104.72,11.22,1.0,148.96,25.76,25.79,26.69,26.73,109.64,10.24,1.02
T8,67.085,151.73,26.96,27.36,23.74,28.16,106.71,9.71,1.13,157.79,24.46,28.92,26.12,26.27,108.02,9.74,1.07
T5,67.177,147.72,24.65,26.32,26.49,27.2,100.72,9.89,1.05,150.69,24.38,28.12,27.01,26.8,101.23,11.1,0.99
T5,67.184,142.78,27.93,25.83,27.94,24.73,111.72,9.64,0.98,155.71,26.17,26.78,25.29,25.54,108.0,9.43,1.04
T2,67.296,158.13,24.48,27.36,24.74,26.61,106.26,10.86,1.04,152.37,24.3,27.95,25.07,27.55,112.73,11.11,1.04
T4,67.478,170.88,25.91,28.4,26.12,29.31,97.35,10.47,0.95,174.88,26.31,27.06,24.14,29.18,98.32,9.82,1.01
T4,67.61,164.37,25.03,25.64,24.97,29.45,106.89,11.31,0.98,154.95,25.4,28.82,26.49,27.75,106.91,10.12,0.99
T7,67.869,167.44,26.85,24.47,24.54,26.81,110.76,10.55,1.1,164.92,26.6,23.24,25.19,28.57,99.55,11.48,1.04
T9,67.982,164.74,25.32,28.17,26.28,26.79,95.81,9.68,0.99,171.56,26.89,26.82,26.33,28.24,110.02,11.4,0.96
T4,68.082,157.02,27.99,28.46,26.87,26.99,98.38,10.58,1.07,161.1,26.76,24.95,27.62,25.04,105.27,10.64,0.93
T8,68.128,158.21,23.46,24.98,24.72,28.49,114.63,9.75,1.0,141.71,26.02,29.0,24.08,25.79,103.31,9.85,1.04
T2,68.337,167.62,26.1,25.98,27.31,27.08,108.23,11.26,0.98,157.34,24.89,26.49,26.78,24.43,113.51,9.79,0.96
T1,68.374,149.61,28.12,26.4,23.5,26.92,97.05,9.88,1.04,142.68,25.77,28.59,24.86,23.8,95.12,10.95,1.08
T2,68.595,167.48,26.82,24.56,23.51,27.49,114.42,9.9,1.12,156.27,27.89,26.77,26.69,24.22,105.46,10.7,1.08
T9,68.601,170.04,28.25,28.07,23.66,26.26,107.3,10.91,0.95,171.91,26.31,28.37,26.7,25.7,102.77,10.6,1.01
T8,68.752,149.16,24.78,25.52,27.12,27.83,100.75,10.96,1.1,143.26,23.46,28.94,24.3,27.19,106.61,9.69,1.07
T2,68.85,146.01,26.57,24.08,25.33,26.38,105.58,11.28,1.11,150.76,24.98,24.77,26.77,27.63,108.93,10.09,1.12
T5,68.936,139.79,25.2,24.41,28.15,24.52,96.88,10.3,0.94,158.54,26.04,27.56,27.9,26.9,100.16,11.13,0.97
T1,69.026,150.69,25.4,28.29,26.71,25.06,96.87,10.29,1.11,158.33,26.38,25.02,23.63,23.68,99.51,9.84,1.08
T9,69.072,161.7,26.49,28.73,25.55,26.01,112.25,9.96,1.03,153.35,28.69,24.85,26.99,28.2,106.14,10.0,1.08
T10,69.274,156.29,25.12,25.29,26.04,26.98,104.84,10.05,1.0,162.57,27.28,24.39,23.12,25.45,110.33,11.33,1.15
T6,69.284,162.55,26.01,27.08,29.18,25.31,112.53,10.67,0.98,170.49,25.86,26.21,24.65,27.59,101.75,9.81,1.05
T7,69.431,166.83,26.26,24.02,25.56,24.31,99.84,9.68,1.04,171.41,25.12,25.75,26.54,26.37,112.09,10.38,1.0
T9,69.705,148.68,26.43,26.84,25.6,29.6,108.92,10.32,1.11,164.62,27.06,26.46,26.06,29.21,110.16,11.31,1.12
T2,69.791,159.17,26.75,28.08,24.47,28.53,107.21,11.34,1.03,158.32,28.05,27.63,26.47,24.15,115.98,10.54,1.04
T1,69.958,141.24,26.94,28.46,23.45,25.11,96.52,11.09,1.17,154.53,28.23,28.94,23.27,27.52,99.34,9.61,1.12
T5,69.999,151.19,25.25,25.85,26.88,27.4,104.36,9.49,1.1,155.45,28.38,24.53,26.8,25.25,108.0,10.29,1.08
T2,70.011,144.94,27.45,26.86,25.01,28.07,118.04,10.39,1.0,156.85,23.92,24.59,23.33,27.92,118.94,11.19,1.0
T5,70.1,139.79,25.28,27.28,27.46,25.19,104.96,10.13,1.04,159.32,28.1,28.75,27.16,24.55,100.4,9.51,1.09
T8,70.264,164.06,27.14,26.16,23.61,26.9,103.71,10.87,1.14,148.37,25.58,26.39,26.73,28.45,115.15,9.59,1.13
T4,70.303,154.95,24.92,27.94,26.18,28.7,100.63,10.88,1.0,167.58,28.04,25.67,24.36,28.0,95.42,10.82,1.04
T6,70.39,153.62,28.0,25.54,25.32,25.98,106.65,10.65,1.03,151.44,26.88,26.49,25.83,26.51,108.96,10.72,1.11
T7,70.468,151.82,26.79,23.77,25.53,25.04,106.09,10.13,1.02,169.27,27.18,23.22,26.08,28.42,109.01,10.64,0.99
T2,70.507,142.96,25.6,27.41,26.48,24.93,108.55,11.37,1.1,142.76,27.76,24.92,25.12,24.35,115.86,10.88,1.08
T9,70.556,153.76,25.88,25.7,25.17,29.1,109.92,10.46,1.04,153.44,26.8,25.37,25.33,26.1,102.13,11.0,1.09
T10,70.766,151.84,27.4,27.61,26.42,26.43,109.84,11.05,1.17,149.24,27.35,24.46,23.61,25.01,109.54,10.99,1.13
T1,70.791,161.72,24.6,28.82,25.24,26.93,99.37,10.04,1.09,143.09,24.67,27.98,23.04,26.61,103.79,9.34,1.14
T3,70.832,160.2,25.21,26.25,27.08,24.4,110.14,10.49,1.06,164.86,29.23,26.58,26.85,24.9,102.74,10.85,1.06
T10,70.867,158.38,25.75,25.7,23.39,25.85,100.08,10.91,1.08,149.34,24.54,26.88,27.09,26.68,110.96,10.32,1.06
T7,71.012,164.25,26.62,25.69,26.49,26.99,117.02,10.58,0.95,166.82,25.74,23.66,25.87,24.28,106.97,10.42,1.04
T2,71.112,152.71,25.67,26.54,24.48,24.13,102.4,9.91,1.12,165.84,26.14,27.84,25.38,28.04,115.85,11.0,1.13
T4,71.5,164.27,27.2,27.5,27.21,26.24,110.26,9.89,1.06,153.0,27.25,28.12,25.57,28.01,96.58,9.78,1.07
T1,71.605,149.61,26.83,28.97,24.34,24.03,110.2,9.52,1.0,148.42,26.73,29.23,27.13,27.72,98.18,10.38,1.06
T4,71.714,172.54,26.33,26.71,27.46,25.26,104.26,10.26,0.98,178.85,24.3,28.15,24.19,26.31,111.61,10.85,0.97
T3,71.74,144.12,28.52,27.84,27.0,27.98,111.93,10.8,1.1,151.59,25.88,25.02,25.17,25.74,109.41,10.88,0.99
T4,72.052,166.06,24.18,25.88,26.18,28.0,95.92,10.36,1.03,151.42,26.8,27.6,24.03,25.2,111.15,9.63,0.98
T6,72.111,144.95,26.77,25.47,26.82,24.91,109.9,11.5,1.04,168.07,29.14,24.21,29.09,27.58,107.98,9.88,1.06
T9,72.215,170.32,28.45,27.69,26.32,29.3,96.77,10.56,1.02,152.53,27.58,27.66,26.32,28.67,95.62,9.86,0.98
T4,72.714,165.53,26.14,27.7,27.12,27.13,97.4,11.24,0.96,156.5,24.97,28.67,25.47,26.88,101.99,10.92,1.0
T4,72.75,176.29,27.36,26.72,25.91,29.56,99.77,9.62,0.97,152.0,26.68,26.44,28.3,26.18,107.39,11.0,1.0
T9,73.003,146.64,26.31,26.04,24.37,28.31,99.13,11.46,1.07,167.96,26.01,27.06,23.58,25.3,105.36,10.7,1.08
T1,73.169,152.42,27.75,25.54,24.1,25.84,105.4,10.23,1.14,161.98,25.23,25.32,26.26,26.51,110.36,10.33,1.06
T8,73.179,149.81,25.92,25.44,26.44,27.32,111.79,10.04,1.12,151.95,26.52,26.65,27.37,28.97,104.92,10.36,1.04
T6,73.194,165.76,25.57,24.56,29.06,25.31,109.49,10.72,1.01,167.16,27.9,25.11,25.7,24.11,98.19,11.48,1.1
T3,73.243,151.89,26.72,29.24,24.24,28.45,102.23,9.45,0.97,156.49,25.47,26.62,28.07,26.93,103.55,10.18,0.96
T5,73.272,143.41,28.42,27.57,27.96,27.62,111.15,11.11,1.0,150.7,25.27,25.07,24.42,26.08,101.62,10.07,1.05
T7,73.274,171.54,25.8,24.51,26.39,24.63,108.36,10.65,1.11,152.13,27.15,26.27,23.82,27.47,109.81,11.2,1.08
T3,73.286,155.38,29.15,25.33,25.45,27.39,96.3,10.99,0.99,148.22,28.94,25.93,26.78,26.58,100.47,10.02,1.12
T6,73.378,161.93,26.81,27.11,26.48,24.7,99.45,10.28,1.16,168.31,26.76,23.37,27.21,25.78,108.83,9.71,1.09
T1,73.541,164.4,27.1,28.48,23.66,25.28,102.37,9.75,1.1,141.2,27.07,27.6,23.5,26.49,103.69,9.76,1.11
T8,73.625,161.15,27.17,26.12,24.93,26.78,100.49,10.58,0.97,150.92,26.25,26.51,26.24,27.67,100.5,9.95,1.1
T3,73.635,145.09,26.41,27.26,26.1,27.81,110.07,10.6,1.04,151.39,26.07,26.1,25.33,26.44,112.47,10.42,0.96
T1,73.686,141.84,27.92,26.14,24.41,27.45,102.01,10.52,1.15,148.92,27.1,25.52,23.02,26.76,101.24,9.75,1.09
T7,73.692,165.28,25.47,24.42,27.89,24.97,107.16,10.51,0.99,149.83,28.41,23.88,24.79,26.35,108.33,10.27,1.1
T2,73.694,163.81,27.85,25.85,26.52,28.61,102.21,11.16,1.06,167.12,24.85,26.71,24.65,25.66,105.84,10.2,1.13
T8,73.818,145.43,27.61,24.87,23.83,27.89,110.19,10.77,1.05,160.15,27.38,29.0,23.75,26.27,110.24,9.67,1.05
T2,73.902,167.88,25.6,25.72,25.4,27.36,112.63,10.01,0.96,162.04,23.92,25.38,24.33,24.77,104.9,11.21,1.02
T1,73.92,161.98,27.09,28.26,25.06,27.29,101.61,9.57,1.13,143.54,26.24,28.91,25.15,27.35,98.42,10.49,1.01
T3,74.262,158.95,25.27,28.81,25.13,27.36,96.2,9.54,0.99,144.08,25.3,27.56,24.96,25.39,104.8,10.05,1.13
T4,74.324,171.76,26.9,25.64,24.55,25.91,97.26,10.06,1.0,154.49,27.63,25.46,25.62,28.04,104.74,10.58,0.94
T5,74.525,141.5,28.13,28.1,26.09,26.72,102.44,9.74,0.99,137.95,25.21,24.38,24.57,27.22,103.24,9.46,1.11
T6,74.577,161.34,25.13,25.26,25.81,26.59,104.96,11.25,1.16,162.64,28.98,25.01,26.52,26.01,108.39,10.68,1.16
T4,74.689,175.91,27.28,25.55,25.63,27.44,100.8,9.77,1.05,171.3,27.89,25.54,26.66,27.62,104.5,10.3,0.98
T2,75.087,153.45,27.38,24.82,25.8,24.74,114.56,9.92,1.05,155.81,27.98,27.41,25.23,24.28,114.06,10.12,1.05
T7,75.291,165.55,27.43,27.24,26.25,25.24,99.29,10.04,0.95,151.57,26.44,24.0,27.6,24.7,110.6,11.3,1.04
T10,75.331,160.66,25.59,27.02,27.01,25.17,105.44,10.79,1.03,153.38,26.42,27.71,24.51,27.72,97.3,10.22,1.14
T6,75.556,162.63,24.73,26.98,26.65,24.62,100.78,10.84,1.04,146.31,25.18,26.19,27.1,27.47,109.77,10.24,1.07
T4,75.565,177.44,26.13,27.54,24.11,28.43,100.34,11.01,1.03,150.65,27.83,28.45,24.04,25.54,103.93,10.19,0.93
T9,75.683,160.47,28.85,24.42,25.12,29.05,102.78,10.07,0.95,167.2,27.24,26.73,26.4,29.34,108.39,11.43,0.97
T10,75.988,146.06,24.64,25.22,26.53,27.22,102.96,11.46,1.08,159.18,24.56,24.94,26.39,27.0,108.98,10.81,1.12
T7,76.126,148.67,26.66,25.64,24.26,27.5,100.93,9.97,1.08,150.23,29.16,26.92,25.47,27.26,116.37,10.78,0.96
T1,76.187,141.24,26.28,27.94,26.53,26.33,106.32,10.74,1.08,155.71,27.67,27.94,23.73,24.87,93.82,10.7,1.16
T8,76.603,143.03,23.94,25.72,24.99,27.83,99.58,9.7,1.11,156.58,24.92,27.24,23.91,27.24,97.65,10.88,1.01
T6,76.635,171.41,27.55,23.06,25.52,24.76,101.77,11.48,1.03,145.6,25.03,23.6,27.22,28.52,99.23,11.32,1.02
T1,76.74,143.34,26.58,25.47,26.18,26.42,103.98,10.29,1.03,145.19,26.24,27.76,23.83,25.61,103.42,10.48,1.12
T8,76.784,142.16,24.94,28.93,26.1,26.25,111.52,10.19,1.14,140.63,27.27,26.09,25.93,29.25,100.26,11.04,1.14
T1,77.035,141.98,26.89,27.01,26.88,26.1,93.6,10.19,1.02,160.79,28.27,26.11,24.06,27.87,94.6,10.39,1.04
T4,77.091,159.25,26.7,28.86,25.13,28.98,95.44,10.96,0.97,177.92,23.94,25.11,26.82,26.9,104.4,10.22,1.07
T7,77.25,150.19,27.25,23.83,26.44,25.55,116.18,10.35,1.04,165.46,29.64,25.69,24.16,25.81,106.5,10.39,1.08
T10,77.287,155.92,26.4,26.78,23.96,25.44,96.7,10.92,1.05,147.51,25.88,25.17,26.5,23.72,104.91,10.57,1.08
T5,77.356,151.06,25.0,26.28,27.46,24.01,108.91,9.49,1.05,157.1,27.86,27.55,24.14,24.95,97.98,9.42,1.02
T5,77.357,158.04,24.79,28.16,24.83,27.72,97.84,10.25,0.94,152.52,24.58,27.46,24.07,27.7,111.13,10.96,0.99
T4,77.395,177.53,25.76,27.04,25.95,26.63,105.71,9.62,1.09,164.86,26.07,29.43,24.15,25.51,107.94,10.99,1.05
T10,77.443,154.69,27.38,24.82,24.13,26.57,111.13,11.51,1.1,154.48,25.37,27.44,26.42,26.89,96.14,10.88,1.06
T5,77.515,153.47,24.68,28.92,27.43,24.8,104.23,9.72,1.07,152.09,28.53,24.46,24.76,24.38,108.74,11.03,1.11
T2,77.79,143.06,27.55,23.88,23.53,26.43,117.81,10.82,1.0,167.54,27.9,24.92,26.32,28.1,106.09,9.88,1.07
T2,77.832,144.71,27.38,25.98,23.79,27.09,106.26,10.15,1.0,165.62,25.12,27.36,24.79,24.6,116.1,9.99,1.14
T5,77.894,153.35,28.58,26.27,26.1,25.32,103.91,10.48,1.06,157.16,24.43,25.31,25.52,25.4,96.88,9.93,0.96
T10,77.966,167.58,27.3,27.64,26.2,25.75,110.65,10.74,1.01,151.74,25.05,27.88,27.18,24.62,97.62,9.82,1.04
T1,78.23,167.7,24.76,25.05,25.79,26.14,108.6,10.82,1.12,165.54,26.53,29.48,27.07,27.75,108.98,9.86,1.05
T4,78.408,166.3,24.69,26.48,24.45,28.96,96.85,10.06,0.96,171.26,26.29,26.06,24.51,26.82,97.97,11.14,1.08
T10,78.498,149.03,27.28,27.78,25.18,26.62,94.73,11.08,1.0,159.51,26.92,24.27,25.84,23.42,97.01,11.48,1.08
T1,79.047,148.76,24.19,28.64,23.27,25.63,93.68,10.23,1.11,142.15,26.3,25.62,25.76,27.17,108.69,9.5,1.08
T8,79.129,158.85,27.16,28.42,23.88,27.76,107.05,10.15,1.07,165.09,26.88,24.65,27.66,27.87,107.75,10.13,0.98
T9,79.199,148.51,29.11,28.29,27.07,29.61,98.97,10.86,1.05,167.1,27.19,25.64,24.95,29.65,99.76,11.14,1.08
T6,79.498,171.26,26.9,24.88,25.7,24.36,111.76,10.24,1.15,168.65,26.32,25.55,28.8,24.94,111.65,11.34,1.15
T1,79.611,149.76,25.39,26.49,24.45,26.84,104.77,9.66,1.05,151.37,26.95,28.03,23.41,26.61,100.38,9.8,1.02
T4,79.636,171.7,26.62,28.03,28.39,28.0,106.25,10.88,1.06,174.61,26.2,25.11,25.5,25.92,104.92,10.74,1.02
T8,79.691,163.63,25.9,25.92,26.14,26.27,112.94,10.68,1.0,162.57,27.36,25.52,25.24,28.92,102.22,10.35,0.97
T1,79.696,165.76,25.7,27.61,26.6,26.2,101.25,10.63,1.03,147.24,26.23,26.67,25.86,23.61,99.3,10.37,1.13
T1,79.75,152.36,24.89,28.15,26.03,26.46,99.29,10.82,1.06,163.48,28.21,26.15,24.88,25.64,108.12,9.58,1.06
T7,79.906,148.65,27.56,23.91,25.91,24.49,113.97,10.48,1.1,160.88,26.6,23.58,23.94,26.39,104.44,9.77,1.08
T7,79.968,163.47,28.14,27.13,25.49,25.21,116.88,10.88,1.1,153.36,26.03,26.55,27.03,26.8,101.08,11.32,1.0
T10,80.212,164.71,24.81,24.47,23.64,26.11,97.56,11.14,1.17,156.21,23.52,25.95,26.33,27.13,103.88,11.38,1.1
T1,80.274,153.4,26.28,29.68,26.87,24.29,106.67,10.85,1.02,164.2,25.88,27.75,25.97,26.0,102.05,10.29,1.16
T5,80.638,141.1,26.69,25.73,26.31,27.59,96.21,10.81,0.95,151.39,26.46,28.76,27.52,23.76,105.08,9.94,0.94
T4,80.667,160.79,25.52,26.02,26.66,26.72,106.38,10.42,0.93,173.3,24.78,26.86,25.52,28.05,100.11,11.22,0.98
T10,80.836,158.59,24.2,28.21,24.37,25.22,101.48,11.5,1.15,148.83,27.4,25.47,26.16,26.61,105.03,11.34,1.09
T9,80.875,145.18,25.39,26.3,25.4,29.08,98.81,10.14,0.98,161.86,25.58,25.7,24.6,26.51,97.36,11.05,1.04
T8,80.891,148.31,26.57,28.81,26.41,25.99,113.47,9.89,1.12,155.89,25.55,24.53,23.72,25.87,97.6,10.77,1.0
T6,81.075,157.78,26.53,27.18,25.02,26.33,110.39,11.26,1.01,158.23,28.93,24.07,28.84,24.17,115.07,9.87,1.06
T5,81.234,155.24,26.28,24.78,24.3,25.22,106.31,9.73,1.11,146.42,27.01,24.64,28.28,27.69,114.23,10.01,0.96
T4,81.248,175.33,25.16,25.36,26.23,27.66,110.69,10.21,1.04,177.09,26.28,27.52,25.55,27.02,101.66,9.83,1.06
T5,81.311,140.84,26.54,28.68,26.24,27.64,110.06,9.62,1.01,145.59,28.85,28.42,24.79,26.72,110.83,11.06,1.0
T10,81.391,167.78,23.63,24.27,27.4,27.1,98.15,10.8,1.01,149.52,23.44,26.44,25.62,26.43,99.42,9.93,1.02
T1,81.637,146.02,28.72,25.8,26.16,27.18,110.7,9.72,1.1,165.42,28.15,25.55,26.26,24.93,108.54,9.37,1.09
T10,81.659,164.14,25.12,27.57,26.33,27.38,101.18,10.76,1.1,154.02,25.1,27.7,25.13,27.74,100.24,11.04,1.08
T1,82.0,150.7,25.38,26.03,23.17,25.92,106.38,10.24,1.03,151.79,26.44,28.1,23.21,26.82,94.68,10.35,1.16
T5,82.165,144.66,27.76,27.56,25.72,26.27,102.89,10.93,0.95,140.84,25.99,27.82,27.9,23.79,114.03,10.32,0.99
T10,82.471,147.02,25.01,27.97,27.34,25.49,96.67,10.32,1.02,145.93,26.55,27.2,23.56,24.32,104.94,9.93,1.06
T5,82.635,157.02,28.29,25.08,26.7,26.37,111.85,10.83,1.0,148.46,24.29,28.13,28.39,23.97,103.36,9.46,1.09
T1,82.72,157.48,26.48,26.26,25.13,26.02,104.42,10.15,1.12,151.4,28.72,27.6,25.15,26.97,107.02,10.53,1.06
T9,82.933,167.5,25.74,28.58,25.3,29.29,98.25,10.68,0.98,148.37,29.13,25.63,25.61,29.8,104.64,9.83,1.07
T4,82.984,150.84,26.78,26.15,26.61,28.03,103.97,10.98,1.03,159.16,27.74,29.22,26.01,27.37,110.26,10.9,1.01
T8,83.179,147.48,27.49,27.31,24.25,28.96,101.27,10.96,1.14,152.85,23.82,28.3,26.18,25.63,105.42,10.48,1.01
T9,83.18,156.41,25.69,26.35,26.19,29.6,98.61,10.8,0.94,172.55,27.72,26.01,26.23,28.73,110.76,10.19,0.98
T8,83.378,155.3,23.7,27.95,24.35,27.88,99.33,10.12,1.11,154.0,23.93,26.16,23.65,27.26,113.56,10.29,1.03
T1,83.466,154.45,25.91,25.73,24.88,27.48,109.55,10.17,1.03,148.79,25.33,26.2,25.9,23.97,108.79,11.05,1.13
T1,83.557,152.18,26.14,29.25,23.12,24.48,106.69,11.04,1.11,142.95,25.16,29.0,26.33,25.22,103.42,9.35,1.0
T5,83.864,139.47,26.65,25.61,24.06,24.58,106.88,10.1,1.01,145.72,26.82,25.36,26.14,25.91,101.62,10.13,1.04
T5,84.025,156.39,26.71,25.33,27.36,28.1,98.39,10.56,1.03,161.55,27.19,25.53,24.72,25.17,106.12,9.61,1.05
T9,84.448,164.06,25.56,27.49,27.28,28.19,103.81,11.27,1.04,171.16,27.64,27.11,24.77,26.0,107.48,11.25,1.11
T5,84.837,158.06,28.39,26.81,24.76,24.98,110.33,9.96,1.03,151.93,25.0,24.86,24.78,26.0,103.82,10.74,0.98
T8,84.876,154.78,27.45,25.75,26.44,29.74,100.68,10.88,1.0,142.26,26.62,24.57,24.73,26.34,111.38,10.51,1.13
T4,84.887,177.45,27.31,28.42,27.19,27.16,109.02,10.18,1.04,169.28,25.06,28.18,24.04,28.33,94.52,9.95,0.94
T7,84.891,172.0,27.94,25.6,23.65,27.25,99.82,10.37,1.02,153.66,28.6,25.54,26.53,27.63,112.96,9.89,1.11
T10,84.953,146.84,27.54,23.88,25.51,27.1,105.85,9.88,1.1,148.43,25.08,25.78,26.92,23.82,107.74,11.47,1.13
T6,85.059,148.74,25.79,24.74,24.95,27.73,112.98,10.79,1.11,149.66,27.22,25.15,26.27,26.82,109.2,10.72,1.08
T5,85.211,150.73,28.89,28.53,26.16,27.0,101.81,9.69,1.04,141.87,24.95,27.56,27.31,24.93,111.11,11.04,0.97
T1,85.323,150.44,28.74,25.54,26.52,23.58,103.91,9.63,1.02,159.26,27.64,26.17,25.66,26.1,108.24,10.2,1.11
T8,86.03,149.72,25.65,26.2,23.78,25.7,105.59,10.77,1.07,156.11,25.53,26.06,27.3,25.88,98.37,9.51,1.11
T1,86.127,159.59,27.85,26.15,23.37,26.58,94.93,9.88,1.04,155.88,26.2,25.62,24.76,27.16,106.61,10.62,1.12
T9,86.247,147.89,28.99,26.57,23.17,26.16,110.63,10.38,0.98,160.13,29.52,24.94,26.21,26.77,97.12,10.34,1.0
T8,86.495,159.16,24.71,26.18,25.49,26.24,104.04,10.18,1.0,142.16,24.15,26.44,25.99,28.93,103.37,10.76,1.06
T4,86.626,174.51,27.81,29.6,24.26,25.98,103.87,10.11,1.08,158.76,25.47,29.5,24.04,27.63,98.09,9.98,1.05
T5,86.63,146.78,25.51,26.42,28.12,28.16,98.63,9.71,1.07,142.62,25.69,26.06,26.45,24.73,100.21,9.68,1.1
T9,86.663,159.16,28.95,27.3,23.18,25.28,112.37,9.66,1.01,168.1,26.04,27.16,25.11,29.6,108.68,10.58,1.01
T5,86.68,148.27,26.28,26.88,26.16,28.16,110.41,10.4,1.01,140.03,27.82,26.96,28.07,25.99,105.93,9.92,1.04
T5,86.729,151.58,24.93,26.89,26.0,28.05,114.24,10.42,0.99,142.41,26.0,28.91,25.14,25.3,98.11,11.14,0.98
T5,87.244,137.96,25.43,27.16,27.27,23.76,107.29,9.76,1.1,145.46,24.5,24.59,27.65,27.02,109.03,9.59,1.01
T4,87.314,157.77,26.77,27.18,28.34,28.84,96.88,10.63,0.99,175.36,27.58,28.34,24.77,25.66,108.67,9.86,1.03
T7,87.428,159.0,26.28,24.35,25.33,27.51,116.12,10.03,0.96,164.61,26.06,27.0,24.09,25.99,103.22,11.09,0.95
T1,87.671,159.43,25.9,28.04,25.89,27.22,94.09,9.41,1.11,147.83,24.43,26.9,24.35,25.74,109.4,10.68,1.14
T1,87.913,166.18,25.06,28.25,25.56,24.27,105.52,10.91,1.04,157.52,28.45,26.6,25.58,26.25,103.2,10.89,1.01
T10,88.056,153.48,23.56,27.78,23.4,23.79,106.19,10.94,1.04,145.35,25.82,24.9,25.13,24.02,100.24,10.11,1.06
T8,88.077,162.16,24.33,28.3,27.88,25.77,99.0,10.34,1.0,165.85,25.35,26.12,24.14,27.95,113.26,9.45,1.13
T4,88.48,151.6,26.46,29.65,26.14,29.01,108.6,10.08,1.09,157.08,23.72,25.33,28.07,27.63,100.06,10.64,0.95
T5,88.533,149.69,25.75,28.81,25.99,28.09,105.13,9.9,0.98,138.83,27.76,24.73,26.8,24.6,99.88,11.03,0.97
T6,88.641,167.78,28.84,24.86,24.96,28.13,100.78,11.26,1.08,152.3,24.91,26.33,26.84,26.38,111.15,10.05,1.0
T6,88.813,163.09,26.71,23.65,25.94,27.01,107.06,11.02,0.99,145.1,26.03,25.38,25.74,25.06,100.09,9.76,1.12
T9,88.874,149.99,26.1,24.32,25.1,25.62,99.85,11.38,1.08,159.08,25.67,28.16,23.29,27.19,107.0,10.23,0.98
T9,88.895,169.67,26.67,25.51,23.87,29.25,105.5,10.54,0.96,145.78,25.45,25.71,24.54,26.36,96.41,10.38,0.96
T5,89.114,141.94,28.17,27.01,24.15,26.84,105.92,10.18,0.95,139.47,24.97,24.75,27.13,26.77,110.63,9.69,0.94
T7,89.362,164.09,26.87,26.07,23.82,27.1,106.06,10.6,1.1,157.29,28.85,27.09,25.29,28.24,113.31,10.05,1.07
T9,89.688,147.86,28.58,26.39,25.64,26.02,103.41,10.4,1.05,166.87,28.48,24.66,24.95,28.06,107.65,11.48,0.94
T7,89.737,151.14,26.3,26.72,24.95,27.71,103.56,10.94,0.98,148.32,26.03,26.94,25.67,26.06,105.44,11.29,0.98
T10,89.85,159.95,27.13,25.28,25.73,24.6,108.69,10.16,1.17,162.09,24.03,24.71,26.74,25.24,97.57,10.12,1.15
T5,89.903,147.66,26.22,26.27,28.06,26.58,103.66,9.75,1.08,151.55,24.29,27.87,26.62,24.16,96.06,10.57,1.04
T7,90.086,151.48,27.92,25.89,26.39,25.12,107.09,9.79,1.06,147.81,27.99,25.47,27.66,24.96,103.48,10.46,1.05
T8,90.116,155.61,26.83,26.44,27.33,25.5,102.98,10.3,1.05,162.18,24.48,28.39,27.22,25.55,111.13,10.75,1.11
T6,90.121,151.27,28.3,25.97,25.79,24.71,99.6,10.74,0.98,154.15,24.8,26.51,24.87,24.93,108.46,10.05,1.06
T10,90.229,154.44,25.37,25.77,25.8,27.69,98.67,10.93,1.11,163.09,23.94,26.76,26.37,23.42,111.64,10.76,1.01
T1,90.53,165.52,27.92,27.65,23.52,26.61,95.69,10.37,1.16,144.84,25.31,27.63,24.67,27.77,93.6,9.71,1.04
T4,90.629,161.38,27.14,26.34,26.86,25.12,98.85,9.95,1.02,169.84,23.81,25.74,26.75,26.38,108.4,11.28,1.04
T5,90.84,163.21,24.86,27.39,25.11,25.27,100.75,10.82,0.95,162.64,28.01,25.0,25.04,26.36,108.18,10.2,1.08
T7,90.972,162.57,29.41,27.26,25.19,26.58,98.84,11.34,1.1,153.27,29.2,26.56,24.3,25.15,102.68,11.15,0.95
T10,91.065,160.55,23.89,25.85,25.37,27.8,104.77,10.05,1.13,163.73,23.33,26.81,24.44,25.49,100.88,11.58,1.12
T9,91.123,154.62,26.86,28.37,23.39,28.96,105.72,11.38,0.98,161.23,27.46,25.62,23.81,25.09,98.35,10.72,1.09
T4,91.148,165.91,27.04,29.1,26.01,26.22,102.15,9.73,0.93,165.29,24.29,27.41,25.78,27.26,94.8,10.21,0.96
T7,91.196,167.56,29.3,26.21,27.36,28.4,99.5,10.17,0.99,152.51,28.35,27.27,24.93,28.81,112.85,11.03,1.03
T5,91.263,149.04,27.85,28.83,28.25,25.17,96.22,10.65,0.95,141.85,27.55,27.1,25.25,27.28,113.93,10.42,1.07
T5,91.321,154.09,28.32,27.66,25.05,25.8,106.29,9.72,1.08,153.02,24.86,26.16,26.63,24.42,113.87,9.4,1.11
T6,91.507,170.79,26.33,25.81,26.85,28.13,99.0,11.4,1.09,151.44,25.34,23.06,29.24,25.47,114.29,11.29,1.07
T4,91.547,166.04,27.04,25.48,26.19,26.49,108.25,10.41,0.92,172.87,25.02,26.53,26.82,26.18,109.73,10.96,1.09
T7,91.64,163.46,25.71,26.72,27.94,26.79,115.41,9.81,1.06,160.05,26.93,26.56,24.32,27.72,101.94,10.52,1.04
T9,91.754,149.5,26.74,25.71,25.65,28.66,109.52,11.26,1.03,146.7,25.75,24.38,26.0,28.57,111.99,11.07,1.1
T9,91.838,164.08,28.26,28.13,23.19,29.71,100.2,10.72,0.94,168.38,28.86,24.34,26.86,27.16,105.69,10.81,1.11
T4,92.005,170.99,24.32,29.37,25.63,28.06,110.49,10.35,0.95,161.05,27.71,29.1,24.94,25.8,102.79,10.4,1.03
T4,92.008,164.39,24.28,25.9,24.57,29.09,105.48,10.94,1.08,161.82,26.23,26.59,26.66,26.97,105.51,11.1,1.03
T9,92.151,162.13,29.56,27.81,24.14,29.51,108.68,10.69,1.01,155.69,26.97,27.1,24.52,29.15,112.64,10.08,0.97
T9,92.298,146.58,25.47,28.54,23.78,26.5,96.15,9.71,0.99,146.7,26.99,24.71,24.92,29.68,107.94,10.54,1.08
T10,92.421,163.5,23.71,26.88,24.12,25.87,103.54,10.34,1.01,164.94,23.56,24.55,24.8,27.07,110.15,9.9,1.08
T10,92.459,150.88,26.87,27.17,23.19,27.48,104.87,11.62,1.1,160.04,24.23,26.15,26.81,23.79,108.49,11.17,1.1
T7,92.565,165.0,27.5,27.05,27.92,25.72,106.97,11.29,0.98,151.48,28.6,24.67,27.89,27.17,100.23,9.81,1.02
T9,92.626,163.65,27.97,28.35,27.32,27.33,100.77,10.23,0.97,157.23,28.88,28.59,26.84,28.91,96.71,9.95,0.95
T4,92.789,165.64,24.07,27.43,25.1,26.62,100.69,10.12,0.95,154.26,24.41,27.2,27.58,26.37,94.81,11.23,1.06
T9,92.864,164.86,27.31,25.1,26.07,25.54,108.98,11.37,0.99,145.21,29.47,25.96,23.53,25.42,113.09,10.45,1.1
T4,93.038,155.94,27.3,26.31,26.63,26.72,108.7,9.85,1.0,153.0,27.67,26.31,24.0,29.08,101.75,10.08,1.05
T7,93.094,149.24,29.28,25.54,28.04,26.77,101.64,11.02,1.01,173.23,28.52,23.34,25.45,28.71,110.78,11.43,1.1
T7,93.236,162.84,28.95,23.84,23.81,27.67,116.68,9.86,1.01,173.32,25.41,24.43,26.12,27.54,100.47,10.23,1.06
T6,93.305,158.61,25.35,26.57,29.16,25.76,103.39,10.8,1.15,156.23,28.15,26.95,27.93,26.97,107.4,11.11,1.07
T10,94.224,171.19,26.98,24.72,26.22,24.89,96.93,10.8,1.1,167.01,23.84,25.11,27.24,26.56,97.56,11.49,1.16
T7,94.555,172.93,28.05,25.66,25.9,27.83,106.24,10.6,1.05,171.01,26.99,23.52,25.87,24.33,100.35,10.4,0.96
T4,94.834,172.08,27.45,28.05,26.72,26.12,109.6,10.18,1.05,153.24,26.29,27.45,27.89,25.04,97.26,10.86,1.03
T5,94.998,155.12,26.94,26.6,26.98,27.33,106.43,10.01,1.05,138.68,26.37,26.97,27.34,27.63,108.25,9.92,1.08
T9,95.265,153.51,29.13,24.28,23.12,28.04,105.8,9.98,1.02,147.05,28.69,25.93,25.63,25.23,112.78,11.1,0.99
T5,95.353,154.23,27.36,26.22,24.76,27.91,99.47,10.92,1.1,150.45,25.56,27.89,26.59,23.84,98.26,9.38,1.08
T4,95.789,169.85,28.0,28.76,25.7,26.59,103.38,10.64,1.07,158.51,26.79,27.5,26.49,28.06,102.71,10.05,0.98
T7,95.885,156.78,29.42,23.27,23.81,28.56,103.07,9.88,1.0,161.05,25.5,25.56,26.06,27.49,102.15,10.69,0.97
T6,96.201,157.38,26.0,25.99,27.52,26.25,103.18,10.65,1.12,157.62,25.43,26.32,24.93,28.12,106.1,10.34,1.07
T10,96.388,159.49,26.58,24.34,24.71,23.93,102.51,11.52,1.07,153.84,26.96,26.33,25.64,27.36,97.76,11.54,1.04
T10,96.399,166.58,26.69,25.58,25.98,24.48,98.29,11.51,1.11,159.43,24.05,24.03,24.41,27.44,105.62,10.58,1.15
T7,96.399,162.18,28.73,25.5,25.3,27.91,115.55,9.81,1.07,175.37,27.08,26.45,26.58,27.91,104.41,10.58,0.96
T4,97.06,175.58,24.9,27.68,27.85,28.53,111.99,9.86,1.01,173.5,26.57,29.28,26.24,27.65,100.61,11.12,1.08
T5,97.238,162.04,27.44,27.74,25.4,24.55,113.74,10.94,1.06,154.6,26.3,28.85,26.55,26.56,108.8,9.62,0.98
T5,97.315,148.74,24.73,28.62,27.51,25.53,107.34,9.74,1.09,149.74,28.84,24.89,27.02,27.01,99.48,11.02,1.11
T6,97.583,151.58,24.64,26.96,26.76,25.85,114.44,10.99,1.13,154.94,28.14,26.54,26.96,25.81,108.55,11.25,1.01
T10,97.663,162.75,24.2,26.86,24.5,24.48,101.61,10.26,1.03,162.87,25.1,24.42,26.74,26.56,103.34,11.14,1.07
T6,97.778,155.06,28.21,23.86,24.88,26.8,108.39,11.11,1.08,168.64,27.81,25.16,29.13,27.51,115.2,10.52,1.09
T4,97.837,157.08,27.07,27.31,27.0,29.4,102.15,9.77,1.08,176.74,26.06,26.01,26.23,28.39,94.73,9.59,1.01
T10,98.065,166.38,27.52,23.88,26.31,23.45,102.18,10.83,1.17,160.07,25.65,28.37,23.63,24.49,101.74,10.12,1.04
T5,98.302,141.9,24.91,26.03,23.99,25.55,99.11,10.39,1.01,161.01,26.94,26.96,28.14,27.91,113.71,10.04,0.94
T5,98.449,137.95,28.29,25.86,27.56,26.24,101.99,10.86,0.97,157.51,24.5,25.33,26.34,26.16,96.63,10.01,0.94
T4,98.541,175.98,27.91,26.46,26.56,27.68,98.8,9.84,1.01,170.29,27.96,27.22,24.37,28.14,101.43,11.31,1.1
T7,99.079,156.69,29.19,27.13,26.06,28.56,99.65,10.44,1.1,152.5,27.32,25.6,27.46,28.43,112.07,10.23,0.98
T4,99.376,161.94,26.61,26.96,24.34,28.46,98.5,10.94,0.99,171.39,24.71,26.84,24.52,29.3,102.55,9.65,1.08
T4,99.875,154.97,26.37,25.54,25.65,28.19,106.37,11.27,0.94,178.52,27.85,25.32,28.3,25.0,96.09,9.88,1.07
T6,100.27,154.64,25.69,23.73,26.31,24.79,98.5,11.18,1.04,159.46,26.94,27.06,28.62,27.71,114.85,10.88,1.15
T7,100.314,160.0,28.06,26.42,23.77,27.76,108.63,9.88,1.01,155.24,28.11,26.56,27.61,27.96,102.28,10.22,1.03
T9,100.546,154.48,28.35,26.94,27.05,29.57,95.62,11.38,1.03,161.26,25.58,25.68,24.76,29.26,98.27,10.32,1.1
T4,100.722,158.23,24.83,28.55,26.7,26.41,96.97,10.57,0.95,162.67,26.36,27.43,28.05,26.32,95.56,9.57,1.09
T10,100.921,152.91,23.66,27.33,26.3,27.7,98.52,11.25,1.04,167.36,25.26,25.26,23.12,25.78,103.69,10.98,1.0
T9,101.08,152.36,28.55,28.42,24.58,25.81,95.81,10.57,1.09,149.3,26.6,26.06,25.35,25.73,109.67,11.38,1.01
T10,101.083,163.72,23.71,24.89,23.22,25.48,97.63,10.22,1.1,150.04,24.65,24.63,23.98,24.82,99.13,10.18,1.0
T4,101.131,159.91,27.78,26.07,24.83,26.45,106.45,11.28,0.93,164.36,25.42,28.12,24.06,27.53,96.04,9.6,0.98
T9,101.293,157.77,25.65,27.49,26.4,29.35,105.77,10.1,1.12,168.31,29.35,28.44,27.06,28.24,105.48,11.2,1.07
T7,101.488,150.56,29.35,24.8,27.33,28.21,107.31,11.41,0.98,165.06,28.4,23.99,27.28,25.88,102.84,10.75,1.04
T6,101.584,148.1,27.52,26.74,25.4,25.63,98.07,10.48,1.13,146.84,26.01,23.16,25.81,27.26,108.24,10.92,1.01
T4,101.709,154.59,25.29,26.7,25.56,25.16,109.03,10.4,0.92,168.87,24.09,26.78,28.04,26.05,100.12,9.74,0.95
T7,101.742,157.76,27.21,26.11,25.65,28.53,100.91,9.75,1.07,156.66,28.12,25.83,26.22,26.32,108.4,10.52,1.08
T6,101.808,148.54,28.74,25.89,26.87,24.64,98.62,9.92,1.13,161.78,28.11,26.38,24.7,27.57,115.23,11.02,1.01
T9,102.238,155.67,27.34,26.31,25.45,29.57,97.68,10.02,0.95,163.95,26.49,24.85,24.96,28.39,108.26,11.19,1.04
T9,103.066,159.6,28.3,24.31,23.68,25.66,100.3,11.4,1.08,155.42,26.63,26.73,24.42,25.69,109.72,11.34,1.05
T6,103.287,154.42,27.83,23.16,28.85,27.96,107.01,10.44,1.01,149.77,27.9,24.26,29.11,24.95,105.33,11.28,0.98
T10,103.483,153.36,23.52,26.72,25.91,26.14,106.38,11.58,1.1,149.52,24.14,24.47,25.45,24.03,109.89,11.03,1.03
T4,103.684,169.04,27.26,27.08,26.06,28.1,105.12,10.5,1.04,159.91,26.87,28.56,27.5,27.02,102.44,10.51,0.95
T7,103.841,148.19,27.5,26.46,26.67,24.7,105.4,9.95,0.97,155.26,27.5,26.08,27.13,24.53,100.92,9.88,1.08
T9,103.938,157.53,27.45,26.54,23.81,26.89,104.92,10.0,1.04,160.2,26.08,26.16,25.8,26.86,100.95,9.94,1.03
T6,103.985,167.99,26.43,23.81,24.96,25.07,105.01,11.46,1.13,149.35,27.42,23.52,27.89,25.21,114.84,11.15,1.06
T9,104.894,165.97,28.85,25.8,25.46,25.96,111.66,11.21,1.07,155.74,29.11,26.46,23.67,28.08,98.96,11.45,0.96
T10,105.037,156.53,26.07,24.83,26.2,25.75,99.09,10.31,1.0,146.37,24.05,24.46,25.99,26.95,106.24,10.16,1.16
T10,105.35,164.5,24.33,27.17,23.64,24.06,111.05,10.72,1.1,150.38,25.48,27.68,23.57,24.47,109.79,10.52,1.02
T6,105.425,167.14,25.32,23.54,27.56,25.06,111.82,10.01,1.01,152.21,28.68,24.71,27.27,24.23,99.5,9.84,1.16
T7,105.534,170.4,27.62,24.06,24.42,25.97,107.02,11.2,0.95,164.87,28.2,26.15,25.02,25.73,108.92,10.78,0.98
T4,105.771,174.22,24.1,28.94,28.17,24.94,101.28,10.37,0.98,163.49,24.88,26.31,26.88,25.36,106.25,9.59,1.0
T10,105.844,157.35,24.8,27.3,24.66,24.16,108.19,11.27,1.0,151.84,24.88,26.89,27.4,24.42,105.37,10.73,1.1
T7,105.938,149.02,25.31,23.49,24.02,27.56,114.26,10.48,1.05,165.52,29.1,26.27,26.6,24.33,110.2,9.78,1.06
T9,106.568,157.0,28.3,27.45,24.98,29.1,103.51,10.96,0.98,156.91,28.55,28.01,24.98,25.76,109.58,10.71,0.98
T9,107.572,150.77,28.87,28.0,26.29,29.15,111.04,10.2,0.95,149.99,25.07,27.3,24.84,27.15,101.63,9.88,1.01
T6,108.043,154.4,26.21,24.6,28.01,24.9,101.1,10.47,1.04,149.33,27.25,25.06,27.41,25.59,111.35,10.34,1.05
T7,108.294,165.12,26.51,24.14,25.62,24.61,113.53,10.46,0.95,174.32,26.81,25.75,25.29,25.65,113.72,10.01,1.07
T10,108.374,156.86,25.92,26.72,27.26,27.2,105.0,11.49,1.13,156.04,27.04,25.54,25.43,27.41,96.2,10.17,1.14
T7,109.047,161.51,27.45,24.76,26.37,26.79,103.67,11.17,1.11,174.62,26.73,24.93,26.71,27.37,101.26,11.48,1.12
T9,109.341,157.1,25.09,27.78,24.6,26.06,107.99,10.68,1.01,145.9,28.12,24.81,23.76,28.87,99.22,10.17,1.02
T7,109.554,161.51,26.98,23.88,23.82,28.09,112.04,10.15,1.11,171.43,26.66,24.82,24.25,28.35,107.25,10.02,1.04
T7,110.12,165.06,25.54,27.42,26.94,25.24,108.56,10.3,0.97,159.87,27.23,27.36,26.97,27.97,112.51,10.61,1.03
T10,110.372,155.28,25.27,27.5,25.88,26.18,103.76,11.58,1.0,152.1,26.97,28.0,25.72,27.51,98.62,10.86,1.1
T10,110.602,161.05,25.88,28.07,23.38,25.35,98.29,10.28,1.11,160.9,24.75,25.02,23.93,23.4,104.53,9.9,1.01
T9,110.737,153.97,25.27,24.82,24.04,27.19,109.83,10.02,1.02,167.36,25.55,25.34,26.95,26.84,112.09,10.36,1.02
T10,111.373,165.95,25.42,25.62,25.54,25.7,99.01,11.13,1.0,147.22,27.25,27.32,26.63,24.05,104.7,10.72,1.07
T4,111.792,155.74,26.73,26.47,26.34,26.12,107.98,9.93,0.98,171.86,27.7,25.98,24.52,28.98,100.0,9.94,1.09
T9,112.604,167.04,26.11,27.43,23.74,25.64,98.74,10.22,1.04,171.15,27.87,24.4,25.26,25.26,112.06,10.41,1.07
T9,114.992,159.26,26.4,25.66,23.4,26.93,105.46,10.12,1.04,169.18,29.12,26.35,25.07,29.34,101.1,10.74,0.99
T9,115.76,153.6,27.87,28.38,25.1,25.24,110.7,10.44,1.1,153.51,26.2,26.36,25.71,26.94,97.06,9.94,1.03
T9,116.18,166.71,25.72,25.5,26.09,26.51,101.47,11.34,1.06,154.02,25.15,26.95,25.11,29.1,98.06,10.67,1.06
