task_type,arrival_time,est_m1,est_m2,est_m3,est_m4,est_m5,est_m6,est_m7,est_m8,ext_m1-1,ext_m2-1,ext_m3-1,ext_m4-1,ext_m5-1,ext_m6-1,ext_m7-1,ext_m8-1
T3,0.003,10.15,29.28,113.24,10.09,26.82,103.53,23.71,144.42,11.18,25.0,105.56,9.83,25.43,116.62,24.54,160.61
T8,0.024,9.75,27.91,109.85,10.07,26.29,114.79,25.08,150.11,10.64,26.21,99.46,9.91,25.83,114.53,26.1,172.1
T9,0.045,9.45,25.55,102.19,10.98,26.94,102.89,25.74,163.32,9.64,23.73,103.17,10.77,26.8,112.51,26.89,164.05
T2,0.047,10.19,26.74,100.62,9.24,26.69,97.84,26.0,166.65,9.72,24.44,110.03,10.19,24.88,98.04,27.51,152.61
T3,0.071,10.28,29.22,100.93,10.8,25.62,115.05,27.48,154.72,10.96,27.29,114.13,11.11,25.12,102.99,28.0,163.17
T8,0.079,9.8,28.21,110.85,11.63,27.1,105.28,26.14,152.88,10.52,26.64,113.24,10.62,24.15,99.17,27.95,155.51
T7,0.115,11.02,23.85,107.27,9.6,24.48,110.68,24.29,146.18,9.72,25.82,96.54,10.96,25.02,98.16,25.3,145.25
T7,0.121,11.31,25.62,107.74,9.38,24.95,100.97,27.22,163.07,10.47,27.41,109.5,10.28,24.12,94.98,26.15,140.63
T8,0.132,10.53,25.21,99.02,11.0,25.61,102.84,24.66,161.16,10.22,26.78,102.26,10.7,25.08,111.42,26.85,164.6
T8,0.151,10.89,24.92,106.73,11.15,26.8,109.18,25.52,146.81,10.6,25.76,105.53,11.58,27.34,101.86,25.29,163.93
T5,0.152,9.66,24.33,95.48,10.13,25.97,103.6,25.87,162.53,9.78,25.34,104.58,11.65,27.22,104.55,29.33,167.09
T1,0.196,10.18,25.81,94.5,10.11,28.66,108.85,24.39,146.78,11.18,23.77,110.26,9.89,24.89,106.52,25.87,148.64
T5,0.2,11.04,25.18,106.42,10.2,24.07,98.82,25.43,154.28,10.03,24.48,92.54,11.31,24.6,98.73,28.83,158.52
T10,0.201,9.76,25.32,101.02,11.06,24.03,113.34,28.78,158.82,10.36,25.28,109.48,10.04,25.69,97.51,27.88,159.19
T6,0.209,10.21,25.45,105.19,10.96,26.98,116.94,27.32,141.53,10.98,26.19,102.33,9.73,25.75,100.42,28.61,159.65
T6,0.216,11.11,25.84,103.27,9.54,28.38,111.82,26.54,138.05,10.2,28.19,95.81,9.98,24.78,111.91,28.72,157.17
T4,0.217,10.11,26.62,95.57,10.24,24.48,106.99,24.43,148.57,9.98,26.67,109.96,10.03,23.72,100.59,24.84,159.2
T7,0.225,10.45,25.92,108.07,10.18,23.3,104.14,25.75,160.97,11.0,25.35,97.68,10.69,25.06,96.92,26.21,150.5
T6,0.228,10.81,25.64,102.61,10.86,28.19,102.11,27.76,158.51,11.35,25.59,107.47,9.48,29.29,102.2,26.83,151.31
T1,0.242,9.96,26.15,95.84,10.88,25.6,93.92,24.98,165.03,9.86,27.1,108.65,10.37,26.58,95.34,25.49,165.57
T3,0.258,9.8,25.5,100.7,10.73,24.82,110.43,26.61,161.89,10.35,28.07,112.97,9.92,26.4,106.45,23.74,164.69
T9,0.304,10.2,25.12,107.6,10.07,26.74,109.44,25.98,156.83,9.53,27.41,114.83,10.02,25.31,111.29,25.81,156.26
T9,0.31,10.4,27.67,114.49,10.9,25.03,105.0,24.44,150.12,9.45,23.69,106.77,10.44,25.52,100.2,25.19,162.29
T3,0.311,10.58,28.02,106.35,9.82,24.42,102.53,27.5,166.09,9.87,25.2,105.7,10.3,28.97,100.73,23.74,143.22
T7,0.312,10.78,26.44,97.7,10.66,26.31,105.84,26.28,152.28,10.34,25.01,109.92,10.69,27.19,111.54,25.68,143.32
T1,0.323,10.71,25.1,105.39,11.15,24.45,95.15,27.65,161.47,10.01,24.78,98.82,9.6,24.42,106.51,27.36,161.56
T2,0.348,9.66,25.34,107.53,10.51,25.36,112.52,24.52,169.37,10.09,24.84,104.79,10.4,27.45,97.96,24.12,160.97
T8,0.352,10.81,26.31,102.65,11.6,27.56,101.47,27.43,147.08,9.87,27.84,103.84,11.22,25.5,114.06,24.02,159.19
T7,0.353,10.05,24.92,100.58,11.0,23.45,109.77,26.88,150.12,10.67,27.27,110.22,9.43,25.8,100.24,24.55,148.72
T7,0.365,11.44,25.73,94.78,10.69,26.95,109.91,26.02,162.02,10.36,24.06,95.0,10.09,27.45,110.04,23.64,158.58
T4,0.372,9.92,24.67,101.72,9.7,26.6,106.49,25.95,166.21,9.73,25.37,109.47,9.5,23.2,110.32,24.45,157.82
T5,0.376,11.07,26.44,105.67,10.56,25.68,106.48,27.6,149.69,10.29,26.33,98.04,11.28,23.36,95.22,26.16,172.99
T6,0.383,11.0,28.51,101.87,10.96,26.19,105.66,26.17,144.77,10.57,29.14,102.99,10.74,25.02,115.17,28.4,163.35
T3,0.411,9.81,26.45,101.65,10.45,28.48,109.48,24.86,163.67,10.82,29.27,109.55,11.37,24.61,108.56,23.89,152.57
T4,0.428,10.71,24.78,110.54,10.29,26.21,105.03,26.96,155.48,10.98,26.6,100.86,9.44,23.72,109.4,26.6,151.83
T3,0.445,10.33,25.46,105.51,10.75,28.16,116.41,27.73,145.18,10.9,28.99,103.79,10.72,27.78,109.41,26.91,145.96
T8,0.449,9.99,25.39,102.84,10.34,24.3,102.86,23.79,149.41,9.57,26.43,101.99,10.6,27.79,103.21,25.16,168.98
T7,0.463,10.67,25.2,97.1,9.95,26.21,100.96,26.55,152.52,10.98,24.04,106.07,9.76,25.36,111.2,26.74,144.58
T2,0.48,9.27,26.99,112.22,10.73,25.6,110.71,25.6,156.18,9.39,26.11,106.51,9.51,28.26,116.01,26.8,163.34
T4,0.493,10.76,23.8,104.28,9.41,25.65,108.15,26.72,166.84,10.71,24.55,93.54,10.51,25.57,110.24,27.25,165.7
T4,0.493,10.67,24.85,96.14,9.74,23.7,103.24,26.17,166.27,11.36,23.54,96.4,10.25,24.86,95.24,23.23,150.99
T8,0.506,10.11,28.33,106.44,11.12,26.44,107.05,28.05,148.95,9.96,28.56,102.57,11.3,24.8,104.79,23.8,171.62
T10,0.514,11.44,27.46,102.78,10.18,26.57,105.12,27.66,154.06,10.73,25.39,95.56,10.98,28.04,112.49,25.65,171.75
T3,0.523,10.66,26.95,117.96,11.37,25.98,104.6,23.88,140.88,10.59,28.16,117.18,10.66,28.53,99.17,25.66,154.56
T5,0.528,10.47,27.06,100.28,11.14,25.52,98.29,27.44,158.78,10.72,24.45,101.44,11.45,26.2,108.85,28.85,170.7
T3,0.549,9.98,26.08,104.18,10.77,26.82,102.21,27.18,143.22,9.99,26.36,106.61,9.74,26.64,113.32,24.15,160.37
T2,0.571,9.79,26.14,108.4,10.32,27.65,108.56,27.52,160.55,10.34,24.6,103.72,9.27,26.6,110.44,24.91,151.4
T3,0.577,9.9,26.59,105.32,11.21,26.02,110.19,27.4,159.52,11.36,25.7,100.54,10.2,28.19,116.96,27.18,164.58
T2,0.588,10.53,27.46,99.76,9.82,26.98,102.4,24.56,151.08,10.49,24.87,116.98,9.78,28.66,99.12,25.38,147.85
T2,0.605,10.85,25.2,108.34,9.6,27.58,106.4,24.6,153.95,9.95,26.88,108.38,10.46,28.09,102.25,24.07,149.01
T2,0.611,9.56,24.14,115.06,10.42,29.33,111.64,26.66,161.87,9.85,27.28,110.86,9.74,28.47,114.25,24.58,168.41
T8,0.622,9.94,27.51,96.73,10.31,24.0,100.92,25.34,168.88,10.01,24.72,109.06,11.23,27.98,109.72,27.06,157.63
T8,0.628,9.97,27.5,96.62,10.07,26.03,106.46,26.84,170.79,9.94,25.31,108.41,11.35,27.84,112.42,23.94,158.44
T1,0.635,11.67,24.82,101.69,10.41,25.73,97.13,28.26,144.78,9.97,24.04,94.53,9.87,26.36,107.32,28.46,166.72
T7,0.646,10.52,23.78,94.25,10.04,26.68,95.51,22.99,164.19,9.68,25.19,102.81,11.06,26.71,96.85,23.5,160.79
T10,0.649,10.6,25.91,94.46,10.98,24.45,106.74,28.82,172.63,9.92,25.18,97.59,11.22,27.12,107.56,28.62,176.66
T7,0.663,10.32,24.61,104.38,10.62,23.18,99.05,23.5,147.73,9.68,27.42,103.06,9.39,23.82,105.56,24.73,143.28
T7,0.67,10.23,25.51,98.99,9.59,23.92,101.66,23.28,156.38,11.04,26.96,93.76,9.56,24.69,109.52,26.51,157.34
T7,0.685,11.27,27.01,110.16,9.46,23.9,102.99,25.43,146.34,11.19,26.02,96.5,10.29,26.66,98.95,23.73,152.77
T4,0.687,10.33,26.42,93.56,10.12,24.16,93.77,26.53,140.6,10.88,27.81,94.6,10.16,24.88,102.32,25.94,155.74
T5,0.69,9.52,26.1,93.92,11.59,23.2,95.98,26.1,157.81,9.51,26.97,109.48,11.4,24.76,103.6,27.36,153.05
T4,0.731,11.23,27.63,110.87,10.89,26.68,98.35,27.23,165.28,10.94,26.31,97.75,10.66,25.66,105.03,24.33,147.32
T5,0.734,10.65,24.47,104.06,10.93,26.59,95.22,27.86,166.09,10.95,28.25,93.78,10.73,23.71,105.39,27.99,169.4
T9,0.762,10.56,25.03,100.58,10.27,24.16,101.14,24.43,174.62,9.69,27.94,104.33,11.43,27.23,111.0,27.08,153.26
T6,0.762,10.02,24.86,112.7,9.66,28.47,115.9,28.6,141.04,11.66,25.72,96.69,9.65,25.37,113.66,27.33,147.28
T1,0.768,11.61,27.91,104.9,10.3,26.36,92.59,28.28,146.79,10.15,23.76,100.35,10.24,27.91,98.22,27.36,148.35
T10,0.786,10.37,26.6,107.85,10.74,25.36,102.17,28.83,157.82,10.64,23.47,98.88,9.89,26.0,108.19,25.88,162.42
T6,0.794,10.51,25.1,109.34,10.59,28.68,99.55,29.26,154.04,11.32,26.58,101.8,10.33,26.92,102.12,25.36,162.1
T4,0.797,10.94,26.68,109.65,9.74,25.46,96.29,27.14,142.24,9.77,25.92,97.07,9.99,26.02,99.58,24.92,146.28
T2,0.812,10.54,24.25,98.96,9.34,28.86,100.93,27.04,170.16,10.56,25.52,100.93,10.68,28.24,99.64,25.45,170.2
T4,0.855,10.05,26.98,107.46,10.16,23.13,106.49,24.83,150.72,10.4,24.43,103.31,10.33,26.59,100.31,25.41,165.62
T9,0.865,10.66,25.14,113.25,11.29,23.77,116.26,25.1,157.04,10.84,26.37,106.04,10.1,24.6,101.65,27.37,172.39
T3,0.883,10.3,25.22,109.08,10.89,27.51,110.19,26.49,158.19,10.51,27.76,101.28,9.99,27.79,107.79,23.82,142.5
T8,0.89,10.69,27.82,113.52,11.53,24.4,98.2,26.67,160.89,10.03,25.39,111.26,11.07,25.24,115.23,25.83,153.09
T8,0.902,10.2,26.77,112.57,10.88,26.59,105.18,27.33,167.2,10.85,25.66,99.21,10.23,26.14,102.42,23.86,155.0
T2,0.904,9.74,24.9,108.54,10.88,28.3,100.15,24.11,157.28,10.16,27.05,116.41,10.54,27.65,99.89,25.32,157.29
T1,0.938,11.55,24.18,101.58,10.13,26.48,99.96,25.17,153.35,11.1,26.92,95.35,11.22,25.48,97.55,28.12,162.79
T1,0.949,11.18,23.73,100.41,11.24,28.8,107.09,26.49,162.85,10.69,23.72,100.86,10.18,28.8,96.23,26.26,164.16
T9,0.969,10.83,23.88,104.11,9.99,27.26,105.05,24.42,167.25,9.85,27.09,105.92,11.64,26.51,112.22,28.34,149.91
T7,0.979,11.1,26.93,96.28,10.44,26.28,103.46,23.26,153.1,9.85,25.07,93.98,10.18,24.35,107.41,23.98,156.31
T3,0.987,11.21,25.17,116.21,11.06,27.61,103.33,26.06,156.77,10.01,28.17,117.54,10.53,26.85,102.59,26.2,141.84
T3,0.989,10.14,26.77,117.17,9.73,26.3,117.46,27.2,157.04,10.32,25.16,103.72,9.88,25.87,104.44,28.1,147.59
T6,1.002,11.49,25.51,110.48,10.29,26.13,102.54,27.75,141.59,10.8,26.28,112.88,9.59,25.64,104.95,26.79,162.04
T8,1.011,9.88,28.74,102.76,11.14,25.9,110.79,26.24,168.06,9.35,28.53,112.28,10.58,26.1,107.3,26.93,158.32
T7,1.012,10.28,25.31,103.21,9.99,27.33,94.51,23.26,151.57,10.86,26.8,96.25,9.36,23.14,96.71,23.31,140.43
T10,1.027,10.81,25.28,106.33,11.12,23.95,113.79,28.34,168.76,10.36,24.93,100.16,11.49,27.27,97.48,26.98,158.15
T7,1.027,10.55,26.04,101.77,10.42,25.41,106.57,26.19,138.76,11.12,25.25,94.67,9.88,23.51,102.42,23.73,146.87
T2,1.027,10.73,25.16,105.77,9.63,26.4,99.31,26.52,149.94,9.56,28.2,98.63,9.89,26.55,108.56,24.06,165.81
T2,1.029,10.18,25.92,116.85,10.18,28.8,101.26,27.08,153.65,10.36,24.0,112.43,10.52,28.58,108.92,25.69,150.83
T10,1.043,10.41,26.0,95.95,10.8,24.43,111.02,24.73,168.99,10.1,24.81,106.27,10.67,24.46,111.0,26.18,156.86
T10,1.056,9.94,24.91,101.5,11.4,24.47,97.99,25.49,158.6,10.73,27.45,101.76,10.99,27.4,97.38,27.71,162.94
T8,1.06,9.42,25.2,107.58,11.44,27.74,101.52,24.58,158.49,9.44,28.53,106.15,10.45,26.52,106.97,27.08,163.62
T5,1.062,9.94,25.6,103.48,11.3,25.26,96.72,27.34,151.3,9.52,26.96,98.52,11.13,26.51,111.55,28.55,164.57
T6,1.063,10.44,27.8,102.89,10.31,24.96,104.14,27.33,155.13,10.81,28.72,104.95,10.31,28.39,102.05,27.09,141.92
T7,1.102,10.26,26.82,97.8,10.34,25.38,111.43,24.47,143.65,11.09,26.3,103.03,9.62,26.59,94.48,22.98,148.59
T5,1.106,10.58,27.68,99.63,10.12,25.48,102.6,28.07,153.68,10.52,24.88,98.65,9.9,23.16,110.57,26.84,161.69
T9,1.107,9.47,25.51,108.24,11.63,26.8,103.46,24.42,163.04,10.81,24.98,110.88,10.53,23.82,107.08,27.6,156.47
T7,1.109,9.94,27.68,108.6,10.19,25.35,97.31,27.11,142.16,10.43,24.7,105.58,9.8,26.58,105.01,24.53,163.07
T9,1.123,9.5,23.89,119.39,10.29,24.03,114.23,28.68,153.65,10.67,24.88,106.85,10.19,26.91,109.58,27.52,174.34
T10,1.129,10.15,26.22,106.2,10.9,25.18,107.38,27.2,157.39,11.14,27.45,95.23,10.1,26.7,105.6,29.15,151.12
T4,1.134,10.74,24.79,108.1,11.05,25.37,96.8,23.35,162.62,11.49,27.61,95.0,10.82,24.69,104.81,27.07,163.26
T6,1.165,11.63,29.16,109.94,10.88,27.1,116.25,26.64,147.23,10.55,28.19,99.14,9.67,28.01,107.12,28.62,151.91
T7,1.19,10.5,26.31,95.0,9.72,24.96,109.54,26.1,147.69,10.5,23.35,96.5,9.95,27.35,108.66,25.57,151.92
T10,1.198,10.32,23.61,109.64,10.36,26.15,103.23,27.71,151.03,10.38,23.9,100.42,10.12,25.8,99.71,25.06,164.45
T9,1.211,9.61,24.96,106.58,11.35,23.52,116.02,28.11,170.97,10.36,26.46,107.63,9.98,23.97,101.18,25.28,163.74
T1,1.212,10.65,26.75,109.67,10.88,27.61,108.32,25.02,154.8,10.1,24.51,97.83,11.05,25.32,108.09,27.8,160.87
T9,1.238,10.21,24.36,106.17,11.48,27.26,105.24,28.52,153.53,10.36,24.56,101.84,11.35,26.22,117.26,25.99,147.42
T9,1.255,9.44,26.4,110.55,10.4,27.31,101.66,24.29,165.95,11.04,26.83,104.56,11.33,24.46,107.95,25.44,152.76
T4,1.261,10.51,27.42,109.65,9.68,26.27,109.25,24.56,153.24,11.27,23.66,106.94,9.42,26.63,103.18,24.86,158.18
T7,1.265,10.66,26.77,93.48,10.26,26.35,107.5,26.64,144.41,10.95,25.44,105.08,9.98,26.98,112.13,23.62,140.63
T7,1.268,10.5,25.42,99.15,10.75,26.98,101.83,23.25,151.53,9.94,25.68,105.88,10.53,27.42,105.85,24.63,150.98
T8,1.272,10.79,26.25,101.43,10.15,27.51,111.03,26.3,160.58,10.4,24.72,99.02,10.96,26.82,102.07,24.03,172.38
T5,1.276,10.24,28.38,93.81,10.43,27.3,110.1,27.54,155.2,10.21,24.44,107.88,11.36,23.13,96.44,25.73,169.9
T1,1.306,10.44,26.42,106.73,11.23,24.94,100.31,26.14,157.27,11.47,23.92,108.28,10.6,27.15,101.17,24.17,157.34
T8,1.308,10.76,25.59,110.66,10.31,25.18,98.41,26.46,146.85,9.68,25.25,97.94,11.27,26.26,102.69,24.16,166.16
T6,1.317,11.31,25.84,111.53,10.49,26.87,110.85,28.97,153.51,10.03,27.15,97.1,9.59,29.01,111.98,28.29,149.87
T10,1.358,10.39,23.66,106.62,10.3,24.52,112.34,26.42,150.99,10.82,24.87,107.27,11.4,26.32,103.16,28.03,167.67
T2,1.379,9.37,24.25,104.04,10.63,28.68,107.75,27.02,164.7,9.8,26.34,102.64,9.6,25.35,115.24,27.45,156.26
T1,1.397,10.48,25.28,100.13,9.6,26.78,93.09,25.09,158.64,10.72,24.1,96.2,9.88,25.83,96.56,26.14,162.61
T8,1.398,10.18,27.18,103.82,10.2,27.3,100.19,26.1,167.05,9.74,27.08,111.42,9.88,26.48,99.83,26.73,171.33
T8,1.407,10.83,28.6,105.59,9.87,27.5,108.6,26.91,153.76,9.2,25.99,104.64,11.16,24.3,101.88,26.73,161.26
T1,1.407,10.32,27.87,95.73,9.73,28.4,92.39,27.32,144.0,10.2,25.76,109.38,9.86,27.08,103.62,27.1,158.98
T8,1.417,9.74,27.99,107.23,10.21,27.75,107.73,26.81,152.17,9.62,25.62,110.26,10.51,26.59,104.47,24.47,166.24
T6,1.417,10.77,26.14,110.19,9.89,25.22,107.71,27.62,162.17,11.03,27.81,113.78,9.95,25.86,109.02,29.27,162.0
T6,1.431,9.92,28.5,100.72,10.92,28.04,112.25,29.11,154.01,10.81,28.42,107.93,10.54,28.05,101.63,26.92,159.49
T4,1.444,10.39,24.07,105.68,10.75,26.15,109.05,25.95,160.54,10.19,23.89,107.45,10.19,24.72,104.08,26.79,150.78
T1,1.449,10.37,26.46,94.56,11.18,25.04,100.39,25.13,142.3,11.62,27.23,100.41,11.18,25.27,93.22,27.99,157.45
T10,1.477,11.07,26.79,106.36,11.25,25.44,103.91,28.81,169.92,10.59,26.56,104.5,10.8,25.82,102.41,27.49,161.95
T4,1.479,10.16,25.72,106.24,10.77,25.26,109.91,24.1,162.72,11.4,24.46,100.7,9.67,23.03,101.59,25.03,145.71
T9,1.49,10.71,25.36,109.98,10.74,27.22,110.17,28.8,148.56,9.8,25.13,113.39,10.96,25.6,106.54,26.39,170.98
T5,1.512,9.51,27.69,99.7,10.53,24.24,104.83,27.75,158.76,10.74,25.25,108.84,9.98,24.96,96.54,27.54,159.32
T8,1.513,10.23,25.12,102.63,11.18,26.9,105.14,27.69,152.08,10.29,24.38,105.83,11.36,27.97,115.39,27.27,163.62
T5,1.516,9.7,24.8,93.69,11.08,23.14,99.49,28.46,154.02,10.8,25.28,105.78,11.36,26.9,106.72,27.86,172.2
T5,1.518,10.8,25.82,109.65,10.7,23.62,99.0,26.26,162.25,10.37,24.56,92.54,10.86,23.17,107.79,28.07,150.87
T3,1.544,11.35,29.06,111.35,11.39,26.74,111.58,27.78,159.2,10.71,28.44,100.61,10.22,25.98,115.87,24.96,166.19
T1,1.558,11.18,25.59,105.42,10.13,24.47,93.58,25.31,166.54,10.85,23.75,95.43,9.65,26.07,100.5,26.98,156.69
T2,1.558,10.11,24.11,114.61,9.38,28.82,102.78,25.49,150.1,9.58,28.25,112.08,10.87,28.31,113.48,25.93,154.1
T10,1.562,9.88,26.25,95.42,11.17,27.17,104.76,24.81,165.61,11.46,26.55,96.79,10.04,24.82,102.41,28.75,173.03
T2,1.582,10.83,24.48,99.16,10.4,29.23,101.28,26.84,145.0,9.96,26.36,105.12,9.95,28.92,108.56,24.16,163.34
T7,1.59,11.12,26.08,99.23,10.28,23.4,102.56,24.53,139.59,9.66,26.15,99.25,9.41,24.64,105.34,23.14,163.06
T7,1.592,11.18,23.38,110.15,9.42,26.21,108.99,26.95,164.71,11.36,26.42,107.59,10.06,24.94,100.03,23.31,158.5
T5,1.599,10.01,25.17,98.9,10.38,25.77,103.25,26.84,175.66,10.5,28.49,109.42,10.34,26.29,111.06,26.22,155.2
T2,1.602,9.91,27.51,106.2,10.16,26.35,106.11,26.0,160.01,10.32,25.71,104.22,10.44,25.27,102.76,25.18,151.16
T5,1.608,9.95,26.07,96.07,11.24,27.41,96.06,28.59,156.53,10.53,26.3,100.04,11.3,25.86,111.5,27.84,163.42
T1,1.616,10.03,24.07,98.14,9.82,25.45,104.22,27.1,145.5,11.04,24.29,102.46,10.64,26.06,96.79,27.32,146.79
T2,1.622,9.32,27.62,114.69,10.63,26.63,110.83,27.39,150.13,9.62,26.68,107.08,10.13,29.1,101.24,25.41,145.72
T8,1.648,9.57,27.94,110.81,11.36,27.32,101.2,25.98,169.17,10.81,28.06,109.76,10.1,27.7,111.72,25.93,158.57
T10,1.649,10.76,25.92,108.12,11.51,24.84,104.71,27.55,161.61,11.32,25.07,104.86,10.55,24.89,104.24,26.16,173.31
T4,1.659,10.82,27.67,109.55,9.98,24.65,105.48,26.81,147.16,10.35,23.86,93.26,10.51,23.82,100.65,23.06,155.46
T2,1.659,10.01,27.73,111.62,10.3,25.72,100.04,25.5,166.96,10.91,27.8,111.09,10.03,25.28,105.56,24.62,152.65
T3,1.677,11.3,27.42,115.04,10.29,26.65,110.21,28.19,164.82,11.15,27.1,107.58,11.3,28.62,108.24,24.68,155.03
T1,1.696,11.05,27.11,109.2,9.66,28.47,101.67,28.01,158.56,11.43,25.53,98.24,10.56,25.99,106.08,27.84,163.58
T4,1.719,10.39,25.32,106.93,10.38,23.24,93.46,24.32,154.18,10.02,26.72,102.6,11.03,26.42,96.38,26.26,147.91
T2,1.733,10.7,27.2,102.66,10.32,28.98,98.86,26.05,160.69,9.9,24.93,104.97,10.92,26.42,110.3,24.46,171.05
T10,1.746,10.18,24.83,107.05,10.11,27.95,102.18,28.64,163.45,11.45,25.36,102.16,10.22,24.16,101.11,28.14,170.77
T4,1.753,11.46,27.32,108.85,10.87,23.96,95.5,25.68,144.98,11.49,26.58,107.58,10.5,26.07,104.43,27.4,152.49
T2,1.789,9.73,26.46,106.59,10.48,28.68,114.79,26.67,156.22,10.95,27.09,108.84,10.78,29.05,115.42,24.4,171.21
T7,1.789,11.02,25.22,105.86,10.92,25.13,111.42,22.92,156.66,10.81,23.7,98.34,10.46,23.37,109.52,26.47,139.39
T7,1.795,10.83,27.75,110.45,10.42,25.03,97.95,25.51,153.98,11.22,24.93,97.93,9.38,24.6,98.55,26.19,152.98
T4,1.804,10.15,27.62,101.42,10.17,24.57,101.7,25.78,166.66,10.16,25.84,95.86,10.51,27.05,99.25,25.98,160.62
T3,1.805,10.7,28.6,101.15,10.74,25.44,109.92,26.41,150.98,10.57,29.32,113.73,10.77,26.87,115.02,27.69,163.1
T10,1.817,9.91,24.54,104.19,11.11,23.9,110.77,24.66,160.97,9.72,23.81,96.48,10.26,26.73,110.45,28.52,176.66
T1,1.818,10.54,27.87,100.87,9.76,25.73,105.88,28.12,146.77,11.38,26.05,100.67,11.07,28.9,107.14,24.65,145.34
T2,1.824,10.56,27.62,106.51,10.24,28.68,105.06,26.71,159.81,10.15,25.14,111.12,9.41,26.55,112.67,24.62,153.95
T9,1.828,10.78,27.09,102.24,10.01,23.85,117.39,26.67,160.79,10.38,24.5,113.36,11.23,24.43,114.7,27.76,173.8
T8,1.855,9.99,24.5,105.74,10.94,23.82,103.41,24.46,170.07,9.89,28.42,96.72,10.45,27.15,103.84,23.84,170.39
T3,1.858,11.29,25.64,111.4,10.74,26.33,109.13,23.88,164.67,10.73,29.03,103.4,10.8,28.63,103.16,26.44,141.2
T10,1.876,10.52,25.73,99.53,10.27,25.34,107.72,27.82,149.66,11.09,25.84,105.88,11.3,24.08,99.08,25.02,176.22
T3,1.881,9.96,29.01,111.0,10.97,24.89,107.35,25.46,142.39,10.45,26.88,102.93,9.87,25.03,111.62,28.0,157.04
T1,1.907,9.99,26.21,93.84,10.29,24.45,97.05,25.01,163.55,10.46,24.8,103.91,10.84,24.74,99.1,26.04,144.82
T1,1.912,11.12,27.91,98.96,10.11,24.75,108.47,27.28,165.23,11.12,23.76,103.72,9.49,25.39,97.7,28.34,163.76
T2,1.919,10.51,26.34,103.41,10.88,25.95,110.71,27.77,166.07,9.95,27.96,102.25,10.04,27.13,115.26,27.44,151.4
T10,1.931,10.22,24.19,105.16,10.8,24.63,108.14,28.44,173.84,9.8,24.58,108.69,10.56,25.0,113.28,24.93,170.8
T2,1.934,10.64,26.54,105.77,9.9,27.09,116.15,24.06,149.19,10.92,24.8,106.35,10.34,28.53,101.69,25.73,163.13
T5,1.941,10.92,26.44,108.04,11.46,27.34,99.43,27.67,176.62,10.04,25.8,99.18,10.93,25.76,104.85,28.57,174.0
T4,1.965,10.4,26.27,101.1,10.23,23.95,108.03,24.13,147.79,9.79,27.59,106.75,10.83,26.95,110.42,24.92,156.91
T2,1.968,9.54,27.51,108.45,10.29,29.04,104.38,27.07,150.82,9.36,26.74,102.72,9.71,26.37,102.13,24.37,154.77
T7,1.989,10.73,25.07,105.34,10.75,25.6,109.34,23.64,150.78,11.45,25.35,102.45,10.51,23.85,97.28,26.34,145.35
T5,1.993,10.52,26.56,108.87,10.22,23.69,104.96,29.58,171.22,10.73,27.89,108.59,9.88,25.28,105.09,28.0,157.49
T1,1.994,11.55,28.03,108.65,10.0,27.13,98.73,28.38,148.23,11.4,27.26,107.78,9.65,26.82,101.3,28.55,163.96
T2,2.014,9.38,25.38,100.22,9.61,26.19,101.97,28.16,169.68,9.96,27.93,104.46,10.75,28.37,108.54,26.04,157.19
T10,2.026,9.8,27.44,98.05,11.3,28.2,98.34,29.06,157.39,10.68,25.55,99.66,11.45,25.79,113.01,27.74,175.16
T6,2.031,10.26,28.51,99.4,9.62,25.95,115.05,28.97,140.47,10.29,24.83,96.42,9.31,26.99,114.84,25.82,152.85
T5,2.033,10.32,27.43,107.09,9.96,23.64,98.2,26.93,152.51,9.46,27.52,95.98,11.62,24.18,95.12,28.65,150.38
T7,2.049,11.23,24.43,95.46,10.28,26.1,97.91,26.02,155.02,11.36,26.24,104.66,10.41,25.22,110.04,24.74,147.5
T7,2.052,10.34,23.92,102.15,9.9,23.35,95.62,25.81,160.18,10.82,25.02,110.14,10.09,25.74,97.01,23.84,148.51
T7,2.053,9.8,26.12,95.97,9.55,23.16,98.56,25.59,147.62,10.38,24.23,98.24,9.8,27.45,95.45,23.28,146.62
T7,2.066,10.52,25.39,98.15,10.26,27.02,97.26,24.1,151.11,10.59,26.38,109.29,10.98,24.65,99.61,23.87,144.79
T2,2.075,10.02,24.88,112.55,10.32,28.15,114.56,26.4,162.03,9.59,26.85,113.97,9.68,27.4,112.46,26.84,145.68
T8,2.076,10.81,25.94,103.8,11.37,26.59,106.85,24.77,169.61,10.76,27.68,112.66,10.74,26.02,101.76,24.76,170.29
T9,2.083,9.83,26.15,112.54,10.32,27.28,100.8,24.4,174.49,10.21,26.12,117.49,10.62,24.54,112.48,27.04,158.65
T8,2.085,10.37,26.15,113.71,10.41,27.16,112.93,26.93,152.28,10.02,27.08,107.32,11.6,25.82,104.96,24.38,155.63
T10,2.092,11.51,23.79,93.51,10.3,23.83,99.09,28.94,167.94,10.52,25.38,102.9,10.07,25.79,106.13,29.0,165.53
T5,2.095,9.62,27.04,92.69,11.2,25.75,107.34,26.8,174.58,10.02,27.63,107.95,10.85,27.37,97.14,26.31,158.71
T6,2.13,10.93,25.52,96.9,10.52,27.33,99.83,25.56,148.98,10.8,28.41,107.15,9.63,25.61,118.07,27.88,162.82
T9,2.134,9.89,26.57,103.85,10.82,26.45,102.21,27.16,156.05,10.42,25.51,108.5,9.93,24.92,100.59,28.23,165.1
T6,2.134,11.21,26.18,100.21,9.93,27.93,108.67,26.3,152.44,9.82,26.69,110.44,11.01,27.18,115.75,25.24,156.31
T1,2.14,11.31,24.79,105.97,10.62,28.34,104.21,24.77,157.79,11.17,24.63,100.96,11.2,28.49,100.61,26.27,162.19
T9,2.142,9.98,26.16,100.95,11.35,25.97,111.94,28.45,158.49,9.54,24.19,110.01,11.02,23.36,109.6,27.39,150.84
T4,2.159,10.83,23.72,107.24,11.07,26.27,101.03,23.75,157.7,10.91,23.74,105.42,10.33,25.49,105.46,27.22,148.2
T7,2.174,9.77,26.18,110.64,11.0,24.31,109.1,26.98,163.35,9.73,25.7,106.64,10.04,24.35,103.91,26.36,164.43
T7,2.197,11.44,26.61,102.77,9.53,26.9,105.14,25.28,160.22,11.02,23.91,106.22,10.28,24.22,95.07,27.15,148.1
T8,2.2,9.24,27.37,106.9,11.24,24.3,112.65,25.23,163.57,10.2,24.89,109.16,11.27,26.26,107.64,25.25,165.82
T3,2.208,9.75,25.62,102.54,10.64,24.9,109.18,24.27,162.16,10.41,26.64,116.13,10.73,25.02,107.33,26.9,165.78
T8,2.209,10.27,25.22,110.47,10.82,25.29,100.14,24.01,149.66,9.44,25.94,96.5,10.16,26.35,99.6,27.93,150.49
T2,2.228,10.76,28.01,102.74,9.64,24.83,106.44,27.0,153.02,9.94,27.08,109.0,10.09,26.06,105.24,27.8,158.08
T6,2.231,11.57,27.07,112.4,10.61,28.96,116.83,29.01,160.15,11.58,28.71,101.46,9.97,28.98,115.75,26.74,160.06
T3,2.233,9.89,28.44,102.09,11.24,24.81,113.69,25.62,151.36,10.15,26.22,115.4,10.36,27.01,103.11,24.16,149.73
T3,2.238,9.89,29.2,112.44,10.18,26.45,108.02,26.23,144.42,10.01,26.87,112.84,10.21,28.69,100.8,25.37,162.74
T2,2.251,9.51,27.28,104.79,10.13,28.16,105.9,27.3,164.41,10.71,25.91,115.57,10.31,24.89,98.14,26.0,159.86
T9,2.256,10.55,25.5,103.08,10.47,24.16,101.14,25.98,167.14,11.05,25.99,109.77,11.74,24.0,113.73,25.72,174.83
T6,2.272,11.5,26.49,106.53,10.77,28.74,115.04,27.2,140.65,10.17,26.53,112.28,9.44,26.74,115.17,25.42,154.61
T4,2.285,11.26,27.41,99.96,10.54,23.63,102.93,25.52,158.86,11.37,26.43,96.47,10.55,25.27,105.73,27.16,154.33
T9,2.291,11.03,26.68,119.28,10.29,26.28,102.79,26.55,156.73,9.62,26.02,113.49,10.99,27.4,107.08,24.28,167.77
T5,2.3,9.66,24.6,93.65,11.58,27.48,102.17,25.19,170.43,10.45,24.54,97.92,10.78,26.04,97.88,25.3,151.43
T2,2.323,9.83,24.4,101.78,9.51,25.96,105.4,26.39,170.01,9.86,28.11,106.38,9.55,26.87,99.13,28.16,149.97
T7,2.338,10.18,25.21,109.49,9.78,27.13,98.59,24.93,145.99,10.53,24.14,107.84,9.82,23.93,106.21,24.65,148.8
T5,2.344,10.99,27.67,108.4,10.54,27.02,95.44,27.22,153.07,11.07,27.17,109.65,10.05,24.24,110.03,25.25,166.51
T9,2.354,10.38,27.49,112.37,11.71,27.04,115.24,28.56,172.77,10.94,27.01,102.17,10.53,24.03,113.94,27.49,151.85
T9,2.365,10.34,24.55,116.25,10.56,25.89,117.03,28.53,150.43,9.97,27.3,108.57,10.49,26.19,110.14,27.81,170.72
T5,2.368,10.43,25.78,101.71,11.71,24.11,98.67,26.05,160.83,9.75,24.73,100.81,9.88,26.81,110.1,26.2,172.99
T10,2.372,11.4,25.71,103.41,10.46,27.96,98.46,28.7,157.84,10.87,26.64,107.27,10.46,25.13,107.2,27.24,154.68
T1,2.382,10.06,27.5,102.92,10.14,25.21,98.04,24.78,144.04,11.51,27.9,109.98,10.01,27.9,96.31,27.7,145.57
T5,2.391,10.18,27.22,103.0,11.01,23.88,110.2,28.97,160.69,11.14,28.21,106.75,10.56,23.33,97.96,29.62,154.27
T1,2.391,10.93,27.38,100.51,10.16,25.62,96.17,25.62,153.62,11.48,26.22,109.26,10.52,25.73,108.79,25.59,147.05
T9,2.394,9.7,27.41,112.76,10.4,24.62,101.56,24.31,166.51,11.13,27.71,110.08,10.52,27.06,109.97,28.74,163.76
T10,2.396,10.66,26.92,100.68,10.06,27.29,102.1,24.97,171.56,10.42,25.04,97.62,10.22,27.79,96.93,28.94,157.42
T9,2.396,9.73,25.49,118.36,10.59,23.38,105.29,27.93,157.3,10.9,27.85,102.67,11.5,25.72,105.82,28.06,160.79
T2,2.413,10.07,25.33,105.74,9.32,26.1,116.08,24.28,146.96,10.21,26.22,104.63,9.27,28.46,106.1,24.34,164.05
T6,2.416,10.9,27.05,100.72,10.87,28.32,113.4,24.98,151.27,10.7,24.81,97.23,11.05,24.87,109.31,25.63,139.35
T2,2.417,9.54,24.25,106.07,9.33,28.35,105.58,27.94,157.79,10.06,25.93,109.47,10.39,25.06,110.78,25.21,147.14
T7,2.418,10.67,24.92,94.17,9.69,23.7,100.11,23.12,155.69,10.21,24.67,94.44,10.82,24.08,97.04,23.2,161.38
T5,2.418,10.63,24.88,92.93,10.84,26.47,98.97,28.6,149.6,9.69,27.05,103.45,11.33,23.8,98.46,26.92,155.58
T6,2.428,9.95,28.91,100.05,10.18,27.73,101.42,26.24,153.16,11.39,26.6,104.84,10.66,28.37,113.79,26.54,158.72
T7,2.437,11.03,25.82,94.78,9.88,24.52,108.76,23.41,152.13,10.99,26.5,98.61,10.28,27.28,101.6,26.44,150.11
T4,2.438,11.01,26.13,99.4,10.48,23.63,100.76,24.27,153.65,11.36,23.86,93.5,10.68,23.39,104.31,25.27,164.13
T5,2.442,10.7,26.27,107.65,10.94,26.02,104.31,25.85,168.72,9.66,25.66,102.8,11.14,25.06,107.53,28.71,153.29
T3,2.454,9.79,25.32,100.04,9.69,24.68,113.46,26.46,143.79,9.98,28.78,118.36,9.82,28.25,104.1,27.78,148.69
T5,2.471,10.25,26.07,103.18,11.6,24.62,107.45,26.31,171.59,10.5,25.26,98.96,10.83,25.74,105.32,28.27,163.95
T6,2.501,10.75,27.57,96.2,9.43,25.43,102.58,27.27,151.65,11.48,27.66,109.04,9.75,28.25,112.04,27.88,160.57
T10,2.502,10.82,24.1,96.48,11.22,27.25,101.84,27.96,157.36,11.03,25.57,93.02,10.76,25.25,104.16,26.04,159.86
T10,2.506,10.77,25.49,98.86,10.45,28.01,113.4,25.98,150.27,10.22,24.44,105.36,10.18,27.79,97.55,29.15,168.74
T5,2.51,11.1,27.28,95.81,11.33,24.73,97.48,26.72,152.94,10.99,26.85,100.72,10.11,23.19,102.2,27.63,160.79
T2,2.511,9.71,24.11,98.49,10.29,25.26,108.19,24.28,147.28,10.15,27.31,104.05,10.08,26.14,102.56,24.42,166.15
T10,2.53,10.43,25.0,104.27,11.31,26.16,107.09,25.11,176.42,10.14,24.06,96.89,10.66,23.97,108.85,28.39,176.69
T2,2.53,9.57,24.64,111.46,9.84,26.31,104.38,25.69,163.23,10.0,27.76,104.84,10.59,25.48,103.14,26.33,169.34
T10,2.533,10.86,26.7,104.58,10.64,28.28,101.97,27.31,158.47,11.05,24.09,105.4,10.22,25.69,99.91,26.8,159.16
T2,2.536,9.88,26.88,112.94,10.12,27.86,109.88,25.97,156.28,9.92,23.82,113.58,10.93,26.66,103.79,26.1,155.82
T10,2.543,10.8,23.47,107.37,10.28,26.65,97.08,26.92,151.01,10.68,27.3,94.85,10.14,26.67,100.54,24.94,168.21
T8,2.565,9.74,26.39,106.71,10.52,24.75,108.74,26.46,146.23,9.97,26.37,114.08,10.7,26.41,115.01,23.81,170.18
T5,2.587,10.92,26.87,95.8,10.98,27.26,99.0,29.37,175.66,9.46,25.82,98.49,10.87,27.35,96.44,25.24,171.4
T8,2.588,10.24,28.07,96.93,11.5,27.41,101.21,26.98,172.38,10.44,26.7,101.58,11.0,25.29,98.38,26.43,169.49
T5,2.595,10.31,25.96,93.94,11.01,24.99,111.38,29.72,151.47,11.03,25.24,105.74,11.38,27.27,103.49,28.24,149.75
T6,2.599,11.24,27.6,96.06,10.3,29.36,117.65,25.85,152.55,11.22,28.44,105.8,10.27,28.75,111.48,26.06,155.19
T5,2.6,11.1,25.68,97.39,10.97,24.09,98.7,27.08,171.56,9.89,27.99,95.79,10.94,24.82,104.64,28.43,152.79
T7,2.601,11.15,26.52,98.34,10.69,23.24,94.55,25.95,160.56,10.93,27.23,102.07,9.95,27.39,110.25,25.86,161.92
T1,2.624,10.6,25.11,101.49,10.14,24.75,93.3,27.36,166.1,10.05,27.54,103.54,9.78,26.35,107.82,27.47,157.03
T10,2.635,10.34,27.42,98.56,10.87,25.61,105.36,25.82,151.87,10.16,23.96,94.76,10.9,26.26,98.5,26.92,169.13
T4,2.642,10.56,27.77,110.11,10.11,24.3,95.4,23.56,149.9,11.36,27.26,102.23,10.47,22.97,99.58,24.56,158.01
T9,2.649,9.84,25.02,101.58,10.25,24.03,105.68,27.34,151.46,9.63,27.11,116.92,10.92,26.12,115.75,26.87,162.02
T4,2.66,11.39,26.98,97.4,10.23,26.02,106.86,25.35,147.67,11.47,25.84,106.74,10.84,27.04,96.07,27.05,159.96
T10,2.67,10.64,26.9,94.02,9.99,24.22,114.16,28.51,166.5,10.16,27.51,102.86,10.71,24.9,105.52,28.95,152.83
T3,2.674,10.63,28.2,109.9,10.95,28.84,101.49,26.29,161.56,9.8,27.02,107.51,10.61,26.11,108.24,27.36,140.66
T1,2.686,11.2,27.22,105.3,10.91,26.22,95.46,24.97,157.96,10.8,28.15,108.69,10.26,24.48,98.17,25.62,152.66
T7,2.703,10.17,27.01,109.47,10.98,26.98,98.97,23.64,154.49,10.98,25.2,99.37,10.89,23.42,94.69,26.16,157.18
T8,2.704,10.62,25.19,103.92,10.07,25.5,116.2,26.14,169.62,10.47,26.18,109.72,10.62,27.99,112.15,24.35,155.21
T4,2.718,10.14,27.06,104.79,9.54,27.18,105.94,23.34,166.34,11.26,24.49,102.87,11.1,25.67,96.03,27.18,163.7
T5,2.722,10.78,26.66,100.45,10.67,24.87,107.67,28.23,152.43,11.17,28.37,98.52,10.28,26.42,101.33,26.21,151.7
T8,2.738,10.03,25.9,103.69,10.36,25.82,98.67,25.68,171.63,9.57,24.42,103.25,10.52,26.13,112.08,28.05,165.47
T1,2.746,11.68,26.2,95.9,11.17,28.36,107.54,25.26,149.56,10.85,24.7,96.73,10.18,27.42,107.21,24.4,165.49
T10,2.751,9.97,26.07,96.79,9.8,27.5,112.08,27.12,150.43,11.53,23.54,107.44,11.05,25.44,97.99,28.26,159.98
T10,2.774,10.11,24.08,97.53,10.52,27.0,99.74,25.0,174.17,10.2,24.83,97.21,10.67,25.77,100.68,28.39,169.57
T9,2.775,10.93,23.97,117.17,10.27,25.36,103.14,25.81,172.7,10.74,25.55,117.76,10.19,24.85,107.02,28.39,162.84
T6,2.785,11.45,27.96,97.83,10.27,26.38,109.31,29.1,141.34,9.91,27.36,95.68,9.98,26.6,110.65,28.32,138.09
T6,2.797,11.36,29.06,101.61,9.39,28.62,116.31,26.14,142.1,11.45,25.35,109.51,9.4,26.92,99.72,28.64,149.59
T9,2.802,9.88,26.45,103.0,11.71,27.2,113.27,24.81,150.69,10.94,26.7,115.83,11.21,26.94,103.42,27.32,167.87
T9,2.823,9.93,27.09,118.24,11.73,24.83,114.13,25.2,164.41,9.88,26.44,116.25,9.93,26.17,101.92,27.31,164.16
T10,2.824,11.05,26.3,94.96,9.97,26.86,105.59,25.28,158.54,9.89,25.84,95.42,10.12,26.18,112.43,25.56,157.6
T8,2.828,9.31,28.78,104.64,10.27,25.79,109.41,27.41,162.06,9.87,25.68,114.43,11.42,27.7,99.34,25.3,165.11
T6,2.831,10.33,26.15,110.02,9.41,26.75,110.17,26.56,155.68,11.15,28.88,100.01,10.72,26.54,100.8,25.0,154.09
T7,2.833,11.11,25.2,97.02,10.96,25.14,94.6,26.85,164.56,10.25,27.09,108.85,9.5,23.72,110.18,24.53,154.6
T2,2.834,10.05,24.2,111.8,9.81,28.63,109.97,26.56,161.01,9.55,27.1,115.47,10.87,29.25,105.92,25.74,147.2
T6,2.839,9.85,25.38,103.26,10.78,29.28,116.31,26.81,139.13,10.61,25.78,113.43,11.02,25.06,115.48,24.88,162.32
T4,2.867,11.53,24.86,105.73,10.75,24.36,98.84,27.21,147.18,11.08,24.76,95.73,10.19,25.56,107.12,23.79,164.01
T8,2.876,10.13,26.15,98.12,11.06,24.81,112.26,26.58,149.52,9.54,25.71,114.47,10.97,24.68,106.46,26.79,156.32
T8,2.881,10.49,26.76,113.32,11.11,24.89,102.4,26.8,157.52,9.89,25.65,108.64,10.72,25.96,106.65,25.33,162.04
T10,2.946,10.01,26.71,95.15,11.14,26.92,110.84,28.42,166.29,10.02,24.79,100.99,9.78,28.04,105.82,26.06,156.62
T10,2.948,11.04,24.31,104.51,10.92,27.19,96.53,28.72,171.17,10.6,26.6,94.31,10.14,28.06,99.2,28.75,169.97
T6,2.949,11.64,26.5,99.74,10.25,25.63,101.84,29.22,152.22,11.13,24.71,100.0,9.92,25.14,109.09,24.63,156.94
T6,2.975,11.08,26.0,95.92,10.89,25.69,107.44,27.55,154.3,10.64,24.82,96.42,10.7,27.67,116.47,28.9,145.82
T7,2.981,10.33,27.42,109.56,10.95,25.11,96.84,24.42,163.1,11.46,26.81,99.32,9.6,25.72,100.46,24.12,146.38
T9,2.995,10.17,25.89,112.0,10.22,26.32,111.68,27.28,152.44,10.27,24.33,113.54,10.38,27.14,98.87,25.4,170.5
T3,3.003,10.9,24.88,114.38,10.24,26.66,113.28,26.78,142.5,11.17,28.79,117.11,10.12,25.65,115.61,23.9,154.87
T5,3.032,10.56,26.1,109.18,11.72,27.23,108.58,26.26,151.93,10.94,26.81,107.13,11.63,27.11,110.65,26.57,169.91
T9,3.036,10.31,24.03,106.77,10.06,27.08,99.0,27.04,174.49,10.63,26.1,105.94,11.75,23.51,110.01,27.4,157.95
T8,3.047,9.3,24.56,101.8,10.75,26.0,106.49,27.06,156.6,10.24,25.97,100.82,10.28,24.97,105.29,26.22,151.24
T6,3.048,11.41,28.46,96.56,9.38,25.95,103.8,26.36,151.09,10.38,24.78,109.65,10.48,28.42,116.46,24.99,163.82
T8,3.052,9.24,28.21,100.93,10.5,26.13,113.38,24.02,151.32,9.18,26.2,110.11,11.46,26.27,110.53,26.22,163.74
T10,3.052,11.14,25.1,108.61,10.92,24.92,104.98,27.7,174.72,10.33,23.79,93.69,10.72,27.75,98.19,27.46,156.18
T8,3.056,10.33,28.45,101.12,10.78,25.74,103.24,24.11,170.74,10.14,26.88,112.29,10.68,26.36,99.85,27.46,161.8
T9,3.059,10.61,26.71,118.77,11.14,25.39,116.32,25.54,164.16,10.59,25.42,101.95,10.01,25.45,109.04,28.02,172.74
T8,3.062,10.63,24.81,97.97,9.94,27.83,109.65,27.85,159.88,10.38,25.74,102.76,11.44,24.51,99.47,25.99,171.31
T9,3.075,10.04,26.64,106.84,10.88,25.74,100.09,26.5,170.75,9.51,23.93,117.84,10.98,26.05,113.44,25.76,165.9
T3,3.097,10.86,29.24,117.27,10.73,28.96,106.6,27.61,149.74,9.74,29.2,109.99,10.76,24.81,116.72,27.71,154.0
T10,3.103,11.0,27.45,94.76,9.86,26.25,96.33,28.82,153.59,9.81,24.44,98.2,10.03,26.06,101.58,27.79,161.02
T9,3.105,11.13,24.52,107.49,11.36,23.78,111.85,24.64,163.73,9.97,26.09,112.65,11.14,25.79,105.05,25.12,160.32
T8,3.112,9.44,26.1,111.11,10.61,25.2,109.45,25.97,163.84,10.14,25.06,102.09,11.38,26.02,99.51,26.9,149.2
T4,3.12,10.87,24.93,100.34,10.7,26.96,102.1,24.3,164.26,11.16,26.3,94.81,10.25,25.23,110.32,26.62,155.98
T5,3.127,10.5,28.42,102.24,10.21,24.43,97.48,26.09,174.68,9.47,26.47,104.13,11.65,24.62,94.9,27.59,151.13
T8,3.133,10.02,24.99,107.8,10.5,27.68,104.71,24.79,165.26,10.42,27.51,109.72,11.51,27.05,103.91,25.05,171.81
T8,3.134,9.22,26.09,107.21,9.88,28.03,105.36,23.68,160.08,10.38,28.02,108.36,10.8,25.24,110.98,25.66,161.19
T6,3.137,11.04,24.87,111.45,9.77,26.02,115.5,26.37,161.55,10.96,25.94,103.27,10.21,28.14,117.42,25.83,161.17
T9,3.161,9.93,23.73,108.57,10.02,26.28,106.65,26.7,161.57,9.98,24.08,103.68,10.14,24.6,99.72,27.74,150.12
T4,3.163,10.95,24.36,108.94,10.68,26.72,108.98,26.55,142.43,10.34,26.48,95.81,10.61,24.88,101.76,24.41,165.97
T2,3.171,9.32,27.7,114.48,10.18,25.26,111.67,25.91,163.23,10.17,28.15,98.43,9.34,27.34,104.06,25.08,144.91
T4,3.176,10.8,24.5,105.68,10.14,25.14,93.46,27.22,151.06,11.29,24.44,106.56,10.44,25.83,95.18,25.7,157.82
T7,3.177,11.04,24.44,104.52,10.45,26.92,95.1,26.08,156.7,10.27,23.44,94.66,9.5,23.82,107.22,23.5,150.57
T7,3.184,9.67,24.46,96.34,9.74,24.45,101.6,25.26,163.75,10.96,25.41,95.36,10.06,26.6,106.66,25.59,141.87
T6,3.197,10.13,24.83,109.89,9.85,26.81,116.8,25.0,163.24,11.51,28.14,95.81,10.16,28.43,100.84,26.4,142.79
T7,3.204,10.57,23.51,106.79,9.46,24.72,105.83,26.36,148.2,10.38,23.77,109.67,9.73,23.94,110.84,25.32,160.98
T4,3.223,10.71,24.69,93.44,10.79,23.15,103.35,27.03,143.28,10.81,23.78,106.24,9.52,27.04,103.49,26.05,152.14
T10,3.226,10.28,27.21,108.05,10.14,26.34,96.76,27.95,176.48,11.19,24.28,106.97,10.15,28.29,103.14,27.74,168.56
T5,3.243,10.05,25.15,96.56,11.58,25.54,94.92,25.92,157.81,10.66,27.37,101.89,10.06,26.24,97.66,25.17,159.65
T4,3.243,9.98,27.01,106.38,10.67,24.45,94.59,25.69,143.69,10.39,24.9,96.56,9.65,22.93,99.12,26.72,158.7
T4,3.243,10.31,24.23,107.48,10.67,25.7,105.36,25.76,159.13,11.22,25.58,97.76,10.4,23.61,107.95,24.84,161.89
T7,3.26,11.4,23.5,107.43,11.04,27.3,109.14,25.98,140.76,10.92,24.16,110.14,10.66,24.08,103.98,26.74,153.96
T8,3.266,10.7,27.75,102.7,11.15,23.65,110.72,27.13,155.63,10.51,27.5,100.35,10.66,27.52,112.85,25.41,153.32
T5,3.267,10.5,25.84,107.63,10.94,24.22,97.44,29.23,160.3,11.02,24.04,93.43,10.88,26.62,102.49,25.86,153.4
T7,3.282,10.96,26.31,104.65,9.36,26.16,112.13,26.0,146.12,10.45,24.09,97.24,10.47,26.05,94.5,27.05,141.48
T9,3.282,10.35,27.34,109.25,10.22,24.16,103.74,27.87,150.45,10.72,23.76,107.87,10.09,23.78,112.32,27.44,156.91
T10,3.287,10.81,25.68,94.3,10.18,26.58,96.7,27.95,158.47,10.01,23.92,99.47,11.46,25.57,113.79,27.67,156.22
T7,3.289,11.33,24.5,105.33,10.42,25.62,97.57,26.21,161.19,10.5,27.13,110.77,9.41,24.5,105.29,26.02,161.07
T9,3.29,10.75,25.35,108.67,11.29,27.31,111.74,27.16,167.46,11.04,24.65,104.42,10.96,26.72,99.97,24.62,148.48
T9,3.293,10.01,24.88,118.18,10.06,26.02,115.88,27.77,147.34,10.0,24.92,103.31,11.33,26.46,106.87,25.89,151.6
T8,3.308,10.81,26.72,96.88,11.37,24.99,111.41,24.3,155.86,9.26,28.05,106.74,9.85,24.83,100.44,27.49,163.74
T8,3.313,9.44,26.66,102.71,10.65,27.19,101.52,25.57,156.72,10.12,27.82,106.71,10.88,26.13,98.52,27.03,147.57
T6,3.328,10.42,29.04,112.28,10.19,28.5,113.37,28.65,154.75,11.42,27.54,111.89,10.29,28.72,107.48,28.5,157.42
T2,3.336,9.75,25.7,116.99,10.74,28.1,112.21,24.46,170.94,10.12,27.98,115.8,10.42,29.05,114.0,27.04,158.84
T9,3.34,10.67,23.99,107.82,10.72,23.49,110.56,26.44,160.21,10.75,25.91,104.14,11.43,24.52,105.82,25.7,166.51
T2,3.372,10.9,26.33,98.56,10.24,25.42,107.11,27.56,162.91,10.61,26.2,113.37,10.69,28.06,99.56,24.74,166.07
T8,3.379,10.09,24.96,112.66,11.33,26.08,108.07,27.2,159.02,9.57,27.97,106.01,10.3,25.61,110.91,25.56,149.77
T2,3.383,10.06,24.23,102.3,9.81,26.26,108.56,25.26,151.06,10.53,27.04,102.33,10.07,28.84,101.75,23.94,149.94
T10,3.387,9.96,27.38,105.43,9.93,24.66,111.79,28.42,156.1,11.31,27.09,92.49,10.21,23.94,102.18,27.39,162.06
T10,3.393,11.5,24.83,92.7,11.34,25.54,107.25,27.88,170.41,10.33,25.23,97.73,11.19,26.24,99.91,26.96,150.68
T10,3.422,9.77,24.27,97.3,10.68,23.83,109.16,25.96,160.34,11.25,23.46,104.71,9.97,26.99,111.59,28.78,155.15
T7,3.448,11.34,26.35,106.32,10.68,24.99,99.52,23.63,146.85,10.02,26.93,99.64,9.59,23.13,105.46,27.06,143.24
T5,3.477,10.59,24.81,100.61,11.46,25.6,94.2,29.22,159.65,10.37,25.52,93.4,10.17,23.54,110.33,25.7,164.1
T1,3.492,11.39,27.27,109.24,10.84,27.9,108.36,26.98,150.47,9.94,24.47,103.84,10.14,28.81,102.3,27.03,152.84
T4,3.492,11.22,23.68,109.2,10.29,24.53,108.68,24.18,164.01,10.54,26.52,102.47,10.13,26.54,93.26,26.1,156.04
T5,3.494,9.93,25.86,109.66,10.73,24.71,109.39,25.46,160.03,9.97,28.42,108.28,10.32,25.58,102.49,27.69,156.53
T2,3.498,10.24,27.38,105.82,10.32,27.02,103.11,26.11,164.3,10.32,27.77,102.0,9.83,28.54,112.96,24.91,162.4
T1,3.51,10.81,24.08,95.14,10.78,24.68,100.48,24.92,166.45,10.68,24.12,102.84,10.57,26.67,99.74,27.66,142.52
T8,3.518,10.43,24.67,99.37,11.38,26.0,98.58,24.42,171.31,10.57,24.84,106.71,10.21,26.69,111.47,25.66,155.6
T3,3.523,10.89,26.19,110.67,10.85,26.73,102.9,26.16,152.17,10.35,27.9,102.96,10.09,28.86,109.94,24.01,156.19
T2,3.556,9.95,26.44,103.86,10.56,28.73,108.53,24.52,158.37,10.51,27.21,103.81,10.54,26.94,112.06,24.72,167.92
T10,3.561,10.23,26.2,96.01,9.86,27.93,104.67,28.71,176.18,11.44,26.61,107.89,10.58,26.93,112.37,28.59,172.92
T7,3.565,9.72,23.58,102.95,10.66,26.65,96.71,25.27,145.9,11.01,25.19,106.85,9.47,26.36,95.86,23.32,144.07
T5,3.566,9.47,28.42,105.44,11.18,25.1,109.5,29.64,150.14,9.44,24.48,97.4,10.21,26.59,100.84,29.1,158.21
T7,3.568,11.15,27.42,93.86,10.6,25.19,108.42,24.39,158.44,10.48,24.59,103.8,10.45,26.48,98.9,25.6,145.7
T2,3.569,10.77,25.69,116.9,9.89,29.28,101.37,26.76,158.72,9.78,26.67,109.77,9.98,26.69,102.16,27.27,153.78
T7,3.572,11.12,27.6,110.73,9.51,24.12,101.35,25.19,156.91,10.76,25.25,109.06,9.88,24.09,104.44,23.11,157.55
T3,3.574,10.35,25.55,103.84,10.33,27.2,101.55,25.76,147.74,10.15,25.33,99.94,9.72,26.66,100.84,25.18,151.28
T9,3.578,9.94,23.73,105.4,10.09,24.01,100.32,26.95,151.01,10.74,27.27,108.4,11.07,23.99,101.37,25.74,169.0
T5,3.589,9.93,26.69,95.8,10.99,23.26,101.48,25.18,175.66,10.99,27.82,108.02,10.94,25.56,95.19,25.59,157.49
T3,3.591,11.14,26.69,100.9,11.3,25.94,100.63,26.81,156.78,10.01,28.32,112.48,11.43,24.54,115.03,26.29,142.38
T7,3.612,10.96,25.9,106.26,10.04,26.75,97.28,24.34,164.07,10.51,24.13,102.08,10.9,23.66,105.88,22.93,146.38
T9,3.62,10.56,24.65,119.14,10.09,26.33,114.63,25.19,169.2,9.96,26.91,101.91,10.05,23.97,107.5,27.31,151.59
T4,3.632,11.14,25.8,109.1,10.63,27.1,106.07,24.57,146.12,11.29,24.3,98.76,10.63,26.1,108.34,24.13,152.19
T5,3.634,10.34,25.38,105.78,10.85,27.29,106.08,29.46,158.62,10.19,28.24,97.42,11.67,26.11,97.01,28.6,175.44
T1,3.634,10.22,24.13,104.15,9.91,29.01,107.46,26.15,149.36,10.43,27.31,101.88,10.85,27.66,104.88,28.24,149.13
T2,3.637,10.18,27.38,110.78,9.41,29.28,111.6,25.18,157.9,10.64,24.4,108.52,10.72,26.25,110.14,24.98,164.32
T8,3.638,10.02,27.23,99.21,10.11,24.84,114.93,24.45,153.28,10.02,27.24,108.35,10.33,25.07,115.76,26.52,170.54
T2,3.641,9.3,24.76,103.97,9.71,24.85,103.17,26.32,170.16,9.59,26.18,109.6,9.54,26.48,109.78,27.9,164.69
T5,3.643,9.96,25.86,108.4,10.74,25.93,112.0,26.89,172.99,9.58,28.02,107.46,10.7,24.33,111.5,28.87,150.56
T4,3.643,10.29,27.47,99.71,10.69,26.14,105.73,23.5,158.89,10.94,23.44,101.89,10.2,26.59,108.5,24.12,159.15
T9,3.648,10.63,26.34,110.59,11.41,24.02,112.83,24.34,148.35,10.99,25.17,109.98,10.0,24.3,117.06,27.09,168.86
T10,3.651,10.45,27.42,101.73,10.46,24.22,105.27,25.53,156.86,10.11,24.66,102.35,10.1,25.06,109.29,26.67,164.94
T1,3.651,10.18,24.02,107.56,10.41,26.92,95.24,26.04,151.56,11.35,27.31,106.44,9.93,29.01,99.57,24.35,148.73
T5,3.656,10.68,27.94,99.14,10.79,26.47,97.16,28.32,160.21,10.46,24.32,94.64,10.63,26.14,105.23,28.72,171.14
T10,3.668,9.78,24.02,99.32,11.32,27.85,99.63,28.79,174.1,10.07,25.9,109.08,11.28,26.67,99.17,24.68,164.26
T6,3.668,11.35,26.34,106.76,11.0,26.06,103.58,28.44,161.04,10.24,29.24,97.23,9.53,25.92,113.91,27.3,155.11
T3,3.68,10.06,28.54,116.01,10.74,25.33,110.26,26.8,152.0,10.79,26.28,110.07,9.98,24.97,114.44,24.11,151.41
T6,3.69,9.95,25.02,99.28,10.52,29.24,105.16,25.54,160.76,10.76,27.01,111.85,9.32,29.08,110.49,25.85,158.48
T3,3.728,11.12,26.04,104.04,10.15,26.83,110.1,26.77,164.68,11.3,27.61,102.91,10.2,27.46,113.04,26.62,158.66
T4,3.756,11.22,27.47,96.76,9.58,25.26,97.69,25.78,150.25,10.95,26.15,103.51,10.56,25.19,103.13,26.65,162.53
T3,3.763,10.59,26.38,113.64,9.69,24.72,100.86,23.84,158.12,10.23,26.25,117.72,9.86,25.94,112.6,25.07,164.76
T3,3.765,11.15,26.79,103.26,11.08,27.09,108.71,24.8,155.18,10.26,28.98,111.71,10.12,26.46,102.66,27.86,149.81
T7,3.777,11.44,27.28,103.83,10.59,25.52,100.28,23.1,145.13,11.15,26.52,109.56,9.81,24.29,110.89,24.55,149.59
T1,3.818,10.67,27.74,102.65,9.61,26.24,96.7,24.77,154.05,10.76,25.24,93.55,10.17,28.17,108.81,28.28,162.76
T6,3.819,10.63,29.03,110.19,10.74,28.66,100.32,26.87,161.25,10.11,28.55,107.14,10.78,25.91,102.86,27.55,139.45
T1,3.821,9.98,25.02,102.46,11.18,26.87,101.27,26.89,157.75,9.97,25.5,97.46,9.76,26.57,99.2,24.68,143.97
T3,3.828,11.33,28.98,107.69,10.18,26.04,107.1,26.98,164.31,9.75,25.74,102.91,10.76,26.97,104.84,27.09,152.89
T4,3.833,10.21,24.15,97.42,9.48,25.93,93.32,23.32,149.08,10.81,26.97,94.39,9.43,26.84,107.14,24.92,162.22
T2,3.881,10.66,27.38,102.75,10.86,28.56,105.67,26.62,161.08,10.28,25.3,101.0,9.97,28.46,110.97,27.95,149.95
T10,3.888,11.31,26.76,100.04,9.85,24.79,112.04,25.41,152.46,9.92,24.8,101.75,11.16,24.06,105.68,29.11,171.99
T1,3.898,10.52,27.66,93.39,10.06,25.78,103.75,25.81,151.2,10.84,26.48,106.48,9.98,25.12,102.45,28.12,147.43
T8,3.904,9.68,25.21,104.45,11.37,25.14,113.1,25.54,149.85,10.09,28.22,109.18,10.06,26.95,102.24,27.03,164.8
T7,3.908,11.03,25.94,104.53,11.06,23.94,109.35,26.4,160.22,11.34,26.58,106.0,9.43,26.66,110.04,26.8,150.09
T4,3.908,9.73,24.39,101.34,9.86,26.14,107.95,26.88,166.02,11.56,23.91,104.07,10.67,24.61,103.47,25.96,140.78
T2,3.911,10.56,24.19,102.19,9.57,29.02,100.68,27.42,158.5,10.71,28.02,105.49,10.75,24.68,105.92,24.06,157.7
T1,3.916,9.9,24.84,100.35,10.39,24.84,94.85,25.32,152.9,10.72,26.15,104.62,10.01,28.95,102.08,27.0,165.95
T7,3.949,10.8,24.02,104.77,10.11,24.91,111.23,24.71,141.62,10.73,25.44,102.15,10.0,25.74,110.9,26.11,160.35
T7,3.951,10.68,24.23,97.1,10.55,26.23,100.42,24.75,157.54,10.72,25.74,98.27,10.64,25.18,98.4,23.35,150.6
T1,3.953,10.94,25.44,105.56,9.89,25.73,100.48,26.28,166.62,10.58,23.95,96.54,11.25,27.61,109.21,28.28,144.32
T10,3.954,10.21,23.32,102.18,9.96,24.45,110.67,25.99,174.01,10.13,25.23,105.19,10.57,24.03,112.37,24.75,175.18
T1,3.957,10.7,27.93,106.69,9.9,28.99,96.11,27.77,143.97,11.54,25.5,95.51,9.77,27.28,102.93,24.87,142.3
T8,3.961,10.59,27.8,109.37,11.07,26.68,106.64,26.06,165.66,10.53,28.42,111.07,9.93,26.96,98.1,27.7,158.31
T10,3.966,10.67,27.18,101.72,10.72,24.65,102.72,25.23,159.54,10.09,24.05,103.61,10.78,25.34,96.74,27.23,163.32
T6,3.973,10.86,28.14,109.17,10.54,27.62,100.99,26.34,162.66,11.06,28.08,102.97,10.88,28.1,115.49,28.09,155.51
T7,3.973,10.4,24.72,110.0,9.46,23.36,101.66,26.23,156.03,10.85,23.35,98.76,10.68,24.48,102.58,25.63,146.79
T1,3.985,10.66,25.11,104.49,9.97,25.16,98.04,25.27,154.87,10.95,27.18,98.19,10.46,27.61,94.68,25.0,155.83
T9,3.991,10.9,25.42,113.04,10.35,24.22,114.39,28.34,166.2,9.7,27.72,101.76,11.54,25.2,115.56,25.42,153.75
T4,4.003,10.03,26.44,99.67,11.16,24.06,104.38,23.99,140.88,9.79,27.69,105.55,10.61,24.81,109.25,23.31,140.79
T7,4.004,9.89,25.25,95.38,10.43,24.34,110.17,24.45,144.41,11.12,25.07,100.25,9.38,26.26,95.32,22.98,146.62
T7,4.005,11.27,23.97,106.05,10.36,25.57,105.33,24.06,150.59,10.18,25.18,97.68,10.32,26.64,103.75,27.19,151.87
T2,4.019,9.91,23.88,103.31,10.38,25.94,115.54,26.05,163.37,9.66,26.09,110.03,9.69,25.78,104.26,24.11,167.02
T6,4.052,11.18,26.66,107.33,9.66,27.96,108.4,28.0,161.04,11.17,27.6,106.28,9.42,25.05,100.94,27.38,163.69
T2,4.057,9.94,24.77,114.66,10.34,26.04,111.73,28.16,165.92,10.02,24.52,100.64,10.9,28.41,105.25,24.36,149.48
T3,4.069,10.12,29.06,103.92,10.41,28.74,100.38,26.39,161.71,9.71,29.15,104.21,10.59,26.22,108.44,25.77,159.21
T7,4.075,11.17,24.32,94.56,9.49,25.95,110.33,24.16,159.42,10.33,27.33,101.15,10.2,25.94,109.22,26.16,153.89
T3,4.08,10.64,27.9,100.82,10.18,25.42,104.46,24.29,142.22,11.17,27.67,113.04,10.76,27.2,116.64,24.96,150.73
T7,4.08,11.22,25.07,106.94,9.57,26.59,97.04,25.36,142.02,11.19,24.65,106.19,9.63,23.82,106.52,24.75,152.89
T1,4.097,11.51,25.41,109.99,9.48,25.92,94.07,25.38,156.23,9.95,27.25,104.18,10.69,28.73,93.83,24.84,157.5
T8,4.118,10.82,24.98,113.98,9.97,23.73,113.35,26.73,164.98,10.19,24.77,98.08,10.04,25.29,106.76,23.7,149.35
T2,4.13,9.75,26.09,102.7,9.44,27.22,111.67,24.75,156.28,10.02,27.3,106.02,9.55,28.95,99.31,27.67,158.5
T4,4.132,10.02,24.38,109.01,10.77,27.0,100.43,23.31,150.28,9.85,23.98,109.65,9.44,24.02,101.87,23.33,161.14
T3,4.136,10.1,28.25,101.49,9.81,28.76,102.99,27.69,149.24,11.28,27.67,113.04,11.35,26.58,100.46,28.18,154.41
T4,4.139,10.74,24.77,94.91,10.86,25.42,98.37,24.57,151.35,10.72,25.37,97.17,10.24,26.07,95.6,25.07,152.3
T9,4.145,11.1,24.72,105.39,11.66,24.0,111.03,28.74,159.98,10.23,24.16,108.55,10.95,27.42,116.43,25.4,157.82
T3,4.15,10.67,25.29,116.42,10.1,26.87,114.39,25.88,166.3,9.67,28.45,110.24,10.67,25.0,109.56,25.67,159.86
T3,4.161,10.33,25.56,115.66,10.91,28.09,100.37,27.09,143.19,9.62,28.55,107.04,10.51,28.74,113.61,25.02,163.88
T5,4.184,10.58,28.48,104.67,11.04,26.69,96.03,27.89,149.08,10.18,24.29,104.68,10.27,26.18,101.15,27.3,176.64
T4,4.202,10.18,27.78,99.09,10.68,26.97,110.0,24.86,150.23,10.76,27.25,94.01,10.22,26.39,101.98,26.04,150.78
T2,4.209,10.4,26.57,105.65,9.49,26.3,113.25,27.62,148.03,10.3,28.02,115.4,10.89,26.94,103.41,27.51,146.35
T10,4.213,11.46,27.5,99.97,10.73,24.94,99.4,25.11,166.39,10.25,23.2,98.05,10.86,27.15,103.72,27.45,153.03
T2,4.23,10.72,25.41,107.15,10.8,29.13,106.3,25.26,165.33,10.73,27.66,108.04,9.37,27.37,105.81,24.81,157.79
T6,4.231,11.22,27.75,106.28,10.49,27.54,103.89,25.88,151.6,10.33,25.23,97.58,10.98,24.73,112.07,24.63,155.2
T6,4.233,9.95,29.17,98.95,9.57,25.09,104.66,29.14,152.98,10.32,25.15,106.81,9.76,25.21,100.66,26.92,140.48
T1,4.25,10.3,23.87,105.02,10.45,26.1,101.88,25.74,161.89,11.01,27.49,96.07,10.2,26.11,100.56,27.15,143.12
T5,4.256,10.73,25.67,109.12,10.56,25.57,101.16,27.04,176.22,10.18,24.31,95.75,10.57,23.24,94.71,26.9,151.66
T4,4.264,10.4,27.47,94.13,10.7,26.39,96.8,27.23,161.6,10.92,26.44,109.75,11.1,23.35,104.9,23.56,150.99
T7,4.299,11.39,27.6,106.59,9.62,25.21,110.04,24.75,144.29,10.37,24.95,109.02,10.27,25.68,95.01,22.92,145.63
T6,4.32,11.04,28.36,109.44,10.4,29.29,113.89,29.09,144.92,11.12,28.0,102.69,9.6,25.58,113.71,26.32,147.02
T10,4.326,10.3,23.87,106.44,10.45,26.73,104.24,26.02,159.99,10.03,25.04,96.22,10.0,27.21,105.11,26.07,172.22
T10,4.329,9.93,23.45,101.51,10.28,27.92,97.38,26.14,176.96,11.51,24.28,100.63,11.38,25.12,96.51,29.0,174.98
T8,4.353,10.11,25.94,101.12,10.77,27.44,111.05,25.37,166.5,10.43,24.45,97.72,11.34,25.06,103.94,26.79,166.45
T9,4.36,10.27,23.9,109.01,11.08,25.55,101.6,25.72,173.44,11.0,25.21,115.72,11.58,23.72,112.83,28.52,147.5
T7,4.362,9.73,25.92,98.06,10.49,25.0,108.76,24.54,139.72,10.38,24.64,101.6,10.31,26.62,99.16,23.96,146.98
T10,4.367,10.66,27.24,97.94,10.69,25.69,113.64,25.94,175.07,9.9,27.27,96.63,10.66,26.09,114.13,27.66,166.29
T1,4.368,10.02,24.85,104.1,11.03,24.69,101.63,25.73,148.27,11.46,25.76,94.42,10.14,25.62,102.64,25.85,168.16
T5,4.371,10.5,27.5,93.35,9.98,24.4,107.68,28.05,167.69,9.56,27.5,104.95,11.32,26.48,97.74,27.42,154.34
T5,4.382,9.44,24.87,106.63,10.71,24.61,94.68,28.53,169.54,9.6,24.77,101.49,10.43,24.72,109.6,28.03,170.03
T8,4.387,9.68,27.47,101.98,11.32,24.32,115.72,25.36,158.19,9.68,27.53,102.47,10.24,25.3,105.08,25.98,158.32
T6,4.406,10.4,25.26,108.58,10.95,29.29,99.82,27.33,142.56,9.83,29.02,113.23,10.58,26.81,107.56,26.52,158.52
T1,4.408,10.0,25.99,96.94,10.74,27.08,99.62,25.06,167.71,10.63,25.83,97.83,11.16,26.71,95.11,24.93,157.67
T3,4.426,11.12,26.65,108.92,11.28,28.48,98.96,24.9,167.16,10.28,29.05,110.19,10.2,26.02,111.34,26.55,154.08
T10,4.433,10.9,24.67,99.52,11.13,25.25,113.74,25.85,155.05,9.74,25.76,93.66,11.49,26.88,104.84,28.42,151.49
T4,4.437,11.17,25.51,110.92,10.26,24.25,94.42,27.08,157.24,11.17,24.12,108.1,9.59,23.61,106.92,26.14,142.76
T7,4.442,11.15,24.44,104.15,10.27,23.5,101.29,26.98,159.95,10.87,25.46,104.47,10.29,24.77,99.22,25.02,153.47
T8,4.448,10.36,26.36,104.1,10.37,24.83,109.33,25.31,149.31,10.34,27.76,114.3,11.16,26.48,101.83,26.65,147.12
T7,4.449,11.4,26.58,107.68,10.84,24.16,102.23,23.52,149.85,10.98,26.15,102.91,9.39,26.24,95.99,24.35,152.69
T1,4.476,10.05,26.34,102.56,11.17,26.63,105.44,25.82,145.83,11.29,24.64,95.9,10.79,28.83,105.47,26.76,161.9
T4,4.483,11.07,25.03,101.72,10.55,23.2,96.88,23.87,142.42,11.5,26.62,94.45,10.14,23.15,94.14,25.39,143.92
T5,4.484,10.18,27.96,108.87,10.76,23.13,96.87,25.13,157.7,10.5,25.32,98.4,10.45,27.16,100.0,25.75,170.43
T6,4.486,10.49,25.88,109.65,10.08,25.62,101.94,26.83,158.15,10.3,28.6,107.63,10.65,26.53,113.31,29.05,160.83
T8,4.511,10.69,27.72,113.41,10.53,25.64,106.46,25.06,165.19,10.5,26.68,100.47,9.93,24.74,111.14,24.7,156.68
T7,4.519,10.54,25.44,106.42,10.74,24.52,108.82,23.19,146.34,10.62,24.07,104.35,10.08,25.55,110.38,26.56,162.13
T3,4.522,11.2,27.08,113.06,10.65,24.56,107.68,25.09,160.48,10.81,27.68,107.08,10.28,28.69,111.91,25.52,158.32
T4,4.531,10.86,26.29,101.43,10.76,26.04,105.34,27.4,160.28,11.06,25.15,102.43,9.56,24.27,103.06,26.81,159.79
T5,4.531,10.72,28.36,108.62,10.37,25.61,110.83,28.87,168.18,9.67,26.29,100.61,11.21,25.84,110.86,26.47,153.78
T5,4.532,9.49,26.03,103.57,11.28,25.75,111.86,26.66,164.36,10.37,25.33,101.86,10.64,24.87,106.96,28.87,174.18
T4,4.538,10.81,25.22,109.27,10.13,26.67,100.31,23.26,151.02,10.81,25.85,97.45,11.04,24.5,102.62,26.97,146.29
T1,4.551,10.37,27.49,96.59,11.11,28.77,96.72,25.2,161.57,10.86,23.76,98.19,10.48,25.34,100.45,26.2,157.96
T3,4.554,11.32,28.45,106.14,10.84,26.81,107.37,24.08,160.09,11.06,25.05,111.09,9.83,25.23,100.78,27.18,147.19
T8,4.568,9.21,27.04,108.75,10.48,27.49,105.05,24.4,153.94,10.27,26.25,98.45,11.42,26.51,102.0,27.26,166.01
T4,4.574,10.44,25.7,106.52,10.21,25.69,100.97,26.14,144.02,11.2,26.07,110.7,10.04,23.98,97.86,26.18,164.49
T2,4.579,9.59,24.52,107.38,9.51,24.88,98.65,25.56,162.74,9.51,27.92,102.22,10.36,26.16,110.69,28.01,163.37
T1,4.586,11.03,25.12,102.51,10.06,27.79,97.85,27.76,150.83,10.75,26.46,96.91,9.52,27.12,99.89,27.18,147.03
T5,4.635,10.03,26.18,97.92,11.24,27.46,100.56,27.6,152.51,10.27,28.4,101.44,11.31,27.05,111.15,25.92,171.26
T5,4.646,9.78,24.15,101.39,11.16,26.39,99.24,25.23,149.39,10.74,27.93,98.28,10.43,26.02,100.47,28.72,173.64
T1,4.648,11.12,25.67,110.79,9.76,27.19,107.06,26.75,144.17,10.46,26.26,96.35,11.04,25.67,101.89,27.36,161.72
T10,4.648,10.39,25.27,96.83,9.73,25.06,100.37,25.22,167.02,11.22,23.23,105.36,11.4,24.27,109.29,25.94,164.89
T9,4.66,11.08,24.72,115.04,10.02,27.01,112.17,27.73,169.31,10.75,26.16,115.32,11.18,24.3,112.51,26.32,161.73
T7,4.661,9.86,25.25,101.41,10.29,26.23,99.6,23.08,145.58,10.69,25.94,94.62,10.23,25.66,110.34,25.99,144.36
T9,4.662,10.35,27.62,117.56,10.62,24.83,104.35,28.6,172.81,10.14,26.74,108.74,11.01,23.35,98.87,28.06,150.17
T5,4.663,9.66,24.87,97.66,10.37,27.48,100.5,25.85,169.09,10.97,25.57,104.69,10.32,25.75,109.76,28.0,151.0
T3,4.687,11.29,25.27,102.78,11.24,28.55,106.24,25.7,152.9,10.37,28.54,100.6,11.2,27.78,104.63,24.0,155.87
T9,4.699,10.17,26.33,102.39,10.47,27.38,105.05,25.62,173.24,9.48,23.9,105.3,10.19,24.13,107.18,24.9,172.21
T6,4.7,10.03,26.19,111.86,9.38,25.69,107.9,26.5,152.32,10.77,25.6,99.3,10.84,26.81,101.6,24.91,162.55
T3,4.708,9.85,28.82,106.07,10.51,27.72,113.61,25.36,143.19,10.37,25.39,105.49,9.96,28.92,111.58,28.09,167.1
T2,4.728,10.94,25.93,110.05,10.83,28.87,111.84,24.3,170.72,10.06,26.44,107.64,10.61,25.51,113.68,27.62,149.95
T3,4.741,11.05,25.07,101.53,10.99,28.2,106.45,25.02,157.04,10.2,25.28,108.13,10.81,26.88,107.1,24.05,151.1
T8,4.759,10.4,27.54,102.56,10.77,27.64,105.94,25.42,156.69,9.66,27.18,113.24,11.08,24.86,111.44,25.3,146.28
T3,4.775,9.78,29.19,104.03,10.98,28.57,104.32,24.41,164.31,11.07,28.5,117.72,9.96,25.67,108.61,24.98,146.57
T4,4.779,11.01,24.77,96.76,9.88,23.2,93.32,23.1,162.72,11.19,25.77,95.26,10.12,25.49,107.14,26.31,154.62
T5,4.783,10.89,27.13,98.43,11.2,23.13,105.32,27.5,159.66,10.36,24.7,96.97,10.84,24.07,99.97,27.6,160.43
T8,4.814,9.66,24.94,97.56,10.38,24.32,100.22,24.07,147.32,10.6,25.13,100.88,11.38,26.59,115.96,25.74,151.02
T5,4.816,10.42,25.19,95.11,11.19,26.62,111.67,29.08,173.78,11.17,28.41,101.44,11.2,24.39,106.99,29.31,171.53
T9,4.829,10.91,27.43,111.84,9.98,26.51,108.68,24.34,152.27,9.44,25.21,100.76,10.41,24.6,114.59,26.87,151.85
T4,4.845,10.83,25.33,95.85,10.92,26.66,95.57,25.89,144.19,10.72,27.69,99.23,9.41,25.55,106.88,26.58,164.26
T3,4.848,10.95,29.01,106.07,10.56,25.02,100.08,23.91,153.27,10.19,27.52,107.82,10.28,25.12,105.24,28.18,147.19
T6,4.85,10.33,28.3,100.07,10.28,26.87,109.03,25.98,144.96,11.6,28.11,98.46,9.87,29.13,112.48,25.43,144.46
T4,4.869,10.72,24.9,106.08,10.01,24.25,108.47,24.43,164.26,10.5,24.49,104.53,10.23,25.28,102.57,25.22,143.34
T10,4.876,10.72,27.3,104.42,9.99,26.34,113.96,25.82,169.26,9.74,24.5,103.58,11.26,25.18,106.38,27.44,162.6
T4,4.883,10.68,24.48,94.96,10.13,26.86,104.23,27.35,162.72,11.53,24.07,96.38,10.84,24.8,105.94,24.58,164.6
T6,4.89,9.87,25.74,113.71,10.63,24.89,110.22,27.11,148.76,11.17,26.41,99.75,9.61,27.82,112.98,25.97,160.57
T4,4.892,10.2,26.93,98.91,10.68,26.74,102.53,26.91,161.91,11.17,27.47,100.94,11.05,24.14,93.21,25.27,153.88
T3,4.897,10.44,26.4,112.04,10.5,25.15,99.07,25.67,145.69,10.28,25.56,107.22,11.09,26.45,102.72,28.09,158.19
T8,4.909,10.79,24.65,110.45,11.4,27.51,106.61,24.42,168.36,10.27,27.02,104.84,11.64,25.54,112.57,25.39,148.88
T3,4.923,9.74,27.52,110.29,11.07,27.69,108.01,26.54,156.63,10.92,28.1,118.38,11.49,28.42,110.81,27.4,166.21
T9,4.937,9.43,25.39,110.88,10.38,24.54,117.12,27.35,149.41,9.74,28.04,112.54,10.14,26.35,114.71,25.51,169.2
T7,4.949,10.5,27.75,95.61,10.23,24.95,99.26,25.2,157.21,10.06,24.2,94.2,10.07,26.18,95.79,23.02,162.15
T8,4.95,9.21,27.97,96.33,10.99,25.6,101.23,24.55,164.28,9.85,26.26,102.92,11.14,24.56,115.24,24.11,166.24
T10,4.971,10.53,25.23,99.46,10.31,27.88,98.4,26.67,165.29,11.14,25.1,92.7,10.1,26.81,101.9,26.1,151.42
T9,4.991,9.83,27.14,112.72,11.06,25.8,100.65,24.36,154.51,9.76,25.32,116.42,10.29,23.72,99.83,25.16,154.29
T7,4.993,11.02,24.71,102.1,11.02,27.44,94.3,24.96,147.29,10.36,26.15,109.76,10.09,27.34,94.64,26.88,160.97
T5,4.995,10.03,27.02,106.98,11.33,24.82,96.22,26.04,169.26,10.47,27.36,103.48,10.09,23.69,109.81,28.65,150.14
T2,5.009,9.95,25.42,102.25,9.91,25.84,108.23,27.45,152.31,9.62,27.27,101.03,10.66,27.68,100.69,25.19,163.28
T6,5.026,10.48,25.23,103.28,9.63,28.32,106.23,28.31,158.51,10.02,28.59,105.8,11.05,24.79,100.02,27.14,154.8
T4,5.05,10.95,25.01,98.6,10.6,24.2,98.14,27.23,154.33,10.95,27.65,106.16,9.94,23.32,110.03,26.21,155.27
T1,5.067,10.94,27.03,104.2,10.62,25.18,95.2,25.65,161.08,11.43,23.86,105.01,10.8,27.53,96.71,25.04,157.34
T3,5.087,10.3,25.94,100.61,10.88,28.65,116.62,24.41,161.56,11.18,29.2,101.85,9.83,25.39,99.09,27.09,152.23
T7,5.095,11.43,23.5,106.15,10.62,24.98,108.09,27.02,147.36,10.38,23.63,98.92,10.16,23.81,106.63,23.35,150.6
T10,5.11,11.17,24.62,100.17,10.49,24.79,105.77,25.42,159.36,10.43,23.73,102.55,10.64,23.96,96.36,27.3,156.57
T9,5.126,10.06,26.87,112.5,10.53,24.58,103.92,28.1,153.67,10.05,24.65,106.15,11.54,23.59,113.44,27.84,167.99
T1,5.136,9.94,25.33,102.46,10.54,28.38,95.45,26.78,150.23,11.06,27.71,99.62,9.7,26.71,94.14,25.68,162.76
T8,5.175,10.66,24.35,103.69,11.31,24.44,102.25,25.06,148.48,10.43,28.48,106.05,11.41,26.07,104.08,24.13,153.33
T4,5.184,10.98,25.83,106.66,10.0,23.54,100.15,27.13,161.16,11.35,23.71,95.78,9.82,26.28,107.49,26.55,143.45
T1,5.187,11.04,27.01,108.96,11.1,26.29,108.77,25.02,168.5,11.64,27.48,96.34,10.32,25.24,99.07,28.55,150.68
T8,5.201,9.43,27.37,109.32,10.98,27.52,103.38,27.69,159.91,10.24,26.91,110.66,11.63,23.91,106.66,25.41,162.04
T7,5.207,10.73,23.44,108.74,10.92,26.0,106.9,24.11,141.83,10.87,26.08,100.14,9.75,25.38,101.96,23.92,157.07
T3,5.21,10.34,26.32,103.45,10.06,27.18,103.11,26.69,157.26,10.86,25.38,111.47,9.92,26.34,109.3,25.1,142.06
T2,5.234,10.16,25.88,109.89,10.62,28.29,114.56,24.67,154.46,10.91,26.79,98.78,10.57,27.71,99.13,26.42,158.23
T6,5.24,10.35,25.61,100.57,10.42,28.07,106.68,24.63,143.64,11.2,28.77,98.45,10.78,27.94,100.84,24.67,160.16
T10,5.241,10.2,24.33,101.92,11.39,26.24,113.74,27.95,150.94,10.72,27.41,108.11,9.68,26.24,111.05,26.93,154.4
T4,5.263,9.79,25.95,93.95,9.7,23.35,97.93,25.28,163.71,11.27,23.54,109.08,10.58,25.55,100.83,25.86,155.25
T5,5.268,10.84,26.67,96.71,9.9,24.81,108.38,25.83,173.29,11.14,25.0,96.89,11.32,26.11,106.94,26.81,165.96
T7,5.276,9.88,24.4,97.46,10.36,24.45,109.22,27.0,149.88,11.09,24.02,96.28,10.8,26.42,109.42,25.35,146.11
T9,5.278,10.55,24.62,107.36,11.2,23.98,101.84,25.39,157.64,10.7,24.08,103.31,10.46,23.64,110.75,25.69,153.08
T4,5.285,11.03,24.63,99.96,11.0,26.31,102.88,27.15,159.37,11.12,26.18,97.16,9.57,25.58,105.63,26.66,163.23
T5,5.29,10.34,26.5,95.8,10.14,26.21,101.22,29.7,164.07,10.32,24.46,102.89,11.08,26.76,105.58,25.71,169.64
T1,5.317,10.89,26.33,109.18,11.02,26.63,96.6,24.7,158.02,10.64,27.74,100.34,10.77,28.43,94.22,25.0,167.96
T10,5.318,10.25,24.12,97.04,10.9,25.89,110.32,26.45,161.62,11.52,23.54,108.97,10.65,28.04,100.17,26.25,171.87
T2,5.325,9.85,28.01,104.3,9.46,27.13,104.03,25.38,169.52,10.42,27.77,106.43,10.94,28.41,114.0,24.61,164.11
T6,5.341,9.81,25.46,106.24,10.28,26.29,110.07,26.46,160.9,11.15,29.12,103.8,10.54,27.87,102.79,27.64,156.58
T5,5.347,10.16,25.1,93.49,11.12,25.08,97.54,28.12,164.54,10.42,26.1,103.8,10.23,25.67,101.09,26.12,169.18
T9,5.353,10.15,26.07,113.9,9.89,25.3,113.27,26.49,153.54,9.71,23.88,103.67,10.77,23.43,109.04,26.48,170.69
T10,5.353,10.57,25.94,96.91,11.01,28.14,105.76,27.88,159.03,11.01,26.18,103.91,10.56,25.79,97.29,28.24,171.06
T8,5.368,9.24,25.28,113.47,11.18,25.87,109.13,24.47,169.13,10.52,27.29,97.63,10.88,25.17,106.46,25.63,150.42
T3,5.4,10.06,26.76,118.72,10.91,28.22,111.28,25.6,164.99,11.18,26.93,115.67,9.99,25.2,105.61,27.01,165.5
T8,5.404,9.25,28.05,106.55,10.6,27.85,103.92,27.27,158.83,10.05,24.36,102.89,10.25,28.03,107.09,25.65,162.52
T4,5.412,10.88,25.76,97.05,10.11,24.39,110.73,26.8,165.17,10.33,26.38,102.53,9.69,22.97,104.55,24.36,142.04
T4,5.415,11.31,26.09,109.4,9.47,24.11,110.51,25.38,149.68,10.96,26.02,93.8,11.14,23.98,109.08,24.56,155.19
T8,5.439,9.36,24.88,97.6,10.35,26.77,114.84,24.64,153.94,10.33,25.95,109.88,11.63,24.0,109.9,24.49,160.98
T3,5.445,10.07,26.3,116.71,11.23,26.58,108.01,26.46,147.26,10.45,27.62,100.54,9.92,27.22,108.11,24.82,141.46
T7,5.445,10.4,24.14,97.69,10.02,24.52,97.52,26.36,141.61,10.89,26.4,109.06,9.64,26.71,97.41,23.58,164.61
T4,5.446,11.23,25.87,107.82,9.41,24.96,101.55,25.32,145.14,11.16,27.46,94.99,9.6,25.78,103.14,23.13,154.12
T6,5.446,9.94,27.23,112.49,9.56,27.14,101.51,28.78,140.19,11.61,28.56,102.14,9.36,28.01,111.38,25.47,140.28
T7,5.456,11.39,26.23,98.86,9.75,23.53,103.77,25.66,162.12,9.84,24.16,99.17,11.02,23.44,102.0,25.86,164.43
T8,5.469,9.95,25.2,114.43,10.52,24.24,111.41,27.56,147.32,10.73,25.34,108.23,11.24,24.75,99.57,24.8,162.06
T8,5.475,10.56,28.78,103.53,11.18,24.43,102.25,25.97,168.15,10.81,28.72,112.97,10.32,25.94,104.6,27.16,163.74
T8,5.482,10.2,27.99,111.32,11.51,24.06,100.44,26.93,162.66,10.79,27.95,108.36,11.55,25.91,107.58,23.83,169.04
T3,5.486,10.13,28.27,112.82,9.83,26.75,108.57,26.9,144.32,10.25,28.22,114.97,10.63,24.45,100.43,25.36,144.21
T6,5.501,10.55,25.54,110.22,9.59,25.78,111.18,28.72,161.05,10.24,27.9,111.76,10.11,25.69,104.81,28.34,154.04
T7,5.508,9.84,24.72,101.02,10.39,27.18,101.54,25.82,149.59,11.03,26.5,101.7,9.64,23.78,103.07,26.33,139.21
T6,5.509,11.33,28.97,95.94,9.36,29.27,100.84,25.58,151.58,10.88,26.71,112.09,9.68,25.95,100.93,27.29,154.52
T1,5.516,11.26,25.64,104.42,10.17,26.44,94.83,28.14,162.27,10.64,28.1,107.42,10.81,27.6,97.79,25.19,161.97
T1,5.519,9.89,24.92,100.22,10.46,24.91,94.83,25.04,159.18,10.3,25.18,104.21,10.72,27.45,107.21,24.32,161.92
T5,5.522,9.71,27.01,108.69,10.7,23.58,95.57,25.54,170.7,11.08,26.85,107.49,10.51,26.93,108.55,28.47,159.65
T5,5.544,10.8,25.47,100.58,10.62,24.99,110.0,27.24,167.92,10.65,27.83,98.43,10.21,24.84,97.58,25.75,171.38
T1,5.553,11.36,26.2,108.57,10.74,27.66,109.4,28.14,157.58,11.15,26.07,107.08,9.58,24.96,94.18,26.04,155.12
T8,5.556,9.7,24.93,106.57,11.02,27.23,114.83,27.52,155.51,10.82,24.5,102.74,10.46,27.3,108.22,24.62,147.9
T6,5.566,10.33,28.24,109.79,9.95,26.65,107.2,26.76,148.78,10.35,28.6,97.26,9.77,29.33,116.7,27.48,149.68
T9,5.571,9.96,26.53,114.02,11.55,25.32,99.59,27.31,173.63,9.97,24.7,101.97,10.46,23.54,105.36,25.18,167.62
T10,5.573,9.72,23.96,97.47,10.71,24.03,99.42,27.08,151.49,10.36,24.05,109.55,11.09,25.98,103.24,24.73,162.34
T2,5.58,10.85,28.02,109.49,10.29,26.56,114.89,27.95,154.1,9.52,28.15,99.76,10.45,28.8,99.54,24.11,166.02
T2,5.589,10.42,25.56,109.9,10.87,29.23,111.76,24.95,158.72,10.41,24.24,98.37,10.47,28.65,104.9,24.35,170.48
T2,5.611,9.9,23.93,99.71,9.26,28.9,112.78,26.5,155.34,10.1,25.64,107.7,10.56,29.33,106.85,27.62,160.54
T2,5.616,9.58,26.07,104.02,9.42,28.48,100.54,24.11,165.81,9.83,27.67,104.82,10.54,26.87,103.08,24.28,171.56
T6,5.619,9.95,29.02,103.17,9.44,24.7,111.02,28.46,146.28,11.37,26.43,96.02,10.53,29.2,106.18,28.35,139.44
T8,5.619,9.34,24.77,109.58,10.09,24.3,104.96,23.96,153.45,10.76,26.06,109.79,11.26,26.04,109.46,25.31,170.18
T9,5.62,9.83,23.85,101.34,10.64,23.93,102.23,24.68,158.49,9.57,27.37,114.77,11.4,26.94,113.37,27.55,152.65
T6,5.632,10.44,24.77,99.4,10.5,24.69,102.2,26.35,148.49,11.2,26.58,98.25,9.68,28.68,109.4,26.93,145.86
T4,5.645,10.75,25.15,108.92,10.38,25.11,101.06,23.61,158.01,11.17,23.46,109.55,10.94,24.98,95.11,23.71,150.21
T2,5.655,10.02,25.48,115.94,10.15,28.36,104.75,24.48,168.15,10.77,24.25,114.16,9.34,26.24,112.28,24.73,165.74
T2,5.704,10.66,28.09,107.1,10.72,29.11,101.97,25.34,165.6,10.2,26.36,100.27,9.5,26.87,108.0,24.97,167.9
T1,5.709,11.02,25.03,94.71,11.06,25.49,101.89,27.38,146.77,10.87,27.86,93.45,9.73,28.87,101.72,26.08,158.62
T5,5.714,10.08,26.62,92.71,11.05,25.38,105.78,25.61,165.03,11.15,25.58,107.29,11.53,26.5,107.43,29.32,154.02
T7,5.72,9.92,25.79,105.97,10.74,25.42,95.46,22.92,164.38,10.93,24.72,94.41,9.45,25.46,98.46,23.92,144.93
T5,5.722,9.97,26.85,109.77,11.04,23.58,97.99,25.65,168.7,11.17,24.16,92.75,11.44,27.16,94.56,25.4,149.63
T2,5.736,9.86,25.92,107.13,10.55,26.46,115.4,24.38,171.28,9.24,26.66,110.8,9.67,27.28,114.03,24.86,153.16
T9,5.742,9.9,24.9,103.61,10.29,24.16,115.97,24.42,157.46,11.17,24.26,103.79,10.35,26.85,106.87,24.86,155.27
T3,5.752,10.07,28.94,100.82,9.72,28.37,115.02,27.71,156.63,10.25,28.38,116.56,9.95,24.82,110.84,24.08,154.48
T1,5.77,11.12,26.54,96.54,9.77,28.02,107.84,25.49,162.68,10.0,25.1,102.08,10.28,24.74,104.54,28.04,166.35
T1,5.771,11.14,26.83,104.58,10.62,27.96,103.31,27.58,152.26,10.93,24.4,101.73,9.49,24.83,100.91,24.59,164.26
T5,5.774,9.87,24.51,107.73,10.43,26.02,96.44,25.08,151.19,10.96,26.85,109.22,10.62,23.65,98.9,27.14,153.31
T8,5.783,10.75,27.34,106.58,10.07,27.3,101.31,25.93,150.72,9.18,28.76,103.58,10.51,27.37,103.62,27.44,150.59
T10,5.795,10.01,26.17,92.78,10.44,25.25,113.58,28.82,167.34,11.18,25.84,106.02,10.91,27.77,106.37,27.99,167.98
T4,5.814,11.27,24.26,94.52,11.06,24.93,103.13,23.52,162.97,10.6,25.85,104.85,10.63,27.2,104.81,27.36,164.41
T1,5.825,11.67,25.07,95.38,11.04,27.13,109.28,26.64,149.54,10.69,28.08,102.08,9.99,27.66,95.22,28.29,148.57
T8,5.828,9.3,25.15,103.33,11.54,24.97,107.6,27.93,172.19,10.18,26.64,110.84,10.62,27.31,115.66,26.91,170.87
T4,5.858,9.79,27.37,97.76,10.37,25.42,96.78,25.68,144.53,10.05,24.79,95.96,11.12,26.51,108.92,25.29,143.79
T9,5.862,10.17,25.4,101.86,10.54,23.65,104.52,25.15,154.34,11.15,24.69,108.09,10.94,24.04,105.14,25.25,160.49
T1,5.865,11.36,26.57,109.14,9.52,27.9,102.45,26.65,146.61,11.17,24.62,105.01,9.95,25.83,96.27,27.42,167.48
T10,5.869,10.93,26.97,108.6,11.42,25.38,108.06,26.24,168.33,11.27,24.87,107.27,10.83,26.06,96.73,28.0,160.1
T9,5.876,10.21,25.32,113.74,11.24,23.63,117.32,26.21,158.87,10.77,26.6,117.84,10.41,24.88,101.65,26.36,161.69
T6,5.893,11.57,24.87,101.72,9.99,27.95,101.72,27.69,155.84,10.44,26.34,110.02,10.83,29.0,113.84,28.03,147.91
T8,5.895,10.15,28.52,111.17,11.59,26.23,102.38,27.06,172.4,9.86,24.59,106.01,11.16,26.46,103.38,25.86,152.61
T3,5.901,11.02,25.8,104.16,10.59,25.93,102.3,25.76,145.53,11.06,28.5,115.37,9.89,24.9,116.14,25.09,163.58
T9,5.907,10.22,25.84,106.67,10.64,27.46,109.64,25.26,165.96,10.93,23.74,103.17,10.43,24.05,102.44,26.02,157.4
T2,5.912,10.85,26.08,103.91,10.39,27.39,100.46,28.24,169.76,10.69,27.87,100.3,9.69,25.81,114.37,25.73,156.11
T2,5.957,10.34,27.28,110.01,9.83,28.36,100.07,26.17,154.09,10.22,25.97,100.62,9.64,25.97,99.6,27.83,164.26
T1,5.958,9.97,24.36,94.87,10.06,27.25,105.76,25.43,142.76,10.25,25.34,100.22,10.82,28.79,94.1,27.45,161.55
T10,5.958,11.47,24.5,103.5,11.0,25.19,109.84,28.12,166.92,10.18,24.5,93.58,10.54,25.06,96.76,25.88,173.75
T2,5.989,9.42,27.74,99.16,10.45,26.37,106.49,25.16,166.08,9.37,27.65,116.9,9.28,25.21,108.14,28.19,159.63
T3,5.99,11.22,28.28,107.84,11.03,24.5,103.06,26.95,163.9,11.06,25.44,106.33,10.81,25.95,106.34,25.67,146.1
T1,5.997,11.55,26.9,96.07,9.78,28.49,94.87,26.08,155.1,11.54,25.52,109.38,10.72,26.63,95.02,28.38,165.12
T8,6.001,9.64,25.7,102.04,10.03,26.02,103.96,25.37,157.24,9.19,26.45,97.43,10.51,25.96,100.24,27.0,146.72
T4,6.008,10.47,25.18,104.82,9.49,23.93,109.85,27.08,144.87,10.23,24.73,102.86,10.02,23.61,103.53,25.87,140.44
T2,6.068,10.82,26.06,112.12,9.3,26.44,97.76,23.88,158.72,10.48,26.36,102.3,9.74,25.97,109.36,24.13,168.32
T2,6.083,9.46,27.4,103.88,10.62,28.44,107.41,27.62,166.42,9.55,25.45,104.79,10.93,28.92,103.6,28.16,168.48
T6,6.13,10.32,24.79,95.8,10.15,26.24,105.21,26.04,147.43,10.19,26.45,98.29,10.51,28.64,110.24,27.89,141.86
T5,6.137,10.68,27.35,102.56,11.19,25.47,99.72,27.24,155.38,9.92,25.55,104.18,11.67,27.23,99.69,27.45,157.11
T9,6.17,10.72,27.93,116.64,10.63,25.69,109.25,28.52,170.98,10.4,27.5,114.55,10.25,25.72,106.86,25.54,149.89
T4,6.183,10.91,23.71,106.61,9.91,23.95,101.25,23.06,166.72,10.38,24.19,100.52,9.86,23.03,102.0,24.73,158.71
T9,6.207,9.91,24.24,102.21,11.29,23.45,116.16,26.87,162.78,9.97,27.62,100.66,9.93,27.39,100.95,27.83,152.08
T3,6.209,11.21,28.63,109.07,11.36,27.54,108.71,24.57,164.67,9.89,25.61,103.58,9.89,24.68,111.28,25.03,163.3
T8,6.211,9.45,25.76,111.35,10.6,25.06,98.44,25.52,149.52,9.85,26.96,113.14,10.56,25.08,112.96,26.15,170.56
T9,6.23,10.5,26.32,107.34,10.08,23.39,113.73,26.28,155.43,11.0,26.81,105.57,10.53,27.06,116.7,27.4,154.08
T6,6.243,11.31,25.64,103.8,10.75,25.37,111.18,25.66,141.6,11.37,26.19,106.25,10.98,28.0,100.0,28.99,147.02
T7,6.245,11.18,25.29,99.64,10.53,26.9,101.93,23.81,149.11,10.67,24.55,98.86,10.31,23.58,106.46,23.89,153.11
T2,6.245,9.93,27.61,100.27,9.5,27.71,109.51,27.5,145.15,10.61,24.35,104.79,9.22,24.98,99.24,27.57,158.37
T2,6.253,9.95,28.21,106.75,10.38,24.8,110.32,26.57,163.07,10.71,23.84,110.69,10.39,26.91,112.84,26.1,158.94
T4,6.273,10.54,27.21,107.39,9.59,24.58,102.38,23.28,158.63,10.92,24.73,102.95,9.53,26.32,102.44,26.93,158.63
T10,6.296,10.6,26.86,98.05,9.74,27.09,105.81,25.45,167.05,10.72,25.6,97.06,11.41,26.78,97.88,25.54,170.91
T3,6.322,10.62,26.64,113.44,11.38,27.0,108.5,26.23,166.56,10.37,27.29,103.79,9.95,25.63,114.39,27.46,148.5
T3,6.324,10.64,27.24,116.5,10.62,24.54,107.37,26.94,149.43,9.86,26.85,100.54,9.91,28.33,110.42,27.12,159.54
T5,6.349,9.91,26.29,98.3,9.89,23.56,104.6,28.76,164.74,11.04,25.6,99.57,10.06,23.24,106.77,28.54,171.81
T5,6.353,10.34,27.05,95.11,9.98,25.84,111.04,26.31,163.26,10.35,27.01,99.54,11.44,24.22,108.05,27.32,164.26
T6,6.357,10.94,25.11,98.15,9.48,28.28,108.03,27.78,160.24,11.52,26.21,113.46,10.92,28.1,111.47,26.4,147.36
T9,6.366,9.8,27.71,111.86,11.07,24.68,112.85,28.58,165.2,9.61,27.5,113.84,10.6,23.6,101.09,25.41,174.57
T5,6.391,11.04,24.88,99.21,10.4,27.07,111.7,29.11,164.82,9.43,24.34,93.89,10.67,24.0,106.16,25.58,160.18
T5,6.392,10.43,27.94,96.11,10.26,25.29,108.55,28.08,158.55,10.19,24.86,102.8,10.38,23.17,102.17,28.96,161.32
T1,6.395,10.51,27.57,97.69,11.04,27.19,106.22,28.46,142.3,11.25,27.23,97.58,9.49,25.23,95.23,24.12,162.84
T5,6.399,10.19,25.89,108.89,11.33,27.48,98.2,27.98,158.85,9.76,24.72,106.55,9.97,24.65,99.72,29.57,171.24
T10,6.402,11.46,25.12,108.18,10.66,24.15,105.58,27.42,150.0,10.31,24.74,102.72,10.68,25.34,99.58,26.67,169.64
T10,6.407,10.05,26.34,102.34,10.5,25.38,107.88,28.75,151.46,11.21,25.98,107.31,10.06,25.26,113.6,26.58,172.22
T7,6.418,9.86,25.48,110.14,10.72,24.38,103.91,24.7,158.94,11.19,27.26,96.73,9.47,26.38,110.98,26.35,140.83
T4,6.421,10.75,25.39,101.17,10.13,23.03,93.56,24.27,148.98,9.88,26.05,100.02,9.97,24.26,107.34,26.08,160.88
T8,6.439,9.47,26.9,109.44,10.88,24.4,101.49,24.36,158.31,9.94,27.96,99.89,11.1,27.01,112.3,24.21,172.16
T5,6.439,9.75,28.48,98.49,11.52,26.23,105.66,27.76,159.56,10.52,27.11,104.68,10.64,26.35,108.65,29.41,170.97
T5,6.444,9.62,28.21,98.52,11.2,26.49,111.48,25.83,152.39,9.9,27.43,97.78,11.65,23.41,105.22,26.4,153.18
T4,6.481,10.26,23.76,103.15,10.68,25.3,100.66,23.64,158.29,11.19,24.19,108.0,9.72,26.97,102.64,26.65,145.56
T1,6.483,10.14,27.83,100.67,11.1,28.94,95.79,24.98,155.48,10.52,25.0,97.14,10.41,28.51,97.17,27.14,150.2
T3,6.485,10.5,26.33,115.77,9.85,27.32,112.78,24.08,147.0,10.61,28.94,108.24,10.53,28.14,111.37,25.41,142.38
T9,6.488,10.49,24.82,114.13,10.07,24.93,102.04,25.12,159.87,9.85,26.26,108.71,11.59,25.66,104.84,26.36,173.21
T9,6.494,10.98,27.71,109.47,11.01,27.34,112.24,25.14,165.1,9.98,24.69,117.85,11.16,25.6,101.54,25.4,161.28
T1,6.498,10.68,26.59,98.31,9.9,25.58,108.98,26.86,145.12,10.17,27.12,97.83,10.27,25.26,92.95,28.12,157.34
T6,6.539,11.53,28.85,98.28,9.62,27.61,116.64,28.91,139.37,10.95,29.17,107.14,10.59,26.74,101.07,28.36,162.3
T4,6.541,11.42,23.49,103.97,10.62,25.7,108.76,23.3,154.08,11.27,23.71,94.12,10.7,25.53,107.12,25.73,159.56
T9,6.557,9.74,26.92,103.98,10.52,23.8,100.37,26.05,157.64,9.98,27.71,106.03,10.11,23.85,116.89,25.92,172.25
T9,6.558,11.1,26.87,107.33,10.07,25.04,99.9,26.48,170.97,10.83,23.61,107.78,9.95,26.46,112.83,27.32,165.11
T10,6.56,10.51,24.11,100.63,10.6,25.72,103.13,28.94,158.34,10.45,25.88,107.47,10.5,27.04,106.47,28.23,160.33
T1,6.571,11.26,27.75,97.21,10.44,24.47,102.35,24.97,146.77,11.28,25.0,110.5,9.61,28.72,96.89,26.25,156.48
T3,6.594,10.57,25.7,107.04,10.36,27.7,111.81,25.3,156.81,10.15,28.1,105.47,11.08,24.84,99.43,26.22,162.04
T4,6.604,10.76,25.98,95.05,10.02,25.67,110.2,26.78,144.93,10.36,26.89,96.95,10.49,26.74,110.66,23.65,158.5
T6,6.612,11.23,27.37,106.36,11.0,25.95,106.6,26.83,144.32,9.84,29.04,103.43,10.12,26.03,99.83,25.47,139.37
T1,6.615,10.36,24.76,110.54,10.72,27.15,99.48,26.84,162.31,9.98,25.67,108.87,9.57,28.17,98.86,28.53,151.93
T1,6.617,10.06,26.07,101.67,10.92,25.07,93.99,25.48,153.94,10.7,27.19,94.53,9.86,26.94,99.17,27.32,150.12
T4,6.624,10.23,24.93,93.26,10.51,24.67,94.45,25.24,156.91,10.54,27.28,98.0,9.56,26.23,96.9,25.36,153.13
T4,6.625,10.07,23.84,103.89,10.21,25.1,93.43,24.65,157.06,9.76,23.88,108.92,10.95,24.84,106.32,24.32,157.82
T1,6.627,10.64,27.36,104.1,10.12,25.87,98.3,28.24,152.3,11.27,24.16,100.83,9.49,27.69,107.7,27.1,163.55
T3,6.63,9.63,26.2,110.26,11.08,26.46,116.65,25.32,144.48,11.09,28.03,105.02,11.5,26.82,105.7,27.5,152.89
T6,6.672,11.0,28.45,96.36,9.68,25.78,108.5,27.72,151.56,11.45,28.47,112.94,9.47,28.32,112.74,26.52,154.04
T2,6.686,9.81,27.3,106.07,9.95,25.61,108.4,24.49,163.6,9.78,26.88,104.66,10.63,29.2,109.14,27.88,147.56
T9,6.701,9.54,27.08,113.4,10.56,23.46,103.29,24.95,150.53,9.53,24.65,102.85,11.71,24.11,103.68,24.89,174.32
T3,6.705,9.82,27.24,102.87,10.39,27.77,113.08,27.4,141.52,10.43,25.0,102.26,10.78,27.44,110.38,24.97,160.09
T6,6.724,10.18,28.16,96.63,9.63,27.52,106.68,26.33,163.53,10.4,25.86,106.56,10.72,28.14,109.09,28.97,162.23
T3,6.726,10.24,27.61,102.84,10.67,25.9,107.1,25.36,144.06,10.57,28.71,115.72,11.38,25.48,105.02,26.21,166.33
T3,6.747,11.3,26.52,102.91,10.62,27.82,102.25,25.8,154.7,11.21,28.72,116.1,11.06,27.78,110.78,25.49,150.02
T8,6.768,10.56,25.34,97.76,10.17,24.52,115.4,27.38,170.48,10.78,27.15,98.1,10.46,26.32,111.22,26.49,155.27
T9,6.773,9.58,26.37,106.85,10.85,24.92,104.85,27.79,155.92,9.53,27.12,117.74,9.99,23.36,104.73,25.72,163.81
T1,6.78,11.26,23.73,94.04,10.86,27.36,106.68,25.43,159.23,11.64,27.21,101.87,9.99,25.06,99.71,25.17,165.91
T8,6.792,10.68,27.85,105.28,11.67,25.57,99.65,24.87,163.38,9.32,27.04,110.16,10.52,25.94,112.6,24.68,151.02
T9,6.818,10.89,26.73,116.18,10.71,25.91,104.6,28.4,151.97,10.68,27.17,114.02,11.02,25.6,107.63,25.6,153.64
T5,6.833,10.05,25.02,95.89,10.1,23.17,100.45,25.18,176.62,9.58,27.54,106.65,10.11,25.68,104.4,27.19,171.47
T2,6.834,10.01,24.41,108.67,9.32,27.84,103.22,26.57,156.22,10.32,25.86,113.71,9.67,29.32,112.22,24.28,165.78
T1,6.836,9.88,25.86,103.03,9.95,26.67,107.72,26.47,160.79,11.59,26.53,102.56,9.5,28.18,102.56,25.84,163.51
T6,6.838,10.88,25.64,109.98,9.86,25.22,101.37,25.22,152.22,10.74,26.8,109.57,10.18,28.34,117.28,26.06,141.09
T2,6.856,10.52,26.06,99.09,10.11,24.88,110.83,26.32,157.82,9.62,27.73,104.84,10.87,26.46,113.18,27.01,149.18
T2,6.857,10.96,25.38,100.37,10.02,28.46,112.19,28.15,167.37,10.36,26.75,108.01,10.14,29.23,103.62,26.72,162.69
T1,6.858,11.09,25.0,107.71,10.37,27.42,95.15,26.19,162.84,11.17,26.7,94.5,10.13,26.35,100.0,26.68,148.05
T9,6.872,10.41,26.64,112.51,9.98,25.48,111.76,25.89,161.78,9.79,26.89,119.39,9.91,27.39,99.08,28.4,175.1
T3,6.89,10.11,26.43,116.06,9.99,26.66,107.56,25.46,149.01,10.45,29.32,107.43,10.82,27.48,113.63,25.46,154.9
T6,6.89,10.64,24.72,102.51,9.85,27.89,108.4,27.47,140.56,11.37,25.77,109.6,9.31,27.14,116.28,28.87,163.8
T10,6.896,9.89,25.2,100.39,10.75,24.75,111.9,25.21,154.02,10.9,27.3,94.1,10.71,28.22,109.44,25.03,172.34
T5,6.918,10.44,27.99,97.4,11.15,25.22,94.53,27.24,155.49,10.61,26.27,102.19,11.68,25.53,103.63,27.71,164.67
T4,6.94,10.33,24.16,109.72,10.5,23.96,98.38,25.14,155.86,10.71,25.53,95.73,9.53,24.21,101.49,26.97,144.2
T1,6.956,10.09,27.52,93.65,10.27,24.78,94.79,25.02,160.14,10.12,27.55,104.65,10.76,27.48,107.79,24.48,162.29
T3,6.968,11.24,25.43,100.57,11.46,25.6,104.4,24.6,153.07,11.1,27.14,107.98,10.06,24.84,114.37,25.21,154.2
T9,6.981,10.74,23.7,109.02,10.31,24.62,115.05,26.12,169.53,11.21,27.37,104.68,9.98,26.51,113.4,25.03,161.73
T9,7.007,11.06,26.89,119.28,11.64,26.64,111.99,24.25,163.18,10.12,23.76,112.2,10.98,27.59,101.37,28.71,167.98
T8,7.021,9.24,27.78,97.97,11.36,27.96,103.76,27.46,167.78,10.47,26.56,96.88,10.15,27.34,99.99,27.08,153.28
T2,7.026,10.42,24.97,110.89,10.76,25.97,101.21,25.5,158.37,9.37,27.31,103.82,10.0,29.33,99.48,25.62,163.57
T7,7.04,10.48,27.17,99.86,9.6,26.42,99.18,27.09,140.36,11.15,24.1,97.46,9.41,24.48,95.26,24.88,145.94
T10,7.045,11.22,25.16,103.74,10.78,25.99,111.16,27.45,156.55,10.13,24.02,92.93,10.26,26.27,113.2,28.58,174.38
T1,7.058,10.97,25.29,109.8,10.71,25.07,104.24,25.56,153.95,10.34,26.95,97.88,10.02,25.86,93.97,25.88,144.67
T5,7.058,9.51,24.72,98.79,10.94,25.93,101.06,29.09,156.83,9.73,25.68,95.58,10.21,23.19,105.58,26.05,163.1
T10,7.076,11.4,27.38,101.27,10.92,26.85,96.36,28.71,155.39,11.21,26.35,107.35,10.96,25.79,109.66,24.93,152.66
T7,7.085,10.51,26.42,95.12,9.97,26.99,108.71,26.19,141.88,10.5,25.16,102.68,10.3,23.73,109.69,26.32,154.12
T1,7.09,11.13,25.67,93.93,9.84,24.98,99.74,27.51,150.45,10.73,24.2,94.17,10.94,26.22,99.28,26.3,148.39
T1,7.104,11.09,25.2,96.39,10.41,26.82,94.49,25.34,145.46,11.12,26.56,108.26,10.84,28.87,108.2,26.27,163.76
T8,7.127,10.42,28.13,113.81,10.59,24.3,104.65,27.02,163.77,10.49,28.74,109.44,10.96,24.13,100.18,26.92,159.47
T10,7.128,11.31,23.23,107.81,9.93,28.28,97.84,28.75,167.6,10.58,24.25,93.02,9.94,24.24,105.21,27.86,177.18
T7,7.142,10.23,25.05,96.64,9.9,24.56,103.23,24.09,141.06,10.38,26.38,108.07,10.61,23.66,107.22,24.73,158.18
T9,7.144,10.7,27.62,113.36,10.52,23.46,101.65,24.63,156.26,9.58,26.29,110.01,11.4,25.6,116.66,27.26,166.85
T2,7.148,9.57,25.93,113.5,10.23,28.83,111.5,27.79,149.16,10.78,25.64,112.38,10.52,26.67,105.11,26.56,162.4
T8,7.15,9.78,25.87,106.5,11.38,24.15,100.8,26.55,147.85,9.48,27.55,112.88,10.04,26.53,102.59,26.26,170.48
T6,7.15,10.4,26.55,102.9,9.99,25.59,111.55,26.5,155.27,11.38,28.1,97.15,9.81,25.22,113.14,27.08,152.91
T9,7.164,10.34,25.77,103.51,11.04,23.95,99.59,26.36,157.25,10.45,26.9,111.2,10.12,23.55,106.03,25.98,165.78
T1,7.168,11.24,28.12,99.07,10.87,27.42,100.29,25.81,166.74,10.33,27.57,96.35,10.72,26.16,97.22,27.29,158.88
T3,7.17,11.16,26.92,101.42,11.01,27.83,106.4,27.98,159.38,9.63,26.25,115.79,11.34,28.12,102.05,27.8,156.17
T3,7.189,10.5,25.38,104.2,10.19,25.34,110.1,26.22,149.74,10.3,28.3,103.79,10.02,25.48,114.09,25.33,164.57
T9,7.194,11.1,23.82,111.4,10.53,25.37,107.46,25.98,165.1,9.54,26.35,108.5,10.91,26.85,114.26,25.72,159.1
T7,7.199,11.31,26.4,97.22,10.16,26.68,106.59,25.99,142.92,10.13,26.38,109.74,10.77,24.17,100.69,25.27,144.58
T1,7.217,10.72,24.51,99.54,10.49,28.85,96.19,25.34,142.24,11.28,24.1,96.73,10.27,25.83,95.47,28.55,152.09
T3,7.222,9.98,26.18,112.6,11.14,28.07,115.83,25.5,157.94,10.34,28.84,110.9,11.09,28.52,110.89,26.44,149.84
T4,7.226,10.56,25.29,96.82,10.58,26.66,94.95,25.97,152.89,11.51,25.2,102.11,9.52,26.16,109.8,24.48,158.47
T4,7.231,10.48,24.45,93.76,9.64,24.82,94.14,23.64,158.91,10.18,24.69,97.4,10.17,24.1,104.87,24.43,164.49
T10,7.255,10.39,24.6,109.48,11.26,25.18,100.63,26.95,170.29,9.78,23.91,93.73,11.13,24.66,110.85,27.57,162.15
T1,7.269,11.22,26.22,102.02,9.97,27.96,99.4,25.29,153.79,11.18,25.83,94.61,11.21,27.84,98.88,24.69,168.51
T5,7.274,10.8,25.07,95.7,11.33,27.36,95.61,29.69,158.76,10.8,24.19,100.81,10.14,24.12,102.89,28.32,173.79
T2,7.279,9.78,25.62,100.82,9.58,29.28,101.51,24.28,155.74,10.51,24.36,102.12,10.77,28.86,104.46,27.89,156.26
T3,7.294,10.94,28.46,100.72,10.14,28.37,108.5,26.74,144.85,10.94,25.55,106.84,9.82,25.64,106.27,24.94,154.58
T7,7.294,10.41,25.33,99.65,10.88,26.54,111.54,23.54,160.78,10.12,27.47,107.21,10.18,24.88,110.66,27.15,153.1
T1,7.316,11.06,26.75,104.35,10.63,27.61,103.84,28.13,149.73,10.25,24.55,99.0,11.03,27.84,109.06,25.38,149.09
T8,7.318,10.86,28.86,96.54,10.42,24.35,106.19,27.71,163.68,10.19,27.86,98.08,9.92,25.18,104.64,24.49,162.91
T1,7.351,10.06,27.8,103.24,9.91,26.83,102.64,27.5,149.45,9.92,24.13,104.28,9.89,27.77,96.31,28.55,159.84
T9,7.354,9.45,27.31,115.19,10.74,24.62,113.44,27.79,166.42,10.98,25.62,100.47,10.5,25.85,117.32,28.51,156.21
T9,7.363,10.72,25.66,103.51,10.39,23.54,114.59,26.61,172.21,10.05,25.59,111.57,10.56,24.17,101.25,27.28,170.36
T3,7.367,10.48,27.0,117.72,10.38,27.66,109.14,26.54,158.09,11.0,27.81,117.6,10.89,25.76,107.17,25.82,164.9
T3,7.371,11.04,27.52,117.0,10.52,29.0,104.79,25.75,154.0,10.38,27.34,100.76,10.46,24.7,113.12,27.4,164.89
T7,7.398,11.08,23.9,100.24,10.77,27.35,95.68,24.8,143.22,10.48,23.49,108.5,10.78,26.93,101.96,23.96,149.16
T7,7.401,11.32,27.45,102.02,9.99,26.84,94.54,25.17,157.05,10.27,26.65,102.11,10.18,27.17,106.68,23.2,157.23
T2,7.427,9.72,24.85,114.37,10.09,25.58,111.5,28.08,151.11,10.23,24.71,110.55,10.3,26.98,113.93,26.05,160.84
T1,7.431,10.22,26.64,110.85,10.76,27.77,106.36,24.78,145.5,10.88,25.89,98.4,9.86,26.15,103.03,26.92,159.86
T2,7.434,10.53,27.5,114.95,9.97,28.09,116.08,26.19,150.8,10.0,28.19,116.01,9.62,28.28,101.99,26.99,166.96
T9,7.439,10.46,26.78,110.94,11.26,24.88,103.7,28.66,159.9,10.73,23.59,113.69,10.94,26.98,109.43,28.43,157.25
T5,7.442,11.12,27.51,108.89,11.34,24.81,106.3,26.7,161.29,9.9,26.79,96.07,11.27,25.43,95.58,25.86,159.19
T10,7.445,9.99,24.56,103.07,11.51,25.86,99.64,27.3,163.45,10.58,25.72,99.32,10.1,27.5,102.67,28.95,161.18
T9,7.45,10.28,27.53,114.56,10.78,26.08,104.26,28.38,154.79,9.95,25.91,103.75,10.16,23.93,99.44,27.32,160.49
T9,7.454,9.52,25.11,108.59,11.06,25.32,100.12,25.32,159.76,9.93,26.46,117.9,10.61,23.92,115.34,28.49,175.0
T9,7.472,10.64,24.98,102.31,10.35,25.92,110.01,28.39,170.32,9.91,25.8,108.5,11.36,26.19,115.75,25.81,152.46
T5,7.475,11.1,25.16,100.04,11.47,23.28,94.68,27.04,160.03,10.4,26.95,100.28,10.82,24.96,107.95,25.39,161.29
T8,7.478,10.61,27.04,107.81,11.3,27.79,109.22,26.26,155.1,10.81,26.49,107.82,10.63,24.74,106.74,25.39,147.76
T8,7.478,10.82,25.16,103.21,10.11,27.56,115.56,25.06,162.59,9.58,26.54,102.62,9.88,25.41,107.24,27.06,149.66
T2,7.479,10.32,24.25,105.47,10.34,25.54,105.19,27.63,167.74,9.4,24.55,101.12,10.22,27.09,115.84,24.41,146.67
T1,7.488,10.36,27.65,94.36,9.49,24.74,96.19,26.73,151.51,10.48,26.82,105.45,10.35,28.9,101.84,26.23,161.95
T2,7.491,9.44,24.61,102.74,10.05,25.96,108.56,24.6,166.92,9.62,26.24,108.97,10.16,25.55,112.93,26.4,165.32
T6,7.495,11.12,25.14,101.71,9.53,27.25,103.1,29.06,143.74,11.5,25.86,111.45,11.05,25.23,113.95,25.54,160.58
T3,7.503,9.64,28.64,106.77,10.96,28.2,99.94,24.35,151.73,10.36,29.36,105.11,10.72,27.44,115.32,24.52,160.74
T8,7.509,10.37,25.44,103.59,10.64,24.44,116.33,24.71,163.8,9.3,27.08,112.42,11.23,26.9,105.95,25.66,167.1
T4,7.518,10.99,26.29,106.56,10.2,23.76,100.04,25.53,147.67,10.83,25.01,100.95,11.03,24.14,108.86,25.83,149.14
T10,7.533,10.56,24.54,105.21,11.34,25.13,105.06,25.94,155.58,10.08,27.44,95.91,10.55,27.3,104.31,25.36,160.06
T3,7.534,11.06,25.57,103.22,10.61,27.54,114.09,28.02,143.94,11.15,26.88,107.84,10.59,26.64,104.32,26.33,164.82
T6,7.545,11.1,25.97,96.48,10.69,27.16,100.19,28.32,160.57,9.83,26.13,106.28,10.85,26.87,111.7,26.91,155.4
T6,7.558,9.83,28.96,96.79,10.78,27.79,107.65,26.86,139.46,10.93,27.84,108.47,9.59,29.08,111.98,24.74,145.03
T7,7.564,9.76,25.38,103.14,9.79,25.44,97.41,26.67,154.54,10.52,27.26,94.62,10.85,24.72,101.6,23.27,143.53
T7,7.579,9.82,27.52,107.73,10.31,26.68,101.6,26.49,151.07,10.45,25.33,110.91,10.99,27.44,106.51,24.8,164.43
T4,7.595,10.63,24.07,110.7,10.13,25.35,93.2,25.2,153.63,11.02,27.59,108.9,10.13,23.88,110.52,23.26,150.81
T6,7.615,10.55,27.07,100.35,10.07,25.03,102.57,25.85,162.32,10.68,28.29,106.69,10.8,25.38,116.42,26.35,143.64
T4,7.616,10.79,23.5,96.9,9.88,23.04,98.57,25.76,159.05,10.34,25.53,109.1,9.6,26.71,107.68,27.23,156.61
T9,7.622,11.08,24.88,101.69,10.98,24.0,108.06,26.0,151.46,9.75,26.83,104.51,10.8,25.43,113.4,28.3,154.17
T9,7.63,11.11,27.01,105.73,9.92,26.27,105.29,26.63,172.39,10.59,25.69,103.53,10.2,26.36,102.66,27.46,150.9
T1,7.641,10.75,27.65,98.17,11.14,28.72,103.14,26.59,155.91,10.2,26.08,100.96,10.25,27.99,107.74,25.57,145.2
T4,7.649,10.08,26.0,105.97,9.79,26.02,110.22,26.79,149.52,10.91,26.2,104.77,10.95,24.77,102.98,25.75,151.02
T8,7.652,9.74,24.78,105.03,10.69,25.22,100.8,23.97,171.05,10.71,24.52,98.08,10.85,24.12,100.49,25.68,145.18
T9,7.658,11.13,27.7,107.78,10.94,26.07,112.06,28.67,156.83,10.89,25.32,118.39,10.03,26.83,109.2,25.68,155.22
T6,7.662,10.96,25.82,109.46,9.78,24.96,117.97,28.43,160.63,10.59,27.43,111.9,10.53,26.92,103.52,27.91,150.59
T2,7.69,9.66,27.29,104.22,10.71,26.93,99.36,25.41,166.53,10.7,27.24,103.19,9.94,27.05,103.11,27.45,165.22
T6,7.701,11.05,24.96,103.32,9.88,27.01,116.47,29.07,138.08,10.24,28.43,100.62,10.94,28.97,99.52,26.8,147.17
T5,7.712,9.53,28.02,98.11,10.0,26.7,101.06,25.27,173.98,9.63,26.77,107.85,10.85,26.1,112.0,27.03,162.43
T4,7.734,10.23,24.63,99.38,9.74,24.69,106.11,23.96,163.7,10.48,26.09,94.2,10.54,23.11,98.49,23.05,142.11
T10,7.751,10.88,23.75,99.42,9.92,27.02,110.42,27.53,151.08,10.74,26.99,96.86,10.34,24.86,97.99,27.09,162.02
T5,7.752,11.12,26.03,107.88,10.1,23.17,103.46,29.09,170.52,10.74,26.5,98.77,10.11,25.56,97.92,25.86,150.93
T9,7.753,10.04,27.91,116.25,10.62,25.28,100.17,25.03,161.73,10.18,25.88,113.93,10.06,26.36,109.62,28.75,151.41
T6,7.76,9.91,25.67,107.81,10.48,27.64,99.83,28.32,157.38,11.61,29.17,105.1,10.89,28.48,105.66,26.59,147.31
T1,7.762,10.58,27.57,98.79,10.78,25.64,101.5,24.74,168.51,10.3,27.04,108.04,10.13,25.86,101.32,27.22,163.33
T8,7.764,9.42,27.15,111.13,10.46,27.85,111.16,26.81,166.04,10.09,27.85,97.63,10.15,27.24,102.04,27.85,157.1
T3,7.773,11.31,25.07,102.93,11.3,28.95,106.83,26.26,165.38,10.18,25.22,108.24,10.65,26.31,115.57,24.62,145.06
T2,7.787,10.08,26.85,99.31,9.71,26.12,114.65,24.35,153.0,10.31,24.03,113.8,10.34,27.86,97.92,23.92,155.35
T4,7.799,10.78,25.08,93.39,9.85,25.23,106.34,24.82,157.74,10.43,27.38,100.08,9.78,24.19,105.17,24.73,141.27
T2,7.828,9.54,27.59,104.01,10.77,25.74,101.17,26.18,171.28,10.52,26.8,114.94,9.39,26.85,101.48,28.01,163.85
T2,7.834,10.42,27.67,113.5,10.32,24.82,105.46,28.04,152.73,10.02,27.69,115.82,10.44,27.79,113.95,26.84,152.4
T8,7.838,10.34,26.78,113.2,10.97,24.83,99.35,26.65,155.63,10.09,28.27,105.39,11.59,24.08,101.88,25.02,145.83
T8,7.844,9.7,24.67,98.84,10.51,24.08,104.15,25.12,147.97,10.16,28.35,110.12,10.65,24.75,112.91,27.28,156.41
T2,7.871,10.22,27.39,108.4,9.97,28.54,102.68,24.8,155.85,10.05,24.7,107.07,9.64,28.73,106.19,25.5,169.01
T7,7.898,10.96,23.98,100.94,10.44,24.86,102.83,25.79,160.85,10.66,25.3,106.89,10.91,26.35,110.89,23.67,162.15
T9,7.9,9.7,24.96,101.3,10.14,27.57,111.48,28.73,150.34,9.5,25.21,109.04,10.11,26.25,102.02,26.0,153.59
T10,7.903,11.51,27.47,97.31,11.47,23.84,103.16,26.8,176.43,9.78,27.53,95.52,10.92,28.28,101.9,26.25,172.03
T8,7.907,10.38,25.0,104.1,10.98,25.05,107.15,25.65,153.4,9.74,25.99,109.94,10.34,24.18,108.74,24.56,149.24
T2,7.911,10.48,27.6,112.91,9.73,25.35,109.6,24.38,170.2,10.46,24.64,107.46,9.43,26.55,103.14,24.11,158.06
T1,7.911,11.64,28.14,101.22,10.12,28.44,101.51,24.45,152.84,10.91,24.03,108.12,9.82,28.2,96.69,28.52,145.51
T1,7.945,9.86,25.75,93.62,10.61,26.58,94.75,27.51,149.87,11.35,25.46,94.82,10.04,27.28,99.29,27.99,164.86
T1,7.969,11.18,25.98,97.14,10.66,27.06,96.01,27.39,161.16,10.8,25.8,108.62,10.26,28.85,96.74,24.58,159.2
T3,7.985,10.84,29.28,108.03,10.5,27.4,99.42,26.8,156.61,9.63,25.82,108.96,9.83,26.53,102.93,27.12,141.04
T8,8.004,9.48,25.34,96.45,11.05,26.58,107.28,27.56,164.9,9.78,27.15,104.93,10.28,27.36,111.03,26.8,157.24
T4,8.016,10.84,24.66,98.53,9.74,26.26,94.69,24.43,153.39,9.74,27.73,95.84,10.07,26.59,106.32,24.52,147.5
T10,8.018,11.46,23.2,106.35,10.05,26.59,109.89,28.7,174.46,9.83,25.12,107.14,11.13,25.94,103.22,25.34,150.89
T5,8.021,10.97,27.64,103.06,10.65,26.52,107.84,25.92,173.93,11.12,27.66,100.62,10.98,23.65,111.06,27.75,150.17
T3,8.027,10.92,25.84,116.02,9.82,25.66,101.35,27.04,153.19,10.19,25.18,105.41,10.59,24.72,116.14,26.98,159.07
T1,8.039,11.35,24.18,100.64,10.24,27.08,98.86,25.74,148.27,10.03,25.37,102.03,9.8,27.46,94.25,27.81,143.79
T2,8.042,9.88,23.87,104.19,10.32,28.42,99.73,25.93,152.23,9.64,25.08,107.64,10.0,25.05,100.47,26.72,156.95
T4,8.043,11.57,24.33,96.79,10.55,23.37,110.52,23.72,160.35,10.37,25.47,103.1,10.99,24.81,105.28,25.96,151.02
T1,8.053,10.89,28.04,97.46,10.36,25.24,109.4,26.75,159.18,10.87,26.47,106.4,9.98,28.44,100.31,25.4,159.87
T3,8.07,10.99,25.45,111.78,11.15,27.43,110.42,25.0,161.22,11.14,29.05,109.64,9.85,27.82,112.43,27.41,157.95
T1,8.072,11.04,26.14,95.68,10.55,27.84,95.21,27.09,164.24,10.5,24.08,103.08,9.91,28.86,107.85,24.93,156.23
T8,8.076,9.45,26.44,111.06,10.05,24.51,113.84,27.93,145.93,9.62,26.92,111.69,10.23,27.13,101.47,23.99,166.88
T5,8.081,10.39,25.14,97.06,10.05,23.68,94.67,25.65,161.08,10.13,27.99,92.55,9.9,23.48,108.36,28.81,174.34
T1,8.1,10.18,23.76,97.54,9.47,28.16,98.56,27.94,163.05,10.94,26.68,100.96,10.55,25.57,92.56,27.66,162.85
T1,8.105,11.26,28.03,100.1,10.78,27.24,107.53,25.09,158.5,11.35,26.9,94.25,9.88,28.96,107.62,27.01,149.19
T6,8.111,9.95,24.68,109.4,10.9,27.13,105.45,27.38,152.78,10.52,26.58,104.69,10.86,25.65,110.52,28.93,153.01
T1,8.13,10.33,27.73,99.94,10.3,28.38,107.65,25.64,154.89,10.32,26.2,100.8,10.88,28.15,99.16,27.59,148.61
T2,8.143,10.7,27.52,106.91,10.29,26.14,113.26,26.52,161.58,9.37,24.01,111.57,10.63,26.69,107.33,26.52,167.17
T10,8.157,10.46,24.33,95.55,10.92,27.32,105.43,27.79,168.99,10.89,24.79,108.75,9.99,24.39,99.88,26.26,173.28
T5,8.166,10.96,24.6,94.46,10.19,24.13,109.06,27.26,161.47,11.09,27.73,95.19,11.68,25.15,105.98,29.69,157.27
T10,8.167,10.9,25.98,105.4,10.89,28.01,100.6,28.88,160.55,10.04,24.31,93.72,9.81,27.01,105.59,25.36,149.49
T3,8.177,10.32,25.3,103.03,10.87,28.86,109.41,25.25,145.72,9.93,29.01,103.04,10.38,26.76,116.72,27.3,166.0
T5,8.189,10.76,24.68,93.75,10.12,26.84,98.19,25.06,174.67,11.02,24.86,101.96,11.1,25.88,100.02,29.46,153.7
T8,8.209,9.58,27.34,99.05,11.08,27.84,104.06,23.67,155.51,9.43,24.74,109.21,11.18,24.47,100.49,26.29,157.38
T1,8.229,11.4,25.66,98.14,9.5,27.53,98.02,25.02,164.3,9.94,25.83,98.78,9.93,24.7,104.3,28.51,149.97
T9,8.229,10.1,26.08,101.88,10.42,27.53,106.36,25.0,163.95,10.89,24.96,103.85,11.45,23.99,113.96,25.62,175.1
T7,8.251,10.38,26.82,100.79,10.65,23.36,109.89,27.01,149.94,10.66,24.83,103.86,10.77,26.8,97.54,25.18,147.1
T10,8.281,10.47,23.99,94.1,11.51,23.83,113.01,27.49,150.88,10.36,23.54,93.16,11.07,24.66,114.16,26.26,159.81
T6,8.301,10.1,24.75,96.13,10.76,28.96,102.74,25.93,151.65,10.52,29.11,100.9,9.44,25.38,118.07,28.14,152.32
T1,8.329,11.03,25.93,94.61,10.16,29.02,108.2,25.23,163.56,10.68,27.97,95.17,11.1,25.28,102.93,27.5,148.78
T3,8.334,10.76,28.31,102.83,10.57,28.82,99.94,24.83,149.19,11.4,26.2,111.57,9.76,24.9,112.61,25.59,164.54
T6,8.341,10.62,27.53,107.79,9.43,25.29,101.46,26.92,160.16,11.02,25.85,111.12,11.03,27.38,111.58,27.79,141.16
T6,8.36,10.2,27.56,96.22,10.69,28.06,113.16,29.26,159.36,10.41,27.0,111.91,10.18,26.29,108.3,26.32,151.6
T2,8.361,10.56,24.25,111.16,9.76,28.44,103.35,24.62,155.18,9.67,25.34,106.35,9.21,28.32,105.95,25.3,164.24
T10,8.37,10.16,23.97,94.68,11.5,25.8,108.84,27.26,155.62,10.04,27.18,93.41,10.7,25.26,105.38,28.91,158.93
T3,8.384,10.49,28.09,109.69,10.52,25.21,112.36,23.99,155.7,11.11,27.84,108.09,10.09,25.69,99.11,24.08,162.74
T5,8.39,10.2,27.37,99.34,9.95,26.02,94.35,25.93,151.17,11.17,25.16,103.47,11.37,23.69,97.54,29.37,156.73
T1,8.405,10.34,24.8,96.94,11.25,27.45,102.42,28.04,150.77,11.62,24.2,94.7,9.65,25.91,107.54,27.31,153.94
T5,8.422,11.16,24.22,99.81,11.54,24.96,102.93,27.84,149.61,11.04,24.86,93.7,11.62,25.6,104.65,25.62,154.27
T2,8.425,10.42,24.24,102.2,10.89,27.05,100.04,27.27,170.69,9.98,28.03,112.14,10.19,28.84,101.49,25.39,148.76
T7,8.426,10.38,26.9,95.58,10.99,25.15,98.94,24.9,150.56,10.21,27.64,103.56,9.59,24.35,109.2,26.37,153.91
T2,8.438,9.37,26.24,116.79,9.71,28.79,111.17,25.91,153.99,9.82,27.66,112.48,9.49,25.45,113.26,27.67,152.27
T6,8.445,10.8,28.35,95.92,9.59,27.23,116.29,29.04,139.76,11.64,28.9,96.06,10.82,27.38,105.26,28.87,150.17
T6,8.454,11.37,27.93,98.38,10.78,24.96,99.92,25.68,150.17,10.18,28.27,111.5,10.4,29.09,108.11,29.05,147.52
T10,8.465,10.68,25.55,104.19,11.46,24.79,102.94,24.61,158.63,9.98,24.83,104.41,10.8,24.55,114.31,26.28,165.8
T4,8.494,10.09,25.66,93.26,9.47,26.58,104.61,23.45,147.64,11.36,27.76,99.37,9.85,26.21,108.34,27.21,158.02
T5,8.495,10.79,27.65,106.44,10.99,23.13,98.81,29.4,174.86,10.36,24.68,107.05,11.61,25.55,107.3,25.86,164.36
T1,8.538,10.77,25.78,93.35,10.56,25.1,97.3,26.26,154.12,11.12,23.88,103.05,9.72,25.64,101.88,26.08,147.52
T6,8.555,10.48,27.08,99.09,10.85,28.01,109.5,25.32,156.06,10.49,25.98,107.71,10.92,28.93,116.97,26.55,142.1
T5,8.56,9.6,27.66,98.42,11.27,23.28,111.75,25.05,176.75,9.43,25.88,108.44,11.71,27.11,100.24,29.16,151.43
T2,8.563,9.84,28.13,114.47,10.8,27.46,103.6,24.0,162.42,9.55,28.17,105.58,10.65,25.84,109.65,27.46,171.94
T4,8.587,10.47,25.35,101.5,10.35,23.66,108.82,23.5,166.21,10.7,26.25,106.65,10.1,25.24,110.35,25.73,157.78
T8,8.593,10.68,27.67,98.21,11.67,24.18,107.24,28.06,146.28,9.31,24.63,97.3,10.24,24.08,103.55,27.69,157.45
T9,8.594,9.7,27.65,111.2,11.0,27.08,99.61,24.48,147.37,10.61,27.85,104.41,11.08,27.45,105.15,25.03,167.0
T7,8.601,9.81,25.07,104.74,10.78,27.46,101.58,24.71,154.3,11.2,26.98,108.05,9.61,24.08,94.78,24.7,150.2
T10,8.605,9.84,25.42,105.05,10.26,24.94,106.6,25.18,154.35,9.88,26.2,102.39,9.94,23.97,113.02,27.27,163.81
T5,8.631,10.98,26.73,109.66,10.26,25.92,101.6,25.62,174.4,11.16,27.19,92.57,10.82,26.26,101.05,25.57,164.27
T6,8.655,11.65,26.65,109.12,10.21,28.72,108.54,27.52,145.04,10.04,29.24,109.53,9.82,25.97,105.94,27.04,159.93
T5,8.669,10.52,27.83,101.64,10.83,26.08,104.09,26.45,171.7,10.36,28.14,104.62,11.38,23.75,103.28,29.5,163.81
T7,8.701,11.32,24.72,102.48,9.53,24.46,97.17,25.71,147.7,9.9,24.75,99.85,10.45,24.08,110.3,26.85,158.58
T9,8.705,9.61,24.95,117.75,10.69,26.97,102.03,26.41,174.81,10.48,23.95,113.84,11.36,25.36,105.5,25.32,152.59
T2,8.706,9.92,28.12,104.2,10.18,28.64,102.61,25.24,167.57,9.65,25.57,106.75,10.38,28.08,99.33,26.5,152.57
T1,8.707,11.11,26.17,105.87,9.91,27.87,104.62,27.03,148.05,11.03,27.47,98.3,9.91,26.4,108.4,26.08,148.51
T7,8.709,9.91,27.35,96.5,10.45,27.13,95.43,24.54,153.52,10.59,25.44,106.97,10.99,27.33,97.13,23.38,139.17
T3,8.737,10.45,28.47,109.82,9.9,27.0,115.96,26.13,141.46,10.41,25.42,115.29,10.37,25.32,102.93,26.38,160.17
T9,8.744,10.92,27.71,117.83,9.94,25.6,116.22,25.09,169.27,9.67,25.55,105.94,10.4,26.61,113.8,27.46,148.85
T1,8.754,11.48,25.04,107.24,10.18,28.33,94.29,26.27,155.62,10.82,26.13,108.7,10.41,27.42,92.38,27.5,161.56
T6,8.774,10.13,25.72,106.21,10.49,29.0,99.83,26.91,150.2,11.02,24.8,103.51,11.0,26.25,110.3,28.43,147.24
T10,8.776,10.26,24.51,92.71,10.11,26.36,104.31,26.98,157.18,9.88,27.34,101.43,10.88,25.87,113.51,25.2,150.89
T2,8.788,9.41,23.93,112.43,10.84,26.41,111.42,27.8,167.42,9.6,27.1,101.85,9.73,27.89,113.2,25.85,158.5
T10,8.79,11.01,23.99,104.56,11.27,24.33,114.34,26.28,162.94,9.9,23.79,98.21,10.4,27.44,102.58,28.81,169.9
T9,8.803,10.74,25.44,117.74,11.21,27.41,114.96,27.78,163.42,10.85,27.51,108.62,10.9,24.01,107.26,25.18,167.59
T4,8.804,11.01,25.25,102.28,10.66,24.04,108.88,27.38,152.86,10.88,24.23,97.4,10.5,25.88,94.46,23.08,146.95
T6,8.825,11.26,25.63,106.96,10.97,27.83,100.94,28.56,156.58,10.52,25.09,96.73,9.87,26.54,110.24,28.72,155.21
T5,8.858,11.08,26.08,108.73,10.93,24.85,98.48,26.1,174.49,10.0,25.19,97.43,10.29,26.37,109.26,28.38,150.52
T3,8.86,10.55,29.33,108.4,11.14,26.37,108.76,24.85,154.0,10.5,28.88,104.21,10.15,27.78,107.14,26.29,159.54
T4,8.865,11.53,27.4,93.25,10.72,25.81,99.98,26.97,154.88,9.82,23.51,102.68,10.87,26.49,110.13,26.97,155.95
T7,8.865,11.4,25.1,105.53,9.4,26.23,99.56,26.93,148.44,10.23,25.14,109.74,9.6,24.82,108.45,25.31,144.45
T6,8.874,10.88,28.51,98.39,10.66,28.27,107.71,26.08,151.67,10.23,26.66,111.39,11.07,26.32,103.68,28.68,144.48
T9,8.885,9.68,26.52,100.61,11.41,25.84,101.15,24.6,157.04,9.89,27.27,101.17,11.2,26.48,99.72,25.93,152.36
T6,8.89,11.08,28.42,112.42,11.01,25.84,110.73,28.92,137.92,10.91,25.9,113.11,9.42,25.21,107.99,26.44,147.52
T8,8.897,10.76,24.82,107.81,10.06,26.0,105.79,25.23,166.24,10.34,26.26,104.58,11.6,24.3,112.26,27.5,147.9
T1,8.918,11.6,25.34,107.78,11.11,25.09,101.08,28.18,166.1,11.4,27.87,93.99,10.54,25.49,108.46,25.57,160.59
T2,8.936,10.9,24.8,115.08,10.38,28.98,101.1,27.75,165.58,10.72,25.61,104.69,9.52,28.39,110.33,26.13,158.71
T7,8.963,10.53,27.33,94.12,9.94,26.72,98.03,25.73,140.43,9.97,25.48,97.79,10.78,24.67,110.01,24.37,139.32
T4,8.983,10.66,24.29,110.31,9.41,25.2,102.02,27.28,140.38,9.89,24.95,98.6,10.48,23.06,97.55,23.31,149.24
T6,8.986,10.59,26.58,109.57,10.98,25.69,117.65,24.81,156.33,11.02,27.54,108.74,9.89,26.65,111.97,29.11,138.9
T2,9.004,9.52,25.43,109.64,10.78,26.97,101.82,28.04,154.81,9.39,25.13,111.14,10.81,26.41,115.31,28.26,157.67
T8,9.014,9.72,26.46,98.29,10.23,27.12,106.11,26.87,150.99,10.28,26.43,113.24,10.37,25.2,101.24,26.7,154.92
T8,9.018,10.49,28.18,110.01,10.03,27.8,113.7,26.91,163.85,10.56,28.35,102.81,11.35,25.77,112.33,25.06,156.46
T8,9.032,9.2,26.83,99.36,10.6,24.7,101.63,25.51,154.54,10.91,24.67,101.03,10.68,25.36,107.24,26.01,163.77
T3,9.053,11.43,28.69,114.3,9.8,25.75,101.94,23.74,143.31,11.15,28.69,117.11,10.06,26.82,102.39,27.87,151.34
T5,9.068,10.2,26.33,104.21,10.21,24.85,100.49,29.77,175.83,10.23,27.05,94.92,10.15,23.73,110.61,27.18,163.66
T2,9.078,10.93,24.2,98.53,10.24,26.99,112.0,23.94,149.18,10.48,25.98,107.16,10.7,28.29,105.24,24.29,155.99
T10,9.079,10.7,23.21,109.95,11.09,27.29,110.04,28.64,153.09,10.34,24.54,96.3,9.9,25.58,105.43,27.13,156.11
T7,9.128,9.8,24.91,110.32,9.83,27.13,107.11,26.95,155.61,11.14,24.67,97.67,10.72,26.83,103.14,23.2,142.07
T1,9.129,11.36,23.72,107.24,10.83,28.56,109.27,26.77,157.78,10.22,27.04,93.52,10.85,25.5,107.32,28.51,144.6
T2,9.133,10.66,26.54,103.86,9.98,27.16,111.94,26.38,158.84,9.53,25.53,103.31,9.32,29.1,99.24,26.43,147.4
T2,9.136,10.56,25.26,110.18,10.18,25.35,102.26,26.74,170.56,10.69,28.18,115.66,9.68,25.99,99.76,25.63,147.56
T2,9.147,10.51,27.28,115.03,10.75,25.56,113.92,24.02,156.26,10.41,28.21,106.66,10.3,25.12,101.75,25.99,163.55
T7,9.165,10.26,23.4,98.97,10.65,23.9,103.0,24.8,156.07,11.03,25.28,104.72,9.39,24.88,98.37,27.24,145.08
T6,9.189,10.68,27.17,108.85,11.06,28.37,117.86,27.28,161.82,11.29,28.11,104.39,10.01,28.06,115.19,26.8,162.96
T1,9.218,10.89,27.93,94.46,10.49,24.94,101.08,25.38,145.83,10.7,26.24,100.0,10.86,26.87,107.32,27.71,159.63
T5,9.232,10.96,27.05,104.01,10.22,23.22,110.26,29.43,158.42,9.99,26.67,100.66,10.42,26.23,100.93,28.73,174.0
T4,9.274,11.47,24.36,108.0,10.59,26.8,97.51,23.66,158.89,10.64,24.92,110.32,10.23,25.65,99.25,25.54,156.01
T10,9.292,10.46,24.28,108.4,10.78,24.91,109.61,24.66,173.7,9.71,24.39,106.54,9.99,26.92,105.6,28.52,176.42
T6,9.302,11.55,29.08,112.25,9.35,26.13,117.11,27.81,161.54,10.67,27.56,112.83,9.7,27.97,102.63,26.82,160.11
T3,9.307,9.87,28.11,115.77,9.71,27.31,100.28,25.94,162.06,10.72,24.82,117.83,10.71,24.42,109.04,27.12,151.02
T4,9.309,11.16,26.5,107.58,10.08,24.85,106.11,25.95,165.7,10.51,26.94,100.04,9.42,23.31,102.65,26.68,166.74
T5,9.323,9.88,27.23,103.57,11.27,24.7,104.07,27.28,155.72,10.58,24.84,104.81,9.88,26.96,99.88,25.85,173.71
T1,9.324,11.4,25.63,96.46,10.48,26.7,98.07,26.98,151.12,9.96,24.08,105.02,10.07,26.2,101.63,26.87,160.05
T9,9.328,9.86,24.07,119.01,11.75,24.6,104.47,26.55,172.03,9.93,25.35,107.23,11.01,26.8,99.54,27.53,155.3
T5,9.333,10.76,25.18,92.52,11.44,26.88,104.07,26.71,152.94,10.47,25.38,96.01,11.4,27.17,111.43,29.32,159.78
T6,9.337,9.83,25.75,110.55,10.13,27.62,106.68,25.98,155.88,9.84,26.91,113.74,10.24,28.54,111.89,25.41,151.57
T8,9.346,10.58,27.94,97.23,9.95,24.93,100.93,24.92,170.17,9.3,28.64,101.12,10.93,24.5,106.59,26.48,162.66
T10,9.355,10.56,23.96,94.53,10.65,26.83,103.24,26.04,156.21,9.86,23.47,95.54,11.3,25.95,105.76,28.24,173.14
T8,9.368,9.42,27.21,105.02,10.94,25.24,103.44,26.32,153.66,10.37,28.8,104.13,10.02,26.34,113.22,27.03,156.19
T3,9.379,11.39,26.76,109.85,10.66,25.99,99.82,24.35,157.51,10.25,25.97,102.48,10.01,25.45,98.8,27.97,148.1
T8,9.381,9.2,28.76,106.74,10.72,24.01,107.6,27.69,154.7,10.63,26.99,97.61,11.45,25.65,98.38,27.46,170.18
T5,9.384,10.41,26.28,105.34,10.86,27.03,104.6,26.01,164.65,10.56,24.76,97.5,11.15,24.21,109.25,27.32,172.99
T5,9.392,10.57,26.84,94.38,10.94,24.76,106.43,28.59,170.24,10.52,24.4,104.12,10.51,25.46,108.42,28.49,157.04
T6,9.401,10.56,27.8,101.59,9.54,28.64,111.89,28.57,140.9,10.34,26.71,103.93,10.91,28.94,102.2,29.22,140.23
T4,9.413,10.57,27.21,96.47,10.97,24.85,108.71,27.14,156.47,10.25,27.37,107.88,9.65,23.31,96.78,24.26,145.15
T7,9.413,9.66,27.31,97.21,10.11,24.98,99.09,23.69,141.87,10.98,24.91,94.13,10.04,24.34,110.16,24.29,162.06
T9,9.416,10.19,23.9,107.0,11.52,27.11,106.84,27.11,163.95,10.95,23.7,118.15,9.99,24.63,99.44,26.85,168.65
T9,9.428,9.53,25.44,115.13,11.47,24.25,113.85,25.69,163.74,10.97,25.96,108.92,10.34,24.81,105.09,26.59,158.27
T4,9.434,10.15,25.08,103.08,10.44,26.07,110.58,26.2,164.83,10.21,23.94,100.66,9.94,23.62,103.2,26.77,145.56
T9,9.471,9.46,26.59,107.27,11.32,25.3,110.75,24.99,157.33,9.93,26.71,112.2,11.03,26.62,113.52,25.26,148.48
T4,9.482,10.7,27.24,95.28,9.95,24.01,105.73,26.24,150.28,11.31,26.11,105.84,9.47,24.68,108.22,25.92,148.45
T4,9.485,10.59,23.92,110.38,10.31,23.54,107.61,26.47,140.66,11.4,24.63,100.87,10.88,24.81,103.11,26.14,161.28
T5,9.495,10.96,25.43,106.44,11.32,26.39,110.34,25.07,170.62,9.93,28.34,102.92,9.88,26.31,108.73,29.19,165.1
T8,9.497,10.04,28.78,113.7,10.14,25.58,110.4,25.06,163.85,10.2,28.72,97.72,11.6,26.46,110.8,25.99,170.39
T8,9.501,9.96,26.02,96.34,9.9,26.27,105.78,25.83,164.13,10.48,24.76,114.07,11.22,24.11,98.6,24.99,148.7
T3,9.515,9.84,27.02,106.8,10.16,27.77,99.92,27.85,152.52,10.96,28.48,111.59,10.42,28.63,110.19,27.88,149.43
T3,9.53,11.06,29.22,109.85,10.75,24.82,99.14,25.27,147.32,10.63,28.16,110.71,9.89,24.89,104.12,27.73,141.49
T5,9.538,10.54,27.66,105.81,11.33,25.28,105.32,25.35,175.61,9.5,24.46,103.53,10.23,25.15,103.12,25.54,160.54
T10,9.538,9.95,23.91,107.74,10.34,25.8,97.59,28.82,175.46,9.93,25.96,104.84,9.73,24.92,107.38,25.47,169.41
T10,9.543,11.51,27.07,95.91,11.11,25.28,97.54,28.42,167.34,10.07,24.94,101.02,11.05,27.26,96.46,25.63,151.88
T5,9.553,9.47,27.64,102.17,11.32,24.96,103.58,28.06,173.0,11.07,26.1,93.53,10.87,26.8,106.43,26.12,156.32
T4,9.566,11.02,26.63,108.76,10.43,24.22,106.83,24.86,147.34,10.76,25.08,98.08,9.75,25.98,107.31,23.77,151.49
T10,9.567,11.44,25.23,107.33,10.3,25.7,105.1,26.84,155.65,11.44,25.85,95.86,10.51,27.21,104.43,26.13,155.26
T3,9.569,10.53,28.92,107.78,11.39,25.26,114.78,27.05,145.06,10.12,25.89,111.73,9.69,24.62,116.55,24.33,141.52
T10,9.572,10.74,26.2,107.35,10.74,25.26,101.97,26.69,164.33,9.72,25.44,97.11,10.96,25.5,97.67,26.69,159.99
T5,9.59,9.44,24.23,96.0,10.9,25.96,104.15,29.33,163.77,9.87,24.68,100.62,11.21,26.46,109.06,27.51,158.78
T7,9.596,11.1,24.29,98.53,10.85,25.68,100.28,24.36,144.16,10.5,25.53,95.95,9.37,23.22,111.33,23.39,155.13
T7,9.605,10.69,25.28,99.38,9.9,26.98,95.16,24.01,157.55,11.26,27.01,103.83,10.99,25.7,95.53,25.66,153.51
T6,9.614,9.86,25.96,102.69,9.97,25.54,115.86,26.64,142.1,10.81,25.36,108.85,10.76,27.95,115.68,27.05,150.04
T6,9.654,9.93,24.63,96.4,10.64,25.38,100.93,29.23,148.18,10.05,27.76,107.38,10.22,25.69,115.89,28.4,149.14
T9,9.655,10.01,27.49,113.25,10.14,23.35,104.88,27.03,147.37,10.89,27.17,102.3,11.08,25.3,115.75,28.37,149.1
T10,9.676,11.21,26.6,100.99,10.56,24.66,114.26,26.57,157.73,10.74,26.31,107.49,10.12,27.98,102.39,27.44,167.44
T6,9.684,10.17,26.98,112.34,10.56,29.21,103.75,25.61,159.06,11.2,29.12,97.84,10.27,24.89,102.27,28.92,153.86
T7,9.707,11.31,26.73,109.06,10.78,23.18,110.05,25.83,163.61,11.24,27.21,111.04,11.04,24.34,102.12,26.74,140.83
T4,9.724,11.31,23.76,96.38,9.55,23.09,100.4,25.68,149.32,10.84,26.27,109.66,10.52,23.35,101.64,23.66,158.71
T5,9.726,9.57,27.98,109.38,10.29,26.8,107.81,29.24,156.44,10.98,25.95,97.52,10.88,24.71,111.98,25.08,175.47
T7,9.732,11.1,26.31,109.4,9.5,25.0,109.35,25.34,155.58,10.66,26.03,100.96,10.96,25.0,110.25,25.79,145.93
T9,9.76,10.49,27.85,111.5,10.48,23.82,101.7,25.01,147.38,9.6,27.62,115.11,11.2,27.51,114.75,25.62,149.24
T7,9.781,10.66,23.34,100.23,10.34,25.72,102.67,23.35,160.56,10.84,27.69,106.45,10.22,23.55,104.85,26.37,146.51
T4,9.789,10.23,27.38,100.01,9.95,25.08,104.59,23.95,142.25,9.76,27.01,93.35,9.73,26.69,107.34,26.47,149.56
T4,9.793,11.53,24.8,103.1,9.57,24.72,105.63,25.13,143.27,10.79,24.79,101.72,10.31,23.44,99.95,23.87,162.01
T4,9.796,9.9,27.62,107.95,11.19,23.43,99.25,23.77,161.05,10.48,26.51,97.83,10.29,25.16,101.06,26.75,145.92
T3,9.829,10.97,29.41,113.63,10.47,26.31,102.49,24.42,155.58,10.58,25.42,105.69,9.88,28.99,111.57,27.36,156.06
T9,9.862,10.49,27.92,119.26,9.92,26.3,112.17,28.26,161.49,10.76,25.92,117.56,9.89,24.49,106.56,26.46,166.77
T7,9.883,11.12,25.21,94.57,9.35,24.46,95.77,26.63,139.21,10.3,25.44,105.97,10.45,24.17,96.27,23.97,164.31
T10,9.957,11.49,25.83,97.05,11.12,28.13,110.74,26.2,173.73,10.48,27.36,94.38,10.92,26.06,111.9,25.19,152.97
T10,10.009,10.01,24.22,101.71,9.95,24.58,104.98,24.61,164.7,9.93,24.64,108.28,9.74,25.2,102.53,26.3,175.46
T9,10.018,9.63,25.7,118.22,10.71,27.4,116.17,26.36,165.26,10.3,25.92,101.48,10.19,23.82,101.96,27.0,154.34
T9,10.041,11.11,27.93,112.36,10.75,25.11,110.97,26.36,149.96,9.86,27.5,108.58,11.66,24.75,104.77,24.53,160.83
T6,10.093,10.66,28.37,109.41,10.25,26.02,103.41,25.36,157.97,11.39,26.26,101.35,10.54,25.69,108.97,27.62,150.71
T6,10.113,11.57,27.61,109.08,9.76,25.71,114.76,24.92,142.79,10.52,26.58,113.77,10.98,29.35,99.64,28.92,139.45
T10,10.122,9.87,26.76,107.85,10.42,25.47,107.9,26.8,174.01,11.45,26.09,95.42,10.69,24.62,98.22,27.22,166.49
T10,10.198,10.55,24.99,104.5,11.26,24.88,108.26,25.99,167.32,10.6,23.61,108.75,9.85,26.16,110.54,26.69,176.38
T10,10.201,10.11,24.89,95.42,11.16,24.8,113.6,24.89,169.17,11.37,27.53,95.44,11.49,25.78,103.18,26.0,170.58
T4,10.216,11.16,27.73,100.54,10.25,24.35,100.47,24.04,151.74,10.15,27.14,106.52,9.85,26.95,106.58,27.38,165.58
T4,10.338,9.94,27.52,94.09,10.02,23.27,102.6,27.07,153.05,11.32,24.96,97.52,10.25,25.11,103.16,26.84,151.77
T6,10.467,11.6,27.32,110.77,9.62,26.65,116.48,25.1,154.37,10.4,29.25,100.73,10.06,27.32,99.61,24.81,151.98
T6,10.481,9.95,25.49,95.75,10.54,24.72,117.11,25.7,145.28,11.46,27.68,106.45,9.45,26.98,104.11,25.74,154.31
T10,10.607,10.0,25.46,92.55,10.86,27.4,96.7,25.77,166.16,10.13,23.36,102.73,10.74,25.14,103.72,26.05,176.28
T3,10.608,10.99,25.49,118.6,11.08,27.03,110.82,25.42,154.53,10.22,25.56,102.23,10.96,28.18,110.73,25.12,150.12
T10,10.611,10.69,26.16,102.52,11.33,24.97,97.5,27.18,154.21,10.83,23.61,96.7,10.09,27.9,113.56,25.22,153.55
T3,10.618,11.18,26.02,100.82,10.64,24.97,104.72,26.59,145.9,11.08,29.36,103.98,10.28,26.31,101.62,28.14,166.97
T10,10.632,10.03,27.53,106.28,11.4,25.41,105.5,26.84,158.49,10.38,24.27,106.43,10.86,25.29,110.49,27.41,171.87
T3,10.871,11.04,26.2,111.73,10.76,27.66,106.33,27.96,158.41,10.79,25.26,105.14,10.29,28.59,100.52,27.75,161.8
T3,10.875,11.21,29.47,110.72,11.43,28.48,114.97,27.5,156.19,10.61,27.57,113.92,10.36,26.87,101.93,26.24,153.43
T3,10.888,10.15,27.29,104.28,10.73,27.48,107.9,25.09,142.73,9.66,27.08,113.4,10.15,26.02,108.44,24.01,151.15
T6,11.06,10.61,27.34,104.18,9.91,28.17,112.09,28.64,147.28,11.42,27.93,113.76,9.63,26.38,105.13,26.86,138.33
T6,11.061,10.34,24.78,112.37,10.12,25.17,110.88,26.76,163.71,11.16,27.47,108.47,10.89,24.84,108.67,25.18,142.72
T3,11.102,9.64,25.58,117.9,10.1,25.63,99.48,27.91,142.71,11.01,25.03,110.36,10.54,26.32,106.45,24.39,160.22
T6,11.167,10.52,28.41,107.23,10.26,26.73,107.12,26.3,139.85,11.48,26.32,104.52,10.72,27.36,106.58,29.06,153.64
T6,11.168,10.53,28.16,110.17,9.79,28.36,110.24,26.73,156.44,11.31,24.88,107.79,10.42,29.27,102.34,25.93,145.72
T6,11.262,9.96,25.73,112.76,10.18,27.28,108.7,27.88,158.69,9.81,25.38,113.44,10.68,24.85,111.24,28.66,157.61
T3,11.277,9.66,24.85,109.52,10.2,28.88,113.78,24.2,153.9,9.99,25.62,103.6,11.39,24.81,106.3,23.75,144.8
T3,11.342,10.8,26.35,117.18,10.7,28.5,103.87,26.31,155.0,11.39,27.04,100.23,10.08,28.33,106.38,26.68,141.44
T3,11.362,11.35,28.1,111.6,9.91,24.43,102.73,27.22,146.1,9.81,28.63,100.84,10.84,28.37,103.64,27.6,149.43
T3,11.474,10.94,28.17,108.28,10.29,27.61,104.43,23.98,163.13,11.16,27.92,104.04,10.83,24.62,109.01,27.05,155.29
