task_type_id,arrival_time,est_m1,est_m2,est_m3,est_m4,est_m5,est_m6,est_m7,ext_m1-1,ext_m2-1,ext_m3-1,ext_m4-1,ext_m5-1,ext_m6-1,ext_m7-1
1,0.333,113.113,110.683,104.575,102.578,11.667,1.061,114.593,113.845,97.179,99.681,104.806,10.11,1.064,101.253
1,0.335,108.224,107.051,94.399,117.874,11.678,0.961,103.092,103.02,111.852,94.158,103.215,11.43,1.087,115.351
2,1.056,1.07,104.337,118.876,10.661,105.112,104.757,103.555,0.921,108.26,102.13,9.509,103.314,92.7,100.959
1,1.091,104.509,111.731,100.588,116.842,11.266,1.001,100.248,115.892,98.3,102.539,118.74,10.791,1.074,112.941
1,1.175,107.117,113.399,100.683,111.99,10.699,0.938,101.745,99.6,106.99,97.787,109.655,11.214,0.986,101.025
4,1.62,107.239,110.762,1.068,10.278,102.635,102.935,1.129,109.574,106.838,1.079,10.81,113.075,96.098,1.139
3,1.75,104.338,1.049,104.204,111.509,101.26,104.101,98.589,114.619,1.075,108.947,98.14,103.135,106.567,101.21
4,1.929,102.138,115.415,1.083,11.518,103.453,105.892,0.989,106.981,112.053,1.085,10.373,110.236,109.551,1.001
1,2.231,116.849,114.303,98.774,107.595,11.739,1.083,103.463,99.42,109.604,95.114,111.695,10.864,1.067,105.037
3,2.707,101.915,1.012,97.807,97.845,103.76,100.869,99.985,106.657,0.948,100.142,99.192,97.533,100.164,104.451
4,2.736,98.958,106.024,1.074,10.586,114.899,105.481,1.013,100.045,110.452,1.05,11.339,115.474,106.268,1.029
2,3.596,1.017,100.893,104.6,11.097,110.695,104.477,96.404,1.003,105.436,108.572,10.717,108.643,100.495,95.279
1,3.704,101.779,108.112,95.881,112.456,10.203,1.046,108.972,111.527,108.765,97.121,102.175,11.071,1.066,113.355
4,3.726,99.268,109.633,1.029,11.215,114.351,104.817,1.084,100.121,111.836,1.078,10.415,104.934,104.063,0.992
4,3.743,108.19,107.361,1.011,10.467,104.507,105.548,1.107,110.222,118.278,1.003,10.55,101.766,108.271,0.977
2,3.786,1.045,108.798,103.834,10.731,109.309,96.095,95.802,1.01,97.709,114.85,11.116,106.086,94.259,109.23
1,4.616,102.864,114.301,100.951,102.35,10.704,1.071,108.513,107.817,106.265,98.446,103.108,10.989,0.976,107.326
2,4.756,0.926,102.261,108.204,10.979,105.233,92.995,99.577,1.025,91.963,104.368,10.659,103.095,104.097,97.634
2,4.868,0.933,96.637,102.452,10.5,102.59,97.881,100.684,1.077,99.15,111.669,10.647,107.26,92.174,99.965
1,5.011,105.71,97.235,96.772,105.261,10.754,1.0,108.725,99.845,103.135,103.979,108.327,11.159,1.087,99.355
2,5.074,1.031,94.934,116.76,11.139,98.303,102.753,97.013,0.991,100.207,105.578,10.247,104.831,104.963,106.653
3,5.114,106.516,1.076,113.145,106.968,109.691,93.661,95.189,112.65,1.064,110.8,113.761,94.972,95.287,100.522
2,5.348,1.004,96.875,117.583,11.086,103.095,97.629,97.287,0.961,107.786,100.107,10.03,97.894,100.443,111.28
2,6.003,1.069,96.75,109.693,10.478,108.033,98.107,103.636,1.081,104.228,115.402,10.449,107.383,100.933,106.749
2,6.157,0.967,103.205,118.351,10.721,96.414,106.264,96.774,1.035,93.996,100.701,9.445,100.615,94.98,106.356
1,6.207,114.475,96.733,101.922,105.718,11.375,1.046,99.676,116.03,97.085,103.998,107.397,10.89,1.069,104.388
1,6.891,112.596,110.241,95.104,101.044,11.805,1.023,101.706,108.401,109.631,92.482,110.966,10.842,0.948,108.39
4,6.975,110.707,113.876,1.04,10.183,110.686,99.04,0.993,96.641,112.635,1.058,10.712,103.425,94.754,1.058
4,7.638,95.416,99.623,0.981,11.227,107.904,98.216,1.104,109.837,118.142,1.037,10.363,107.029,108.764,1.064
4,7.997,98.736,118.354,0.945,10.056,115.362,101.938,1.021,99.554,113.233,1.051,10.499,111.805,108.8,1.015
2,8.112,0.959,97.005,118.377,10.241,106.425,107.538,109.632,1.062,103.633,101.515,10.373,102.317,100.33,94.697
2,8.64,1.091,100.382,115.287,9.787,96.609,99.591,110.374,1.069,91.981,100.804,10.306,100.293,107.376,99.126
3,8.696,103.398,0.985,97.288,98.323,93.108,105.888,99.574,109.07,1.003,100.914,114.97,100.093,101.252,99.725
2,9.389,1.083,109.082,108.87,9.993,111.027,103.035,104.536,0.933,94.107,113.706,9.618,96.005,107.843,107.688
1,9.852,102.007,111.032,99.052,109.091,10.712,1.052,114.913,105.662,102.266,100.481,102.175,10.732,0.992,106.331
4,10.442,93.5,108.345,0.993,10.561,116.577,103.918,1.042,106.613,113.095,1.031,10.118,115.449,104.167,1.106
4,10.492,100.394,108.394,0.959,10.983,106.218,112.045,1.132,106.981,116.446,0.934,10.611,99.918,97.057,1.135
2,10.695,1.036,108.769,115.823,10.385,107.857,96.302,106.492,0.966,107.683,112.677,9.406,109.679,100.175,101.377
1,10.702,99.619,105.458,103.854,102.569,10.21,1.001,108.513,101.742,107.111,93.576,108.5,11.287,1.011,105.667
1,10.893,106.733,99.233,98.368,106.605,10.681,1.046,116.564,108.921,108.824,103.89,111.38,11.097,1.052,107.824
1,10.99,109.466,103.473,96.519,111.45,10.522,1.024,111.871,107.778,100.099,94.961,114.228,10.142,1.083,110.503
1,11.061,106.154,101.569,109.236,110.947,10.46,0.992,103.113,104.044,99.527,95.114,103.986,10.706,1.031,99.78
4,11.084,102.662,106.838,0.952,9.991,116.128,97.244,1.002,99.602,107.152,1.042,10.514,106.194,97.253,0.976
4,11.277,98.948,111.369,1.048,10.028,116.646,103.067,0.986,101.585,110.599,1.098,11.364,100.949,100.234,1.133
3,12.204,112.508,0.965,112.538,101.938,99.489,97.232,108.935,111.239,0.962,101.387,97.41,96.451,104.352,105.07
2,12.387,1.06,94.597,104.462,10.212,101.145,103.109,100.865,0.984,103.304,118.754,9.452,110.249,101.088,109.458
4,12.474,100.121,106.132,1.066,11.138,116.038,101.464,1.034,109.252,99.63,0.948,10.585,104.993,109.439,1.017
4,12.85,97.681,115.831,1.054,10.878,112.802,101.584,1.025,100.389,115.876,1.096,11.538,116.839,106.888,1.031
2,13.052,1.085,97.005,112.178,10.289,95.582,99.063,103.619,0.924,92.515,108.456,11.019,97.358,104.381,94.449
4,13.308,109.348,117.776,1.08,10.698,99.539,112.088,1.141,96.573,107.904,1.093,10.695,113.859,101.73,1.016
1,13.57,111.24,104.035,103.296,101.82,10.87,1.037,98.481,107.106,110.855,105.721,113.093,11.477,1.044,99.792
3,13.878,103.396,0.95,99.782,103.769,95.687,106.064,103.158,109.117,0.985,108.202,98.442,94.67,96.083,99.092
3,14.08,101.121,0.952,103.535,109.994,106.878,99.063,106.51,111.547,1.032,103.562,111.415,99.292,101.323,109.025
3,14.14,103.336,1.056,115.273,113.171,109.169,109.117,112.667,109.795,0.948,112.192,114.371,102.207,92.509,99.085
2,14.629,1.055,97.898,100.337,9.688,98.09,106.637,110.501,0.944,99.094,112.681,10.831,103.561,105.373,102.716
1,14.641,104.509,106.25,103.929,114.44,11.267,1.002,100.619,109.531,113.894,103.998,103.987,11.803,0.95,109.994
2,15.131,0.937,92.91,105.934,11.024,105.112,92.238,94.697,0.931,108.704,103.969,9.93,101.743,108.533,99.188
1,15.171,117.379,97.486,102.719,111.932,10.253,0.98,106.023,115.75,111.852,100.166,100.343,11.58,1.088,110.326
1,15.765,115.873,110.859,107.423,107.054,10.507,0.969,103.628,110.995,99.683,96.026,105.665,11.703,0.963,108.513
2,16.446,1.031,104.889,110.759,10.556,109.349,108.824,95.678,1.045,102.793,112.058,9.699,102.665,94.116,110.174
3,16.506,113.51,1.029,100.25,98.533,92.692,103.549,104.242,107.63,1.001,112.197,106.646,109.481,109.21,102.404
1,16.534,114.997,101.618,96.276,104.021,11.12,1.017,112.612,99.788,96.29,107.035,109.772,10.735,1.076,101.798
3,16.831,103.312,1.114,104.441,108.46,105.614,107.483,106.926,113.857,0.947,101.347,114.465,99.492,94.375,105.001
2,16.989,1.006,94.257,104.3,10.084,106.963,94.893,106.033,0.993,102.288,112.611,10.819,105.112,109.226,93.824
1,17.118,108.086,107.652,107.219,116.459,10.125,0.988,110.409,101.906,109.892,97.758,107.555,10.66,1.016,111.912
4,17.273,95.52,114.243,0.99,10.644,104.508,97.603,1.077,103.423,108.84,1.071,10.681,99.51,109.804,1.14
2,18.134,0.94,104.404,115.971,10.84,110.026,104.25,97.094,1.012,104.833,115.314,10.789,104.613,95.466,105.608
2,18.155,1.091,108.819,109.442,9.96,103.173,107.137,95.742,1.076,108.293,108.088,10.205,110.264,97.677,107.104
2,18.264,1.013,97.628,109.995,10.158,100.842,104.768,104.981,1.051,106.357,117.475,10.975,109.014,106.06,99.727
2,18.271,1.015,96.898,108.93,11.047,102.55,100.409,94.681,0.919,93.996,106.054,9.834,96.153,94.855,95.21
3,18.444,100.138,1.042,105.176,114.843,92.716,99.649,107.733,108.227,0.984,106.423,108.749,107.748,103.209,109.215
4,18.549,99.739,103.21,0.958,9.958,111.999,110.689,1.008,102.068,117.184,0.937,10.514,117.359,97.991,1.015
2,18.642,0.953,108.57,104.008,9.901,99.444,107.282,105.714,0.978,108.407,106.474,9.74,101.762,93.143,110.174
2,18.669,1.047,105.829,105.465,10.118,103.637,99.127,98.312,1.053,94.141,116.8,10.487,99.822,104.524,95.454
3,18.715,108.239,1.078,101.431,114.923,92.879,108.011,94.986,118.491,1.013,101.531,105.242,98.256,101.826,106.081
3,18.93,105.988,1.079,101.183,100.928,104.932,106.4,94.921,104.641,1.059,114.624,109.985,108.712,94.375,97.998
2,19.131,1.035,102.812,105.175,10.927,95.103,101.647,101.396,0.945,108.587,102.531,11.06,98.558,95.638,100.412
1,19.23,112.015,101.806,102.539,105.464,10.112,1.005,113.955,99.191,106.596,96.315,106.445,11.484,1.07,110.423
1,19.31,103.9,99.817,98.555,107.238,11.544,1.072,103.384,114.758,102.97,105.624,108.395,10.019,1.052,116.373
4,19.42,107.035,116.487,0.937,11.335,112.726,103.918,1.047,100.424,105.662,1.063,10.378,111.035,102.476,1.09
2,20.134,0.995,108.658,111.085,10.594,95.906,93.938,100.385,0.973,105.656,111.249,10.755,102.92,93.799,93.874
4,20.15,103.634,115.68,1.035,9.748,103.544,101.538,1.01,100.724,105.157,0.985,11.535,109.291,101.139,0.977
1,20.265,105.26,102.889,98.483,117.219,11.118,0.925,106.353,99.13,112.531,97.935,111.99,11.266,0.964,100.691
2,20.314,1.084,98.763,117.551,10.735,100.4,107.105,101.92,0.953,99.815,102.23,10.418,110.974,93.901,108.109
2,20.701,0.926,92.472,106.833,10.015,102.212,104.933,99.577,0.928,99.189,115.71,10.382,106.295,105.238,101.219
1,20.704,112.635,100.567,98.866,118.351,10.555,1.043,109.017,104.044,98.21,98.728,117.118,10.584,0.971,111.254
1,20.801,102.647,109.14,96.896,106.623,11.619,0.957,116.564,107.826,98.32,96.772,101.442,11.306,0.969,98.859
1,20.838,115.438,104.851,100.816,102.733,10.583,1.07,100.622,102.824,112.084,96.494,113.326,11.333,1.029,112.311
3,21.194,105.134,1.034,105.061,109.043,92.474,106.434,104.387,101.941,0.978,104.381,111.375,98.302,108.795,107.036
2,21.211,0.958,97.455,118.826,9.525,108.133,95.393,93.994,0.921,99.094,108.581,10.645,101.195,92.713,106.595
4,21.64,97.634,108.84,1.032,9.748,110.52,102.996,0.992,109.684,115.321,0.933,9.959,99.951,103.26,1.138
4,21.65,102.815,103.116,1.074,9.977,101.372,108.227,1.028,93.43,103.322,0.966,9.78,105.824,102.872,0.979
1,22.135,106.621,100.176,97.935,107.704,11.013,0.994,109.775,100.156,102.293,103.433,106.349,10.069,1.002,99.06
4,22.241,96.534,111.371,0.975,9.851,116.555,103.515,1.097,109.838,101.798,1.082,11.544,99.402,103.027,0.984
2,22.325,1.02,94.34,110.894,10.483,105.003,92.858,106.647,1.018,108.296,104.084,10.633,98.389,106.268,109.224
1,22.359,101.29,97.486,98.774,117.691,10.888,1.044,103.384,112.999,113.894,93.972,108.007,10.129,1.004,99.355
1,22.68,103.117,111.357,94.434,116.636,11.497,1.036,102.748,110.263,110.312,99.032,109.175,9.973,1.067,102.538
1,22.767,104.587,100.443,108.841,106.048,11.19,0.942,114.295,113.493,102.999,103.854,105.278,10.156,1.012,106.748
3,23.305,107.977,1.082,100.395,104.016,95.664,94.554,95.157,100.019,1.017,112.846,112.064,107.896,92.779,95.269
1,23.374,103.419,112.531,99.513,115.259,10.497,0.973,108.988,103.83,110.543,96.241,103.853,10.44,1.009,99.696
4,24.144,94.021,108.475,0.99,10.762,116.645,104.151,1.037,105.804,100.859,1.071,9.753,105.74,96.345,0.984
4,24.35,94.75,101.104,1.082,10.453,108.53,97.058,1.045,102.252,114.263,0.958,10.372,107.787,109.817,0.995
3,24.368,115.836,1.093,107.476,111.889,105.781,94.172,95.414,103.942,0.994,103.734,106.554,105.346,105.953,112.299
2,25.165,1.053,103.639,112.082,10.29,106.295,108.221,111.265,1.068,93.396,116.459,9.96,98.079,108.716,97.969
3,25.613,103.846,0.993,106.123,110.427,96.499,105.023,111.269,105.337,1.049,109.759,102.03,102.417,104.452,97.686
1,25.853,116.546,99.99,98.792,118.655,11.796,0.929,116.077,105.162,102.397,101.896,113.107,11.045,0.936,109.764
1,25.994,101.941,99.607,94.256,116.842,10.498,0.939,106.925,100.025,99.267,106.492,105.278,11.777,1.064,101.422
4,26.497,104.42,104.275,0.963,9.889,104.691,102.406,0.999,105.899,114.446,1.063,10.657,109.616,101.069,1.029
1,27.904,113.939,114.322,101.157,102.701,10.834,0.957,114.075,99.958,98.276,106.102,108.214,11.189,0.991,108.39
1,27.931,107.601,97.35,96.59,108.674,10.391,1.067,114.295,103.737,102.603,105.131,111.819,11.605,0.978,98.402
1,28.162,102.088,102.274,97.97,101.17,10.507,1.056,108.18,105.802,110.832,92.301,100.325,10.323,1.024,100.024
1,28.613,104.339,97.852,102.205,106.511,11.784,0.928,115.657,114.864,109.478,104.536,108.771,11.81,1.033,107.326
2,28.768,1.086,106.666,109.844,9.789,95.679,107.048,95.678,1.027,98.136,118.513,10.244,97.104,99.87,108.721
4,28.937,101.757,100.038,0.973,10.001,109.828,108.764,1.005,108.01,100.37,1.009,10.396,113.892,96.236,1.136
4,28.94,95.545,116.154,0.976,11.016,116.403,106.237,1.142,97.225,109.064,1.093,10.021,107.217,107.586,1.138
4,28.949,97.934,104.245,0.948,10.604,111.383,97.14,0.977,98.656,100.477,1.08,11.006,110.516,111.994,0.974
3,29.109,114.356,1.026,100.881,113.746,100.405,95.136,98.752,100.779,1.05,97.233,109.646,102.667,97.868,102.19
1,29.154,112.182,100.567,96.737,106.293,10.13,1.02,108.826,100.167,103.76,104.633,110.56,10.931,1.088,102.822
4,29.408,99.377,104.54,0.95,10.278,112.36,103.316,1.144,103.049,107.961,1.025,10.989,113.281,111.354,1.037
2,29.461,0.975,107.709,115.064,10.13,98.486,99.669,103.613,0.996,105.219,114.549,9.902,104.737,95.428,106.767
2,29.795,0.969,99.432,115.257,10.667,102.233,100.272,101.075,1.056,98.282,115.415,10.569,98.001,106.8,111.347
1,29.831,105.824,112.872,108.142,107.226,10.201,0.963,113.187,106.339,96.157,97.927,114.265,10.965,0.954,116.107
4,29.9,97.905,101.944,0.971,11.553,103.299,110.579,0.993,95.435,115.838,0.966,11.327,101.769,104.151,0.976
1,30.311,99.234,97.034,98.601,113.966,10.856,1.016,109.017,114.48,110.119,97.643,114.233,10.646,1.097,102.097
3,30.538,106.655,1.119,109.634,100.452,97.872,106.513,101.615,108.227,0.97,114.918,98.19,105.547,109.812,108.087
3,30.734,114.237,1.01,100.493,111.759,105.032,109.654,102.129,112.004,1.124,101.129,98.066,100.422,100.925,104.909
2,30.958,0.951,93.756,109.732,10.586,111.079,93.042,95.688,1.006,97.898,111.714,10.556,102.245,101.144,101.576
2,31.147,1.034,95.299,104.692,10.989,103.49,95.093,108.856,1.089,100.9,112.432,10.498,95.261,104.675,105.398
2,31.249,0.931,107.673,112.211,9.549,102.687,96.818,106.764,0.944,94.033,115.276,9.656,96.065,98.442,99.886
1,31.578,100.421,107.532,109.609,103.215,10.555,1.091,104.962,106.154,110.242,109.454,107.083,11.309,0.94,102.097
3,31.778,104.338,1.026,115.308,96.883,94.839,93.029,108.118,114.354,1.035,97.094,113.956,92.633,94.762,95.74
2,31.916,1.035,98.252,102.111,10.044,108.643,107.029,99.846,0.995,95.484,116.163,10.9,98.03,94.042,99.071
3,31.985,108.656,0.989,111.768,114.334,101.361,102.509,100.459,114.177,0.995,101.03,111.768,99.542,93.888,109.853
2,32.027,0.918,98.058,100.132,9.666,94.958,107.994,100.179,1.055,106.401,106.916,10.212,93.525,108.356,103.967
1,33.131,103.13,100.623,101.922,112.947,11.146,1.078,115.042,109.965,108.692,100.584,105.261,9.973,1.061,104.866
2,33.148,0.932,102.695,117.518,9.872,94.994,92.763,103.648,1.013,94.069,114.593,9.554,100.687,105.834,96.271
4,33.164,104.835,112.48,0.939,11.489,111.414,98.306,1.1,110.143,115.831,1.085,10.752,102.635,104.5,1.15
3,33.267,115.09,1.012,110.8,101.743,92.594,100.656,104.36,106.497,0.955,113.711,106.87,92.753,102.297,102.808
2,33.715,0.926,94.515,118.482,10.647,104.895,108.987,99.11,0.946,108.958,108.761,9.65,108.177,100.535,102.53
1,34.581,113.192,102.631,92.241,104.424,11.68,1.063,101.025,113.972,112.831,109.42,102.83,11.691,0.991,100.279
3,34.668,111.61,1.096,105.995,103.966,108.55,92.442,98.706,113.419,1.013,114.738,100.992,98.149,104.375,94.911
4,34.794,107.619,109.827,1.025,10.824,101.025,100.36,1.053,103.651,106.794,1.071,10.342,109.604,96.739,1.103
4,34.988,101.01,100.444,0.947,11.018,101.24,105.27,1.049,104.207,113.111,0.965,11.262,114.551,112.026,1.122
2,35.144,0.926,97.891,105.353,10.101,96.348,91.91,110.207,1.019,93.43,105.078,9.524,96.795,100.641,108.876
2,35.328,0.945,105.123,103.986,11.125,103.23,106.623,98.988,1.001,105.691,118.117,10.158,107.448,99.53,103.769
3,35.681,102.871,1.001,114.176,113.445,95.606,105.855,103.663,112.201,0.98,113.711,111.259,106.114,98.198,110.509
1,36.052,117.674,99.074,105.332,107.595,10.572,0.986,108.39,106.287,113.472,109.236,117.579,11.467,1.041,114.413
1,36.108,109.379,100.099,96.959,113.838,10.322,0.951,114.336,104.611,101.919,97.285,114.382,11.467,1.007,102.779
3,36.155,118.384,1.026,114.404,102.436,108.21,96.975,98.477,101.583,1.005,97.722,102.759,100.093,108.704,105.197
2,36.209,1.062,93.318,116.012,10.741,107.79,100.37,98.87,1.055,104.682,107.491,10.437,109.014,107.045,104.018
4,36.236,101.535,109.143,0.985,10.488,104.692,97.991,1.139,98.679,109.541,1.018,9.919,111.907,102.406,1.148
4,36.312,98.281,117.734,1.075,11.037,114.607,99.712,1.008,98.638,110.762,0.953,11.164,112.62,106.981,1.089
2,36.333,1.056,104.284,115.314,10.634,94.234,99.016,99.755,0.949,94.467,102.016,10.718,93.818,97.498,95.207
4,36.561,97.955,99.713,1.105,10.36,106.118,94.561,1.092,101.547,106.507,1.098,10.223,110.52,96.403,0.982
3,36.687,113.752,0.985,103.706,111.543,101.375,96.027,108.313,102.992,0.981,108.086,105.202,94.393,92.632,107.846
3,36.81,116.457,0.972,100.92,101.696,105.05,104.574,110.08,110.176,0.968,114.918,111.358,108.025,105.394,103.368
3,37.077,118.642,0.973,115.202,96.93,102.387,104.473,102.205,112.628,1.107,115.323,113.414,92.474,100.269,99.512
3,37.557,101.18,0.952,103.393,108.609,96.651,106.955,104.875,116.8,1.036,105.767,103.449,93.854,93.635,104.36
2,37.594,0.929,98.429,112.293,11.126,100.118,95.711,107.564,0.964,108.347,117.658,9.81,98.302,98.802,103.991
1,37.608,102.085,113.399,108.142,109.506,10.298,1.065,115.151,117.686,114.122,98.866,117.105,10.462,0.988,101.253
2,37.649,1.008,92.098,105.015,10.658,96.721,103.316,99.071,0.955,108.092,115.82,10.05,96.817,94.539,93.981
2,37.924,0.993,100.822,110.905,10.124,98.63,99.977,101.066,1.029,99.34,115.287,10.168,93.584,103.554,101.634
2,38.572,1.071,102.307,103.943,11.005,104.874,93.343,95.742,0.951,100.758,101.693,10.44,107.537,92.851,110.351
3,38.594,117.719,0.972,102.973,99.333,106.589,92.968,103.512,107.869,1.08,110.32,99.472,105.133,108.266,105.75
3,38.676,101.425,1.042,100.647,96.886,96.47,98.176,95.565,118.669,1.03,101.091,102.03,95.001,97.849,98.655
2,38.895,1.014,92.472,116.95,10.294,108.191,100.37,98.988,0.935,104.431,102.579,10.378,106.342,95.77,109.695
3,38.927,109.307,1.022,99.169,108.693,94.607,104.719,106.448,101.437,0.998,102.642,109.987,108.053,105.852,108.823
2,39.072,1.023,97.11,104.921,9.824,104.634,96.671,111.275,0.992,107.153,112.611,9.764,101.711,100.641,109.518
2,39.097,1.049,104.679,112.834,9.801,97.623,98.451,102.493,1.085,98.512,103.315,9.887,100.12,97.504,104.076
3,39.463,112.672,1.019,110.099,112.468,108.375,93.176,97.551,101.351,0.959,106.136,112.901,107.016,98.368,98.578
4,39.481,108.089,105.172,1.08,10.488,114.342,94.857,1.078,93.826,103.996,0.946,10.618,107.902,94.492,1.015
1,39.646,103.737,99.922,104.667,100.309,10.972,0.962,105.416,102.892,97.485,93.808,112.131,11.608,1.046,110.504
2,39.992,0.997,107.565,108.218,10.556,100.341,100.175,109.224,1.091,106.507,100.679,11.032,94.134,108.011,108.537
3,40.015,105.24,0.966,103.146,98.023,103.743,106.104,111.727,101.391,0.975,98.251,100.214,105.528,104.3,109.812
2,40.028,1.074,96.898,108.691,10.037,103.949,94.988,102.269,1.059,104.882,108.606,9.493,107.865,106.308,110.558
1,40.371,113.264,98.26,97.787,115.493,11.34,0.949,103.155,111.565,96.768,107.219,104.357,10.578,1.033,105.573
3,40.793,118.184,1.094,102.006,107.577,105.8,95.169,100.334,99.889,1.056,110.347,98.131,94.586,97.497,107.983
2,40.871,1.05,97.994,118.654,10.044,98.808,96.09,99.577,1.037,104.819,105.006,10.983,107.033,105.829,105.022
2,40.881,0.99,100.236,113.575,10.806,106.775,99.964,110.374,1.058,105.829,105.888,10.29,96.362,92.611,97.171
4,41.444,100.619,114.849,1.019,11.215,113.052,107.28,1.103,94.33,113.913,1.073,10.604,108.832,108.289,1.059
2,41.839,1.034,97.317,110.511,10.017,103.686,95.643,108.018,1.006,95.929,103.636,10.98,98.995,96.603,104.943
2,42.817,1.046,96.791,107.74,9.747,96.985,97.241,111.11,1.065,97.628,106.377,9.594,104.698,107.022,93.696
1,42.862,115.413,102.203,92.699,105.983,11.523,1.004,100.952,105.783,98.332,99.246,106.81,10.803,1.09,115.281
1,43.367,110.158,101.511,99.801,117.716,11.273,0.984,108.836,99.433,107.057,105.241,101.068,11.539,1.012,100.532
1,43.662,100.45,102.889,105.24,117.4,10.515,0.988,108.628,101.573,106.435,103.511,103.069,11.733,1.095,104.981
4,43.907,97.067,118.177,0.963,9.912,110.673,97.441,1.075,95.215,115.604,0.966,11.317,99.388,96.502,1.126
2,43.915,1.019,104.401,112.674,9.774,106.913,92.937,104.911,0.95,108.235,118.888,10.023,110.268,92.452,104.804
3,44.187,115.926,1.086,101.856,114.768,97.445,109.749,109.391,106.355,1.053,106.797,110.338,104.766,108.701,103.314
4,44.208,98.948,102.624,1.025,10.608,104.48,97.573,1.13,95.908,115.336,1.038,10.032,106.978,95.23,1.132
2,44.237,1.067,100.987,100.472,10.207,107.756,97.174,102.716,0.922,106.409,112.304,10.046,94.961,98.524,104.567
3,44.448,105.326,0.964,102.939,97.095,100.913,104.737,108.759,106.919,1.04,108.487,114.27,101.531,95.912,98.706
3,44.519,104.651,0.947,100.217,99.352,93.994,99.877,102.372,115.293,0.967,103.167,100.044,92.716,92.972,99.755
4,44.778,109.706,116.055,1.037,11.544,113.963,104.075,1.078,105.196,114.79,0.934,11.343,113.592,102.023,1.031
3,44.904,116.196,0.965,109.113,104.232,105.531,107.869,94.986,109.367,0.996,101.54,105.534,101.384,105.586,98.519
1,45.031,103.199,108.155,107.618,106.465,11.502,0.975,114.724,107.551,109.568,99.363,118.351,10.03,1.013,106.78
2,45.165,0.924,100.288,104.503,10.002,99.381,101.437,105.047,1.074,94.151,109.093,9.485,109.2,98.76,95.678
3,45.257,100.192,1.003,112.5,98.967,108.984,101.467,95.74,112.986,1.013,115.153,109.0,105.133,99.256,102.419
1,45.383,115.726,105.842,92.943,112.684,11.096,1.062,115.351,104.247,101.658,105.388,106.848,11.267,1.055,104.36
1,45.389,102.682,107.127,92.866,108.214,10.45,0.935,103.347,99.728,114.099,92.718,113.144,10.512,1.067,115.151
3,45.484,108.582,0.947,107.938,114.398,96.923,95.466,95.202,110.385,1.119,112.857,106.506,108.377,108.412,108.469
2,45.604,0.979,96.605,109.664,11.071,95.409,106.206,96.395,1.023,103.549,118.042,10.206,94.385,104.457,106.091
1,45.71,112.691,109.217,108.33,111.988,10.398,0.956,104.047,109.253,106.265,96.15,102.061,11.221,1.032,113.1
2,46.165,0.933,95.142,118.815,10.413,106.123,104.709,101.066,1.027,101.716,102.457,10.907,94.235,104.424,100.037
2,46.181,0.959,102.82,118.474,10.449,102.841,107.69,97.421,1.026,96.75,114.2,10.152,98.233,99.429,94.79
1,46.462,99.619,97.367,93.007,100.05,11.584,1.068,102.332,106.555,107.804,96.415,118.971,10.528,1.068,110.774
2,46.567,0.966,95.857,113.805,10.128,98.377,97.047,104.536,1.025,93.245,111.996,10.91,109.069,101.709,95.378
3,47.686,111.431,1.05,99.112,103.448,107.269,108.738,106.036,117.338,1.0,100.989,101.844,92.783,96.699,100.366
3,47.749,107.289,1.121,114.884,104.992,93.58,96.897,111.242,110.145,1.063,97.576,110.551,104.915,97.801,98.815
3,47.975,111.146,1.0,111.134,98.72,99.668,106.629,107.036,113.572,1.017,110.838,110.967,106.589,101.155,104.63
2,48.112,1.042,103.138,106.386,9.631,110.342,97.498,99.965,1.056,97.455,100.409,10.474,102.985,93.976,100.249
4,48.526,96.09,107.763,1.023,10.392,100.429,101.231,1.14,98.337,116.222,1.085,9.743,99.137,109.748,1.116
2,48.685,1.076,92.515,105.042,10.699,98.968,100.46,99.447,0.938,106.919,102.883,9.713,100.464,103.094,110.92
3,48.848,103.32,0.956,105.767,112.334,106.198,93.286,110.512,117.662,1.084,113.745,97.99,98.618,98.363,96.948
1,48.884,104.075,110.714,95.593,109.464,10.921,1.097,112.478,112.662,97.297,101.306,106.726,10.215,0.958,108.458
2,49.149,1.022,97.564,106.562,10.76,109.508,107.109,108.247,0.936,95.629,109.664,10.542,111.156,107.835,93.786
2,49.406,1.018,105.777,114.771,10.255,110.623,98.282,96.309,1.007,106.579,112.847,10.438,110.011,92.886,96.331
4,49.469,101.796,113.686,1.083,9.904,111.354,98.126,1.156,109.204,114.485,1.08,11.333,112.007,97.833,1.022
1,49.508,110.555,101.273,102.801,114.173,10.346,0.967,104.264,107.834,99.484,102.143,113.689,10.044,0.982,98.327
2,49.686,1.037,105.89,104.599,11.019,108.177,109.151,101.795,0.937,99.834,117.23,10.24,93.826,101.49,97.264
3,49.955,102.059,0.991,106.764,110.087,96.402,109.425,98.752,106.494,0.995,98.728,98.967,107.615,104.473,96.4
4,50.066,94.491,102.229,1.096,10.094,112.797,105.841,0.988,101.09,100.912,1.085,9.84,105.447,107.406,1.015
4,50.42,93.541,104.395,0.961,10.342,102.681,96.545,1.1,99.637,109.343,0.981,11.404,103.624,100.903,1.024
4,50.457,97.688,116.309,1.096,11.354,117.322,111.529,1.146,95.691,113.91,1.106,10.754,110.84,106.817,0.982
2,50.639,1.002,104.077,109.653,9.992,102.768,105.998,99.577,1.075,106.808,116.671,10.862,101.775,106.216,105.628
1,50.883,107.005,110.119,96.346,111.238,11.786,0.944,113.955,108.15,109.696,101.84,118.33,11.408,1.08,116.559
1,51.257,104.375,96.464,109.334,103.666,10.883,1.003,109.416,116.744,113.36,108.698,108.225,11.668,1.015,101.205
4,51.448,94.633,111.321,0.993,11.264,99.054,102.277,1.095,100.724,118.278,1.017,11.409,98.861,108.034,1.085
4,51.972,102.336,113.839,1.025,11.119,105.667,94.621,1.059,109.668,106.838,1.044,11.225,112.628,101.775,1.076
1,52.435,101.572,111.192,99.547,112.195,11.267,1.044,105.667,114.758,102.187,104.862,104.533,11.388,0.957,110.504
3,53.354,114.319,0.957,112.433,107.06,108.415,93.885,103.222,107.993,1.052,102.61,100.295,98.388,95.586,97.375
1,53.714,113.781,111.791,100.383,107.767,10.58,1.074,99.78,106.726,110.435,97.139,116.308,11.668,1.02,114.468
4,53.875,104.16,111.048,1.079,9.917,113.28,104.556,1.122,109.574,101.063,1.106,10.677,99.933,94.741,1.139
2,54.346,1.007,101.39,110.48,11.014,110.264,109.044,102.493,1.047,104.24,116.003,11.126,102.591,105.212,96.131
2,54.829,1.063,94.985,100.581,10.957,101.957,107.921,95.279,0.962,103.414,105.594,9.846,100.807,95.041,94.108
3,54.888,115.653,0.998,106.285,98.91,106.882,103.726,103.053,105.118,0.953,106.014,109.568,106.215,104.785,110.276
1,55.177,114.135,110.284,103.815,103.59,10.89,0.962,99.42,111.354,107.057,99.363,108.261,10.286,0.991,114.115
4,55.192,109.264,101.911,1.029,11.151,98.871,104.808,1.129,107.959,106.838,1.101,9.822,103.104,99.427,0.988
2,55.6,1.009,101.385,108.688,10.004,94.429,100.143,106.479,0.942,107.673,115.415,10.218,107.822,96.082,102.919
1,56.098,113.939,109.458,97.758,117.015,10.208,0.959,106.5,111.332,114.322,99.692,105.125,11.459,0.982,109.906
1,56.783,113.317,100.066,109.609,111.196,11.699,1.007,105.416,106.844,110.143,101.414,107.267,10.913,0.939,98.402
4,56.997,109.684,103.911,1.09,10.915,116.586,106.29,0.988,103.197,106.112,0.943,11.538,114.084,106.981,1.08
1,57.52,100.815,111.091,96.026,108.001,11.118,1.041,109.008,111.339,112.645,92.68,118.791,11.351,1.061,108.763
1,57.974,107.51,113.47,104.293,106.859,10.411,0.972,105.016,113.575,100.534,109.059,110.173,11.035,1.017,111.647
2,58.331,0.923,107.349,102.452,10.387,103.061,95.233,109.405,0.978,107.512,101.515,9.757,107.761,108.029,100.337
3,58.383,111.996,0.948,105.607,112.064,101.981,105.631,97.913,103.859,0.991,114.404,106.728,98.713,95.75,110.306
3,58.608,111.73,0.972,102.527,104.032,96.082,103.909,110.826,107.993,0.983,101.166,114.536,100.412,95.183,111.802
3,59.126,118.255,1.044,114.524,102.436,96.394,106.407,99.157,104.154,1.036,112.636,99.298,96.938,101.649,105.631
4,59.195,108.474,107.673,1.089,9.83,104.833,109.962,1.154,99.597,113.65,1.075,10.877,116.896,96.545,1.11
1,59.351,114.112,110.169,99.506,106.972,10.524,1.021,106.389,103.221,107.127,96.079,115.237,10.888,0.937,111.48
1,59.421,106.145,107.721,100.144,111.504,11.101,0.972,106.18,114.892,102.266,96.534,102.06,11.521,0.966,108.713
3,59.633,112.315,1.068,97.722,104.223,93.138,98.963,95.561,113.499,1.079,107.565,98.653,101.266,109.792,100.441
2,59.858,1.014,99.677,101.415,10.983,97.618,92.7,97.723,1.057,104.882,102.107,9.968,97.338,104.678,94.55
1,60.195,102.642,113.228,105.268,101.371,10.591,1.059,110.4,114.461,98.173,102.151,117.661,11.689,0.972,108.279
4,60.243,104.009,116.592,0.984,9.884,102.751,105.723,1.063,96.729,107.968,0.953,10.191,110.125,105.549,1.063
1,61.199,110.435,103.548,105.899,115.25,11.743,1.082,105.378,115.438,97.313,95.378,117.738,11.322,0.993,100.491
1,61.769,113.479,112.635,96.858,101.227,10.535,0.96,102.398,108.921,110.617,109.282,111.537,11.776,0.977,116.32
2,61.783,0.991,108.393,107.491,10.531,106.342,92.995,100.684,1.06,107.133,105.28,10.52,100.742,100.827,95.141
4,61.828,103.049,110.599,1.038,11.429,116.838,109.864,1.137,104.373,100.315,1.083,10.138,116.348,101.404,1.021
1,62.05,117.077,96.658,108.637,108.738,11.566,1.023,109.501,109.643,99.353,109.521,101.84,11.485,1.031,114.525
1,62.064,114.602,106.159,105.563,114.382,9.97,1.078,108.71,111.735,105.633,101.03,107.397,11.134,1.063,112.99
1,62.068,108.785,96.206,100.448,111.928,11.364,1.047,108.787,99.516,107.757,100.458,104.424,11.035,0.952,110.352
4,62.181,101.252,111.876,0.972,10.245,112.433,98.164,1.039,94.456,112.635,1.078,11.392,107.398,107.086,1.0
1,62.661,105.062,110.303,100.875,117.773,11.214,0.924,104.456,104.284,98.461,95.473,116.308,10.353,1.064,101.798
1,62.982,104.656,107.187,108.658,105.278,10.794,0.997,102.434,116.872,105.646,94.421,105.917,11.805,1.041,108.935
1,63.167,111.973,109.091,99.651,105.16,10.148,0.992,100.193,110.607,98.21,103.021,108.609,10.851,1.051,103.234
1,63.458,102.864,102.139,96.241,117.118,9.984,1.043,112.64,105.931,102.273,100.583,109.472,10.896,1.001,114.571
4,63.557,103.155,108.319,1.007,10.72,103.554,108.458,1.067,102.946,105.216,0.984,10.535,114.037,103.22,0.989
4,63.703,110.75,114.442,0.948,9.986,101.2,108.382,1.137,104.205,116.821,1.075,11.558,117.025,96.543,1.138
3,63.785,103.644,0.954,97.39,106.899,107.463,98.85,112.391,114.284,0.949,105.967,114.996,106.047,103.442,105.341
4,64.09,104.248,109.597,1.107,11.051,100.219,110.38,1.1,97.889,114.442,1.001,10.04,106.265,102.471,1.089
4,64.502,103.885,100.912,1.074,10.996,111.013,98.216,0.997,97.372,113.348,1.094,10.368,113.536,96.349,1.027
2,64.566,0.95,103.033,106.395,10.24,94.871,101.709,95.742,0.974,92.401,101.722,11.11,102.665,94.603,98.402
1,64.721,112.995,108.787,101.188,106.547,11.8,0.93,101.673,99.198,111.192,99.109,107.903,11.021,1.049,112.282
2,64.847,0.96,108.092,113.801,10.122,100.57,94.438,103.119,1.022,91.781,106.565,10.564,96.239,98.097,102.264
1,64.888,102.263,107.731,100.143,116.87,10.51,1.089,100.717,107.878,107.456,100.941,113.469,10.442,1.024,102.398
4,65.059,96.806,117.885,1.036,10.877,107.462,98.519,1.061,103.819,100.664,0.94,11.095,101.783,105.548,1.075
3,65.108,117.76,1.045,110.5,103.084,104.915,108.03,105.0,118.268,1.043,113.276,113.618,98.103,98.363,98.269
3,65.116,100.102,1.076,110.371,104.403,101.531,107.238,98.416,102.304,1.037,111.988,100.915,94.586,92.434,103.582
1,65.228,110.556,111.562,93.942,111.973,10.535,0.986,98.712,115.556,100.001,101.854,113.838,11.548,0.924,99.461
1,65.383,108.718,114.276,95.355,108.531,10.945,1.007,107.991,104.509,104.266,93.96,113.966,11.497,0.933,107.881
2,65.444,1.0,97.509,109.525,10.903,98.605,102.575,99.557,0.99,102.033,105.442,9.833,106.291,95.517,99.622
3,65.451,109.01,1.113,102.904,111.358,106.817,109.425,108.863,101.692,1.091,110.157,110.427,98.731,97.012,106.015
2,65.938,1.011,107.105,103.472,9.757,103.122,100.535,98.406,0.999,107.674,106.395,10.931,99.914,101.49,108.611
3,66.426,116.959,0.954,108.37,109.541,95.219,93.016,112.682,112.004,0.993,111.42,111.315,102.892,108.352,102.377
3,66.431,116.375,1.0,105.584,108.872,98.417,93.513,112.579,108.781,0.985,113.064,108.587,102.837,105.953,110.087
1,66.49,102.642,113.053,102.59,106.95,10.862,0.942,104.551,114.602,108.271,105.529,109.483,10.01,1.002,104.531
4,66.743,98.736,116.363,1.052,11.081,103.733,103.567,0.984,108.602,106.269,1.039,11.541,99.013,94.503,1.139
1,66.957,100.089,105.538,102.45,111.787,11.465,0.972,100.258,115.413,104.851,103.317,110.162,11.703,0.947,98.614
1,67.652,117.379,109.66,98.601,118.272,11.285,0.956,111.679,104.803,96.991,106.065,105.914,11.579,0.942,102.655
3,67.728,115.227,1.119,103.734,104.161,106.415,104.719,103.073,110.655,0.96,107.52,106.825,100.422,100.865,112.72
4,68.597,103.656,112.478,1.074,10.065,106.643,107.086,1.11,104.704,114.661,1.091,9.977,99.517,112.045,1.083
3,68.734,109.466,1.032,100.632,106.678,103.448,95.288,98.545,103.693,1.013,114.932,106.968,101.384,93.885,108.726
3,68.85,118.395,0.999,114.738,103.172,99.542,94.213,96.774,113.512,0.972,103.328,103.436,106.056,100.294,96.101
4,69.095,110.535,110.97,0.969,10.431,115.923,106.29,1.085,99.18,113.566,1.095,10.165,108.833,109.886,0.983
3,69.309,105.332,1.058,102.193,114.941,98.917,104.293,101.676,108.064,1.059,100.209,109.939,96.501,105.121,102.638
4,69.447,93.338,101.057,1.093,10.799,116.13,102.249,1.005,102.857,103.032,1.015,9.937,101.05,95.277,1.097
3,69.729,112.953,0.959,101.377,102.024,103.184,103.442,104.435,105.512,1.04,97.478,102.171,98.064,104.473,108.029
2,69.825,1.005,98.928,114.177,9.711,107.131,103.962,107.606,1.083,107.053,103.986,10.107,96.784,102.937,106.423
1,69.897,100.604,96.784,92.974,115.167,11.296,1.036,100.273,106.151,114.022,102.008,106.421,10.856,0.946,102.618
4,70.026,94.306,109.827,0.963,10.717,104.469,110.913,1.034,105.183,109.302,0.933,10.171,104.63,106.984,1.001
2,70.19,0.921,106.841,111.32,9.805,98.377,108.419,108.876,1.063,101.785,109.243,10.983,103.339,93.64,103.231
3,70.379,110.09,0.99,103.484,111.768,92.471,101.924,108.573,112.577,1.092,114.858,99.961,94.783,106.846,103.973
2,70.82,0.989,93.732,107.901,10.889,98.001,102.669,94.839,0.959,102.094,117.216,10.092,105.016,92.648,103.094
3,71.132,117.327,1.043,112.197,99.145,109.895,103.261,109.215,116.306,0.967,100.886,107.168,99.542,93.013,112.655
4,71.278,109.203,117.507,1.012,9.823,103.745,106.955,1.008,103.592,109.178,1.042,10.579,100.172,99.121,0.982
4,71.423,110.845,108.131,1.031,10.591,101.627,99.303,0.998,107.558,105.939,0.947,10.488,115.591,101.745,0.992
3,71.428,109.647,0.99,97.397,98.108,109.935,92.442,102.158,100.86,1.015,100.976,97.043,99.405,93.748,108.664
2,71.717,1.069,101.952,108.596,9.518,95.902,102.129,99.188,1.075,101.321,110.511,9.675,109.584,108.307,98.78
3,71.986,107.283,0.963,99.598,113.575,96.905,99.763,97.298,112.953,1.113,98.513,104.06,108.218,94.962,99.305
3,72.008,110.226,1.066,103.737,112.063,109.771,100.158,108.45,104.641,1.045,114.442,100.264,97.198,102.934,107.337
1,72.132,106.683,96.99,108.977,109.717,10.126,1.083,101.468,110.459,104.206,101.84,101.832,10.298,1.014,109.008
2,72.158,0.967,102.193,105.793,9.764,106.12,98.779,97.911,1.069,106.041,105.573,9.414,96.638,103.036,97.287
3,72.177,105.657,0.993,115.153,105.43,104.993,93.649,95.04,113.395,1.062,107.316,108.172,98.132,102.882,107.867
4,72.601,102.518,114.05,1.063,9.748,100.203,97.475,1.109,110.75,102.088,1.103,11.346,99.047,96.627,0.981
4,72.659,107.194,101.956,0.952,9.904,106.875,96.016,1.002,101.155,101.539,1.017,11.214,107.527,106.675,1.014
3,73.136,102.818,1.103,101.388,103.9,101.893,106.834,97.365,116.316,1.019,104.474,98.533,101.841,102.848,110.566
2,73.694,1.001,100.843,113.696,10.218,107.539,96.3,93.935,0.966,106.819,101.771,9.735,110.618,100.841,106.641
3,73.987,113.572,1.09,107.325,101.979,103.587,97.966,102.638,112.205,1.017,108.579,111.305,105.014,92.831,111.362
4,74.089,101.864,107.217,0.981,11.285,103.28,109.055,1.028,99.267,107.023,1.088,11.243,116.839,98.126,0.974
3,74.164,103.716,1.055,99.393,104.451,102.739,106.629,107.799,101.104,1.019,103.737,103.731,106.287,93.368,95.48
1,74.223,107.129,108.155,101.072,116.093,10.779,0.988,105.277,104.771,113.42,97.182,109.916,11.095,1.092,110.223
4,74.613,103.227,102.092,0.975,9.802,116.609,108.764,1.038,94.378,100.549,0.95,10.193,110.171,109.31,1.06
4,74.643,102.494,106.979,0.975,10.165,113.808,101.231,1.078,99.637,106.443,0.963,10.31,102.787,106.622,1.127
4,74.75,106.259,118.177,0.932,11.215,98.703,111.913,1.131,98.936,100.416,1.075,10.669,100.405,107.807,1.073
4,74.971,110.767,105.098,1.011,11.171,115.126,100.141,1.155,108.542,104.722,1.022,11.041,110.0,101.034,1.012
3,75.011,117.401,0.993,111.974,105.803,101.366,99.148,99.758,113.142,1.039,108.375,105.805,108.217,106.67,100.943
1,75.051,103.117,109.13,94.072,116.927,11.492,0.933,99.691,105.093,96.184,102.546,103.114,10.306,1.085,108.614
4,75.312,108.464,104.796,1.006,10.449,107.553,111.364,1.096,96.74,100.611,1.0,9.864,106.684,111.246,1.107
1,75.773,101.425,103.371,101.145,106.992,10.744,0.984,110.403,99.433,111.798,105.52,107.445,10.156,1.013,115.936
4,75.951,94.792,111.995,1.071,9.933,115.533,111.444,0.984,109.884,113.598,1.046,10.891,110.857,97.629,1.04
4,76.008,100.619,100.295,1.057,10.953,107.029,100.715,1.0,98.315,100.549,1.047,11.473,106.101,109.814,1.029
3,76.316,109.606,1.098,114.925,111.386,100.569,105.666,97.551,117.12,1.064,112.287,103.69,96.299,101.854,112.359
1,76.482,117.182,108.268,105.721,102.51,10.339,1.092,110.223,107.27,97.592,109.364,117.343,11.436,0.948,115.161
1,76.624,101.375,96.244,102.76,105.917,10.935,0.994,109.935,102.983,102.139,99.246,107.237,11.798,1.001,112.265
3,76.939,116.47,1.055,111.433,110.427,101.173,103.29,98.605,112.962,1.096,106.213,102.094,106.126,103.624,100.564
3,77.002,105.631,1.008,107.234,102.106,100.022,96.456,99.946,103.902,0.946,103.844,109.543,93.994,106.472,111.188
3,77.087,99.919,1.071,114.815,109.6,100.358,94.375,112.371,100.019,1.089,113.877,109.416,101.893,96.536,101.019
3,77.518,111.18,1.092,113.66,110.953,98.444,95.413,97.351,110.339,1.014,104.381,111.64,93.041,107.184,101.676
4,77.776,109.326,115.546,1.028,9.743,116.174,99.366,1.006,102.107,100.37,0.981,9.904,101.046,100.002,1.083
2,77.797,1.001,95.87,114.173,11.135,106.257,95.233,94.015,1.068,92.773,108.619,9.981,100.395,95.03,100.835
2,77.912,1.008,98.403,106.474,9.917,110.215,92.943,109.673,1.07,97.784,111.376,10.41,103.664,98.709,102.427
2,78.042,1.036,92.225,102.526,10.094,97.303,104.289,107.189,1.087,107.331,105.116,10.142,107.383,93.613,110.519
4,78.275,107.591,111.194,0.952,10.831,99.807,108.795,1.01,96.142,107.711,0.968,10.115,107.553,98.362,1.097
3,78.296,113.572,0.967,114.569,100.74,100.852,105.929,103.64,116.171,1.059,100.883,100.558,100.043,97.814,96.9
1,78.632,106.517,99.56,93.282,108.568,10.436,1.028,104.866,107.999,97.085,103.742,100.619,11.396,1.053,101.797
2,78.696,0.927,94.985,115.276,10.414,101.744,98.195,108.085,0.935,94.89,113.275,10.117,96.865,106.264,99.93
3,78.764,110.655,0.985,104.393,96.724,96.451,108.837,96.669,100.138,0.981,112.056,106.055,99.141,104.513,104.024
1,78.79,116.461,108.281,100.555,107.002,11.032,1.034,116.584,100.167,99.967,96.572,117.038,10.582,1.034,110.522
1,78.933,112.072,113.938,103.681,118.83,10.853,0.976,98.859,103.889,102.509,93.576,106.408,10.37,0.968,113.187
3,79.347,100.244,1.116,103.824,105.273,101.482,94.223,98.376,103.82,0.946,113.276,106.164,96.012,96.897,105.001
2,80.231,1.012,103.434,118.755,10.139,104.999,107.136,97.306,1.055,100.546,110.313,11.136,98.079,91.927,104.618
1,80.311,103.07,104.859,104.359,118.154,11.619,0.938,108.886,110.257,101.263,101.825,116.308,10.482,0.949,105.334
4,80.452,99.726,107.466,1.044,11.327,103.139,94.453,1.099,107.134,103.452,0.941,10.431,100.763,109.962,1.026
4,81.361,96.237,107.455,1.034,11.036,98.907,103.301,1.002,100.964,114.623,0.968,11.57,115.053,107.552,0.987
3,82.271,113.196,0.983,97.475,115.017,95.781,96.975,104.564,103.316,1.023,100.106,112.677,107.543,97.823,96.004
1,82.389,108.064,105.987,98.85,101.096,11.791,1.076,100.511,114.662,104.934,102.196,110.17,9.979,1.008,98.618
1,82.598,102.076,111.724,102.067,106.468,10.865,1.087,115.226,100.032,113.873,107.657,114.553,11.354,0.948,108.84
3,82.634,115.609,1.054,108.375,102.037,104.31,103.364,108.102,104.02,1.068,105.369,102.198,108.625,92.391,98.735
2,82.666,0.992,101.472,115.085,10.427,108.917,108.202,110.506,1.073,102.914,100.208,10.277,102.285,100.908,97.495
3,82.9,105.224,1.049,97.722,109.939,98.449,108.181,95.565,112.344,1.083,114.045,99.109,98.861,104.574,102.694
3,82.947,101.121,1.017,100.488,97.663,99.086,92.852,98.161,113.51,0.95,103.859,99.424,108.229,104.605,99.783
4,83.066,98.934,113.406,1.097,9.823,104.614,100.629,1.001,97.267,109.734,0.934,10.123,109.88,106.107,1.108
2,83.262,0.957,108.063,109.546,10.188,99.627,98.806,95.404,1.086,93.469,111.457,10.827,94.235,106.863,106.397
2,83.405,1.027,94.151,112.371,10.602,99.185,98.913,103.798,1.03,92.231,102.9,9.496,110.82,106.949,106.641
3,83.428,103.322,0.983,107.746,106.968,100.576,109.387,103.536,109.702,1.053,101.274,107.144,101.366,108.505,109.767
3,83.548,112.723,0.981,107.642,110.207,92.753,99.217,112.033,108.367,0.985,113.001,114.2,109.752,100.641,98.269
1,83.602,116.461,97.35,102.316,103.778,11.769,0.987,114.571,113.317,108.851,94.639,105.916,11.495,1.013,101.422
2,83.685,0.93,108.658,105.904,11.066,96.705,107.921,98.643,0.947,93.686,117.583,10.938,100.987,93.613,100.92
1,83.689,100.24,105.322,104.305,115.959,11.396,1.089,107.217,107.778,99.892,96.346,101.489,11.603,1.069,116.453
1,83.885,105.162,99.353,106.085,108.21,10.53,1.075,100.277,113.419,100.023,103.854,100.503,10.498,0.944,103.79
3,84.905,106.648,1.026,109.411,103.175,100.393,93.806,106.006,114.162,1.012,99.15,109.982,107.748,101.231,99.574
4,85.014,94.667,106.883,0.996,10.261,102.323,111.246,1.0,104.093,112.565,1.093,11.119,103.745,105.878,1.091
4,85.021,95.837,117.983,0.979,11.285,108.582,105.037,1.108,107.963,115.854,1.035,10.233,107.839,110.845,1.05
4,85.206,110.607,109.143,1.057,9.83,101.714,109.939,1.03,108.868,112.236,0.974,11.166,117.168,105.327,1.083
2,85.23,1.046,105.035,105.329,11.137,110.215,105.511,105.692,1.005,100.263,102.675,10.569,110.341,106.637,97.011
3,85.646,118.491,1.122,110.838,101.175,97.283,100.389,106.111,111.52,1.043,103.706,108.724,102.379,96.688,101.899
4,86.852,106.0,113.522,0.95,9.905,102.251,96.674,1.062,104.488,106.531,0.957,10.99,106.713,99.276,1.104
4,86.906,106.086,103.845,0.961,10.447,113.786,109.31,1.015,105.545,106.936,0.932,10.706,101.05,110.17,1.129
2,87.119,1.01,100.121,115.151,10.717,96.865,107.945,93.928,0.964,98.79,108.218,9.916,104.605,102.848,95.085
3,87.372,111.777,1.002,115.153,97.663,104.373,93.483,109.799,111.522,1.078,107.96,111.988,104.658,104.513,96.9
2,87.4,1.081,98.122,112.394,10.692,97.005,103.152,106.641,1.045,96.069,105.455,10.674,111.15,96.671,110.201
3,87.511,101.915,1.062,103.504,98.762,94.785,100.777,110.72,103.778,0.975,111.942,103.731,103.356,94.017,107.139
3,87.685,107.2,1.099,105.657,97.634,108.398,103.863,107.733,116.743,1.047,110.273,101.108,94.765,102.464,103.368
1,88.037,109.966,96.6,95.412,102.988,11.467,1.013,101.797,102.33,106.16,101.03,114.173,10.071,0.977,105.039
4,88.255,98.827,105.046,0.961,10.007,105.339,94.754,0.995,102.815,104.255,1.011,10.325,104.909,103.156,1.124
2,88.588,0.95,100.344,115.29,10.304,103.893,93.521,93.93,0.933,94.898,114.885,9.516,100.4,98.873,95.358
2,88.631,1.049,106.751,114.593,10.666,108.607,101.902,97.771,1.08,103.066,111.677,10.037,100.455,105.212,94.407
4,88.902,96.74,117.581,1.092,10.938,102.091,96.483,1.125,101.724,105.085,1.079,10.288,109.395,107.312,1.091
1,88.918,116.546,102.714,94.272,115.531,10.507,1.011,106.926,110.93,112.147,104.316,107.327,10.935,1.082,105.24
1,89.322,112.577,112.147,93.007,103.987,10.498,0.972,111.899,105.662,106.905,104.417,104.814,10.529,1.09,113.19
4,89.362,95.665,116.56,0.957,10.382,101.998,98.966,1.102,96.128,109.734,1.035,11.235,106.241,107.596,1.007
4,89.379,107.963,107.361,1.058,10.898,116.813,108.664,1.065,106.415,103.639,0.972,9.896,104.152,112.31,1.147
2,89.527,0.941,95.925,110.905,10.74,105.222,104.166,104.858,0.951,99.046,106.824,9.747,107.92,97.743,110.827
4,89.663,108.868,101.851,0.956,9.956,104.021,111.364,1.122,102.912,100.622,1.103,10.053,113.764,98.126,1.118
3,89.752,106.355,1.025,111.81,110.326,101.353,96.597,100.56,118.263,1.045,109.634,100.989,99.451,96.431,100.073
3,89.807,114.407,1.109,114.935,103.948,95.167,100.158,106.689,103.315,1.001,107.234,109.078,104.773,97.144,98.376
1,89.83,107.697,112.356,107.334,106.063,10.688,1.016,102.513,101.681,101.727,103.096,107.702,11.177,0.991,98.327
3,89.903,109.163,1.0,114.047,104.295,99.425,104.84,111.213,117.12,1.071,112.079,98.108,96.371,94.803,110.276
4,90.107,108.379,106.316,1.06,9.76,100.283,96.27,1.081,94.706,101.104,0.996,10.611,99.415,111.121,0.997
1,90.132,100.212,112.32,98.679,101.968,10.075,1.017,115.153,114.567,108.382,98.746,104.154,10.434,0.953,113.698
2,90.147,1.017,93.591,112.921,10.653,107.758,109.229,106.103,1.009,100.288,100.274,10.915,100.362,97.405,105.692
3,90.395,101.099,1.076,100.446,110.805,96.484,102.372,104.168,114.527,0.948,107.927,108.63,100.646,106.4,98.19
2,90.445,1.035,97.234,108.439,10.011,98.907,94.898,107.451,0.964,100.68,118.289,10.02,110.662,108.987,105.66
3,90.52,113.404,0.978,114.086,103.115,105.186,108.57,95.406,117.531,0.996,114.184,103.756,97.265,103.915,106.006
1,90.803,101.982,103.032,93.007,106.212,11.449,0.967,98.402,104.878,105.894,101.66,116.182,10.198,1.053,114.495
2,91.539,1.035,107.786,115.074,11.014,100.83,98.281,104.663,0.952,100.627,112.705,10.555,110.623,108.52,107.434
4,91.66,97.078,111.428,0.971,11.421,104.858,101.626,1.138,109.685,118.424,1.023,10.243,116.954,110.108,0.988
2,92.592,0.966,100.906,107.035,9.539,100.293,107.635,99.352,1.049,101.855,118.209,10.287,93.546,98.451,97.533
1,92.758,105.743,103.285,107.505,117.015,11.495,0.99,103.542,105.393,102.505,99.651,103.114,10.967,1.0,98.624
1,92.935,109.081,100.001,107.689,109.444,11.268,1.039,99.728,112.661,98.941,97.277,116.926,11.365,1.009,100.856
4,93.322,100.774,105.708,0.956,11.03,115.189,104.016,1.119,100.432,100.549,1.097,10.911,102.544,109.743,1.0
4,93.387,93.548,116.069,0.958,11.237,116.274,104.808,0.982,108.542,100.829,0.973,10.379,110.686,109.838,1.002
2,93.769,1.084,100.914,105.039,10.944,106.002,104.401,109.136,1.014,102.198,118.754,10.466,104.724,103.965,98.54
1,93.869,109.786,105.99,93.808,112.66,11.109,1.074,113.1,110.726,99.267,94.953,108.453,10.895,1.084,108.709
1,93.924,105.043,104.247,95.886,108.049,10.48,0.96,114.423,103.139,109.747,104.033,102.925,10.395,1.076,98.386
4,93.996,98.267,116.253,0.946,11.063,110.964,100.234,1.113,99.377,107.704,0.976,10.122,114.584,107.358,0.995
2,95.061,1.091,106.401,100.413,9.56,111.022,104.709,108.161,0.993,108.558,108.688,10.547,94.017,99.832,97.987
4,95.353,106.638,107.776,1.082,11.57,99.041,103.512,1.06,93.548,118.022,1.009,10.535,100.873,102.424,1.095
4,95.397,98.514,101.042,0.952,10.695,116.569,108.821,1.023,107.419,118.118,1.044,10.242,103.598,97.244,1.001
1,95.398,115.691,98.92,95.958,110.214,10.801,0.936,103.994,99.433,112.371,101.09,100.336,11.809,0.947,114.468
1,95.443,99.708,109.039,100.912,102.8,10.582,1.079,104.471,104.63,104.915,105.721,107.961,11.459,0.961,102.476
2,95.48,1.0,103.434,105.893,11.143,106.927,93.357,103.304,1.022,93.834,118.698,10.015,95.191,93.389,95.396
3,95.825,116.171,0.968,100.58,103.42,96.923,104.402,100.52,113.51,0.948,101.001,98.791,95.744,109.714,95.562
1,96.02,99.819,97.126,102.736,108.679,10.638,1.041,109.309,102.978,105.964,92.363,109.973,11.651,1.057,103.384
1,96.228,101.538,110.592,102.011,103.092,10.067,0.945,108.144,103.199,106.25,93.046,107.002,10.199,1.025,114.715
2,96.278,1.042,102.812,112.851,10.046,96.986,96.785,107.407,1.063,92.786,108.112,9.654,97.344,106.268,103.402
2,96.671,0.937,95.824,111.405,10.443,93.818,106.45,94.447,0.958,95.925,116.157,9.477,100.764,93.105,97.011
3,97.209,103.329,0.975,101.937,108.432,98.388,108.57,103.582,101.18,1.078,113.229,107.44,100.422,105.121,105.227
2,97.241,1.037,95.299,111.421,10.676,106.053,103.109,107.512,1.031,97.575,100.85,9.869,94.369,109.24,96.621
1,97.266,111.339,112.107,102.067,117.038,11.56,0.972,99.12,101.203,96.659,103.727,105.729,10.374,1.029,101.981
3,97.42,112.772,1.08,112.978,97.817,107.782,109.119,112.026,111.239,1.002,106.257,105.541,94.359,102.409,111.43
1,97.822,107.072,112.107,96.257,112.708,11.134,1.079,106.634,112.635,113.725,102.771,105.161,10.63,1.001,108.71
2,97.911,1.068,106.535,114.522,11.066,110.61,96.467,99.432,0.926,99.33,114.194,10.038,96.75,95.401,109.367
2,98.261,1.018,96.791,107.402,10.203,105.016,95.651,108.605,1.029,98.84,101.478,10.235,99.691,95.535,97.735
2,98.853,0.959,95.713,113.101,10.343,95.637,100.801,108.929,1.062,98.707,113.6,9.518,97.984,94.837,97.374
4,99.064,100.724,112.906,1.085,9.798,101.001,105.521,1.131,104.704,113.09,1.098,10.392,105.426,96.311,1.095
1,99.646,102.689,113.431,98.379,100.877,10.879,1.087,110.306,105.26,113.024,95.427,113.712,11.096,0.992,114.18
4,99.932,101.319,99.859,0.976,10.193,105.236,106.83,1.132,102.068,108.993,0.951,10.285,116.954,110.689,1.118
3,100.526,115.217,1.106,100.395,103.948,93.224,104.785,108.087,116.727,1.086,115.308,97.893,96.28,107.569,101.191
2,100.561,0.974,93.616,101.784,10.431,94.234,95.498,110.207,0.919,100.057,111.28,9.902,93.697,107.433,97.21
4,100.885,102.324,110.433,0.951,10.052,115.903,97.339,1.129,95.769,113.913,1.107,9.792,105.986,112.074,1.093
1,101.355,116.351,103.318,98.884,114.334,11.115,1.053,112.558,102.307,109.19,109.251,104.785,10.831,0.948,100.024
3,102.264,114.203,1.094,100.583,100.915,100.646,99.148,97.551,112.344,1.114,113.986,107.797,94.615,108.133,97.161
2,102.764,0.998,107.674,116.037,10.428,95.677,97.498,108.027,1.01,96.484,103.978,10.533,106.954,94.281,111.265
3,102.777,112.548,1.052,111.847,98.473,99.112,106.434,98.534,103.732,0.969,111.788,114.97,93.206,108.216,98.534
1,102.968,102.899,108.112,96.203,106.465,11.306,1.069,112.341,99.854,107.263,101.6,112.331,10.104,1.035,116.495
1,103.477,117.414,106.221,96.013,101.17,11.514,0.994,111.744,105.093,108.94,96.945,112.519,11.472,1.041,103.336
4,103.513,106.846,110.85,0.933,11.262,114.942,103.875,1.018,96.144,108.185,0.996,9.919,114.433,102.749,0.994
4,103.574,106.471,105.354,1.052,11.222,98.827,108.131,0.993,107.35,103.996,1.103,10.508,112.365,95.223,1.135
3,103.728,114.935,0.998,104.21,99.743,107.878,103.825,106.436,107.993,0.993,101.617,103.941,94.382,96.607,107.06
2,103.771,1.03,108.77,108.939,10.735,106.129,99.016,104.565,1.047,94.029,113.331,10.405,100.4,97.539,109.996
1,103.871,107.697,109.951,95.328,104.357,10.571,0.971,115.048,101.926,103.73,92.211,105.278,11.635,1.086,109.378
4,103.883,103.762,106.916,0.975,10.238,106.009,109.632,1.032,99.492,101.779,1.058,11.188,104.233,107.937,0.977
4,103.935,95.54,101.159,0.956,10.828,108.671,95.737,1.082,102.93,116.037,1.092,10.761,116.85,109.888,1.016
4,104.492,95.363,103.781,1.053,11.524,112.968,103.515,1.083,94.463,110.85,0.985,10.188,108.925,105.842,1.031
4,104.831,99.602,117.281,1.064,10.717,116.348,111.032,1.057,95.38,105.789,1.087,10.061,105.106,102.311,1.022
3,104.832,111.326,0.965,103.599,101.51,94.586,103.915,99.59,116.596,1.101,108.413,111.889,103.745,105.334,110.566
2,105.342,0.983,93.28,107.92,9.633,109.948,108.178,97.507,1.019,104.044,104.6,9.697,104.02,102.157,107.52
1,105.461,110.165,106.668,93.007,117.579,10.367,0.945,109.775,110.442,113.87,97.457,107.397,10.513,0.947,105.025
1,105.49,115.488,97.86,99.53,116.926,10.801,0.968,115.048,105.824,102.293,100.133,108.261,11.667,1.086,116.467
2,105.522,1.006,101.901,103.38,10.117,97.984,103.477,101.128,1.077,93.89,105.941,9.447,99.798,98.585,105.286
4,105.952,97.439,100.753,1.0,9.864,112.334,110.158,1.081,96.26,115.844,1.097,9.993,102.071,111.083,1.066
3,106.0,112.953,1.005,98.567,103.69,93.931,105.614,100.098,113.395,1.085,104.333,106.461,92.606,95.587,111.362
4,106.662,106.352,117.581,1.082,10.719,107.787,111.354,0.998,103.121,112.767,1.002,11.497,114.852,97.456,1.134
1,106.791,104.761,103.593,100.583,117.831,11.651,1.034,112.331,108.757,101.511,102.676,108.823,11.579,1.071,101.002
3,106.905,106.572,1.071,106.113,110.447,105.836,109.714,100.098,107.553,1.077,105.061,106.964,96.938,107.587,111.188
4,106.966,108.806,100.84,0.95,10.488,116.087,97.14,0.987,96.377,117.811,1.066,9.828,105.259,105.521,1.07
4,106.979,105.723,111.394,1.049,10.191,106.684,102.023,0.976,110.15,110.762,0.979,11.221,107.739,105.902,1.014
1,107.141,103.221,98.117,97.685,102.094,11.484,0.928,105.941,113.829,100.324,92.35,114.173,10.905,0.999,110.716
2,107.258,1.083,104.044,109.612,11.063,99.878,103.027,109.68,1.029,102.577,103.705,10.658,98.995,102.716,103.798
2,107.461,0.986,98.186,101.444,10.166,98.102,98.026,107.509,1.005,102.229,115.95,9.789,109.581,96.483,107.896
4,107.544,102.016,112.682,0.933,11.243,115.902,101.039,1.024,110.159,102.511,1.031,10.29,108.095,107.401,1.05
3,107.659,105.965,1.114,99.725,109.646,107.446,96.687,99.749,107.823,1.042,100.193,110.939,107.614,96.481,101.083
3,107.828,104.338,1.113,104.31,115.01,100.023,103.205,98.71,109.07,1.027,99.893,115.002,102.528,107.185,103.522
4,108.665,108.77,117.657,1.097,9.977,103.384,106.287,1.045,107.959,109.633,1.098,10.895,102.899,101.834,1.038
1,108.684,117.0,114.035,105.746,106.005,11.566,1.062,113.718,102.147,102.416,105.47,111.787,11.612,1.048,102.545
2,108.964,1.091,98.602,117.518,10.595,106.533,92.995,97.374,1.086,100.353,106.181,10.916,96.396,96.823,98.78
4,109.349,110.75,107.781,0.973,10.243,109.863,95.607,1.001,106.09,108.594,0.994,10.273,107.163,96.645,1.05
1,109.892,106.151,98.611,99.428,107.131,11.81,0.954,107.12,102.623,112.635,96.432,101.227,11.246,1.025,113.547
1,110.592,109.379,106.005,94.947,113.018,11.505,0.949,98.703,114.085,109.553,96.959,105.983,10.826,0.964,107.412
1,110.724,114.211,104.206,106.758,101.614,11.166,0.966,99.516,102.983,104.104,95.102,105.718,9.99,1.015,110.891
2,110.798,1.048,95.207,110.866,9.76,96.817,95.535,102.591,1.021,98.799,105.353,10.77,101.098,99.076,99.817
1,110.94,108.009,105.429,97.21,110.459,10.01,0.928,100.756,115.056,101.263,94.947,114.352,10.45,1.0,114.268
4,111.133,101.753,104.461,1.026,10.188,103.108,95.598,1.013,106.415,104.876,1.023,9.753,112.797,103.567,1.091
1,111.273,99.788,113.36,98.776,114.58,9.997,1.068,100.868,101.729,97.153,92.35,113.712,11.692,1.052,111.701
3,112.256,101.661,0.956,104.091,99.145,106.92,102.882,95.406,108.058,0.965,114.857,112.508,106.099,94.554,112.372
2,112.987,1.086,101.988,112.185,9.447,102.212,108.871,106.306,1.031,99.34,101.73,10.725,111.124,104.658,99.126
3,113.061,113.23,1.106,106.285,111.134,105.419,104.351,109.316,104.557,1.086,110.8,107.144,97.178,106.072,109.853
2,113.083,1.064,94.934,112.655,10.801,103.756,97.373,102.712,1.087,92.873,100.321,10.026,97.618,102.111,104.774
3,113.598,101.668,1.015,107.927,107.168,100.666,98.496,103.015,117.478,1.077,111.437,105.271,98.554,109.227,106.061
3,113.845,104.154,1.102,104.799,109.196,102.767,97.542,109.023,104.154,0.977,106.101,101.207,93.214,98.139,111.138
1,113.868,100.089,103.285,103.021,110.862,11.14,1.023,109.039,114.628,109.356,95.139,118.34,10.323,1.084,108.39
3,113.971,106.628,1.026,97.743,114.211,98.417,96.551,105.712,103.383,1.042,100.318,98.278,105.251,103.695,110.62
1,114.081,106.433,111.61,105.11,113.712,11.029,0.994,108.458,111.194,96.807,93.974,109.506,11.498,0.955,101.98
4,114.143,101.393,101.911,0.949,11.006,116.361,96.441,1.146,101.604,99.62,1.048,9.885,100.898,97.859,1.024
3,114.988,118.377,0.968,107.577,101.752,101.249,101.143,105.69,109.729,1.109,103.591,104.915,108.293,105.895,99.09
3,115.125,103.459,1.037,102.75,101.743,101.841,99.591,101.309,113.36,1.092,105.237,112.241,96.758,105.861,96.621
3,115.15,103.546,0.994,111.263,98.323,103.392,96.095,105.102,116.919,1.08,97.956,108.088,98.861,103.236,112.716
4,115.34,93.339,100.62,1.044,10.538,115.106,96.502,1.018,109.841,113.243,1.036,10.003,112.146,105.664,1.0
4,115.696,99.732,111.9,0.941,11.439,112.334,108.458,0.975,94.276,118.022,0.989,10.999,110.52,109.735,0.988
4,115.732,94.663,101.372,1.106,10.368,112.802,100.322,1.106,99.347,107.372,1.038,10.37,116.038,95.3,1.028
2,115.748,1.026,100.616,115.578,9.808,95.314,109.214,103.85,0.946,97.085,109.686,10.769,109.434,100.495,93.92
1,116.31,117.185,103.194,98.385,116.327,11.537,1.042,99.102,106.919,101.747,100.351,111.546,11.286,0.933,106.634
2,116.513,0.99,104.585,116.637,11.15,109.227,102.234,107.434,1.023,100.153,109.495,10.943,93.525,102.07,94.585
3,116.904,101.583,1.029,109.252,103.13,95.955,97.235,107.554,117.643,0.958,107.96,113.965,103.663,100.005,95.148
4,117.021,93.975,118.137,0.945,10.226,105.267,98.632,1.075,93.269,107.463,0.96,10.522,112.8,103.22,1.028
2,117.063,1.077,99.746,105.283,10.595,107.033,92.995,109.159,0.992,104.084,115.898,9.803,107.131,96.662,106.909
1,117.087,114.74,98.156,105.262,118.147,11.689,1.021,102.545,105.28,110.399,102.492,116.38,11.284,1.045,98.481
3,117.83,99.939,1.113,112.636,109.313,105.696,107.339,99.522,103.008,1.021,99.841,106.83,108.041,100.389,102.855
4,117.956,110.159,113.406,0.958,9.986,107.254,97.831,1.139,107.239,110.666,0.956,11.553,103.826,103.156,1.081
3,118.173,101.483,1.059,109.804,100.627,108.589,106.335,97.365,103.859,1.005,107.823,100.295,105.8,93.241,95.173
3,118.837,115.657,0.947,101.795,108.886,94.262,107.076,109.101,105.368,1.031,108.643,100.075,99.569,105.861,103.973
2,119.587,1.024,97.124,109.67,10.476,96.881,105.989,111.251,0.938,93.009,117.902,10.019,107.688,94.438,100.573
2,119.776,1.014,97.048,115.106,10.898,102.973,94.351,107.66,1.01,108.574,106.395,10.004,105.931,108.247,93.967
2,119.821,0.941,100.758,117.47,10.786,100.455,102.234,110.0,1.053,102.914,111.28,10.755,103.369,91.995,96.268
2,120.133,0.996,96.97,101.709,10.556,95.019,99.358,102.431,0.99,95.01,115.106,10.907,95.886,108.824,94.961
1,120.586,99.241,104.761,103.723,116.636,11.305,0.944,103.384,103.117,101.273,97.82,108.568,10.369,0.985,104.022
3,121.417,105.24,0.956,108.611,103.42,104.373,105.424,97.559,112.659,1.037,103.844,98.365,109.452,102.379,96.811
2,121.582,1.005,97.172,118.507,10.742,95.902,107.921,106.776,1.034,96.875,113.933,10.235,110.026,100.119,93.671
3,121.794,105.875,0.964,115.107,112.597,93.531,107.076,109.193,105.134,1.052,99.379,99.966,100.378,96.971,95.72
2,121.868,0.998,104.759,105.569,10.54,94.458,105.373,98.78,0.99,105.234,118.815,10.774,100.742,107.048,103.277
2,122.008,1.009,98.458,101.709,9.978,104.698,102.579,99.226,0.988,93.118,101.054,10.021,110.588,107.709,98.465
2,122.226,1.001,98.763,106.447,9.509,106.148,108.675,102.609,0.932,103.459,111.941,9.609,99.491,92.943,99.39
1,122.351,113.264,105.646,93.212,115.497,10.128,0.975,107.493,115.096,108.064,105.109,100.233,10.113,1.055,115.735
2,122.681,1.034,101.343,105.526,11.129,94.504,104.371,111.071,0.989,92.667,104.668,9.713,110.588,99.633,109.664
3,123.292,117.0,1.003,100.395,114.639,103.956,105.343,106.036,112.783,1.054,115.29,104.666,109.389,102.934,98.587
1,123.326,111.634,99.527,92.594,116.244,11.584,0.948,114.472,100.918,99.778,94.132,117.691,11.138,1.006,111.65
3,123.388,116.203,1.098,108.754,100.992,101.374,95.215,105.102,117.456,0.946,101.442,113.897,94.586,94.731,95.71
3,123.466,116.466,0.966,102.756,111.988,94.839,104.375,105.997,110.865,0.961,110.339,102.037,103.078,108.081,105.268
1,123.564,112.635,96.971,102.904,102.384,10.513,1.011,111.718,114.496,104.467,104.43,107.587,11.498,1.071,105.485
3,123.891,114.407,1.062,102.642,102.106,108.546,100.287,109.025,100.244,1.053,100.193,113.112,99.893,94.34,98.26
1,123.951,116.389,96.26,96.772,115.959,10.113,1.078,105.106,108.421,97.107,109.096,112.619,11.019,0.984,110.892
4,124.058,110.768,104.528,0.933,10.915,102.965,101.817,1.079,95.072,111.876,0.999,11.351,106.53,112.045,1.056
1,124.163,110.165,112.186,97.083,108.363,10.071,1.012,100.756,104.542,103.79,108.915,109.968,10.436,1.055,100.924
2,124.542,1.052,103.036,104.378,10.716,103.949,106.774,102.514,0.934,96.898,117.161,9.87,101.781,104.227,99.188
2,124.635,0.982,101.675,112.872,11.174,94.413,97.701,95.378,1.031,106.535,105.99,9.484,100.176,101.088,94.437
4,125.534,105.624,101.676,0.972,11.102,112.094,104.526,1.017,102.016,112.457,0.977,10.96,103.657,106.89,1.018
3,125.714,110.473,0.947,98.649,111.898,92.811,107.58,107.532,102.859,1.046,111.81,107.732,109.49,101.311,97.118
4,126.546,110.134,112.814,0.992,11.515,111.1,106.253,1.016,106.956,104.173,1.051,10.793,101.817,97.089,0.975
2,126.664,1.027,100.209,104.127,10.259,102.277,99.89,107.247,1.072,103.536,105.365,9.576,100.118,99.772,102.169
2,126.752,1.022,107.672,114.289,11.164,107.131,93.88,105.951,1.055,102.577,117.53,9.775,110.618,93.876,111.342
2,126.769,1.082,97.085,100.701,10.412,94.575,102.937,103.636,0.948,99.149,100.641,9.771,94.777,95.044,110.59
1,127.193,114.146,113.36,99.955,110.566,10.293,0.949,102.957,104.143,107.215,95.927,116.308,10.105,0.974,104.017
1,127.204,116.744,101.16,106.016,110.345,11.735,0.984,109.041,103.273,103.456,102.263,115.131,10.046,1.085,108.954
3,127.322,103.194,0.954,98.858,108.524,106.5,96.201,107.811,115.115,1.088,109.154,111.375,103.455,97.233,112.619
4,127.481,95.079,101.917,0.94,9.745,116.973,104.808,1.149,110.607,110.145,1.07,11.512,111.725,106.983,1.023
1,127.565,111.751,108.658,109.521,107.067,11.042,1.003,112.578,117.375,96.939,96.038,112.456,10.202,1.089,98.318
4,127.89,94.276,104.265,1.047,11.215,111.675,95.825,1.073,94.822,112.61,1.098,10.46,109.313,108.028,1.114
3,128.336,113.493,1.099,103.301,98.91,100.178,96.255,97.664,106.221,1.096,110.396,109.492,100.576,97.814,111.269
3,128.424,102.269,1.045,101.021,103.719,101.955,98.369,97.618,105.562,0.977,102.193,108.806,95.664,102.818,96.262
1,128.621,102.823,109.545,101.161,106.95,11.388,1.034,102.523,114.716,103.79,98.774,110.791,10.487,1.033,101.095
2,128.789,0.947,100.57,116.157,9.699,110.264,100.468,103.122,0.966,94.985,108.007,10.744,101.5,104.966,95.039
4,128.978,95.352,104.664,1.003,10.382,108.483,101.649,1.067,96.604,106.204,1.006,11.435,101.156,106.174,1.043
3,128.993,102.936,0.968,104.799,111.415,96.83,95.183,103.744,106.706,1.124,103.182,108.967,106.049,108.738,109.918
4,129.234,100.558,99.65,1.002,11.539,104.934,107.406,1.082,109.865,103.858,1.009,11.188,106.327,100.33,1.046
4,129.36,110.508,110.429,1.042,11.036,104.993,102.067,1.122,103.276,103.811,0.968,10.064,111.658,97.211,1.018
1,129.634,109.037,108.48,96.038,110.06,11.795,1.015,102.846,103.56,109.84,95.837,101.066,10.912,1.061,100.664
3,130.256,112.637,0.995,106.014,114.6,108.217,104.719,96.608,105.545,0.995,97.475,111.164,109.234,98.329,110.311
4,130.699,107.564,115.829,0.947,9.932,100.224,97.005,1.054,105.341,106.384,1.025,10.73,117.066,104.991,1.017
3,131.621,102.912,0.949,110.371,99.727,106.664,102.741,100.26,115.495,0.968,113.276,97.435,105.032,93.213,107.337
3,131.712,106.058,1.04,103.065,110.111,101.454,102.618,98.531,116.03,1.045,105.777,97.117,94.189,105.265,112.579
3,131.72,111.668,1.026,107.808,114.526,100.852,93.73,96.774,112.205,1.109,103.393,97.117,102.837,102.692,99.985
2,131.786,0.943,108.239,103.315,9.981,95.163,96.461,97.306,1.067,96.791,110.071,10.772,98.11,97.491,100.436
4,132.21,94.056,116.154,1.09,10.781,109.88,102.537,1.009,100.527,117.028,0.966,10.165,109.596,106.661,1.15
2,132.296,0.92,105.296,114.732,9.577,110.308,101.805,94.448,1.071,92.778,113.822,9.525,97.338,96.785,95.212
1,132.403,102.33,109.286,96.315,114.591,9.932,0.96,107.374,105.802,98.72,96.288,115.259,10.522,0.948,113.349
1,132.446,116.305,112.865,104.884,102.807,11.174,1.023,108.662,113.972,106.435,92.974,113.966,10.553,0.929,115.49
4,132.462,104.093,117.14,1.094,10.038,112.499,102.832,1.116,100.724,101.679,1.052,11.213,113.952,110.579,1.019
2,132.664,1.055,93.087,112.912,9.485,109.948,99.2,109.663,0.995,102.376,117.359,10.339,100.611,102.602,104.76
1,132.688,109.956,106.088,92.399,107.109,10.105,0.944,103.418,116.086,109.608,94.56,108.919,11.603,0.971,99.568
3,133.342,103.071,1.034,108.69,112.72,94.562,102.87,104.534,112.503,1.093,114.766,97.479,98.302,95.466,97.375
3,133.559,115.653,1.0,112.079,100.922,108.248,102.066,100.334,106.392,0.946,103.495,113.168,96.538,95.869,104.195
1,133.681,113.094,96.29,108.963,115.121,11.296,1.079,106.082,108.02,99.892,94.685,115.433,10.065,1.078,111.037
3,133.869,103.549,0.984,105.655,100.627,104.085,94.283,99.783,116.203,1.101,102.223,98.815,94.467,93.885,110.921
2,134.465,0.959,99.662,104.692,10.759,94.413,93.079,97.619,1.074,94.486,103.631,10.827,105.873,98.529,107.088
3,134.815,105.049,1.012,97.731,106.385,99.699,108.535,102.281,107.166,0.965,106.916,112.421,97.466,95.556,107.036
2,134.86,1.007,106.039,100.497,10.769,94.757,98.437,105.846,0.942,93.27,108.619,10.478,94.838,105.379,101.795
2,134.905,1.009,92.667,103.907,10.548,104.831,105.998,101.695,1.076,100.9,108.53,10.079,107.927,96.607,93.981
4,134.933,95.663,106.204,0.945,10.971,113.966,100.33,1.142,96.822,100.138,1.048,9.801,101.125,99.526,1.045
4,135.465,96.153,108.532,0.996,10.585,99.547,97.937,1.085,102.497,108.55,1.1,11.001,101.855,98.27,1.137
4,135.556,110.75,103.516,0.975,10.482,108.573,96.261,1.085,108.261,112.665,1.007,9.884,116.062,97.339,1.095
2,136.524,1.071,101.861,103.809,10.662,107.888,107.936,96.683,1.023,108.029,118.558,9.466,93.668,108.709,94.708
4,136.783,107.751,102.396,1.042,10.368,106.314,108.227,1.081,110.459,105.78,0.997,9.905,114.831,104.138,1.153
1,136.87,116.519,114.319,95.884,114.228,11.686,0.931,103.542,99.046,111.415,94.851,114.959,11.799,0.976,98.82
3,137.211,113.453,0.957,101.431,96.886,99.492,99.063,95.053,117.327,1.078,105.756,107.771,101.249,106.737,99.533
3,137.442,100.019,1.053,105.675,105.117,99.405,102.484,100.381,112.258,1.079,97.676,97.529,98.681,95.079,102.694
2,137.454,0.992,96.898,104.931,9.792,110.484,102.633,106.641,0.993,100.544,111.457,10.371,109.58,99.447,102.376
4,137.658,97.661,108.424,0.976,10.371,113.755,101.139,1.119,98.988,114.978,1.029,10.171,110.673,98.828,1.143
4,137.946,108.642,102.088,1.042,11.288,102.751,108.188,1.131,93.842,101.081,1.033,10.932,102.357,99.496,1.028
3,138.456,106.66,0.981,98.649,105.202,102.345,95.984,105.07,111.592,1.084,113.863,110.551,102.028,99.195,110.386
3,138.674,111.9,1.002,103.844,101.14,96.671,99.461,97.867,104.939,1.044,101.617,102.293,96.938,95.303,104.432
4,138.973,98.988,107.673,0.994,9.822,105.208,109.4,1.069,98.724,107.391,1.075,9.962,99.041,108.289,1.093
3,139.147,108.14,1.023,114.985,111.404,108.331,103.412,98.477,113.787,0.98,105.582,101.844,109.736,105.852,108.863
1,139.416,107.928,104.934,108.571,114.122,10.592,0.991,115.516,114.312,113.951,98.483,117.4,10.449,1.0,105.416
3,139.427,114.729,1.011,111.134,110.797,105.204,99.019,112.258,108.589,1.086,103.83,97.719,103.434,95.079,99.512
1,139.582,106.726,113.344,96.377,113.506,10.644,1.04,104.042,111.743,109.478,103.967,103.701,11.076,0.967,114.642
4,139.706,101.604,102.19,0.961,10.107,106.282,98.036,0.973,103.937,111.421,1.088,10.206,106.433,108.405,1.155
3,140.704,101.104,1.029,114.44,98.314,109.736,103.545,108.157,100.347,0.993,104.652,106.736,102.543,103.262,112.504
2,140.72,1.016,104.431,118.232,9.672,94.851,106.303,110.201,0.983,94.477,105.38,10.812,105.172,99.855,108.444
1,140.914,112.146,108.028,97.049,105.135,10.11,1.001,98.488,115.048,98.94,95.458,109.97,11.723,1.082,105.88
4,141.144,110.75,111.661,1.092,9.892,115.661,102.407,0.988,105.595,115.208,0.965,11.081,112.628,112.088,1.024
2,141.304,0.929,107.677,118.71,10.193,93.449,96.461,101.788,0.999,104.996,104.931,9.527,110.61,103.392,108.224
4,141.373,93.391,111.672,0.957,11.327,102.899,98.036,1.038,104.35,99.922,0.983,10.705,112.133,97.629,1.132
1,141.575,112.57,109.091,100.28,104.924,10.245,0.961,102.317,103.629,109.892,103.511,103.786,11.807,0.963,112.519
3,141.93,117.35,0.984,110.407,103.559,102.775,103.223,107.795,113.176,1.116,104.613,108.946,103.448,103.261,106.006
1,142.21,99.728,112.241,94.073,117.43,11.459,0.929,104.759,117.199,113.034,102.546,103.76,10.462,1.084,108.628
1,142.399,106.145,98.981,97.139,113.267,11.288,1.023,108.787,105.99,112.492,102.719,112.947,9.978,1.075,98.936
1,142.676,113.781,104.515,95.355,114.902,10.41,0.954,115.604,107.578,97.107,96.992,118.929,11.165,1.078,100.756
1,142.793,107.606,110.749,97.318,115.959,11.062,1.019,104.981,112.57,109.631,94.714,113.712,10.241,1.0,104.361
1,143.438,105.227,113.341,93.994,115.959,9.951,1.076,99.104,101.474,109.541,93.411,104.653,9.966,0.942,99.768
4,143.684,109.351,106.687,0.969,10.196,98.912,110.202,1.002,97.721,105.157,0.975,10.089,109.375,99.139,1.156
3,143.756,103.908,0.948,111.363,112.054,103.395,109.227,95.455,103.716,1.028,101.193,108.946,102.97,109.119,100.098
2,143.776,1.039,96.038,108.727,10.819,105.381,99.191,102.427,1.039,108.05,104.402,10.046,100.32,97.158,100.481
4,144.137,101.216,113.91,0.945,10.193,113.65,111.099,1.097,100.657,110.874,0.966,10.311,111.221,95.266,1.005
2,144.477,0.953,104.371,117.902,10.667,97.301,92.383,95.14,1.023,95.628,99.993,9.511,106.291,101.203,95.555
1,144.576,100.156,99.892,105.563,115.576,10.202,0.964,98.452,117.046,106.732,97.182,109.968,10.982,1.018,111.484
3,145.001,112.205,1.013,105.176,99.336,106.259,93.483,111.067,100.683,0.995,108.413,106.632,109.282,96.924,102.502
4,145.029,101.685,100.414,1.02,11.517,115.103,102.381,0.987,94.271,113.065,1.033,11.419,102.979,110.779,1.019
3,145.704,109.177,1.089,110.603,110.647,107.76,105.121,107.451,101.103,1.008,100.294,109.313,99.549,107.92,96.811
1,145.796,116.603,107.057,99.109,108.395,10.415,1.083,100.724,101.603,106.827,109.556,108.741,11.013,0.939,105.895
1,145.927,104.761,112.274,101.659,104.24,10.712,1.019,105.769,105.002,113.922,101.6,100.657,11.523,1.083,115.955
4,146.032,99.482,105.939,1.095,10.847,113.052,97.647,1.117,93.478,111.048,1.016,11.21,105.772,105.129,1.045
3,146.289,104.906,1.042,103.706,109.807,108.145,99.436,101.453,112.065,1.121,111.64,103.047,102.473,104.481,95.578
4,146.412,109.13,106.883,0.959,10.886,116.838,95.023,1.109,107.199,102.229,1.034,10.719,99.97,103.515,0.987
2,146.443,0.966,104.602,112.642,10.747,101.098,94.867,110.842,1.019,96.843,110.361,10.782,99.229,97.301,102.842
2,146.447,0.944,101.026,118.755,10.327,103.079,97.233,99.126,1.018,108.26,105.623,10.102,109.298,93.217,105.218
4,146.457,99.638,106.823,1.071,9.889,98.861,106.589,1.08,98.638,104.02,0.971,10.561,102.257,97.103,1.132
3,147.053,101.0,1.085,106.113,100.992,105.696,101.143,105.69,104.122,1.107,105.504,108.91,96.211,98.139,96.595
2,147.164,0.983,104.8,118.874,10.613,104.947,104.933,96.58,0.953,107.153,105.888,11.066,110.27,97.979,105.714
1,147.245,107.578,104.847,95.242,110.909,10.13,0.984,99.499,112.163,97.221,92.308,115.738,10.2,0.991,111.502
4,147.486,104.051,105.046,1.098,10.488,112.433,101.42,1.034,100.386,100.275,1.015,11.226,116.734,103.478,1.137
4,147.556,95.665,118.078,1.093,10.574,108.487,106.817,1.021,93.994,108.607,0.95,10.686,99.041,108.764,1.013
3,148.083,109.019,0.951,106.025,109.89,98.195,99.726,95.382,100.244,1.094,109.912,108.166,104.363,105.789,109.635
2,148.137,1.053,96.231,111.373,10.128,103.159,92.146,107.101,0.935,93.545,104.503,9.445,96.75,107.282,107.53
2,148.244,0.984,93.101,115.71,9.445,103.365,100.3,107.934,1.06,100.171,116.169,9.823,106.954,108.067,96.874
2,148.596,1.024,97.645,108.007,10.556,99.531,106.602,99.396,1.049,97.837,110.488,9.597,105.003,106.434,104.945
3,149.102,107.986,1.037,99.764,106.954,95.982,101.314,100.915,111.547,0.949,110.312,106.51,96.735,105.379,98.978
4,149.144,106.471,100.414,0.959,10.315,108.308,108.491,1.13,96.57,113.554,1.006,10.304,112.726,99.427,1.12
1,149.242,114.677,103.411,102.641,105.125,11.282,1.075,113.547,109.07,111.326,99.358,114.58,10.156,1.071,112.746
4,149.243,96.534,116.4,0.974,10.285,99.215,100.874,1.112,97.984,116.066,1.048,11.435,102.251,105.93,1.06
4,149.283,96.618,117.281,0.966,10.135,104.691,102.392,1.12,110.134,114.869,1.03,10.117,106.023,95.493,1.08
3,149.485,115.768,1.094,98.513,107.168,106.126,101.953,102.323,115.09,0.987,114.918,103.474,95.69,100.436,95.266
1,150.145,99.733,110.439,93.886,114.833,11.048,1.064,106.18,111.866,96.244,94.505,116.924,11.661,0.928,108.935
3,150.18,118.518,1.011,104.055,109.207,103.975,106.472,97.837,117.31,0.987,114.881,109.89,108.647,92.852,98.545
3,150.2,114.619,1.049,114.44,110.214,109.452,92.632,101.019,118.039,1.102,103.364,110.551,107.792,103.624,106.717
1,150.498,100.156,99.922,103.727,117.322,11.157,0.925,105.963,103.9,100.696,107.844,110.56,10.094,0.943,114.382
3,150.749,105.987,0.986,108.839,113.051,93.248,103.853,112.035,117.12,0.956,109.142,103.471,109.939,97.84,97.559
3,150.813,101.328,1.112,111.722,105.319,107.49,103.442,95.073,106.036,1.044,101.183,105.282,95.622,102.848,105.815
1,151.328,113.308,98.436,93.942,100.956,10.446,0.961,101.747,111.866,99.784,92.286,105.071,10.933,0.942,113.192
4,151.532,93.664,102.642,0.995,10.562,115.184,112.048,1.157,96.389,106.443,1.025,10.713,102.544,110.158,1.107
3,151.55,116.903,1.031,109.588,101.175,98.731,108.574,104.592,103.942,1.011,114.44,110.797,97.52,100.615,99.361
1,151.83,116.239,113.791,100.481,101.246,11.296,1.074,98.707,110.614,102.995,96.315,101.17,11.336,1.022,108.509
2,151.866,1.007,103.549,118.351,10.98,104.46,99.725,103.277,0.966,103.255,106.105,9.616,93.6,97.503,103.031
1,152.502,111.384,97.126,105.043,115.252,11.168,0.992,105.956,108.401,104.205,96.992,105.718,11.003,1.054,111.078
3,153.081,104.122,1.075,112.613,102.759,98.713,107.238,111.592,112.637,1.048,98.799,112.429,98.713,108.795,109.635
3,153.816,108.589,1.085,98.215,105.851,101.883,102.092,108.116,114.444,1.113,100.881,110.283,95.664,106.034,112.222
3,153.912,105.485,1.123,109.129,111.544,101.454,99.217,97.837,113.453,1.011,109.663,98.183,103.975,107.464,108.815
3,154.277,103.978,0.969,113.595,110.283,96.97,103.703,108.876,104.358,1.066,114.442,111.577,94.287,101.231,101.121
4,154.564,109.684,103.557,1.022,10.522,101.995,96.291,1.053,106.05,108.84,0.953,11.087,108.45,101.039,1.141
4,154.947,98.78,111.876,1.081,11.031,98.912,104.526,1.153,109.426,106.269,1.094,10.064,109.114,107.96,0.979
1,155.506,101.434,101.555,96.945,102.83,11.551,1.087,113.814,105.26,97.852,108.841,102.072,10.629,1.055,99.691
4,155.533,110.507,102.229,1.011,9.847,108.832,102.872,0.979,98.403,111.248,0.952,10.545,109.497,110.366,0.988
3,155.889,102.262,1.08,107.966,97.85,105.69,104.966,100.068,110.875,1.028,107.913,109.533,106.215,95.468,108.056
1,155.938,99.819,105.045,95.565,113.831,11.651,0.972,108.041,117.477,110.453,96.821,106.198,11.282,0.942,105.008
2,156.168,1.044,105.598,106.68,9.408,103.893,104.116,102.873,0.951,100.29,102.596,10.203,95.501,100.606,103.619
2,156.198,1.048,97.159,111.421,10.479,102.742,109.229,95.793,0.937,97.718,112.921,9.988,107.33,105.317,103.929
3,156.327,106.497,1.046,105.241,111.739,92.636,107.587,109.15,105.337,1.04,114.462,111.52,104.745,107.076,111.087
1,156.402,116.546,98.695,106.074,106.407,10.578,1.047,101.422,115.691,109.545,109.543,112.298,11.337,0.974,109.058
1,156.511,113.788,112.963,95.56,105.453,10.455,0.958,98.452,115.413,104.803,104.791,103.778,11.799,0.945,114.525
3,156.588,118.089,1.017,103.328,107.715,106.485,107.236,105.476,105.041,1.009,110.166,109.6,108.765,107.021,100.704
3,156.741,105.988,1.075,99.457,97.377,97.433,102.509,112.602,100.347,1.099,97.012,110.314,108.229,93.254,111.611
2,157.453,1.017,108.235,101.24,10.142,93.546,102.117,106.829,0.972,104.702,102.992,10.783,100.904,92.529,99.342
4,157.59,98.699,103.523,1.038,9.823,114.744,108.698,1.077,107.591,104.589,1.011,10.586,104.282,108.908,1.075
3,158.28,112.163,1.084,113.397,100.27,99.773,95.361,104.36,118.478,1.017,107.903,106.385,108.963,96.766,105.107
2,158.521,1.069,95.44,116.367,9.737,110.82,104.708,107.788,1.046,97.085,113.372,10.296,104.691,109.044,97.171
1,158.601,111.343,101.272,104.282,107.587,11.046,1.064,114.943,108.224,113.395,107.716,106.829,10.589,1.007,100.964
1,158.85,111.453,105.306,106.074,113.969,11.156,0.944,111.899,99.788,110.139,107.731,100.325,9.973,0.937,98.782
3,159.116,108.254,1.058,114.2,114.606,100.043,101.953,109.928,109.606,0.964,105.237,99.743,101.307,93.741,102.458
3,159.347,114.622,1.038,105.504,109.196,105.521,94.093,112.13,118.669,0.978,115.323,96.93,106.042,105.922,105.69
2,159.972,0.931,100.121,100.276,10.023,100.32,101.437,106.749,1.013,98.294,114.904,10.345,104.023,97.287,99.447
3,160.122,107.013,1.107,97.094,101.465,99.578,105.379,102.871,109.975,1.007,112.433,109.323,104.773,108.392,98.366
1,160.238,110.158,100.023,99.513,101.908,11.125,0.987,109.96,114.601,107.039,107.693,105.844,11.134,0.972,102.221
4,160.283,97.748,117.299,1.08,11.551,112.8,98.126,1.034,108.219,101.869,1.025,10.717,100.003,107.478,1.018
4,160.562,110.166,106.016,1.079,10.881,111.236,96.016,1.045,98.679,105.692,1.005,11.539,116.934,102.997,1.035
3,160.774,109.408,1.114,107.316,100.075,103.443,106.013,107.811,118.054,1.034,99.379,108.733,100.965,103.235,108.823
2,160.835,0.927,92.401,100.274,9.654,104.663,95.076,101.788,0.919,102.494,103.569,10.334,100.341,106.45,99.336
3,161.083,108.784,0.989,109.759,105.499,106.92,95.958,96.708,112.881,1.08,99.324,99.424,94.785,104.845,101.056
2,161.115,0.979,108.798,115.151,10.861,109.135,104.913,100.173,0.999,94.809,116.793,10.388,107.445,104.026,96.754
3,161.29,113.76,1.09,108.231,98.685,97.192,100.164,109.023,102.269,1.069,111.847,98.653,108.301,95.556,103.709
2,161.323,1.058,92.488,113.111,10.508,105.233,97.145,101.06,1.083,98.982,110.715,9.742,93.539,98.713,102.298
3,161.393,114.176,1.069,103.824,108.071,105.032,106.293,108.759,118.395,0.95,99.603,111.941,105.69,98.259,104.953
4,161.77,108.503,102.624,0.984,9.938,112.802,110.433,1.126,108.221,116.222,0.941,11.017,103.745,106.397,1.034
3,162.647,106.871,1.067,102.223,103.684,98.618,103.926,95.71,110.385,1.108,100.25,106.51,103.946,106.443,99.734
4,162.73,105.7,105.789,0.979,11.108,115.625,101.271,0.986,108.219,100.233,1.106,9.9,114.767,107.346,1.123
4,163.089,102.415,116.979,1.107,9.975,109.874,111.971,1.084,110.13,110.605,0.958,10.886,114.721,99.66,1.136
4,163.356,94.404,104.756,1.067,10.043,106.759,103.705,1.053,101.09,108.543,0.94,10.522,113.892,102.336,1.029
2,163.441,1.008,98.452,113.729,9.545,101.744,105.773,109.632,0.955,98.172,106.824,10.611,100.987,95.401,101.999
3,163.593,112.761,0.961,105.061,100.342,109.52,106.549,107.28,115.036,1.011,112.022,112.691,100.707,100.946,103.015
4,163.742,95.52,110.302,0.995,10.828,99.869,103.389,0.973,98.108,113.91,0.968,11.535,99.972,95.109,1.04
1,163.759,101.369,107.277,98.515,116.842,11.08,1.053,103.177,107.804,105.422,107.023,108.609,11.143,1.076,99.461
4,164.457,94.463,109.699,0.94,11.258,109.195,106.174,1.006,104.704,109.838,1.099,11.119,103.28,110.435,1.005
4,164.497,103.885,106.072,1.059,11.337,114.117,109.724,1.15,94.017,99.93,1.028,10.227,107.339,99.154,1.065
3,164.719,117.454,1.065,111.804,104.441,97.412,103.853,95.148,114.356,1.02,108.511,113.938,99.512,96.027,108.491
1,165.039,100.07,109.2,100.746,112.947,10.346,0.968,113.39,106.826,104.467,109.024,117.526,10.044,0.957,110.081
4,165.249,108.105,107.475,1.03,11.503,108.001,94.642,1.023,106.644,100.436,1.071,10.604,106.144,101.984,1.1
2,165.259,0.946,106.835,103.943,10.367,107.131,95.044,97.015,0.928,99.164,101.219,10.107,102.283,96.614,99.93
4,165.32,98.923,107.891,1.106,11.576,106.59,109.135,0.986,106.901,104.34,0.992,10.017,111.8,101.538,1.12
3,165.961,100.283,0.946,109.078,109.09,103.395,99.404,112.507,112.176,0.995,106.113,96.803,104.309,106.434,104.548
4,166.151,97.267,114.868,1.039,11.538,108.001,94.725,1.094,95.047,113.598,1.03,11.024,108.012,99.795,0.997
4,166.171,104.936,103.649,1.081,10.044,99.697,101.353,0.983,100.387,103.396,0.975,11.354,115.412,94.847,1.037
2,166.176,1.06,93.963,100.274,9.609,93.772,96.302,109.695,1.044,108.682,109.264,9.847,98.446,105.04,110.613
2,166.268,0.928,102.428,111.021,10.372,94.2,97.202,109.695,1.044,105.436,111.737,9.94,94.838,107.578,108.698
2,166.469,1.056,100.209,109.093,9.824,106.086,92.911,105.296,0.962,101.855,101.24,10.928,102.407,94.682,102.708
1,166.508,117.674,103.112,95.912,100.178,10.498,0.949,109.432,114.327,110.139,108.694,113.724,10.298,0.965,115.751
1,166.516,104.587,97.116,107.952,114.228,11.38,1.076,103.415,109.423,103.334,92.363,115.225,10.309,1.035,114.033
3,166.626,106.392,1.075,102.018,114.917,94.326,101.595,107.554,111.996,1.021,112.475,103.31,103.186,94.223,112.283
2,167.456,1.053,100.987,116.028,10.27,107.756,102.623,97.264,1.056,102.717,103.809,10.861,107.865,97.506,100.959
2,167.656,0.942,100.411,113.331,10.353,110.995,108.685,109.996,0.987,97.497,104.668,10.116,98.377,98.195,105.332
3,167.711,101.234,0.959,109.433,105.459,97.658,98.698,101.788,107.986,1.045,99.335,110.361,105.366,99.996,107.995
2,168.064,1.015,101.154,116.861,9.531,102.317,99.033,97.609,0.958,107.672,112.642,9.994,98.079,98.773,94.442
3,168.132,111.668,1.091,108.375,97.551,94.353,103.549,98.706,106.54,1.122,100.632,113.011,106.047,103.364,96.978
2,168.416,1.069,93.435,106.334,10.08,107.453,102.038,95.378,1.063,98.192,117.128,10.437,110.108,105.07,110.59
3,168.559,117.575,1.051,114.738,109.475,102.23,104.87,112.432,113.419,1.11,105.237,105.582,96.304,96.043,96.978
3,168.98,103.672,0.952,99.841,100.939,94.734,96.108,98.22,104.906,1.044,102.588,103.937,94.305,106.19,110.566
4,169.373,107.035,110.452,1.009,11.138,117.296,109.336,1.028,95.777,109.522,0.94,10.386,104.096,97.043,1.057
1,169.468,103.511,102.714,109.273,106.091,11.335,1.096,108.285,105.99,104.854,101.922,100.877,10.63,1.036,100.778
4,169.542,102.051,111.09,0.95,10.875,106.068,97.859,1.117,99.328,113.936,1.1,11.203,115.555,104.642,1.115
3,169.565,115.981,1.076,106.136,97.539,108.218,93.748,103.354,116.927,0.973,111.786,99.519,103.184,105.852,100.955
2,169.689,0.97,98.928,109.037,9.701,101.641,96.607,102.716,1.035,98.194,114.549,9.485,108.515,98.396,109.632
3,169.727,109.034,1.026,106.707,99.391,98.145,106.064,111.451,116.727,1.109,113.476,111.7,104.986,107.779,105.75
2,170.018,1.001,97.74,109.551,11.131,107.79,100.467,100.173,1.018,97.272,114.957,10.706,100.06,97.259,103.991
3,170.352,109.466,1.124,100.901,109.401,95.397,105.688,96.449,99.853,1.069,106.707,110.792,100.358,107.238,112.035
2,170.694,1.005,92.329,107.67,10.987,95.679,97.979,95.141,0.996,98.997,111.677,10.255,98.564,95.29,97.038
1,170.938,113.685,110.592,95.229,114.962,10.782,1.074,110.888,110.868,98.954,97.952,117.831,10.309,0.95,110.7
4,171.203,94.432,103.148,0.959,11.585,113.235,98.979,1.021,107.959,114.628,1.03,11.236,108.808,104.138,1.002
1,171.754,114.475,97.035,100.584,102.515,10.379,0.975,111.974,115.733,96.179,108.885,102.578,10.16,1.084,98.82
3,171.759,115.707,1.063,99.15,100.922,109.702,93.008,109.101,107.301,1.086,104.799,100.44,92.525,102.692,112.432
1,171.966,100.089,100.877,109.609,106.95,11.14,0.932,102.332,108.047,103.79,95.458,110.332,11.173,1.07,116.599
1,172.961,99.684,101.511,107.26,113.506,11.408,0.936,110.7,117.381,100.099,104.175,109.448,10.201,0.973,109.192
1,173.707,117.675,104.989,107.94,108.97,9.984,0.944,101.515,108.697,102.117,107.846,103.692,11.459,1.03,108.478
3,173.892,103.041,1.033,110.273,105.232,105.122,99.768,104.978,110.339,1.051,110.994,111.566,108.715,106.293,108.056
3,173.923,117.014,0.957,102.939,100.992,94.34,98.582,103.158,113.176,0.957,113.575,107.168,96.652,107.236,97.344
1,174.021,99.883,104.455,100.114,103.371,10.1,0.965,103.071,116.619,111.882,104.585,113.724,11.268,0.994,98.703
2,174.152,1.006,101.229,100.854,10.412,95.16,100.669,95.23,0.943,94.778,106.991,10.721,102.985,107.048,110.374
1,174.217,100.212,112.186,102.719,114.234,11.403,1.006,109.089,110.064,102.606,106.574,112.543,11.021,0.969,101.468
3,174.256,101.794,1.027,112.287,112.064,101.366,101.732,99.512,109.795,1.032,104.441,107.797,98.449,94.001,99.512
3,174.267,114.54,0.96,109.698,103.719,108.79,96.374,95.079,100.303,1.074,100.81,108.273,104.049,94.017,98.366
3,174.303,114.935,1.014,109.367,99.155,104.59,100.719,111.138,99.948,0.977,100.139,102.239,96.148,102.484,97.913
3,174.368,101.996,1.074,109.029,109.017,97.466,107.146,100.247,105.924,0.954,102.714,97.63,102.028,94.914,109.332
1,174.639,108.009,109.374,94.364,103.499,10.269,0.947,115.47,110.16,107.721,109.273,106.972,11.202,1.096,109.559
1,174.754,101.527,97.367,92.982,111.186,10.068,1.047,102.674,115.69,102.238,103.126,101.066,10.346,1.023,99.508
1,174.94,103.117,110.545,96.464,101.912,11.388,0.976,107.815,112.082,109.747,97.952,106.005,10.784,1.032,110.716
4,174.985,98.726,113.647,1.058,10.891,104.199,108.904,1.085,106.188,101.039,0.963,10.052,115.533,98.27,1.018
2,175.414,0.991,101.962,104.392,9.563,93.772,104.551,100.918,0.973,99.611,117.367,10.418,97.976,106.774,103.907
2,175.53,1.06,96.231,115.986,10.859,99.878,102.716,106.479,1.075,103.066,115.083,10.353,103.684,92.906,100.869
1,176.158,100.266,99.919,104.862,103.626,11.14,1.078,105.769,111.469,96.184,95.926,113.107,11.115,0.995,101.515
1,176.491,108.057,104.145,106.085,118.084,11.686,1.067,101.025,114.954,98.941,93.411,102.733,10.28,1.077,99.42
1,176.863,107.606,103.629,96.037,114.833,10.202,0.972,112.652,113.738,99.817,101.896,108.713,11.201,0.968,107.177
4,177.154,106.798,103.903,0.955,9.997,107.734,101.098,1.12,102.068,117.68,1.092,10.921,101.24,95.518,1.106
3,177.234,103.699,0.966,97.807,107.386,96.451,93.532,107.365,105.875,1.011,108.589,97.221,103.356,104.121,95.146
3,177.41,111.61,1.084,110.369,98.615,100.587,108.704,110.507,107.283,1.045,112.002,112.331,109.128,108.382,104.385
2,179.003,1.001,95.628,101.458,10.044,98.733,105.829,106.044,1.047,103.434,101.619,10.203,103.949,100.467,103.402
1,179.15,116.351,103.586,103.785,112.561,11.477,1.077,108.787,104.048,99.747,109.282,106.514,11.337,0.941,102.416
4,179.425,96.821,109.92,1.036,10.502,116.646,110.433,1.129,100.656,100.502,0.95,11.103,104.993,95.023,1.058
1,179.435,108.872,110.241,107.942,106.605,10.546,0.995,100.26,108.421,113.725,94.505,112.161,10.105,1.01,108.168
2,179.436,0.964,106.346,107.839,10.261,97.002,107.282,106.829,1.05,95.629,118.793,9.531,102.904,100.585,103.433
1,180.1,103.594,96.29,98.85,108.573,9.932,1.06,108.257,99.449,109.152,97.28,106.53,10.24,0.956,116.373
4,180.259,105.504,102.604,1.029,11.227,116.361,99.047,1.057,101.864,108.263,1.074,9.746,105.291,95.607,1.137
2,180.288,1.067,92.098,105.675,9.699,110.61,102.134,111.275,1.035,93.889,115.149,9.898,103.028,98.524,106.635
3,180.289,103.128,0.967,107.563,108.946,101.007,94.107,99.946,103.942,1.054,100.106,107.601,103.139,106.977,107.337
1,180.343,112.221,99.479,98.677,104.837,10.696,1.064,111.502,117.353,106.673,100.861,111.988,11.781,1.078,114.766
4,180.652,101.262,113.554,0.945,10.165,101.001,107.77,1.058,104.129,103.235,1.106,11.262,101.714,107.232,1.129
1,180.751,112.198,110.943,94.0,115.259,10.097,0.951,99.577,115.388,108.724,97.139,109.012,9.932,1.042,113.534
3,181.032,116.203,0.954,104.664,103.259,96.371,102.041,95.429,107.2,1.006,101.644,100.834,94.082,95.869,103.222
2,181.316,1.027,102.812,108.088,10.368,94.633,103.035,99.93,0.967,106.751,103.129,10.212,101.929,95.66,104.511
4,181.546,96.453,108.993,1.036,10.29,102.496,107.346,1.071,106.797,116.066,0.997,10.541,103.742,98.362,0.996
4,182.139,103.422,117.14,0.972,9.801,99.402,94.727,1.144,99.597,113.876,1.078,9.768,105.427,108.332,1.0
4,182.591,101.132,106.072,0.946,9.762,105.106,101.745,1.147,103.127,115.243,0.979,10.432,98.74,99.047,1.157
2,182.634,0.973,105.9,117.709,10.903,102.245,107.282,103.797,1.085,101.716,107.798,11.129,109.508,108.509,97.227
3,183.248,118.277,1.029,107.238,112.72,102.813,94.315,108.726,117.755,1.109,106.147,106.385,96.374,101.63,97.184
1,183.278,100.025,108.787,108.694,112.248,11.776,1.064,109.331,102.804,100.066,96.432,113.093,10.005,1.081,105.218
1,183.373,103.201,107.745,109.521,103.627,11.285,0.958,99.278,101.982,114.297,97.952,105.208,11.423,1.009,116.483
2,183.378,0.992,96.791,114.806,9.856,96.609,101.529,109.906,1.071,93.12,115.597,10.461,104.749,95.765,100.283
4,183.515,98.567,109.781,0.973,10.513,101.749,106.277,1.127,96.153,106.455,1.072,11.285,106.733,102.749,1.12
2,183.571,0.926,100.799,115.151,9.633,102.77,92.157,108.512,1.025,100.908,107.798,10.932,105.946,93.042,99.965
2,183.764,1.071,101.343,114.549,10.115,102.359,99.965,108.109,1.047,104.369,105.38,10.812,97.573,94.811,98.353
3,184.043,103.32,1.116,107.234,110.792,99.99,97.535,99.411,100.301,1.022,109.142,112.752,105.914,99.524,96.101
2,184.223,1.051,99.825,102.911,9.699,93.821,107.015,94.115,0.931,93.133,110.801,10.393,106.123,100.823,99.754
4,185.204,107.051,101.851,0.955,10.479,111.984,104.075,1.128,101.924,110.429,1.062,10.089,109.504,102.416,1.101
1,185.487,107.117,97.859,98.702,109.075,10.148,1.023,98.364,116.351,113.008,105.131,118.26,10.81,0.977,109.775
1,185.558,110.435,98.976,108.24,114.9,11.579,0.936,99.687,105.112,98.049,95.114,111.155,11.337,0.998,112.902
4,186.327,108.806,100.287,1.065,10.638,103.061,97.661,1.109,106.846,115.564,1.025,10.37,103.698,106.357,1.028
1,186.498,100.894,108.012,99.821,109.082,10.912,1.071,106.648,114.606,112.356,106.385,110.896,10.737,0.944,99.12
2,186.651,1.077,93.181,112.714,11.097,99.918,95.638,94.889,0.973,95.629,114.629,10.194,98.408,105.998,100.685
1,186.78,114.044,104.09,100.202,117.105,11.492,1.037,113.354,112.596,109.553,100.202,111.575,10.752,0.934,116.559
4,187.249,103.292,109.502,1.038,10.455,99.89,107.807,1.033,94.311,110.563,1.015,10.251,99.106,94.577,1.02
1,187.259,102.824,100.413,95.837,105.591,11.505,1.078,105.307,103.425,108.064,100.195,110.499,10.608,0.956,100.871
3,187.317,103.549,0.947,99.763,109.897,95.606,103.545,112.372,118.277,1.011,100.886,98.762,103.029,106.782,105.57
1,187.334,108.559,104.095,96.382,101.64,11.388,1.034,112.863,104.564,101.68,94.154,105.074,10.851,0.934,116.237
1,187.395,110.158,97.158,94.795,110.791,10.688,1.013,109.309,115.056,102.889,105.236,104.498,10.255,1.022,116.234
4,187.566,101.936,108.84,1.038,9.752,101.682,99.496,1.008,96.729,106.147,1.064,10.513,100.927,106.492,0.991
4,188.044,98.734,107.117,1.047,10.177,112.36,107.04,1.037,106.956,113.979,1.054,11.221,107.217,99.702,1.111
2,189.205,1.091,107.053,105.015,9.414,94.564,102.406,110.201,1.088,100.188,114.37,10.294,96.465,99.087,105.66
1,189.361,99.191,101.919,95.237,118.929,10.695,0.985,101.797,114.736,100.811,97.935,106.179,10.565,1.053,98.481
1,189.512,116.474,103.495,93.046,109.857,10.555,1.085,113.147,116.909,110.884,107.153,102.925,10.367,0.982,101.603
3,189.665,108.064,1.063,98.09,96.724,107.792,108.872,105.476,118.597,0.97,98.799,107.44,94.972,107.273,101.703
3,189.717,106.355,1.118,100.863,98.317,96.321,102.671,110.186,112.164,0.965,108.406,110.565,93.248,97.254,100.345
3,189.958,99.939,0.972,99.236,114.526,99.578,101.314,100.769,109.466,0.964,110.312,110.647,105.805,92.367,99.985
3,189.994,105.31,1.088,98.704,114.763,97.265,92.367,102.425,116.81,0.972,99.799,101.207,94.017,93.018,97.61
2,190.04,0.946,104.88,111.618,10.59,111.027,106.45,99.329,1.075,105.96,114.696,10.628,98.89,102.108,103.717
3,190.046,106.254,1.021,114.884,96.831,98.813,102.035,105.19,107.576,1.091,114.226,104.666,106.83,95.826,109.923
3,190.178,106.742,0.991,104.138,110.073,98.473,92.567,99.077,113.404,1.067,101.091,112.752,102.294,97.84,107.75
1,191.169,114.842,109.19,104.575,107.587,11.002,1.091,98.624,116.351,107.131,92.399,117.105,10.329,0.988,100.952
3,191.308,101.574,1.068,104.091,111.53,97.067,102.87,104.734,101.0,1.013,101.193,100.08,105.209,92.598,95.408
1,191.368,111.24,96.43,92.982,110.947,10.51,0.968,104.042,109.621,99.967,100.864,106.547,11.492,1.021,105.667
2,191.413,1.007,92.601,115.71,9.805,107.925,96.467,110.988,0.998,100.467,114.177,9.594,94.757,100.827,100.684
2,191.764,1.008,107.724,103.85,10.932,98.461,92.365,108.161,1.006,108.788,118.552,9.459,98.271,105.492,103.005
4,191.838,97.359,113.88,0.968,10.767,114.584,107.837,1.112,95.072,115.167,1.071,10.324,104.444,108.444,0.987
4,191.994,95.023,110.011,1.03,10.024,116.274,111.058,0.983,105.121,115.638,1.05,10.056,116.274,95.598,1.072
3,192.673,105.378,1.032,99.81,114.941,102.194,95.074,105.548,114.521,1.066,105.099,100.78,104.746,108.949,108.056
1,192.709,108.125,110.303,106.319,117.485,10.786,1.085,113.255,115.783,98.933,98.515,114.58,11.201,1.04,116.593
3,193.085,113.133,1.01,106.797,103.731,108.331,100.766,97.42,109.792,0.967,104.19,105.121,108.114,92.799,97.22
1,193.141,105.308,106.934,97.182,103.778,10.101,0.991,112.261,111.194,104.263,98.318,111.662,10.535,0.956,111.752
2,193.557,0.921,105.789,109.42,9.701,100.772,96.772,94.585,0.974,104.583,112.913,10.989,96.739,98.524,110.961
3,193.793,104.283,1.035,104.21,114.873,102.863,101.123,98.605,113.189,1.013,114.559,111.476,102.295,105.589,102.924
2,193.857,1.049,105.482,108.336,9.573,102.407,101.203,94.449,0.947,102.683,113.413,10.88,106.972,108.68,97.609
3,193.986,108.898,1.119,108.803,102.198,96.484,106.554,95.969,110.655,1.07,109.113,105.865,96.334,98.302,110.001
1,194.113,100.266,100.232,108.618,106.972,10.742,1.052,115.445,99.241,109.615,100.773,110.269,11.571,0.978,104.929
2,194.259,0.921,105.361,117.678,10.202,99.229,102.134,94.585,0.937,100.171,117.583,9.861,98.068,104.969,97.723
2,194.594,0.997,97.11,113.926,9.898,99.185,101.067,107.121,0.932,96.564,108.541,9.656,110.27,96.249,104.566
2,195.036,1.0,101.333,103.199,11.113,102.614,104.23,94.021,1.027,95.732,100.701,11.126,110.491,101.647,106.949
1,195.278,101.434,107.745,108.555,110.098,11.359,0.948,114.585,115.607,98.276,94.154,101.323,10.784,0.935,110.223
4,195.623,105.723,107.466,1.019,10.488,107.946,106.685,1.081,108.661,113.017,0.962,10.574,101.74,104.801,1.116
4,195.741,101.797,111.965,0.965,10.474,102.77,111.897,1.002,100.563,118.323,1.098,11.489,115.904,108.764,1.015
2,196.004,1.053,95.018,114.289,9.499,101.195,98.299,108.422,0.958,100.072,101.445,10.88,109.993,100.289,94.115
1,196.211,100.69,104.803,100.617,112.207,10.443,0.963,110.052,111.078,107.279,97.277,115.068,10.648,1.01,114.571
2,196.322,0.933,105.991,101.622,10.59,98.633,95.643,99.352,0.944,104.224,118.28,10.166,100.57,105.104,95.23
3,196.547,104.303,1.033,103.535,97.999,100.666,106.081,108.979,101.234,1.045,98.812,109.57,101.173,102.409,100.14
1,196.654,110.263,113.894,92.545,101.17,11.146,1.03,110.676,102.622,100.657,98.677,103.491,10.626,0.931,113.989
2,196.984,0.955,101.472,112.927,9.96,111.022,96.568,103.402,0.966,92.501,113.037,9.616,108.033,100.298,103.402
4,197.715,103.116,118.142,1.098,11.527,105.912,110.724,1.034,95.515,100.5,1.085,10.443,102.632,111.265,1.043
3,198.09,109.606,0.992,109.986,100.366,108.79,92.52,96.914,110.244,1.1,106.285,106.87,106.451,106.601,106.917
3,198.421,109.019,0.953,98.385,111.508,93.245,93.266,95.165,100.226,1.111,106.147,100.546,94.082,105.212,110.352
2,198.453,1.034,92.826,115.538,9.849,106.388,107.709,99.675,0.932,97.418,105.753,10.501,96.287,102.157,103.177
1,199.106,99.684,99.967,103.054,108.225,11.268,0.984,105.037,108.086,99.087,97.643,116.842,11.42,0.971,110.762
3,199.181,110.864,1.058,111.184,110.333,99.511,97.235,95.915,112.508,0.976,112.056,107.009,109.097,98.708,104.739
3,199.283,118.123,0.993,105.209,108.677,107.85,95.674,112.13,105.24,0.983,99.01,113.171,107.862,95.869,110.579
4,199.522,109.264,115.843,0.98,10.099,116.505,102.114,1.004,110.166,105.216,0.957,10.118,112.076,102.244,1.137
4,199.597,103.644,106.455,1.075,11.335,100.003,101.984,1.096,108.78,101.931,0.989,10.155,101.783,107.28,1.069
4,199.647,103.712,112.985,0.933,10.716,115.625,94.511,1.0,107.47,116.154,1.01,10.419,101.125,101.069,1.045
4,199.822,110.668,100.477,0.939,10.188,105.888,103.278,1.118,101.51,117.949,1.087,10.122,99.184,112.135,1.149
4,199.973,103.292,100.37,1.048,10.989,99.388,103.107,1.103,109.946,101.896,0.944,11.409,103.745,94.636,0.99
1,200.182,116.461,109.434,94.409,115.259,11.499,1.031,101.249,103.993,104.889,96.572,109.831,11.048,0.954,116.467
2,200.338,0.996,94.222,109.546,9.721,97.062,99.669,98.511,0.942,102.565,104.806,9.795,98.83,92.7,109.239
2,200.45,1.008,91.963,106.699,10.438,99.254,109.263,97.138,1.017,108.166,112.432,9.485,110.301,106.06,97.08
4,200.488,100.774,116.442,1.018,9.946,108.703,102.996,0.996,104.82,112.089,1.055,10.037,106.065,104.357,1.054
2,200.828,0.929,97.937,111.618,10.916,100.458,100.298,98.287,1.077,100.349,107.119,9.562,104.728,96.461,100.489
2,200.872,0.956,99.025,114.117,10.142,100.691,97.503,102.203,0.954,104.369,103.907,9.447,96.005,97.952,94.45
4,200.92,93.565,102.419,1.033,10.196,109.738,94.426,1.098,110.15,107.372,0.975,10.312,116.305,97.519,1.035
3,200.921,116.903,1.012,111.25,103.115,96.065,105.243,94.976,117.583,1.093,112.354,110.288,98.388,101.252,100.017
4,201.236,97.984,112.0,1.106,10.754,102.899,103.923,1.003,108.537,111.965,0.939,10.675,106.733,109.244,1.037
1,201.261,114.099,106.465,103.15,113.923,11.113,1.033,99.78,109.237,105.105,108.355,114.591,11.631,0.969,105.659
2,201.311,1.076,107.565,114.943,9.531,110.301,98.097,94.938,1.028,107.305,117.518,11.096,98.533,95.638,96.42
4,201.356,109.685,104.356,1.098,10.18,104.385,111.644,1.022,100.648,108.333,1.063,10.157,107.787,100.509,1.155
2,201.5,0.945,96.97,104.478,9.493,104.845,92.488,102.976,1.053,98.707,118.558,10.1,110.61,101.547,108.466
1,201.525,100.69,108.312,92.943,103.706,10.436,1.016,108.999,114.867,96.233,97.643,116.826,10.973,0.975,109.394
4,201.598,110.77,114.176,1.017,11.151,109.738,96.868,1.009,93.623,109.824,0.967,11.489,116.232,96.199,1.154
3,202.031,107.398,1.019,97.676,107.684,108.622,97.206,99.188,102.616,1.085,114.988,113.051,101.955,106.199,109.316
2,202.666,0.974,95.603,102.13,9.69,110.445,103.147,103.096,0.944,108.26,102.033,10.096,104.571,97.799,93.967
1,203.21,104.628,97.535,106.563,114.263,11.165,1.075,104.022,105.157,111.319,102.518,108.186,11.214,1.013,111.678
1,203.665,105.549,96.406,102.904,104.114,11.692,1.004,111.647,109.863,101.496,95.427,110.56,10.279,1.028,104.865
2,203.948,1.019,91.781,112.846,10.576,99.044,94.157,97.094,1.008,103.767,108.898,10.15,93.772,107.674,104.663
4,204.082,94.081,115.482,0.939,11.534,113.963,103.26,0.977,95.763,107.941,0.952,9.797,116.361,105.105,1.121
3,204.633,117.452,1.013,100.488,106.385,104.981,107.949,108.359,113.059,1.029,112.07,114.525,105.85,108.535,95.382
2,204.683,0.991,98.763,117.908,9.493,94.167,93.799,108.36,1.056,96.366,113.696,9.824,111.121,101.972,106.739
2,204.741,0.955,107.457,103.943,9.707,108.232,92.943,103.172,1.005,105.591,104.972,10.588,105.915,98.439,107.879
4,204.868,106.207,107.391,0.961,10.244,100.503,108.289,1.036,100.515,100.829,0.973,10.893,109.285,94.727,1.081
1,205.009,110.516,101.63,106.669,106.418,10.914,1.01,101.249,105.869,110.169,93.994,100.631,10.058,0.972,102.854
1,205.387,102.807,111.211,97.63,109.968,11.337,0.95,100.541,108.01,107.745,96.945,117.831,11.733,1.081,101.184
3,205.852,111.105,0.947,111.367,107.732,92.854,108.123,99.35,112.065,1.113,106.482,108.415,109.503,100.754,95.002
2,205.861,0.936,94.326,108.87,10.002,102.233,100.475,95.094,1.055,93.838,115.82,10.658,97.325,106.412,108.085
1,205.893,101.023,105.045,100.859,110.298,11.631,0.976,115.048,104.81,106.838,97.927,106.198,10.356,1.087,105.378
4,206.014,103.049,103.639,0.937,11.044,106.149,106.733,1.025,110.734,114.05,1.094,11.3,110.586,102.277,1.115
2,206.029,0.969,106.535,101.219,10.216,98.564,106.445,104.567,1.017,93.487,110.313,9.833,96.795,108.68,100.982
1,206.326,107.106,101.39,105.759,118.803,10.105,0.956,116.68,117.737,99.6,103.979,105.543,11.134,0.934,113.349
1,206.642,115.607,110.506,108.618,107.157,11.459,1.084,107.533,115.096,104.943,100.996,118.462,11.747,0.954,102.983
4,207.165,110.661,116.872,0.966,10.712,107.946,110.779,1.049,105.121,118.272,0.997,11.369,105.641,110.743,1.093
3,207.437,115.131,1.084,105.129,113.155,98.152,103.59,102.188,113.493,1.013,112.857,111.249,92.99,102.409,97.869
2,207.843,0.957,94.939,103.689,9.596,107.11,94.116,97.171,1.068,108.713,103.784,10.389,107.79,96.772,108.876
4,207.977,98.727,101.159,0.935,10.238,104.104,100.509,1.061,104.782,108.345,1.016,10.156,101.855,106.589,1.105
4,208.474,104.42,107.714,1.002,10.555,101.045,104.028,1.093,93.548,113.309,1.058,10.557,107.257,101.649,1.132
3,208.734,101.247,1.09,106.123,109.543,96.374,94.363,104.791,105.545,1.062,102.013,97.266,95.438,108.401,106.689
3,208.901,99.821,1.11,107.746,111.739,105.772,109.671,104.25,100.879,1.028,110.735,101.14,106.432,97.542,111.227
2,209.625,0.992,105.96,103.264,10.015,107.393,106.254,101.34,1.036,93.504,102.9,10.007,98.141,104.147,103.874
1,209.798,105.628,100.911,103.506,108.771,10.392,1.0,116.452,109.293,102.932,106.382,102.83,10.602,1.042,105.039
1,209.909,100.002,106.99,105.744,104.576,11.813,0.972,110.771,108.233,103.542,104.652,116.538,10.582,1.091,107.109
4,210.498,94.517,104.589,0.976,10.833,112.851,104.215,1.148,101.325,100.295,1.041,10.713,114.078,99.722,0.986
3,210.822,116.171,1.07,97.676,106.964,97.451,93.367,94.949,115.663,1.069,110.929,112.499,104.035,97.156,95.144
4,211.434,95.553,107.338,0.962,9.952,99.051,95.915,1.049,94.201,109.343,0.983,9.745,101.579,101.212,1.075
1,211.643,105.973,99.824,94.933,105.071,10.236,1.014,112.578,107.72,103.37,101.585,104.69,10.975,1.041,108.899
3,211.678,117.76,1.054,114.328,110.436,93.854,102.748,102.871,112.315,1.021,101.129,111.907,102.543,95.592,98.619
4,212.15,104.093,115.1,1.016,10.245,101.475,101.428,1.023,110.076,109.541,1.041,10.161,108.421,110.17,0.977
3,212.169,101.66,1.086,109.154,102.228,97.287,93.368,104.701,115.227,0.99,105.354,98.91,106.204,103.412,98.541
3,212.562,104.939,1.057,109.698,101.891,95.267,104.29,109.499,103.464,1.033,100.92,99.99,94.67,95.413,108.359
4,212.913,95.981,102.511,0.979,10.165,116.929,96.261,1.147,98.315,118.022,1.08,10.508,110.781,102.832,1.023
1,212.918,99.88,96.398,100.353,113.923,11.58,1.081,113.547,117.185,98.332,102.031,101.708,10.801,1.055,103.67
2,213.563,1.085,101.426,109.551,10.911,98.968,108.746,107.996,0.94,102.812,103.745,9.64,110.093,97.113,99.094
4,213.838,93.415,116.317,1.063,10.735,110.438,103.027,1.031,95.428,113.979,1.052,9.904,102.956,98.896,1.019
1,213.993,109.854,101.928,101.489,117.773,10.989,0.948,113.698,107.127,104.104,101.96,113.241,10.46,1.099,114.389
1,214.001,102.804,106.491,97.758,111.736,11.638,1.095,99.163,103.56,110.439,104.585,117.773,10.582,0.99,107.345
2,214.407,1.009,105.11,107.2,11.034,100.12,96.461,105.218,0.951,92.873,111.595,9.793,95.103,101.067,109.409
1,214.577,110.995,97.708,100.048,113.111,11.168,1.052,100.96,104.663,107.111,101.727,116.924,10.943,0.969,99.615
3,215.203,108.064,1.113,106.29,111.52,109.234,105.714,102.007,104.851,1.026,104.118,111.742,108.153,105.215,96.578
2,215.239,0.965,106.835,107.92,9.661,101.439,108.221,97.425,0.929,106.819,118.567,11.088,98.486,96.095,97.356
2,215.552,1.029,95.44,109.452,10.88,98.11,107.022,95.531,1.085,104.369,106.85,9.631,105.811,109.088,95.373
4,215.632,94.969,116.487,1.06,11.171,109.497,108.391,1.051,100.459,101.372,1.061,10.794,112.076,110.594,1.007
4,215.745,98.118,108.84,1.046,9.967,113.489,103.424,1.073,104.009,103.391,1.054,10.052,110.862,94.931,1.008
2,216.099,0.921,92.329,103.909,10.122,95.679,93.849,103.769,1.006,108.344,105.86,11.019,110.974,109.263,108.512
1,216.505,108.233,112.371,100.102,108.142,11.739,1.081,101.479,107.679,110.391,97.126,106.347,11.319,0.982,110.423
1,216.526,109.162,96.874,108.915,104.806,11.549,1.017,105.037,117.501,104.752,99.241,107.587,11.763,1.052,102.097
4,216.575,106.75,115.831,1.063,9.779,101.973,104.999,0.997,98.699,116.607,0.988,10.877,100.224,107.74,1.132
1,217.065,101.735,100.268,108.852,108.327,11.334,1.047,114.766,106.11,104.145,102.539,106.81,11.388,0.968,112.311
1,217.075,102.33,103.881,103.198,109.576,10.042,1.022,102.754,104.509,99.233,99.547,103.775,11.218,1.08,101.092
1,217.541,112.163,113.146,100.583,107.157,11.374,0.939,108.886,117.673,109.37,105.131,104.355,10.614,1.082,102.859
4,217.657,98.808,115.638,0.962,10.386,112.146,109.235,1.031,104.697,111.394,1.1,10.726,107.5,95.086,1.027
3,217.815,100.779,1.023,97.458,110.238,108.041,104.84,107.459,104.071,0.975,97.008,105.48,99.809,101.985,112.176
3,217.925,107.078,1.0,113.061,98.72,107.994,107.465,108.11,112.037,1.086,113.57,114.359,94.109,108.352,105.57
1,218.86,114.044,100.567,96.172,104.735,10.984,1.02,107.493,105.824,96.713,100.048,108.679,11.566,1.061,103.848
1,218.906,115.594,97.955,94.178,118.804,10.442,1.01,100.541,112.472,110.982,93.676,111.45,11.685,0.928,114.519
2,219.121,1.013,98.138,108.82,10.389,108.015,102.752,109.216,0.954,99.604,117.778,10.437,96.13,97.812,105.526
3,220.315,114.176,1.099,99.841,98.131,96.28,94.762,103.121,115.379,1.022,99.99,103.934,94.287,102.066,103.222
2,220.355,1.072,106.639,105.561,9.745,106.967,103.877,105.165,1.004,102.82,112.794,9.708,93.772,102.597,109.786
2,220.419,0.975,99.573,117.583,10.357,109.619,97.259,108.474,1.056,92.118,108.303,9.757,94.752,99.639,110.827
1,220.489,103.13,114.082,99.052,116.691,9.989,1.074,109.418,111.523,105.417,104.013,116.379,9.98,1.024,110.651
2,220.531,0.95,98.928,106.054,9.705,109.578,96.069,101.092,0.97,93.246,114.117,9.414,110.695,96.959,98.523
3,220.599,109.596,0.957,114.834,99.773,108.231,99.456,99.647,112.163,1.115,101.166,106.678,98.552,99.117,103.729
1,221.681,117.404,113.47,94.539,117.661,11.19,1.081,108.656,113.493,103.391,96.853,115.738,10.369,1.029,109.394
1,221.893,114.461,103.023,108.694,103.699,10.379,0.977,107.108,117.077,101.381,92.761,117.118,10.509,0.937,112.278
1,221.911,101.325,101.859,95.958,118.635,11.708,1.019,102.545,114.312,103.881,102.468,106.336,10.709,1.062,101.025
1,221.967,112.015,109.546,101.721,108.674,10.914,1.091,115.901,114.391,109.84,103.317,109.915,11.326,1.037,109.383
3,222.393,103.644,1.111,114.184,103.941,107.86,107.58,100.769,101.661,1.01,113.229,97.719,95.767,109.807,100.632
1,222.584,99.958,96.179,99.852,108.531,10.443,0.994,104.471,114.954,110.241,101.922,110.341,11.201,0.991,101.17
1,222.687,113.094,98.94,101.537,108.531,10.487,0.973,98.618,117.375,99.233,98.728,109.627,10.992,0.991,115.351
2,222.745,1.071,98.403,102.107,9.675,98.605,98.97,108.386,0.929,102.657,116.255,9.499,104.895,102.783,108.36
1,222.747,102.823,111.13,109.451,117.964,11.173,1.017,98.638,111.513,110.506,101.925,109.51,11.572,0.956,104.551
1,223.362,111.754,109.388,106.781,111.238,11.208,0.955,106.218,105.067,104.943,105.624,117.436,10.572,1.069,98.42
1,223.699,111.354,112.865,101.896,108.703,11.605,1.013,104.226,102.076,113.214,103.465,113.953,11.603,1.012,111.303
4,223.738,109.797,103.012,0.965,10.114,104.903,101.231,0.998,94.404,99.629,1.078,10.028,115.904,96.126,1.028
2,224.049,0.933,106.808,115.81,10.443,96.768,93.622,105.219,1.029,107.488,112.274,10.152,99.914,105.847,104.706
1,224.583,100.45,96.43,103.126,118.635,10.05,0.977,108.39,100.335,112.537,102.546,106.829,10.167,1.015,103.464
2,225.763,1.077,98.463,108.581,10.047,99.434,95.169,111.265,1.026,109.068,116.721,10.423,110.515,98.626,94.556
2,226.364,1.005,95.628,103.086,10.11,96.216,95.466,103.472,1.047,100.344,117.16,10.633,108.351,99.225,96.395
3,226.967,109.735,1.008,103.599,96.735,96.038,102.372,102.742,100.102,1.023,100.881,103.858,101.958,103.853,111.679
4,227.192,98.679,111.369,1.041,9.779,103.194,103.277,0.992,97.267,103.554,1.093,10.503,99.047,104.999,0.974
1,227.583,100.035,105.934,103.799,105.749,10.929,1.019,101.249,103.83,113.228,108.698,104.594,11.771,0.968,109.383
1,227.765,117.629,103.112,101.163,100.336,10.972,1.069,110.437,115.096,102.502,101.054,103.666,10.196,1.028,101.981
3,227.842,109.036,1.094,106.561,111.281,101.345,105.243,95.8,102.304,1.081,106.347,103.9,95.774,100.4,104.181
2,227.877,0.954,102.033,116.8,9.523,107.166,97.703,97.168,1.084,100.411,118.826,11.027,97.814,98.644,105.608
3,227.88,114.359,0.985,101.183,99.815,103.431,101.083,104.077,100.301,1.087,101.387,112.235,105.419,105.075,112.871
3,227.915,104.211,1.038,112.486,99.109,100.393,105.852,103.306,115.227,1.105,113.901,110.326,96.735,95.723,108.45
4,228.254,104.914,112.753,0.979,10.895,115.182,107.639,1.136,102.494,109.502,0.948,9.979,107.935,99.526,1.107
3,229.039,105.307,1.034,103.905,101.288,98.623,96.374,95.189,102.682,1.048,98.089,107.144,98.417,101.467,100.743
2,229.054,0.978,98.79,111.554,11.067,95.2,92.174,105.726,0.987,94.34,112.674,10.819,109.088,103.844,99.164
4,229.071,106.613,110.709,1.084,10.094,100.345,102.82,1.101,98.923,106.316,0.969,10.046,103.884,103.26,1.12
4,229.145,98.827,113.374,1.069,9.997,101.05,109.977,1.117,93.646,111.807,1.002,10.165,101.855,99.722,1.024
2,229.202,0.984,96.605,117.902,9.757,110.264,98.644,104.627,1.044,95.165,112.225,10.047,100.772,96.483,110.851
3,229.569,101.425,1.004,105.852,98.91,97.744,100.719,107.995,114.619,1.042,102.013,100.457,106.177,105.666,110.202
1,229.873,115.635,101.381,95.593,106.922,11.376,0.984,106.218,116.651,112.796,108.97,114.833,10.749,1.01,114.593
4,229.937,100.935,107.117,1.091,10.709,100.31,109.814,1.147,103.422,116.435,1.012,10.503,111.227,98.519,1.124
1,231.677,104.971,96.807,93.806,116.379,11.708,1.026,104.759,110.263,98.475,95.673,113.06,11.309,0.981,102.476
3,231.769,107.56,0.956,103.364,100.717,104.233,108.21,101.175,109.034,1.054,100.896,111.345,100.176,96.043,103.91
1,231.907,113.317,110.545,95.046,100.801,10.967,1.069,99.274,104.741,98.602,105.262,113.969,10.745,0.956,100.273
3,232.053,101.551,1.037,100.209,110.568,106.126,108.081,104.117,103.549,1.053,114.857,109.897,96.372,101.311,95.797
3,232.12,105.378,1.041,101.644,99.212,101.602,97.941,110.103,110.09,0.983,109.634,109.896,96.97,97.814,100.366
4,232.299,100.82,105.573,0.986,10.973,116.85,110.17,1.083,101.987,113.692,1.02,11.313,107.163,111.299,1.122
3,232.444,115.09,1.059,108.21,105.878,94.213,108.401,97.673,110.666,0.972,105.439,106.473,101.333,95.912,108.326
3,232.565,103.312,1.016,103.734,106.681,104.66,99.379,101.402,103.859,1.051,102.549,102.473,103.029,105.719,104.953
1,232.703,107.421,112.865,99.856,106.063,10.756,1.004,105.774,99.958,113.03,105.146,117.405,11.121,1.067,102.674
4,232.736,94.296,111.3,1.073,9.83,108.52,109.427,0.988,94.33,99.922,1.041,10.71,115.594,100.511,1.027
1,233.276,110.246,102.919,95.565,109.805,10.89,1.021,101.479,106.914,113.034,98.118,105.672,11.619,1.068,114.468
4,233.344,104.579,116.401,0.935,10.094,105.74,110.38,1.109,98.736,105.232,1.028,10.891,107.339,101.532,1.065
4,233.635,110.035,103.729,1.049,10.635,99.047,105.055,1.106,108.537,111.801,1.038,11.558,99.737,107.457,1.04
2,235.206,1.009,104.996,118.351,9.958,93.874,101.365,104.798,0.952,106.219,109.391,10.83,107.758,108.743,110.506
4,235.257,96.453,101.651,0.953,10.512,104.199,94.857,1.065,108.504,105.354,0.974,10.474,109.573,106.431,1.061
1,235.356,109.077,106.547,103.126,114.666,10.512,0.936,114.472,104.875,110.683,97.674,106.336,10.865,0.95,98.618
3,235.878,118.431,1.096,101.208,112.421,102.767,93.497,112.371,103.291,1.016,113.055,103.456,108.765,108.574,98.531
2,236.195,1.044,105.877,110.749,10.154,110.608,93.343,107.885,0.952,108.407,112.642,9.96,106.516,92.174,108.238
1,237.169,100.451,103.883,103.573,104.076,11.132,0.959,102.101,102.396,109.286,94.178,115.237,9.945,0.937,115.215
4,237.221,103.392,112.77,1.046,10.453,115.625,108.816,1.032,105.231,100.435,1.012,10.187,102.251,108.654,1.142
2,237.335,1.029,100.544,105.497,10.181,101.45,106.206,105.219,1.084,105.211,108.596,10.717,99.185,96.05,108.087
1,237.618,103.511,112.635,100.512,116.38,10.696,0.989,115.614,107.72,111.41,97.952,107.595,10.367,0.994,111.753
3,237.653,115.293,1.035,99.432,104.152,107.311,98.107,104.564,114.658,1.0,107.981,110.586,95.59,95.074,105.19
1,238.233,106.583,113.165,96.508,114.591,10.656,1.035,108.71,103.295,112.614,103.506,103.853,9.988,1.037,101.476
1,238.271,113.845,109.356,94.072,116.927,10.75,0.961,111.044,114.842,99.778,93.974,110.098,11.605,0.982,109.192
3,238.386,100.197,1.052,102.018,107.678,98.097,105.619,103.36,115.632,1.059,113.688,98.968,103.443,109.671,99.35
2,238.398,0.936,97.309,104.631,10.294,96.083,105.511,111.077,1.0,103.601,107.119,10.474,96.609,97.224,104.299
4,238.846,107.505,111.03,1.007,11.468,111.533,100.234,1.014,97.28,110.762,1.079,11.1,106.118,96.078,1.102
3,239.229,102.818,0.945,113.476,96.997,107.878,107.995,99.755,102.262,0.959,111.974,103.684,94.036,107.995,111.43
2,239.772,1.062,95.709,103.086,10.687,107.539,95.428,96.42,1.059,101.39,113.6,9.593,107.119,107.043,111.086
1,239.96,101.717,101.938,100.383,107.327,10.966,0.971,108.919,100.089,103.567,95.935,101.128,11.763,0.991,101.89
4,240.237,102.497,111.49,0.95,10.311,116.361,108.821,1.061,99.247,107.904,0.94,11.569,116.907,111.116,1.014
2,240.631,0.982,94.392,114.988,11.041,110.281,98.019,97.495,0.976,92.81,118.826,10.661,106.645,101.104,109.68
4,240.94,98.736,106.072,0.94,11.435,114.584,102.795,1.116,110.708,103.767,1.058,10.107,99.388,95.3,1.006
2,241.106,1.019,105.567,105.806,10.216,94.234,101.126,103.232,0.988,101.424,114.697,9.902,107.216,100.063,105.277
4,241.418,110.507,105.789,0.997,10.099,106.149,99.278,1.137,105.545,107.162,0.948,9.843,103.139,101.649,1.082
4,241.649,103.116,114.263,1.002,11.164,109.999,98.571,1.053,108.642,100.912,1.027,10.311,111.842,111.993,1.088
3,242.219,101.243,1.063,100.721,112.903,95.841,102.664,95.035,109.117,1.078,110.589,112.458,96.394,102.297,104.6
4,242.249,108.999,106.443,0.944,11.135,104.494,96.164,1.129,105.499,112.478,1.078,10.819,102.791,111.618,1.038
1,242.998,109.79,100.657,104.15,114.334,10.681,1.011,115.854,101.527,99.939,94.073,113.171,11.335,1.019,102.957
4,243.048,108.542,109.584,0.942,11.088,109.635,112.045,0.983,102.93,100.664,1.032,10.555,114.08,98.966,1.087
1,243.152,108.659,113.873,102.518,113.618,11.08,1.065,116.196,103.06,96.627,108.571,101.648,11.564,0.978,109.647
4,243.328,96.117,116.222,1.043,11.001,99.793,102.884,0.992,101.685,105.157,1.022,10.796,116.689,107.723,0.994
3,243.376,106.448,0.972,105.05,98.365,103.258,104.118,109.942,100.052,1.112,107.746,105.319,105.263,95.75,103.825
4,243.584,104.822,114.593,1.016,9.847,111.379,98.356,1.025,107.214,111.111,1.005,11.527,102.632,97.519,0.991
4,243.874,102.096,100.295,1.005,11.321,112.235,109.639,1.018,96.132,108.394,1.02,11.351,112.499,105.776,1.102
3,243.884,104.07,0.959,101.0,110.207,94.109,95.826,100.844,109.789,1.119,97.094,100.467,100.023,105.935,94.921
1,243.956,112.952,101.764,95.923,110.909,11.177,1.027,98.614,114.761,105.289,97.661,109.063,10.782,1.003,102.503
3,244.28,110.672,0.989,111.942,101.502,106.891,106.092,99.535,100.137,0.954,110.828,104.666,106.388,98.726,99.11
3,244.438,114.86,0.996,106.472,105.232,98.713,96.971,101.084,110.658,1.114,110.166,114.763,107.718,95.215,106.433
2,244.456,1.035,93.516,112.153,10.755,99.864,106.067,96.578,0.961,100.843,103.965,10.81,106.963,97.202,102.298
4,244.564,98.267,112.673,1.075,10.725,99.486,102.009,1.017,108.264,115.546,1.065,10.522,102.574,107.387,1.034
3,244.831,101.509,0.958,101.669,98.562,98.079,105.931,106.623,100.925,1.001,103.167,99.451,106.114,100.609,110.274
3,245.236,106.919,0.997,102.262,111.768,98.064,106.013,104.298,115.926,1.015,102.294,106.87,108.655,92.972,99.758
2,245.421,0.962,95.987,102.781,9.822,103.25,95.549,110.961,1.083,106.449,113.229,9.543,98.564,93.977,98.636
3,245.616,102.843,1.059,111.741,114.015,99.136,106.559,98.669,118.43,1.034,103.659,105.582,93.032,93.325,94.911
2,245.637,1.053,99.33,112.677,10.327,110.649,92.274,102.716,0.979,95.386,108.291,9.477,102.385,97.446,98.312
1,245.718,106.767,110.592,99.337,108.221,11.173,1.022,107.883,101.257,96.971,98.483,113.618,9.973,0.969,99.615
4,245.845,94.203,111.865,1.024,10.828,116.589,101.447,1.018,107.926,116.037,1.052,10.209,110.751,107.837,1.142
3,245.963,107.553,0.968,104.159,114.6,103.587,100.252,95.455,101.639,0.945,111.737,113.527,100.093,92.371,96.155
1,246.757,117.185,113.995,102.936,117.436,10.156,0.936,111.899,116.619,97.535,105.215,107.997,11.607,1.052,110.409
1,247.072,109.379,101.589,106.333,108.531,10.583,1.013,116.077,117.139,106.827,107.689,100.614,10.814,1.024,104.042
2,247.171,0.926,105.035,111.301,11.082,110.308,93.402,101.459,0.94,102.785,113.674,11.074,100.813,104.23,106.676
1,247.254,113.33,97.229,92.394,109.916,10.774,1.045,105.642,116.248,101.569,94.103,101.066,11.386,1.094,107.374
3,247.281,109.606,1.024,114.047,104.514,96.012,101.019,94.956,116.029,0.969,106.707,107.601,99.705,94.063,102.188
1,247.557,116.063,112.636,107.94,115.557,11.335,1.054,107.824,103.117,112.614,97.668,111.155,11.733,0.961,108.656
2,247.755,0.957,104.882,112.033,10.205,98.303,99.333,108.565,0.997,104.583,112.872,9.835,107.333,102.641,98.345
1,247.811,102.214,103.813,106.834,108.399,11.286,0.972,116.452,103.485,99.496,96.572,107.784,10.753,0.994,113.856
2,248.246,1.064,93.223,105.253,9.492,102.292,106.214,96.58,1.058,98.282,105.251,10.118,99.367,99.076,106.38
4,248.402,105.514,107.879,0.961,9.83,113.866,99.31,1.085,110.547,113.708,1.05,10.206,104.803,105.412,0.982
2,248.718,0.952,97.775,102.545,9.656,109.07,92.246,103.798,0.95,100.734,113.372,9.701,96.865,92.74,96.225
3,248.853,115.09,0.953,112.577,110.805,104.601,99.256,97.936,112.469,1.008,105.655,103.623,97.234,104.881,95.578
2,249.447,1.05,99.025,102.13,10.338,102.233,104.966,95.948,0.988,107.512,118.042,10.744,97.157,99.455,102.182
4,249.532,100.724,104.347,1.046,10.552,112.797,104.792,1.063,95.047,105.085,0.981,10.297,110.438,102.067,1.1
2,249.561,0.92,95.106,103.662,9.511,111.027,107.134,97.911,0.97,103.445,113.484,9.763,100.932,98.626,94.447
3,249.977,109.99,1.008,112.175,100.898,109.691,104.87,95.48,116.81,0.99,104.282,99.572,109.27,97.507,109.928
3,250.115,112.628,1.02,97.041,109.017,95.636,101.688,99.526,105.256,1.055,104.204,106.678,92.879,92.52,104.508
4,250.73,95.215,104.722,0.954,11.54,99.361,99.11,1.085,97.474,103.116,1.105,10.695,105.315,108.664,1.057
2,250.902,0.94,94.727,106.686,9.485,100.396,103.452,97.774,1.07,93.616,116.793,9.408,108.607,99.105,97.428
4,250.999,102.496,111.3,1.021,11.335,110.686,103.109,1.013,109.606,104.395,0.967,10.122,116.172,98.27,1.062
3,251.213,107.558,0.945,99.459,110.447,102.05,102.882,108.808,101.661,0.997,113.595,101.106,99.086,106.049,108.979
2,252.317,0.953,103.767,113.275,9.516,97.896,103.877,98.579,0.978,98.077,105.888,10.531,96.634,94.837,99.294
1,252.526,114.736,103.735,102.936,114.035,11.776,1.0,107.815,114.864,113.22,107.26,112.709,10.833,1.064,107.075
1,252.557,104.37,108.217,94.555,112.708,10.782,1.041,109.808,114.391,103.135,102.151,109.969,11.502,1.092,109.405
4,252.638,107.705,116.825,1.002,10.331,98.871,107.406,1.065,102.804,103.396,1.09,10.462,108.515,106.062,1.087
1,253.715,112.518,97.68,102.59,102.287,10.048,0.964,104.471,112.163,103.334,100.317,108.519,11.162,0.954,108.934
1,253.953,108.121,106.893,107.931,105.261,10.105,1.021,103.241,103.106,105.894,102.082,113.618,11.401,1.029,109.453
2,254.052,0.967,93.469,114.988,11.152,108.586,95.815,97.349,1.077,94.069,100.132,10.219,106.251,92.689,98.246
2,254.084,0.926,106.751,112.394,10.324,99.861,108.419,110.805,0.933,98.955,110.659,9.924,101.039,102.028,99.754
1,254.135,113.419,109.037,102.588,106.918,11.603,1.002,115.417,106.055,99.479,92.858,113.618,11.628,0.946,101.283
4,254.678,99.207,113.36,0.944,10.156,99.387,108.764,1.046,99.502,113.979,1.031,10.786,99.918,100.974,1.12
2,254.822,1.047,93.231,105.504,10.613,102.55,96.535,100.181,1.09,96.047,117.226,10.569,99.734,106.434,101.788
4,255.291,96.569,111.512,1.026,11.306,112.513,103.107,1.065,99.207,117.015,0.966,10.698,112.334,106.062,1.089
1,255.546,101.375,104.145,102.325,102.597,10.87,1.064,98.428,109.72,97.177,105.212,103.178,10.128,1.07,108.763
4,255.705,105.005,113.91,0.934,11.171,108.483,101.034,1.024,100.878,111.285,0.99,10.396,109.616,107.96,1.152
4,255.86,97.51,116.815,0.961,11.186,106.861,109.453,1.105,95.54,99.912,1.091,9.846,99.106,108.376,1.039
2,256.396,1.031,95.334,114.128,10.092,107.585,92.942,94.076,0.944,106.598,118.575,9.545,103.506,103.733,102.526
1,256.787,106.767,109.414,100.555,104.735,10.793,1.018,113.698,117.477,107.967,101.923,117.057,10.147,1.024,110.16
4,257.158,95.609,102.19,0.963,10.654,113.592,103.613,1.029,101.73,101.159,1.023,10.611,106.009,106.589,1.122
3,257.893,110.299,1.019,103.594,100.992,109.801,98.314,112.283,107.537,0.996,106.937,101.938,107.095,105.186,110.881
4,258.154,101.325,109.741,1.106,9.969,104.993,106.917,1.083,97.434,104.351,1.09,10.815,115.747,112.31,1.097
1,258.299,107.91,102.586,94.507,115.292,10.898,1.044,112.331,115.058,99.096,101.585,106.514,11.358,1.08,100.924
4,258.317,109.003,111.464,0.966,10.267,112.107,111.86,1.09,107.239,113.099,1.005,10.364,116.505,109.523,1.141
2,258.341,0.923,94.442,105.753,9.427,109.182,104.708,96.281,0.954,98.403,107.365,10.911,109.096,98.959,107.251
3,258.576,115.36,1.086,110.464,100.915,97.834,107.483,99.018,104.063,1.021,101.359,100.958,105.079,107.92,101.171
4,258.747,96.404,106.492,1.061,10.523,99.89,105.096,1.093,107.074,108.642,1.053,10.135,110.559,99.866,1.105
4,258.902,104.123,104.449,1.064,10.417,112.022,103.946,0.995,101.325,99.93,1.054,11.569,103.46,102.489,0.976
4,259.172,102.857,106.178,1.089,11.486,102.787,96.27,0.981,103.569,107.781,1.082,11.051,101.362,104.421,1.095
3,259.253,117.401,1.119,104.196,110.326,98.115,102.041,105.488,108.178,1.015,115.107,112.543,97.249,105.121,108.726
2,259.575,0.935,106.535,109.495,9.638,104.354,96.483,105.66,0.938,97.048,100.933,10.586,110.871,107.482,104.715
2,259.915,1.053,107.724,109.877,10.947,103.949,97.312,106.764,0.981,95.881,105.329,10.045,97.915,100.781,95.323
2,260.648,0.951,94.543,115.616,9.693,103.551,107.847,110.961,1.021,102.812,114.943,10.371,96.463,96.461,94.889
1,260.754,111.795,106.159,98.884,117.691,11.0,0.985,115.221,113.845,103.495,94.086,106.919,11.032,1.087,99.619
2,262.344,0.94,108.726,116.309,9.992,93.539,95.179,100.848,1.016,104.353,107.476,10.636,108.532,101.324,99.76
4,262.386,103.681,106.725,0.986,11.054,111.379,99.427,1.034,110.133,105.789,1.072,10.651,116.968,100.974,1.0
1,262.539,116.744,101.844,92.286,105.916,11.267,1.027,99.341,108.278,110.136,98.884,117.831,11.463,1.033,101.747
2,262.711,0.994,102.229,114.433,9.666,93.937,92.344,95.742,0.931,96.122,105.015,10.302,102.77,100.506,110.505
3,263.432,104.277,1.0,107.162,102.294,97.686,109.812,97.66,115.5,1.093,108.589,112.793,94.545,107.646,105.227
2,263.474,0.933,97.51,106.436,10.839,100.789,108.067,103.797,1.039,105.877,108.691,10.556,106.616,93.787,101.327
1,263.598,109.531,107.059,100.507,113.171,10.41,1.074,106.286,107.91,112.635,102.493,104.907,11.635,0.962,99.499
1,264.533,109.081,97.192,106.669,104.814,10.833,0.928,99.34,101.775,96.784,109.519,115.265,11.173,1.028,106.023
1,264.911,103.086,105.322,98.385,113.093,10.429,1.094,110.306,115.538,102.919,105.212,118.929,11.549,1.043,105.769
4,264.974,96.085,113.279,1.007,10.717,102.748,108.297,1.063,101.648,114.231,1.049,10.71,104.803,97.02,1.059
1,265.037,110.726,111.501,102.008,105.023,11.482,1.088,98.737,110.165,108.182,98.677,104.227,10.66,0.933,106.542
4,265.041,106.715,103.235,0.984,11.024,104.436,99.58,1.064,94.341,113.374,1.018,9.903,109.044,110.275,1.043
3,265.102,99.889,1.001,111.737,112.336,107.994,107.503,107.92,100.297,0.947,108.69,112.95,106.48,101.649,109.853
2,265.259,0.955,97.645,112.514,10.468,98.079,99.016,106.739,0.952,96.069,118.619,11.041,110.259,93.977,101.066
4,265.393,102.635,116.243,0.975,10.519,105.142,102.714,0.974,102.121,99.93,1.031,10.581,105.426,103.883,1.06
4,265.459,109.396,116.401,1.027,10.012,109.319,98.59,1.002,95.343,101.244,0.943,10.754,113.592,106.961,1.082
4,265.614,100.983,117.53,1.089,10.538,106.602,107.705,1.057,98.267,106.003,1.097,11.532,111.086,102.813,1.0
3,265.632,101.538,1.015,100.92,109.332,109.14,94.553,110.404,113.23,1.053,106.043,105.366,96.135,102.035,100.068
3,265.817,112.65,1.114,113.215,113.002,108.277,101.511,97.643,100.481,1.115,97.442,112.913,101.816,93.869,96.768
4,265.828,94.48,115.415,1.098,9.979,108.483,107.652,1.084,103.163,116.055,1.071,10.398,116.941,108.881,1.131
1,265.849,114.14,111.035,99.655,110.341,10.512,1.072,106.187,107.697,100.508,102.97,109.805,10.236,1.038,101.785
2,266.067,1.053,105.571,112.304,9.579,109.091,106.412,94.839,1.051,104.558,116.881,10.594,103.314,104.457,96.925
3,266.696,105.79,0.978,101.418,101.696,96.211,106.491,109.812,105.829,0.99,103.83,98.025,105.836,101.63,112.01
1,266.726,108.009,107.745,100.048,115.524,10.533,1.078,103.745,113.939,110.859,103.75,108.738,10.809,1.019,104.456
4,266.998,103.019,106.443,1.07,9.898,108.903,98.828,0.995,93.338,100.536,0.954,10.565,110.561,104.138,1.007
2,267.154,1.045,103.259,100.778,10.03,104.481,102.579,105.684,1.007,92.401,115.04,9.776,94.981,100.806,105.487
3,267.299,102.262,1.051,98.088,105.362,101.539,106.064,109.499,115.926,1.017,110.057,108.432,105.113,95.382,101.383
2,267.587,0.987,99.161,118.567,10.367,106.495,97.047,103.425,1.01,108.627,100.397,10.241,107.888,97.023,108.444
4,267.701,106.679,99.613,1.088,9.822,110.741,102.687,1.14,99.328,102.177,1.004,10.342,104.692,96.284,1.044
1,267.708,105.696,112.186,102.325,118.94,11.146,1.047,101.515,107.826,113.399,95.895,101.84,11.467,0.988,105.585
1,267.814,108.01,108.646,98.326,100.061,11.548,0.988,105.039,104.375,96.713,106.91,101.128,11.735,1.071,112.863
4,267.844,93.565,110.145,0.974,9.792,98.968,102.074,1.017,103.27,115.635,0.931,10.802,105.208,111.309,1.032
1,268.031,103.106,102.293,104.43,103.967,11.549,1.074,109.383,100.69,107.967,103.381,117.097,11.549,0.971,108.285
2,268.284,0.967,99.968,117.057,10.589,103.23,100.149,102.591,1.09,103.361,101.478,10.141,110.871,100.294,99.622
2,268.305,1.07,97.42,100.208,10.747,110.491,102.335,98.846,1.035,100.171,110.702,10.062,103.506,99.065,106.641
2,268.521,1.069,106.598,108.688,9.613,100.615,99.65,97.896,1.052,108.152,108.511,10.476,97.548,107.045,98.579
1,268.62,110.93,106.396,98.866,116.58,11.608,1.054,114.766,103.485,97.158,102.267,108.608,10.578,0.959,109.935
1,268.831,106.621,104.397,95.102,106.605,11.521,1.091,98.737,107.425,113.431,100.703,107.397,11.629,1.041,105.763
2,268.835,1.002,96.605,103.784,9.678,104.914,93.723,97.182,1.051,93.424,110.488,9.711,99.258,92.23,98.138
4,269.007,101.965,110.9,1.025,10.713,106.325,96.674,1.063,94.325,108.536,1.025,10.597,99.869,108.781,1.132
4,269.51,109.234,101.676,1.002,10.906,100.927,102.235,1.148,101.452,106.777,0.947,9.755,103.582,103.978,0.986
1,269.573,114.553,111.13,93.203,117.405,10.253,1.027,101.492,108.308,113.462,95.395,105.295,11.219,1.088,101.095
3,269.595,114.272,1.095,102.403,114.781,93.848,94.912,106.66,112.953,0.997,98.251,103.927,101.007,96.766,97.375
3,270.017,117.623,1.042,106.561,114.566,95.167,99.781,110.792,104.946,0.99,97.351,113.341,104.31,109.227,98.672
4,270.026,110.15,103.927,0.959,10.828,108.03,104.642,1.046,101.936,105.347,0.933,10.796,105.447,96.543,1.111
4,270.386,97.934,104.335,0.962,10.014,114.887,98.036,1.062,94.822,115.819,0.966,9.851,108.486,108.904,0.993
1,270.716,111.24,114.099,107.756,100.45,10.794,0.972,109.808,110.064,113.303,94.761,114.972,11.375,1.036,106.674
4,270.736,106.928,100.971,0.94,10.824,100.697,107.358,1.145,94.463,100.646,0.989,10.597,110.903,99.526,1.072
3,270.746,101.726,0.968,109.912,105.591,103.144,108.9,99.758,103.741,0.973,97.529,101.941,103.975,94.606,109.498
1,271.45,114.74,105.871,92.718,102.679,11.477,1.061,99.756,115.388,112.084,102.97,109.012,11.215,0.926,103.125
2,271.55,1.083,101.39,111.727,10.659,94.458,100.827,97.788,0.953,103.089,109.621,10.482,98.446,96.603,105.054
2,271.882,1.017,100.349,104.715,10.989,96.721,100.475,94.022,1.041,97.784,101.844,9.458,110.093,100.823,110.374
4,272.04,104.553,102.581,1.084,10.96,98.909,95.137,1.093,101.285,117.091,0.958,10.383,108.832,112.074,1.017
1,273.323,106.636,109.296,103.15,113.421,10.293,0.988,108.851,105.632,101.727,108.142,113.889,11.42,0.984,105.895
4,273.66,98.108,111.421,1.098,10.811,109.195,105.105,1.129,100.983,113.65,1.088,10.755,101.839,103.923,1.097
4,274.183,96.128,110.419,0.996,9.885,107.163,108.404,1.001,95.079,106.269,1.082,10.012,112.513,109.134,1.103
4,274.47,98.649,117.57,0.968,11.022,104.623,110.435,1.041,107.276,106.794,1.106,11.237,116.559,107.77,1.116
3,275.422,115.605,0.966,112.354,110.928,98.948,105.888,99.533,104.038,1.042,110.53,98.91,97.303,105.394,97.298
3,275.861,106.802,0.979,103.599,110.207,96.722,94.252,96.914,117.336,0.972,112.192,106.039,101.394,97.849,108.313
1,276.274,117.139,101.307,96.022,110.909,10.486,0.972,102.625,103.27,103.633,99.897,107.456,10.443,1.065,101.492
1,276.44,101.978,99.99,99.219,102.757,11.124,1.064,110.348,100.473,108.735,93.212,116.142,10.529,1.043,101.184
4,276.461,102.336,101.662,1.018,11.577,115.103,100.005,1.047,102.779,118.026,0.994,11.419,115.219,107.807,1.149
1,276.462,108.718,110.778,98.55,118.619,11.548,0.998,111.718,108.009,97.592,98.55,100.619,10.992,1.044,108.934
3,276.466,108.072,1.083,103.743,98.314,103.76,97.079,98.706,117.755,1.034,99.236,103.504,101.394,101.976,104.484
4,276.504,99.407,114.661,1.011,11.452,107.257,105.497,1.041,96.237,117.666,0.945,10.59,109.268,105.789,1.102
4,276.606,100.703,108.999,0.973,10.417,107.182,97.253,1.132,110.624,111.161,0.973,9.895,116.847,111.769,1.006
2,276.882,1.076,97.198,113.883,10.889,106.329,96.483,98.846,0.966,108.84,102.019,9.754,109.993,95.239,107.688
1,277.038,117.293,108.716,107.32,101.763,11.774,1.02,111.229,114.677,98.271,104.316,114.229,10.374,0.977,98.386
2,277.299,0.981,99.815,115.71,10.237,95.8,100.772,101.128,0.918,102.793,118.876,10.742,105.087,102.283,106.124
4,277.592,103.634,105.354,1.028,11.228,110.171,106.503,1.094,101.119,112.814,1.102,11.333,99.951,107.626,0.99
1,277.802,114.462,108.182,98.086,114.902,10.128,0.995,110.615,108.064,104.749,108.658,115.265,10.28,1.031,98.631
1,278.079,116.474,103.73,105.395,111.787,11.432,1.021,100.96,114.42,101.161,109.609,110.7,11.181,1.002,111.912
3,278.135,112.65,1.107,101.129,106.164,109.013,107.744,107.337,103.415,1.074,105.966,112.754,105.818,98.176,110.549
1,278.466,104.294,113.515,102.082,104.01,11.668,1.016,111.753,100.032,109.692,108.637,108.888,11.774,0.935,110.533
3,278.626,117.509,0.958,99.524,106.678,98.222,103.236,102.404,105.377,1.019,106.377,111.907,98.609,101.511,106.71
1,279.246,109.458,109.217,103.236,115.259,11.774,0.94,106.772,104.611,96.378,95.412,113.032,10.975,1.014,112.99
3,279.305,112.89,0.999,101.446,110.988,100.551,102.882,108.96,102.616,1.002,110.595,106.685,96.28,100.71,96.07
1,279.469,106.621,99.233,96.257,100.619,10.642,0.972,108.972,113.493,104.154,98.46,115.121,11.02,1.076,98.936
3,279.619,118.636,1.096,99.766,103.259,93.931,92.8,96.323,101.794,1.029,113.048,107.005,97.198,106.472,98.726
4,280.021,104.996,111.03,1.063,10.194,100.219,108.034,1.125,101.916,115.906,0.958,10.795,101.817,95.667,1.085
3,280.178,114.176,0.967,102.099,114.182,99.492,108.011,98.605,107.148,0.949,98.123,101.386,99.492,109.807,102.734
2,280.25,1.046,96.069,105.569,9.464,104.479,103.027,94.859,0.987,100.111,102.943,10.423,104.728,93.521,109.824
4,280.38,101.155,110.86,0.957,10.024,109.28,96.502,1.042,106.928,110.724,1.039,10.656,107.596,99.427,0.99
2,280.403,0.944,101.225,106.68,9.689,96.414,107.143,99.164,0.949,108.907,117.029,9.87,106.938,96.175,105.796
2,280.538,1.001,94.34,112.872,9.918,110.311,95.206,95.488,1.059,105.666,113.77,9.493,97.896,103.186,106.033
4,280.866,97.603,104.351,1.071,10.097,105.037,109.465,1.094,102.68,114.344,1.026,10.951,112.574,102.452,1.116
1,281.116,101.729,113.894,99.337,104.01,11.143,0.946,106.78,117.375,112.339,106.563,103.114,11.608,1.021,115.445
3,281.14,112.457,1.067,111.25,101.891,97.412,101.688,97.551,101.328,1.082,110.347,97.529,94.605,100.609,98.19
2,281.151,0.952,102.971,103.472,9.809,107.875,103.094,108.161,0.967,99.787,106.447,9.447,96.353,103.73,96.003
4,281.178,106.715,107.264,1.044,10.508,110.701,102.244,1.155,110.707,107.941,1.075,10.185,117.33,105.548,1.083
3,281.572,103.908,0.964,114.634,110.585,103.144,98.484,99.691,100.948,1.016,113.244,107.06,94.344,93.813,110.024
2,281.796,0.994,96.484,101.359,10.756,103.877,105.014,106.397,0.961,107.472,112.12,10.806,101.484,109.051,96.938
2,281.804,0.931,107.677,101.448,10.855,102.233,92.713,101.692,1.008,97.645,111.179,10.969,103.031,106.254,99.071
2,282.02,0.991,94.137,112.89,10.855,108.36,96.901,103.379,1.056,102.793,115.149,11.093,96.516,106.917,96.404
3,282.477,112.761,1.057,109.007,107.759,99.583,100.119,99.647,111.69,1.055,100.572,115.017,109.27,99.436,99.725
2,283.304,1.011,96.216,109.723,10.548,109.611,104.42,109.073,1.09,101.901,116.012,10.479,110.484,106.21,93.888
2,283.54,1.091,108.627,109.037,10.375,95.2,94.643,98.807,1.01,107.083,108.088,9.742,100.12,103.035,101.695
2,283.856,1.036,93.245,115.127,10.542,109.101,101.067,93.671,0.994,96.441,111.421,10.718,107.381,96.785,108.038
1,284.067,105.606,108.787,95.927,108.298,11.173,0.95,115.59,107.487,101.496,101.414,118.241,11.459,0.927,99.792
2,284.107,1.052,95.898,114.2,10.82,98.303,106.286,99.658,1.048,105.035,105.042,9.509,96.065,94.435,108.465
3,284.466,110.244,1.044,105.657,103.769,94.605,107.003,111.015,112.522,1.114,109.067,103.021,94.437,100.128,98.073
3,284.539,112.469,1.069,99.524,103.937,103.745,93.846,112.806,114.935,1.074,114.543,100.075,100.231,107.896,107.139
1,284.812,114.044,104.455,107.711,100.871,11.423,1.019,113.355,113.948,113.938,96.519,106.992,10.28,0.969,111.468
2,284.869,1.067,106.219,110.801,10.291,107.626,96.936,97.658,1.077,97.418,112.794,10.725,110.649,92.649,97.374
3,284.933,109.888,1.102,102.051,109.568,93.245,98.381,105.935,118.249,0.992,101.81,112.714,109.14,103.262,110.739
1,285.16,110.545,99.201,106.822,103.301,11.71,0.982,101.016,107.06,103.151,102.851,109.735,10.935,0.981,114.64
2,285.419,0.927,105.898,113.334,10.72,93.471,107.541,104.798,0.938,93.948,102.944,10.357,106.967,102.783,106.38
1,285.445,110.029,98.771,98.707,117.889,11.565,0.978,109.791,100.035,102.999,101.537,107.333,11.803,1.096,111.586
2,285.62,1.083,98.717,112.971,10.152,108.129,97.327,106.653,1.044,106.413,106.298,10.592,100.611,104.238,95.085
2,285.878,1.09,103.336,100.329,10.783,97.157,103.343,108.38,0.953,104.525,107.74,10.188,100.118,103.316,110.859
3,286.69,113.76,1.111,99.99,97.415,107.943,105.906,100.099,104.261,1.071,107.931,99.626,99.141,100.51,99.238
1,286.729,104.564,107.039,105.565,116.079,10.169,1.083,101.259,108.659,99.897,94.486,116.498,10.592,0.988,108.713
3,286.853,101.483,0.995,105.053,111.305,102.807,93.667,99.305,101.243,0.972,105.237,111.509,101.295,99.726,105.57
2,287.211,0.984,94.366,114.173,10.148,106.967,108.247,109.639,0.986,92.272,104.021,11.071,101.711,94.281,105.405
1,287.222,106.757,100.559,100.861,101.366,10.914,1.072,113.658,106.166,108.658,108.355,114.553,10.411,1.034,98.428
1,287.421,100.156,96.6,94.728,105.162,11.798,1.093,102.434,101.434,100.273,97.21,101.044,10.825,1.065,98.614
3,287.485,112.599,0.956,103.504,114.525,92.726,104.191,97.127,100.683,1.005,107.563,100.834,108.514,106.417,99.435
2,287.626,1.056,93.543,115.898,10.715,109.625,92.74,106.641,1.068,102.585,111.713,9.69,111.101,108.871,110.201
3,287.813,117.524,1.005,107.672,114.382,108.836,95.833,102.538,100.149,1.113,109.616,97.704,98.444,106.996,95.589
1,287.834,112.146,96.584,103.605,102.679,11.225,1.023,107.293,106.341,99.967,102.588,114.128,10.972,0.957,111.851
4,287.904,104.248,103.845,0.989,10.065,110.44,108.332,0.988,97.356,112.994,0.958,10.535,101.998,101.334,1.08
4,288.138,104.258,107.714,0.997,11.016,112.25,95.269,1.147,99.981,105.742,1.043,11.285,104.528,101.633,0.974
3,288.419,103.122,0.966,106.561,110.647,107.782,102.066,95.797,107.033,1.024,106.054,103.047,106.562,98.086,111.004
2,288.473,1.007,106.054,110.271,9.688,96.536,105.014,101.34,1.068,101.385,112.806,10.742,110.283,93.543,103.901
2,288.626,1.066,98.495,106.281,10.313,103.675,99.87,102.169,1.037,98.763,100.587,10.259,107.722,96.154,95.279
1,288.87,115.348,97.179,103.929,108.896,11.763,0.977,106.677,100.708,110.312,106.185,109.325,11.484,0.977,106.795
4,288.921,98.267,105.772,0.958,10.034,117.33,101.043,0.993,103.498,102.423,1.068,10.586,100.266,99.702,0.98
4,288.961,108.999,110.429,0.995,10.586,111.675,105.777,1.135,109.865,106.443,0.938,10.069,109.398,97.475,1.136
4,288.973,100.309,111.49,0.955,9.788,106.194,101.034,1.135,109.86,111.671,1.067,10.538,110.641,104.452,1.023
4,288.985,105.005,117.055,1.075,10.299,110.171,100.469,1.09,101.24,117.546,0.994,11.487,114.396,95.466,1.122
1,289.226,105.093,104.455,98.086,104.706,10.881,1.065,105.277,113.419,110.119,100.114,101.33,10.2,1.078,109.089
1,289.268,112.662,106.278,97.19,117.338,10.588,0.986,105.591,99.619,105.296,95.172,108.823,10.407,0.987,111.044
4,289.308,95.888,102.841,1.081,11.296,103.928,107.639,1.029,108.482,105.479,1.003,11.214,108.237,97.573,1.071
1,289.351,114.526,101.569,95.237,114.228,10.496,1.019,104.017,110.607,112.492,102.729,107.847,10.539,1.073,108.021
4,289.37,109.834,103.012,1.002,9.795,112.58,108.404,1.005,100.389,116.557,1.082,10.822,108.515,104.915,1.018
4,289.399,107.184,101.539,1.075,10.48,100.172,98.571,0.999,94.341,117.546,1.05,10.272,99.083,110.435,1.122
2,289.418,1.091,105.879,116.181,9.674,109.349,103.57,93.967,1.048,95.628,110.759,10.829,99.861,94.291,97.374
3,289.479,111.959,0.989,103.744,101.93,94.359,109.654,100.982,104.839,0.97,104.627,104.801,106.023,102.799,107.211
4,289.755,104.35,109.699,1.039,10.161,111.227,107.099,1.028,104.573,106.657,0.986,10.535,101.627,94.871,1.017
4,290.357,110.133,101.681,1.075,10.591,110.7,94.841,1.089,96.153,115.854,0.956,9.775,114.396,100.715,1.047
3,290.561,115.36,0.953,97.24,110.473,97.249,92.799,108.935,109.451,0.981,101.367,106.809,108.188,97.663,101.166
3,290.716,114.424,0.954,101.04,103.691,94.572,96.201,112.391,112.577,1.09,107.981,112.326,98.6,99.208,98.534
3,291.504,111.001,1.111,100.595,103.084,94.942,108.133,101.697,110.299,1.102,103.706,108.615,103.347,105.323,103.48
4,291.737,104.262,105.787,1.069,10.406,104.153,100.02,1.097,109.326,102.841,0.945,11.537,107.527,97.592,1.026
2,291.784,0.928,99.746,106.654,9.523,98.302,99.206,94.839,0.99,108.228,101.864,9.994,102.577,102.85,98.416
2,293.436,0.99,93.927,118.377,10.662,95.8,104.592,109.996,0.939,100.047,113.361,10.307,100.789,101.954,98.511
2,293.573,1.062,99.181,109.16,10.633,104.852,103.094,93.981,1.048,98.28,114.194,9.992,110.81,109.044,99.126
3,293.664,109.65,1.001,111.661,107.217,100.358,100.51,100.068,103.415,1.089,106.147,100.008,105.531,106.996,96.683
1,294.044,113.064,111.23,103.205,106.465,10.01,1.017,110.504,110.556,113.722,107.618,104.076,10.208,0.986,100.258
2,294.222,0.934,103.336,109.037,10.344,100.464,94.565,101.692,1.012,94.563,117.908,10.203,102.245,101.067,98.905
4,294.452,95.515,106.725,1.007,10.514,107.816,110.932,1.054,105.598,116.768,0.963,10.012,114.037,98.691,1.096
2,294.466,0.933,101.026,113.201,10.477,109.088,93.723,110.736,1.044,104.679,104.554,10.458,110.311,98.348,98.499
4,294.731,102.107,106.269,0.973,11.037,115.255,109.055,1.002,96.46,107.217,0.95,11.509,116.264,94.857,0.974
2,294.886,1.082,99.027,112.033,11.01,100.747,95.418,108.639,0.926,103.345,106.691,10.479,100.511,93.079,103.648
2,294.936,1.078,94.599,118.351,10.954,98.533,109.057,96.683,1.067,102.16,106.479,10.938,105.259,99.987,108.537
1,295.522,106.133,96.406,94.179,101.829,10.608,0.981,104.3,109.741,97.592,102.513,111.928,11.55,0.957,99.278
3,295.985,107.584,1.025,103.153,114.193,106.056,103.27,96.621,116.03,0.948,113.244,103.047,108.404,108.738,107.224
2,296.143,1.045,101.952,118.036,9.998,100.225,94.042,99.557,1.076,106.535,114.629,10.783,110.372,100.124,99.955
3,296.237,117.057,0.965,106.632,101.906,104.248,100.287,107.867,101.243,0.98,107.746,99.442,106.914,101.252,102.871
2,296.477,0.946,108.046,101.622,10.828,102.587,95.071,95.256,0.999,96.353,104.205,9.675,98.233,101.823,98.54
4,296.669,101.547,113.766,1.038,11.224,111.194,104.091,1.147,101.924,112.304,1.023,10.735,110.125,102.415,0.994
3,296.865,109.263,1.025,107.704,114.81,95.687,99.323,105.17,109.429,1.119,100.185,101.571,93.424,97.087,107.996
4,297.279,107.619,101.911,1.047,10.758,99.237,99.722,1.028,99.486,113.708,0.992,10.759,101.001,103.478,1.069
1,297.755,101.023,109.039,109.073,115.471,11.035,0.944,104.017,117.673,96.659,98.973,106.212,10.974,0.961,98.548
1,297.78,101.573,104.266,93.806,117.954,11.42,1.078,105.334,102.917,107.885,100.421,104.69,11.005,0.96,103.035
1,298.052,110.291,110.775,101.925,104.355,10.065,1.017,113.658,116.909,108.622,101.536,110.098,10.215,1.088,105.378
1,298.553,111.24,110.242,107.628,103.124,10.591,0.948,100.08,113.948,98.32,93.687,112.506,10.979,1.011,109.058
2,298.818,0.945,98.084,117.633,9.447,102.967,106.005,97.634,0.954,102.924,110.905,11.095,98.446,99.449,102.067
4,299.097,94.404,106.618,1.049,10.238,99.054,96.674,1.069,108.221,112.652,1.074,10.824,116.128,101.633,1.039
2,299.13,0.97,107.786,105.039,9.445,108.351,100.46,104.028,0.971,107.512,104.931,10.83,108.586,100.475,94.278
2,299.299,1.063,98.926,114.448,9.684,96.128,102.993,94.021,1.058,105.314,118.025,9.702,106.148,100.669,97.571
2,299.536,0.993,96.307,101.791,11.019,108.515,97.799,95.168,0.984,105.656,107.956,10.008,104.849,98.019,104.536
2,299.683,0.976,94.486,118.427,10.786,104.571,94.632,97.306,1.017,97.672,116.442,10.861,94.62,101.474,103.85
1,300.329,111.339,108.268,100.555,105.174,10.752,0.939,116.08,113.312,106.534,99.655,113.032,11.423,1.024,99.355
2,300.433,0.926,105.613,108.619,10.116,98.968,92.968,100.952,0.959,96.97,114.904,9.466,109.07,106.979,105.905
3,300.494,106.464,1.006,101.939,106.502,99.668,103.236,95.0,118.324,0.951,106.312,101.488,92.471,102.7,109.799
2,300.934,1.069,101.426,103.907,9.596,96.011,93.29,98.846,1.003,107.557,109.877,9.577,105.838,101.063,110.798
3,301.226,103.008,0.989,109.113,105.353,100.378,96.122,102.377,104.986,1.055,113.806,113.726,97.071,106.764,101.676
2,301.499,0.94,97.172,108.121,11.01,96.521,103.73,94.448,1.039,102.683,107.933,9.638,97.945,108.465,95.822
1,301.769,116.872,110.774,108.142,108.261,10.984,0.962,109.742,113.15,106.941,94.936,109.075,9.979,1.02,113.547
3,301.889,118.255,1.017,113.402,104.611,96.135,99.456,103.368,100.301,1.023,111.363,110.338,100.33,109.796,96.037
1,301.955,104.878,110.145,101.96,108.049,10.367,0.928,113.468,100.91,108.112,106.446,113.267,11.467,0.972,99.102
2,301.969,0.962,94.979,115.287,9.523,104.335,104.371,106.246,1.007,103.361,104.462,10.413,104.876,104.23,103.232
2,302.007,0.962,95.44,103.784,9.901,95.886,98.055,100.685,1.06,108.347,102.019,10.206,108.164,95.054,111.251
1,302.193,115.538,114.073,100.4,118.007,10.482,1.067,103.237,112.83,109.109,102.641,106.726,10.644,0.958,98.643
1,302.235,106.063,97.306,92.866,116.308,10.097,1.04,105.585,111.469,105.306,107.023,115.884,9.975,0.945,108.787
3,302.344,104.986,1.115,107.622,106.656,106.645,92.989,109.215,106.734,0.965,109.007,114.27,105.419,104.219,95.455
1,302.357,114.758,109.217,92.712,113.964,10.127,1.08,115.614,101.203,106.827,107.216,116.308,10.486,0.947,99.756
4,302.399,101.393,116.717,0.948,10.81,102.251,106.589,1.127,109.816,109.847,1.036,11.143,102.006,103.116,1.11
1,303.071,113.829,101.387,96.415,115.179,10.19,0.945,107.217,104.741,111.587,94.158,102.569,10.533,1.022,98.428
4,303.728,103.058,116.037,0.945,10.543,117.168,107.218,1.066,110.166,106.507,0.968,10.001,103.554,103.749,0.974
2,304.104,0.993,96.329,112.611,10.683,104.698,104.302,99.989,1.06,94.828,108.661,9.746,108.792,99.89,98.556
2,304.339,1.001,108.347,107.365,10.513,97.896,108.824,94.838,0.986,100.906,118.025,11.161,97.797,101.545,105.841
1,304.834,101.748,109.76,97.846,114.377,11.581,1.076,110.771,108.086,99.827,94.664,108.947,10.735,0.977,113.468
4,304.857,98.087,108.859,0.965,10.795,99.122,95.9,0.986,104.822,110.466,1.035,11.022,102.496,108.31,0.984
4,304.99,108.497,108.88,1.08,10.311,103.698,100.874,1.05,107.27,103.683,0.935,11.395,106.218,95.78,1.029
4,305.196,96.306,117.299,1.093,9.801,116.777,110.17,1.044,109.743,107.066,0.972,10.82,114.755,102.381,1.067
2,305.506,1.077,96.627,115.655,10.023,96.609,107.936,95.531,1.036,92.098,100.329,10.91,102.687,106.003,107.189
4,305.538,103.819,111.428,1.03,10.008,111.771,103.329,1.081,94.75,111.664,1.081,10.502,116.968,111.529,1.017
1,306.177,112.31,99.233,109.609,114.454,11.492,1.07,100.457,115.493,98.428,108.33,103.701,11.635,1.093,112.902
3,306.255,107.445,1.112,113.061,110.647,103.218,102.875,106.943,102.059,1.079,110.342,105.805,95.482,101.966,112.359
3,307.086,108.672,1.053,105.452,111.742,108.149,95.288,102.618,109.407,1.017,107.808,108.749,103.186,99.877,96.978
2,307.512,0.989,93.838,116.522,9.526,109.611,100.772,95.98,0.975,95.721,101.559,10.508,109.619,97.023,104.568
1,307.536,106.826,109.136,105.23,105.249,10.629,1.034,106.78,106.473,104.735,93.687,103.491,10.516,0.95,108.623
4,307.731,104.205,105.573,1.009,10.22,116.264,104.421,1.03,108.749,115.167,1.029,11.185,103.418,94.931,1.05
3,307.868,100.347,1.039,104.474,101.418,97.234,95.288,103.215,105.098,1.05,110.746,108.132,94.964,94.762,97.918
3,307.931,101.18,1.058,98.088,104.451,107.615,105.654,112.06,103.732,0.979,106.363,113.414,94.67,101.424,107.391
1,308.147,104.443,110.889,95.19,107.044,10.059,1.078,113.393,107.36,109.553,103.511,108.53,11.165,1.048,102.332
1,308.398,102.682,106.922,93.808,117.015,10.446,0.998,98.548,109.937,103.391,106.065,108.399,10.623,0.936,107.137
2,308.496,1.072,108.166,118.329,10.389,98.564,93.467,108.465,0.98,107.565,102.367,9.56,110.461,107.768,107.191
3,308.693,103.827,0.981,112.738,109.709,103.959,95.012,110.311,110.244,0.983,97.423,103.26,107.896,109.227,110.663
3,308.788,111.18,0.989,103.737,111.404,99.451,97.823,99.085,109.106,1.085,98.799,98.707,101.981,98.413,110.72
4,308.811,105.322,104.82,1.066,10.921,102.632,96.968,1.018,103.219,105.69,1.048,10.719,114.475,103.875,1.149
4,309.529,100.309,101.84,1.008,10.71,103.745,96.543,1.096,105.545,110.747,1.083,10.052,114.706,96.441,1.157
4,309.747,105.659,101.244,0.979,10.941,116.128,106.589,1.124,110.159,101.798,0.999,10.123,110.019,101.139,0.997
2,309.8,1.056,100.111,112.642,9.518,107.761,97.268,98.353,1.001,96.938,104.084,10.353,101.908,100.669,108.224
1,309.923,112.518,98.008,92.719,114.897,11.457,0.94,109.906,116.287,104.735,100.166,114.229,10.129,1.091,114.382
1,309.931,116.619,99.919,97.043,110.173,10.246,0.977,107.655,107.06,109.14,100.951,117.033,10.984,1.085,100.279
1,310.025,114.235,113.101,99.603,103.258,11.56,1.003,114.423,113.479,109.37,94.505,112.131,10.496,0.952,112.076
3,310.796,116.913,0.948,107.234,114.044,92.692,101.985,97.551,111.108,1.016,101.897,98.724,96.299,105.072,107.666
1,310.88,115.395,98.954,101.957,101.761,10.449,1.02,103.113,102.326,104.145,94.132,103.706,10.555,0.968,106.782
4,311.285,104.547,110.061,1.042,9.78,108.244,99.075,1.148,94.667,100.62,1.088,11.503,102.079,99.278,0.977
1,311.832,112.509,109.268,106.374,112.336,10.19,1.086,114.342,103.845,97.026,103.208,103.788,11.523,1.013,113.024
2,311.964,1.013,101.727,101.709,10.466,95.191,106.672,107.509,0.999,103.257,118.876,10.343,106.129,107.83,101.075
4,312.224,108.379,106.072,0.983,10.297,113.879,109.888,1.093,98.819,113.334,1.033,11.203,111.771,102.764,1.099
2,312.437,1.011,93.245,118.499,10.862,111.079,104.147,94.021,1.072,96.674,118.392,11.135,101.484,97.241,96.802
3,312.495,107.2,1.029,102.472,108.872,94.091,93.602,103.073,104.082,0.984,110.941,97.965,97.533,105.07,98.42
3,313.071,104.065,1.111,107.421,110.598,101.249,97.576,98.028,100.019,1.079,114.884,101.93,96.394,103.763,107.038
4,313.117,103.392,100.84,1.012,10.581,113.47,104.336,1.002,109.077,108.488,1.065,10.118,108.833,95.3,1.118
4,313.15,94.792,114.263,0.937,10.115,100.927,108.816,1.087,103.197,102.581,0.945,11.089,114.864,104.452,1.128
1,313.219,103.217,100.62,102.325,116.498,10.925,0.937,98.614,100.025,111.248,104.058,109.224,11.253,0.998,102.886
4,313.236,110.679,110.731,1.053,9.977,111.874,107.717,1.135,110.767,107.495,0.957,10.382,107.398,103.301,1.027
3,313.292,110.061,1.113,108.624,100.238,97.357,105.099,106.738,117.014,1.002,105.738,114.27,94.783,102.857,111.282
1,313.449,110.607,103.76,107.091,117.841,10.873,0.929,102.859,117.182,106.088,98.394,100.533,11.391,0.987,110.888
1,313.666,110.453,107.344,98.55,104.735,11.388,1.094,113.192,114.14,112.964,102.45,108.608,9.932,1.022,109.784
2,313.728,1.085,105.622,102.193,10.831,110.341,109.24,99.51,0.987,108.895,118.346,10.871,94.751,103.626,104.26
4,313.847,103.663,103.649,0.949,10.499,109.721,103.923,1.09,102.449,107.264,1.039,10.719,112.988,101.775,1.026
4,314.618,96.457,112.356,1.089,10.795,102.814,97.991,1.036,104.704,105.941,0.974,11.473,112.797,103.156,0.996
3,314.643,117.864,1.085,110.62,113.951,95.39,105.666,101.354,111.239,0.959,97.458,100.958,104.897,108.795,109.811
1,314.803,100.35,110.982,108.089,109.655,11.564,1.079,102.346,107.697,101.422,100.683,110.966,9.984,1.007,114.715
4,314.918,97.034,115.357,1.026,10.622,109.264,98.447,1.073,95.587,112.523,0.986,11.124,110.412,98.356,1.061
4,315.293,104.914,111.048,1.018,11.1,111.052,95.023,0.992,101.598,109.92,1.05,11.224,111.392,102.067,0.982
3,315.551,116.756,1.054,114.815,113.575,104.986,99.268,107.627,106.871,1.123,114.509,114.343,103.956,102.464,112.13
4,315.752,98.171,113.334,0.993,10.755,102.979,96.199,1.094,94.706,108.094,1.004,10.069,102.574,111.664,1.011
1,316.663,104.663,110.563,96.288,108.347,10.522,1.021,110.097,113.113,108.372,94.542,115.252,10.28,1.054,101.278
3,317.499,114.407,1.086,108.511,112.572,107.311,98.646,108.664,101.437,1.003,114.559,97.043,106.543,94.599,111.957
1,317.858,102.396,102.505,105.131,111.628,10.2,0.981,103.338,99.241,102.661,96.687,102.757,10.983,0.928,109.058
2,317.973,1.074,97.725,101.619,10.827,109.349,101.49,103.379,0.949,106.313,111.405,10.676,99.381,97.629,95.454
1,318.645,108.407,106.827,106.185,116.538,11.292,1.049,98.481,117.381,99.147,105.042,101.435,11.733,1.006,102.538
1,319.043,99.433,104.09,95.427,107.784,9.989,1.071,99.337,104.517,106.16,109.273,101.64,11.153,1.043,108.197
2,319.068,1.041,101.276,104.36,9.689,94.235,97.629,97.896,1.045,96.451,109.284,9.81,101.005,104.227,107.088
2,319.369,0.984,98.79,107.871,10.602,104.023,107.578,97.723,1.072,102.033,111.179,9.499,96.437,95.549,110.519
4,319.634,100.432,102.463,1.094,11.306,107.339,94.881,1.12,102.289,113.885,1.036,9.779,99.47,98.208,1.088
4,319.954,103.049,102.229,1.054,10.716,112.58,110.534,1.129,102.741,117.089,1.081,11.01,115.218,110.701,1.116
1,320.028,105.153,99.496,98.677,110.162,10.136,1.046,105.963,102.793,100.23,97.548,115.531,10.135,1.0,102.59
2,320.162,0.942,94.455,105.888,9.856,111.027,97.233,105.796,1.031,105.571,103.701,9.693,108.033,109.057,96.255
4,320.339,94.5,116.617,1.072,10.291,98.738,101.891,1.03,100.306,109.518,1.094,11.092,107.888,105.165,1.131
1,320.487,104.628,96.584,107.544,104.363,11.351,1.061,115.39,103.482,108.181,94.913,101.763,10.107,0.998,102.754
4,320.62,103.592,101.84,1.002,10.289,99.415,99.139,1.155,96.822,111.848,0.955,10.833,106.59,106.955,0.987
1,320.704,105.344,99.389,104.033,101.64,11.267,1.096,107.545,105.743,108.802,95.378,102.598,10.298,0.943,100.279
4,320.856,99.268,113.564,1.049,10.447,99.083,106.675,1.085,106.419,111.285,0.968,10.129,106.862,100.489,1.117
1,321.017,114.758,113.433,96.889,117.4,11.619,0.94,114.472,105.227,109.229,93.687,101.84,10.742,0.953,101.706
1,321.127,110.802,112.102,100.102,111.818,10.293,0.928,104.551,112.661,102.239,103.148,103.491,10.507,1.085,111.974
2,321.22,0.938,100.908,113.349,10.096,99.918,93.022,95.262,0.957,100.058,118.831,10.275,109.734,101.003,110.201
4,321.273,99.628,109.92,1.072,9.919,109.428,102.872,1.033,103.019,110.06,0.963,11.221,108.582,105.935,1.014
1,321.645,115.488,112.742,106.085,108.009,10.786,0.978,109.764,112.661,103.391,105.52,117.954,11.337,1.082,107.513
4,321.921,102.63,107.357,1.053,11.343,104.233,94.511,1.109,95.981,113.099,1.106,9.935,117.07,107.837,1.0
4,321.987,107.239,117.666,1.087,10.628,116.813,101.775,1.148,97.434,117.089,1.009,11.209,108.766,105.664,0.973
3,322.048,105.657,1.098,103.945,100.075,96.372,108.5,104.953,107.013,1.062,103.484,112.155,108.398,100.863,97.027
1,322.619,111.795,101.868,96.276,107.044,10.281,1.01,115.978,103.659,101.307,101.96,101.761,10.383,0.976,116.593
3,323.074,115.696,0.972,101.589,97.845,103.558,105.588,111.604,105.679,1.042,103.97,97.576,92.783,107.184,103.555
2,323.126,1.027,104.583,116.478,9.651,111.15,105.926,104.706,1.065,92.095,116.522,11.015,100.83,99.87,99.989
1,323.606,104.375,108.728,104.359,100.058,11.514,1.021,102.028,99.234,106.838,99.178,110.433,11.723,0.942,112.096
4,323.662,99.878,109.774,0.938,11.349,116.305,111.236,1.015,101.393,111.512,1.002,11.429,106.314,106.685,1.134
2,323.853,1.077,98.997,103.858,10.658,105.811,107.418,103.797,0.92,105.691,118.292,10.378,103.368,107.768,96.754
4,323.903,107.419,111.801,1.058,9.821,103.554,109.814,1.038,95.553,115.546,1.042,11.03,101.162,95.615,1.004
3,323.983,109.505,0.946,111.121,98.92,102.97,99.712,100.073,116.173,1.023,102.219,110.287,95.04,98.107,103.476
1,324.064,111.194,112.102,106.085,115.629,10.037,0.942,104.929,103.419,103.411,99.53,116.17,10.321,0.944,98.428
1,324.413,109.095,97.229,94.316,117.579,11.214,1.095,100.604,99.819,97.485,104.862,102.701,10.199,0.953,115.654
3,324.423,103.422,1.026,107.339,102.212,105.286,107.875,104.516,102.269,1.053,115.323,103.403,96.799,105.394,108.917
3,324.512,100.137,0.963,103.591,114.2,92.879,107.339,98.366,111.431,1.098,107.563,107.143,97.595,105.89,111.604
2,324.814,0.95,92.626,117.475,10.16,105.098,97.312,94.207,0.924,101.333,102.813,9.747,98.431,103.219,104.511
4,325.013,108.602,109.501,0.979,11.561,113.395,108.827,1.081,95.079,109.9,0.971,10.001,109.504,102.305,1.132
4,325.081,101.535,111.638,0.942,9.76,103.578,103.449,1.067,99.569,100.502,1.063,10.374,101.125,105.521,1.08
4,325.344,107.705,109.956,0.977,10.677,108.313,100.844,1.129,99.981,118.065,1.038,10.157,99.972,108.332,0.98
2,325.502,1.071,94.515,114.117,10.806,109.581,107.546,101.634,0.992,93.396,118.467,10.524,102.696,98.055,104.566
2,325.676,0.93,104.392,113.801,10.53,110.578,103.036,106.492,1.046,104.392,110.172,11.15,102.973,107.8,109.239
1,325.747,112.549,105.306,98.679,101.648,11.786,1.077,99.77,106.433,101.618,103.126,111.757,10.005,1.047,101.479
4,325.8,102.49,110.747,0.949,10.578,108.09,98.308,1.025,106.309,114.237,1.034,10.272,109.883,100.666,1.125
2,325.996,0.997,101.333,110.905,9.445,104.849,100.57,100.385,0.988,96.069,100.321,10.101,102.318,107.814,96.84
4,326.118,107.564,108.55,1.074,10.003,113.346,102.733,1.115,107.141,113.564,0.968,9.801,117.297,98.721,1.131
4,327.052,107.184,102.604,1.035,10.037,100.697,99.782,1.037,110.624,104.245,1.106,11.314,116.954,97.057,1.157
3,327.11,101.692,1.048,107.704,102.25,101.136,97.849,100.092,103.008,0.954,102.973,104.631,100.569,100.869,110.353
3,327.299,104.061,0.96,99.782,103.626,95.661,97.576,102.186,104.206,1.029,97.47,109.078,99.982,109.714,103.512
2,327.727,0.97,106.799,102.193,10.889,109.608,103.153,108.966,0.982,101.276,115.232,10.643,105.485,93.977,108.562
1,328.37,104.637,108.181,94.518,101.613,11.086,0.959,100.457,106.055,109.296,107.989,114.416,11.182,1.044,103.897
3,328.761,100.683,1.118,103.744,99.37,95.073,108.03,95.157,110.688,1.049,103.495,107.217,103.247,106.417,96.037
1,328.884,102.917,107.757,103.483,118.791,10.638,1.074,108.041,112.726,106.265,98.689,107.148,10.915,0.996,107.533
4,329.045,94.056,115.046,1.046,11.251,111.035,100.966,1.128,95.821,108.541,0.942,11.2,100.822,95.705,1.075
2,329.607,1.007,101.282,118.346,9.715,105.394,98.709,108.444,0.942,106.409,112.514,10.717,104.63,100.047,98.988
2,330.018,1.085,96.97,104.611,11.03,96.348,107.045,95.396,1.09,95.318,107.871,9.543,98.302,108.599,96.925
4,330.09,107.074,115.68,0.963,10.315,109.067,101.073,1.058,102.415,112.992,0.953,10.545,105.952,111.083,1.124
2,330.115,0.965,96.853,104.021,10.289,93.897,103.452,93.786,0.948,105.898,112.655,10.053,105.248,93.723,105.796
4,330.192,96.265,111.937,0.965,10.915,98.924,109.4,1.007,94.234,99.816,0.996,11.053,117.36,108.795,1.09
3,330.747,112.529,0.969,111.81,109.065,98.097,101.732,107.488,103.265,1.009,97.914,100.939,109.767,99.919,102.276
2,330.921,0.953,101.641,103.809,9.81,96.22,102.518,105.355,0.994,107.919,110.801,10.723,98.201,93.178,101.788
2,331.014,1.071,96.674,102.813,10.57,95.314,98.192,109.064,0.953,103.434,101.478,9.609,100.628,108.858,97.571
3,331.604,116.789,0.957,97.807,104.06,107.757,99.461,112.509,115.614,1.054,106.257,103.795,108.589,95.074,104.338
4,332.297,106.644,110.86,1.008,10.016,111.16,107.323,1.053,106.501,113.806,0.956,10.815,116.305,109.632,1.084
1,332.436,108.277,104.515,100.523,116.683,9.988,0.94,108.658,105.783,109.478,100.861,100.241,11.42,0.962,109.331
1,332.853,113.28,98.767,101.399,103.069,11.153,1.008,105.24,102.979,113.924,102.59,103.946,9.941,0.982,111.037
3,332.859,100.149,1.084,109.226,106.329,109.481,102.848,96.345,118.277,0.974,103.665,101.607,93.652,96.083,100.441
1,333.018,109.095,111.269,100.683,113.74,10.392,1.086,109.453,109.35,99.607,105.212,101.366,10.208,1.017,110.437
4,333.034,97.356,113.598,0.933,10.762,116.581,105.327,1.122,97.51,104.481,0.976,10.331,112.726,107.77,1.058
2,333.772,1.029,106.48,106.494,10.85,103.106,96.347,95.488,0.985,97.219,116.637,9.891,105.394,107.921,102.264
2,334.174,1.091,96.966,107.839,10.774,100.742,95.546,98.706,1.077,107.99,117.771,10.11,102.458,99.033,97.038
1,334.624,102.147,112.812,108.618,106.293,10.201,1.008,113.181,103.842,102.941,96.262,108.327,10.561,1.093,108.04
2,334.944,1.022,101.739,105.378,11.041,100.118,95.093,97.619,1.008,96.581,113.101,10.909,96.353,100.875,106.103
3,335.49,117.787,0.954,111.71,98.724,105.781,94.606,112.274,105.987,1.017,112.07,110.805,95.397,98.363,100.743
2,335.81,1.05,100.209,102.256,10.339,104.946,102.042,97.326,0.934,97.784,103.58,11.135,97.104,98.299,98.402
4,336.195,101.73,113.599,1.047,10.96,106.149,112.189,1.146,108.211,110.599,1.08,11.292,113.611,98.519,1.061
4,336.384,102.78,100.477,1.101,11.512,114.887,108.006,1.09,110.77,109.9,1.025,11.57,99.623,101.426,1.073
3,336.402,117.236,1.059,100.58,111.708,96.299,94.34,102.742,112.548,0.953,106.575,101.386,96.671,95.607,105.107
1,336.532,106.371,108.612,106.887,116.691,10.982,1.075,98.859,116.239,110.439,99.91,115.087,11.631,0.963,116.196
4,336.904,108.749,106.936,0.979,10.875,111.41,102.669,1.143,110.076,107.883,1.06,10.368,117.031,98.254,1.018
3,336.928,104.177,1.057,110.929,106.781,103.639,97.302,102.19,105.224,1.078,101.021,102.094,99.699,93.457,95.525
4,337.084,99.18,116.487,1.002,10.459,101.749,97.306,1.104,104.835,108.798,1.009,9.795,115.781,102.935,0.974
2,337.191,0.979,95.925,108.624,10.372,95.207,92.174,100.399,0.932,106.435,117.902,9.688,104.946,99.483,93.93
4,338.154,102.107,103.903,0.94,10.034,107.437,108.034,0.982,110.737,111.995,0.934,11.108,104.233,109.139,1.071
3,338.361,101.574,1.008,112.314,100.335,101.539,105.121,102.372,113.617,1.051,101.388,101.14,94.082,105.121,95.515
1,338.376,106.151,113.214,92.301,101.089,9.998,0.976,100.96,116.289,113.472,104.282,109.831,10.157,0.964,102.416
3,338.389,112.953,1.068,101.795,98.968,97.283,96.964,96.262,99.853,1.029,100.572,98.991,107.955,99.647,107.754
2,338.47,1.022,98.997,111.854,11.152,104.142,101.104,95.033,0.926,94.4,106.289,11.032,110.342,102.406,94.45
4,338.637,94.706,118.137,1.066,10.877,103.698,104.624,1.105,98.569,106.794,0.973,10.278,114.586,110.171,0.988
1,339.247,102.991,104.467,99.028,117.105,10.052,0.933,101.386,107.55,99.41,94.206,114.617,10.568,0.962,106.68
2,339.39,0.983,93.095,106.426,10.277,110.562,102.725,108.537,0.921,102.657,106.68,9.978,96.636,104.658,94.697
3,339.445,116.625,0.953,98.296,111.345,96.012,106.353,97.375,104.122,1.045,109.266,108.475,108.514,94.747,111.957
3,339.635,107.553,1.063,107.938,102.534,95.841,106.764,96.883,100.64,0.984,102.089,103.269,96.749,96.597,102.158
3,339.997,107.993,1.033,101.04,111.375,99.246,106.788,112.673,117.679,1.064,106.123,106.681,100.459,108.701,102.716
2,340.165,1.039,104.525,104.631,10.294,93.826,99.65,95.831,1.076,106.401,109.093,10.256,101.929,100.933,110.859
2,340.737,1.003,95.386,118.698,10.78,101.314,93.467,100.385,0.959,99.671,101.162,9.749,110.281,92.995,107.52
1,341.185,105.802,109.14,107.334,115.497,10.1,1.035,114.224,108.03,105.365,100.703,118.94,10.565,1.01,108.934
1,341.244,105.796,105.103,104.821,106.407,10.732,1.023,99.102,101.465,103.892,94.256,113.712,11.055,1.064,115.614
3,341.982,118.055,1.034,97.234,99.465,100.703,97.576,111.067,107.977,0.966,103.947,112.714,106.939,102.092,111.901
2,342.211,1.042,92.093,118.672,9.963,106.516,102.725,102.493,1.055,106.413,106.691,11.093,98.159,99.191,100.685
2,342.49,1.013,107.99,115.29,10.44,94.235,92.556,99.39,1.066,92.91,108.222,10.118,102.233,108.758,107.768
1,342.562,99.516,106.596,95.895,106.214,11.34,1.046,112.374,112.435,113.146,101.037,100.233,11.236,1.097,101.747
2,343.483,0.953,98.247,110.715,11.096,103.048,107.048,99.727,1.058,99.663,102.395,10.493,103.064,107.709,108.721
2,343.659,0.969,92.667,116.881,10.287,103.25,100.967,100.239,1.065,108.558,111.714,10.762,103.949,98.683,109.951
1,343.666,111.522,102.979,103.483,114.001,11.708,1.014,101.033,113.829,107.731,94.913,112.195,11.272,1.074,106.366
3,343.794,108.585,0.989,101.936,98.473,101.536,96.095,108.192,112.163,0.993,102.262,111.697,95.005,97.801,110.826
3,343.866,114.935,1.04,115.262,98.19,104.31,108.081,107.627,118.184,1.024,103.699,105.878,94.081,93.436,104.63
1,344.954,108.421,109.37,100.906,103.928,9.99,0.962,99.78,104.517,113.47,102.325,111.459,10.811,1.028,106.258
3,345.739,113.36,0.997,104.138,113.414,97.845,103.208,108.192,112.548,1.087,112.336,102.947,99.136,103.715,103.314
4,345.856,98.567,105.178,1.051,10.692,112.851,99.575,1.045,110.13,115.638,0.935,10.497,113.395,94.857,0.993
1,345.86,102.338,108.787,107.989,115.76,11.127,1.046,100.457,105.051,112.219,106.834,106.511,11.42,1.036,103.203
2,345.969,0.936,100.367,108.572,9.485,100.687,108.509,96.217,0.988,99.094,114.178,10.898,96.056,103.219,101.59
3,347.77,110.317,0.99,102.245,113.051,106.121,101.311,112.716,114.597,1.076,101.856,111.164,104.981,103.726,97.342
4,347.843,107.419,112.718,0.967,10.517,106.374,96.59,1.129,98.808,101.609,0.942,10.545,103.389,108.816,1.125
4,348.016,100.742,100.038,0.974,10.184,113.907,108.35,1.017,102.068,105.479,0.979,11.49,104.623,105.105,0.975
2,348.045,0.924,102.23,109.551,9.513,109.04,107.921,95.123,1.06,94.809,105.623,10.717,110.311,106.814,104.25
4,348.755,98.948,100.829,1.036,10.96,111.533,96.545,1.122,101.977,100.233,1.064,10.73,103.624,108.743,0.993
1,349.538,111.754,113.938,106.153,109.325,10.541,1.094,115.351,107.117,101.698,99.598,106.336,10.921,1.059,112.278
1,349.642,111.751,110.599,92.286,118.154,10.735,0.945,107.345,101.375,99.494,97.63,106.418,10.712,1.002,114.766
1,349.771,109.343,111.13,92.38,112.072,11.595,1.037,100.952,116.546,99.412,102.851,116.498,11.492,0.95,102.455
3,349.809,117.992,1.044,97.008,105.273,94.437,95.169,101.354,103.008,1.028,102.527,98.566,102.5,96.027,108.116
3,350.394,118.669,0.973,114.738,102.707,107.896,105.394,109.928,113.423,0.972,102.518,110.116,99.793,106.629,110.276
1,350.419,104.637,97.989,106.153,100.586,10.21,1.062,115.854,106.107,97.592,95.886,104.424,10.975,1.093,106.201
1,350.672,99.027,113.884,93.788,107.805,11.303,0.989,113.814,110.263,105.243,98.495,100.503,9.957,1.02,103.463
3,350.721,100.765,1.115,111.737,109.862,97.204,95.607,102.72,106.54,1.089,111.714,105.805,109.6,101.924,112.72
4,350.827,104.123,101.452,1.063,10.815,107.518,95.64,1.034,105.341,100.5,1.096,11.03,108.703,105.496,1.051
3,350.895,112.93,1.055,103.947,114.81,94.326,101.311,109.418,99.814,1.008,101.589,111.553,109.855,100.877,97.365
2,351.044,1.052,93.889,102.367,10.154,96.133,96.951,94.181,0.944,99.385,101.458,11.01,98.431,99.364,108.6
2,351.137,0.977,92.225,103.942,11.1,111.022,99.205,99.934,1.065,99.025,116.397,9.6,108.129,94.116,94.608
3,351.15,105.098,0.952,105.209,97.704,101.391,96.671,95.809,117.926,1.056,106.962,110.792,108.025,98.582,101.286
1,351.151,114.601,98.619,100.507,102.569,10.468,0.972,99.839,105.869,103.023,109.192,116.859,10.736,0.973,100.322
1,351.161,113.685,111.731,98.46,106.921,10.346,0.987,101.422,101.006,100.23,101.09,110.725,11.549,1.065,111.871
3,351.187,101.583,0.978,113.151,104.248,99.405,93.029,96.116,109.905,0.989,101.795,105.117,107.949,98.176,112.682
4,351.217,93.5,106.98,1.059,10.898,109.395,106.984,1.118,96.302,112.356,1.065,9.932,110.44,105.556,1.005
4,351.301,102.635,109.829,1.062,11.421,104.152,111.684,1.093,110.166,108.532,1.084,10.101,109.513,97.736,0.985
3,351.459,106.383,0.978,107.672,103.722,92.905,99.712,112.768,108.54,1.035,101.03,112.628,94.225,100.902,112.579
1,351.762,106.145,103.586,100.523,108.102,10.935,1.04,114.389,105.584,105.2,106.938,109.97,10.714,0.929,102.748
1,351.823,107.999,99.353,98.999,112.561,9.949,0.984,103.001,112.44,113.395,103.059,114.902,11.651,0.964,111.871
1,352.28,106.309,107.057,109.475,109.054,10.215,1.055,103.876,109.733,106.922,92.278,114.173,11.388,0.958,106.187
4,352.324,101.936,108.541,1.055,10.455,104.903,96.09,1.107,109.252,113.233,1.065,10.095,114.761,96.261,1.103
2,353.232,0.966,100.057,100.413,11.014,101.329,98.484,95.323,1.008,100.236,100.132,10.5,100.4,108.858,98.523
2,353.58,0.934,97.965,102.531,10.124,98.89,108.356,110.506,1.023,100.344,113.883,10.089,93.786,96.069,103.856
1,353.735,116.893,103.194,100.512,118.808,11.763,0.99,101.492,110.16,106.12,100.351,106.859,11.286,0.986,102.519
4,354.898,100.389,107.673,0.969,10.353,112.797,109.939,1.139,101.393,115.046,1.073,9.999,108.642,94.841,1.051
4,355.084,107.141,101.662,0.985,11.215,108.03,95.063,1.05,107.419,102.648,1.02,11.541,100.821,97.332,1.071
2,355.089,1.02,93.927,103.701,10.524,102.359,101.709,94.322,0.922,108.798,102.323,9.69,93.937,103.109,97.216
2,355.089,1.01,99.385,117.359,9.715,104.946,98.299,101.06,0.929,103.924,102.067,11.136,103.67,94.827,101.697
2,355.704,0.998,99.208,109.172,10.8,96.881,103.153,101.128,0.947,105.567,116.446,10.544,94.994,107.301,94.291
2,355.707,0.945,94.477,107.901,10.916,98.605,108.302,94.666,1.008,98.763,113.5,9.795,109.182,107.936,97.735
3,355.748,103.199,0.947,99.656,104.403,95.143,98.646,97.879,105.631,1.042,110.746,114.829,103.76,108.535,95.71
4,355.774,100.206,108.69,1.042,10.675,101.783,99.139,1.028,103.634,109.462,1.075,9.902,109.604,105.147,0.975
4,355.887,95.072,113.243,1.025,11.227,100.345,111.354,1.139,106.076,115.167,1.002,10.806,108.372,100.933,1.109
4,356.122,110.708,116.055,0.972,11.419,108.03,96.543,1.025,107.899,102.96,1.083,10.012,111.227,101.069,0.999
3,356.167,118.28,0.972,113.901,113.168,95.746,95.723,108.842,102.214,1.016,112.022,103.449,106.287,99.196,102.723
1,356.346,112.57,102.296,95.935,117.691,11.411,0.926,111.678,114.311,107.344,101.193,105.418,11.158,1.007,114.33
3,356.388,117.261,1.07,114.2,109.463,97.905,101.826,107.995,104.906,1.017,109.804,109.709,101.921,106.199,103.961
4,356.745,98.896,103.156,0.968,11.024,115.219,105.835,1.024,96.823,108.532,0.965,9.938,111.194,97.833,1.039
3,356.828,112.011,0.99,102.415,105.865,96.765,95.723,95.053,100.671,1.094,107.931,102.228,96.636,97.262,106.943
2,357.144,0.99,97.509,117.771,10.431,107.865,96.78,101.459,0.927,101.326,101.24,9.829,103.339,95.29,97.865
3,357.233,114.176,1.12,114.936,108.967,109.868,108.063,96.768,115.217,0.97,99.15,112.946,95.482,96.971,110.616
4,357.578,99.105,112.635,0.978,10.032,111.227,98.05,1.028,97.934,115.759,0.966,10.286,99.546,109.453,0.988
4,357.764,96.806,110.419,1.038,11.439,105.291,106.456,1.061,109.0,116.487,0.986,9.884,111.99,99.694,1.154
4,358.459,103.592,109.92,1.102,9.991,105.402,107.17,1.104,98.679,108.509,1.085,11.227,111.227,101.411,1.071
4,358.654,104.129,111.369,0.946,10.001,114.721,96.843,1.071,110.535,108.488,0.933,11.576,99.546,104.838,1.019
4,358.682,102.68,116.153,1.07,10.802,110.751,106.661,1.137,107.972,116.726,1.054,9.768,110.596,97.937,1.034
4,359.119,108.531,116.316,1.096,10.783,112.276,111.203,0.995,94.5,117.972,1.081,9.885,101.195,106.675,1.042
4,359.478,99.806,110.714,1.088,10.512,103.46,103.156,0.976,98.978,111.161,0.934,10.024,105.641,109.54,1.063
3,359.727,114.86,1.01,100.987,102.094,93.805,106.075,110.507,113.395,1.04,102.573,100.342,108.248,92.442,110.024
1,359.765,103.83,114.122,104.794,117.252,10.772,1.095,108.934,111.152,103.112,92.55,104.92,10.758,0.946,98.936
2,359.829,1.032,95.169,102.236,10.951,105.394,97.405,99.608,1.052,95.484,109.172,10.466,93.867,92.347,106.036
1,360.023,113.27,99.632,94.714,112.714,10.706,1.041,109.647,102.9,96.584,94.518,106.513,10.551,0.933,106.5
1,360.045,113.491,108.622,98.774,114.263,11.401,1.037,105.535,102.84,106.353,102.164,101.17,11.002,1.053,102.332
4,360.479,104.711,108.222,0.974,10.455,115.946,103.992,1.06,93.269,103.927,1.034,10.713,105.898,109.4,1.122
3,360.798,112.759,1.033,100.888,97.938,100.965,96.687,102.415,110.016,1.105,100.132,103.269,106.506,100.609,97.936
1,360.802,109.077,98.276,101.992,114.035,10.071,1.063,106.782,99.367,99.1,95.014,109.34,11.218,1.055,98.701
4,361.216,95.605,102.396,1.029,11.071,100.31,102.997,1.101,104.881,107.904,0.95,11.138,116.589,96.843,1.004
2,361.584,0.944,99.24,113.275,11.014,94.961,98.451,110.827,0.984,93.095,114.315,9.624,95.415,97.703,103.177
3,361.952,99.984,0.957,112.2,102.931,107.568,107.273,112.504,103.778,0.98,102.573,114.843,92.831,107.932,107.451
2,362.021,1.044,92.132,102.019,9.447,102.212,104.554,98.405,1.008,99.662,112.794,9.638,93.864,102.108,95.402
3,362.239,103.908,1.022,98.728,110.322,99.676,102.866,99.985,111.592,1.084,104.19,100.573,109.234,93.667,100.258
3,362.885,109.826,1.115,108.406,101.979,106.451,106.092,99.512,110.199,0.97,105.367,107.773,109.2,105.838,101.676
4,363.231,101.598,112.542,1.003,10.455,114.808,103.116,0.984,97.5,109.44,1.01,10.333,109.194,97.881,1.075
1,363.312,101.203,106.922,104.821,107.238,11.638,1.061,100.654,106.823,100.324,99.955,105.207,10.714,0.997,115.303
2,363.369,0.921,108.669,105.872,10.938,102.075,93.079,100.804,0.966,108.296,103.943,10.92,110.27,103.343,100.283
4,363.537,96.806,101.857,0.974,10.944,98.924,110.935,1.093,104.687,102.511,0.934,11.037,101.05,107.705,1.089
3,363.834,110.226,1.033,102.803,110.568,102.295,106.434,105.699,113.364,0.981,112.354,103.769,106.204,92.68,110.137
1,363.843,105.188,102.161,103.433,116.538,10.688,1.061,100.856,106.063,109.66,104.033,112.947,10.819,0.944,106.389
1,364.102,117.737,106.254,95.565,103.928,9.949,0.944,106.68,112.291,99.1,105.24,105.729,10.412,0.991,105.218
3,364.422,112.087,0.988,97.234,105.202,93.805,96.286,107.038,115.09,0.997,113.863,99.856,94.1,94.672,112.288
4,364.679,109.437,111.672,1.028,11.135,102.024,97.999,1.102,110.707,107.875,1.071,10.717,107.912,110.167,0.976
1,364.946,115.996,114.122,101.306,118.929,10.814,1.034,108.457,106.733,112.635,101.762,114.702,11.566,0.971,104.038
3,365.088,112.212,1.056,114.988,112.393,101.75,105.245,103.961,105.965,1.006,112.616,112.572,97.645,98.461,107.256
4,365.26,101.356,116.19,1.039,11.067,110.641,102.644,0.987,106.419,102.306,0.955,9.969,112.574,95.598,1.0
1,365.368,116.063,108.012,103.75,108.947,11.603,0.944,110.676,105.16,103.586,98.842,105.418,11.668,0.975,115.846
2,365.377,0.927,99.025,113.805,10.605,99.229,94.98,99.026,0.982,97.509,109.551,10.627,94.693,104.381,98.406
4,365.454,109.946,111.394,0.956,9.87,116.646,109.4,0.977,102.372,103.639,0.972,11.051,105.518,98.254,1.042
4,365.805,97.644,105.366,0.987,9.798,104.944,111.295,1.136,102.289,106.639,0.956,10.555,113.859,99.782,1.002
3,365.898,111.959,0.993,103.743,99.415,105.277,97.384,99.435,101.197,0.995,97.807,109.431,94.973,97.174,100.334
1,365.939,103.876,98.276,95.473,104.991,10.073,0.975,106.326,101.393,97.472,104.147,116.035,11.125,0.972,110.697
1,366.195,101.736,108.661,101.306,116.863,10.279,0.944,109.486,103.117,104.956,101.414,101.153,10.575,1.011,111.254
3,366.286,115.132,1.034,97.576,112.065,106.83,109.425,105.302,116.743,1.061,109.949,97.529,109.752,92.371,111.015
2,366.739,0.995,101.426,111.713,10.688,99.372,94.298,110.988,1.035,98.175,111.383,9.705,110.618,96.14,99.361
2,366.822,1.084,108.14,114.173,9.484,95.331,100.727,110.207,1.052,102.494,105.941,10.548,103.378,105.926,98.299
3,366.953,116.903,1.022,106.475,109.351,104.435,107.238,98.044,101.099,1.009,101.229,98.991,95.606,107.949,99.59
2,367.471,1.064,104.253,101.325,10.296,94.315,105.857,98.477,1.056,105.339,117.057,10.915,104.831,104.026,106.371
3,368.353,100.628,0.973,113.048,103.448,95.606,95.331,98.421,105.577,1.05,103.146,103.769,96.529,98.259,97.04
1,368.356,102.829,96.26,108.977,110.214,10.11,0.963,112.903,116.913,112.197,108.33,108.724,11.572,1.018,108.641
2,368.564,1.037,94.226,106.974,9.898,107.119,106.601,99.188,1.008,101.712,104.498,9.516,93.471,99.321,104.462
3,368.943,112.772,1.114,112.314,100.898,99.086,98.237,103.073,117.722,1.078,106.025,106.51,107.016,105.562,108.574
1,369.021,112.518,103.593,98.326,113.421,10.778,1.086,114.519,111.96,110.516,94.421,110.147,11.364,1.097,99.455
3,369.16,109.408,1.014,103.89,109.533,96.735,104.352,105.124,106.497,0.967,109.367,97.544,108.153,108.21,96.537
4,369.271,98.108,101.681,1.063,10.299,108.012,98.487,1.156,99.637,100.646,1.097,10.996,107.767,108.962,1.089
1,369.501,113.393,102.266,95.593,100.178,10.602,0.988,106.072,103.221,106.12,102.468,100.179,10.833,1.016,111.586
3,369.514,114.846,1.042,114.87,101.544,105.419,104.605,103.791,110.953,1.118,109.067,104.451,109.169,93.869,105.93
3,369.604,101.197,1.069,114.698,105.635,100.561,103.675,103.561,112.953,0.995,115.115,104.655,94.225,104.785,107.554
1,369.875,114.602,107.04,103.491,104.154,10.498,1.02,108.836,109.379,110.811,97.63,113.68,11.738,1.087,112.891
3,370.455,99.853,0.992,101.639,106.416,102.584,106.676,112.172,112.637,1.0,104.712,98.815,101.658,98.937,100.456
2,370.463,1.061,108.296,107.412,10.388,96.768,97.22,96.404,0.964,108.05,118.098,10.247,109.554,100.3,110.469
2,370.61,1.091,97.672,109.453,10.067,98.425,100.875,104.623,0.997,99.662,117.216,9.427,104.02,95.078,94.681
1,370.967,113.905,113.024,95.412,104.44,10.443,0.944,113.19,116.893,109.388,99.256,118.635,11.309,0.986,107.12
4,371.007,93.698,107.143,1.106,10.895,109.762,99.782,1.027,96.085,107.883,0.985,10.373,116.138,94.705,1.069
3,371.234,102.019,0.984,101.639,100.573,104.583,101.93,95.525,103.122,1.08,111.64,98.801,102.137,95.464,106.069
3,371.381,100.925,1.059,102.508,98.724,99.809,102.553,105.488,104.122,1.084,102.803,113.341,101.454,93.513,101.676
1,371.911,99.734,105.103,98.973,105.058,10.477,1.088,104.754,115.193,102.97,95.186,108.225,11.351,0.952,107.194
3,372.029,101.668,1.007,100.217,104.007,100.422,94.747,97.375,103.414,1.105,97.094,98.066,106.415,105.51,100.829
2,372.254,0.978,94.599,110.222,10.845,107.037,99.65,101.697,0.991,108.558,107.701,9.708,108.854,108.419,98.78
4,372.57,106.715,106.147,1.087,9.828,116.646,96.197,1.077,107.134,101.931,0.963,10.899,114.037,100.344,1.055
3,372.631,109.174,1.035,103.189,97.59,95.462,95.452,101.703,112.212,0.976,105.099,97.965,93.224,100.745,101.247
4,372.74,110.646,101.063,0.966,10.233,109.428,107.77,1.136,105.58,103.706,0.989,11.526,108.45,102.381,1.075
3,373.026,102.325,1.046,102.472,111.566,93.752,102.484,107.237,100.67,0.993,108.611,101.941,106.485,104.878,111.469
2,373.392,0.966,97.994,101.844,9.631,103.693,102.575,106.595,0.94,96.026,112.847,10.386,97.937,96.823,106.767
2,373.505,1.029,105.288,114.448,10.313,95.956,95.973,108.839,0.952,108.235,108.302,10.044,99.615,93.178,97.015
2,373.843,1.067,101.983,103.472,10.904,103.173,92.654,105.841,0.973,96.353,103.701,10.524,109.948,105.07,98.406
4,373.939,103.905,117.961,1.074,10.392,109.195,110.041,1.036,102.324,102.173,1.096,10.69,111.236,108.444,1.112
2,374.077,0.929,97.383,109.093,9.684,98.03,108.247,111.347,1.052,102.82,112.611,10.747,95.685,98.644,101.285
2,374.642,0.942,96.581,104.498,11.034,96.536,104.709,104.627,1.067,108.57,111.941,9.829,110.341,92.886,105.726
2,374.739,0.972,98.926,104.021,10.754,110.516,102.283,93.928,1.087,100.573,109.058,10.466,95.331,108.709,99.294
4,374.966,97.987,103.706,0.992,10.796,115.702,101.034,1.138,102.121,104.275,0.953,9.851,116.581,106.622,1.034
1,375.41,99.684,114.326,93.886,105.071,11.202,1.004,101.479,115.056,106.976,100.102,117.252,11.805,1.094,115.654
2,375.429,1.026,103.257,113.5,9.805,98.207,101.437,99.807,1.011,95.01,105.38,9.949,98.424,99.455,107.53
4,375.78,94.931,110.89,1.075,10.002,107.277,107.232,1.131,105.92,118.078,1.094,9.919,109.165,103.978,1.001
1,376.089,103.56,102.661,106.744,115.439,10.436,0.993,107.345,111.118,111.587,92.503,105.25,10.992,0.999,108.84
4,376.267,107.239,110.433,1.064,9.762,104.833,108.698,1.002,108.477,104.077,1.073,10.604,112.022,97.831,1.023
4,376.429,100.95,103.295,0.971,10.626,111.984,105.935,1.04,105.865,115.546,1.052,11.438,105.772,97.629,1.086
4,377.145,95.587,118.163,0.931,9.87,111.874,111.883,1.026,102.93,114.978,1.053,10.608,117.103,100.679,1.07
3,377.332,110.385,1.118,104.055,101.473,101.751,109.462,97.22,118.491,1.005,115.36,98.072,108.765,93.514,95.181
2,377.613,0.968,106.401,112.12,9.661,103.948,103.342,98.208,0.922,106.808,105.209,10.257,99.914,95.711,107.944
3,377.673,112.962,1.015,109.252,111.742,103.15,99.649,95.849,118.054,1.01,102.518,103.927,99.569,100.568,109.986
3,378.042,113.059,1.086,101.897,114.398,98.554,101.016,112.602,104.597,1.007,103.835,104.389,104.309,104.191,109.663
3,378.147,106.657,1.086,109.701,103.543,102.756,107.021,112.391,105.466,1.12,111.942,105.245,98.542,103.299,98.073
1,378.166,113.975,105.322,96.178,113.74,11.689,1.094,112.903,103.111,114.073,106.153,115.961,10.464,1.055,109.394
4,378.694,103.399,113.885,1.063,11.234,108.961,102.476,1.037,108.222,111.937,1.032,11.015,109.114,104.612,1.101
1,379.736,110.687,112.812,99.178,104.179,11.584,0.956,114.495,103.993,107.721,97.758,114.035,10.645,1.002,106.353
2,379.749,0.98,94.222,102.579,10.789,106.745,107.134,104.299,0.945,104.596,111.866,10.044,99.822,95.179,108.247
4,379.912,106.448,104.449,1.048,11.031,111.013,94.785,1.105,101.535,113.275,1.019,11.214,102.092,96.542,1.071
4,380.556,107.26,113.095,1.022,10.056,109.395,98.306,1.095,105.202,115.831,1.05,11.321,101.322,101.571,1.127
4,381.446,94.987,102.396,1.081,10.705,115.362,99.417,1.015,104.123,109.522,1.019,9.921,103.554,101.477,1.138
2,381.651,0.936,108.228,100.85,10.23,93.697,97.881,106.38,1.06,100.914,112.058,10.533,104.999,99.065,98.87
4,381.735,105.547,115.086,1.027,10.056,114.269,94.847,1.016,105.547,109.92,1.073,11.364,98.827,98.69,1.052
3,382.268,109.729,0.987,114.462,96.813,107.859,94.117,112.288,118.377,1.1,97.732,111.415,101.893,106.549,102.458
1,382.919,114.526,105.46,99.992,110.433,11.505,1.071,110.423,110.636,98.461,107.701,118.147,11.034,0.957,103.897
2,383.008,0.995,104.747,106.181,10.812,95.164,97.481,104.663,1.064,93.321,108.761,10.046,109.299,100.669,104.627
1,383.019,99.733,112.107,102.267,111.313,11.493,1.027,116.151,99.828,111.362,107.803,106.418,11.745,1.078,102.449
2,383.264,1.035,94.271,116.681,10.331,103.448,99.127,97.771,0.941,92.822,102.009,11.06,98.89,107.1,109.405
3,383.456,112.919,0.963,100.953,101.699,105.209,92.367,111.821,112.522,1.008,106.347,103.789,103.743,106.605,101.149
2,383.705,1.015,106.112,100.25,9.749,94.62,94.116,104.76,0.971,94.257,100.686,10.318,106.584,92.7,102.264
4,383.998,96.363,107.117,0.953,11.081,103.108,105.521,1.075,105.504,112.994,0.95,9.863,116.648,103.515,1.087
2,384.089,1.014,107.709,105.116,10.083,106.775,107.635,96.898,1.05,106.819,110.138,9.757,103.877,101.203,111.057
2,384.375,0.945,92.378,105.645,10.007,109.2,97.819,109.499,1.052,95.045,102.526,10.334,110.259,93.613,104.076
3,384.404,117.662,1.025,100.883,100.468,106.506,104.843,104.748,101.409,1.056,103.099,111.742,93.108,94.747,108.139
3,384.492,111.012,0.967,106.728,97.192,109.128,99.859,95.04,106.648,1.058,114.935,99.711,100.703,109.316,108.313
3,384.503,115.516,1.114,113.145,99.711,103.935,105.212,99.966,113.368,1.053,104.857,111.041,109.631,95.989,100.092
4,384.505,105.865,116.243,0.976,9.898,102.492,112.28,1.103,95.597,103.342,1.075,9.822,113.235,110.379,1.008
2,385.287,0.979,93.087,118.793,11.009,109.2,104.554,110.492,1.03,92.337,101.359,10.217,98.094,92.611,102.36
1,385.294,112.549,103.438,99.801,102.578,10.7,1.033,114.452,103.694,108.661,102.762,105.058,10.778,1.088,110.094
3,385.316,102.911,1.012,100.365,109.401,108.514,94.672,98.408,109.76,1.023,113.723,100.457,106.914,99.456,109.023
2,385.597,1.015,106.423,111.554,10.167,93.874,106.254,101.92,1.039,109.007,100.397,11.169,94.757,98.055,94.533
3,385.849,112.628,1.057,98.668,104.781,98.554,96.848,110.484,112.548,1.117,100.443,98.183,101.406,97.814,95.525
3,385.894,117.926,1.086,111.765,98.961,109.702,106.559,99.574,111.533,1.045,113.57,108.431,98.543,102.041,102.855
3,386.082,114.837,0.958,105.439,103.246,98.182,93.635,110.739,117.0,1.088,98.277,97.999,105.781,100.877,99.755
1,386.283,103.845,103.831,94.56,101.489,9.975,1.017,104.042,104.971,109.354,94.511,110.402,10.522,0.979,115.417
2,387.028,1.037,108.539,115.106,10.378,101.395,91.995,111.096,0.997,102.577,102.781,10.094,105.294,104.099,97.438
2,387.497,1.049,102.329,109.686,9.459,110.441,92.122,97.349,0.93,97.645,116.758,10.389,96.134,95.008,109.664
3,387.56,116.47,1.084,114.176,112.331,106.121,107.54,106.081,112.117,0.953,105.061,100.98,94.467,101.602,106.845
1,388.078,108.718,100.811,98.327,117.702,10.487,1.063,105.696,99.433,101.599,96.482,115.292,10.895,1.028,98.624
2,388.113,0.996,107.457,114.957,9.672,99.052,105.014,95.566,0.959,100.344,112.846,11.136,111.022,93.467,101.59
4,388.119,103.884,108.721,1.037,10.502,108.53,101.109,1.023,97.712,101.851,0.941,11.171,106.713,101.098,1.109
1,389.073,107.747,101.492,93.695,112.621,11.365,0.938,107.883,102.818,98.271,108.671,117.828,10.794,1.0,116.069
1,389.102,115.369,103.586,102.492,117.4,11.078,1.09,112.096,115.322,101.68,104.293,111.656,11.146,1.084,106.286
3,389.572,109.807,1.032,110.32,109.992,109.736,102.509,99.535,101.735,1.042,106.043,101.938,103.184,97.801,98.115
3,389.613,116.349,1.098,99.668,111.64,96.389,95.288,101.932,108.227,1.121,105.655,110.295,104.986,107.92,103.582
2,389.666,1.029,93.81,105.848,10.339,101.486,108.419,93.673,1.079,100.774,103.943,10.609,105.379,93.124,106.715
1,389.846,116.951,97.085,107.219,117.038,11.43,0.999,108.388,112.57,96.756,95.927,114.959,11.58,0.944,98.869
4,390.272,106.397,117.648,1.019,10.156,102.899,98.842,1.112,108.474,115.482,1.033,10.035,114.044,106.533,1.075
2,390.37,1.0,97.784,118.025,10.74,96.739,96.461,98.636,0.972,92.158,110.907,10.508,96.391,102.012,104.798
3,390.392,103.122,0.976,100.185,112.108,102.5,93.318,94.949,103.422,1.056,110.099,98.278,94.981,94.102,107.337
4,390.539,94.667,108.319,1.033,11.103,114.721,99.795,1.105,110.508,115.49,0.933,10.444,99.142,95.309,1.024
3,391.206,114.741,1.0,110.464,110.436,104.583,94.541,100.366,108.239,1.059,114.624,100.27,109.452,99.664,103.709
1,391.261,107.305,109.091,100.997,109.325,10.446,1.095,112.782,113.208,106.835,96.037,113.469,10.279,0.937,103.745
4,391.522,99.268,113.007,1.106,9.984,115.625,95.251,1.143,110.134,115.465,1.063,10.254,102.877,111.193,0.981
1,391.673,110.487,96.659,102.546,110.725,11.507,0.938,103.628,110.769,108.028,101.6,102.807,10.509,1.033,116.467
4,391.885,105.723,102.463,0.962,10.094,110.171,111.246,0.988,105.723,107.883,0.933,10.29,106.769,108.904,1.046
2,392.055,1.049,93.543,104.01,11.055,107.927,96.09,107.885,1.088,101.268,112.933,10.092,106.291,107.143,96.67
2,392.365,1.051,102.288,100.551,10.514,98.389,104.678,105.436,0.929,92.224,111.32,9.902,111.15,97.268,106.042
2,392.395,1.041,99.851,101.709,11.019,95.063,99.449,93.673,1.062,97.11,118.778,11.019,106.342,97.504,95.831
4,392.501,99.696,116.401,1.021,11.55,103.346,107.232,1.055,105.598,113.233,0.977,10.285,105.259,99.727,1.106
4,392.679,98.78,106.042,0.963,10.001,101.441,109.937,1.063,109.606,105.366,1.096,11.151,102.323,111.393,0.981
1,392.701,102.864,102.819,97.949,108.609,10.666,1.015,101.095,116.619,113.024,104.316,103.582,11.551,1.007,109.815
1,392.736,110.16,98.711,101.854,106.347,10.497,1.075,106.5,107.697,97.085,92.637,113.74,10.135,0.938,106.674
1,392.765,103.399,99.484,98.106,105.665,10.58,0.932,112.36,107.51,99.645,99.6,105.074,10.698,1.008,105.34
1,392.812,104.722,106.265,103.573,116.999,11.266,0.944,114.571,100.488,102.603,105.744,104.217,10.482,1.01,107.345
1,393.191,100.671,111.882,92.211,106.95,9.966,1.047,102.476,105.951,113.399,98.729,105.844,10.982,0.96,100.511
1,393.366,105.112,98.611,97.189,104.924,11.218,1.074,113.349,114.761,103.532,100.507,113.923,10.512,1.038,102.332
3,393.874,99.853,1.072,108.74,103.084,96.139,100.846,110.62,111.747,0.989,101.44,101.607,103.15,100.164,105.382
2,393.967,0.965,94.959,106.607,10.367,108.414,101.709,103.85,1.064,98.565,107.7,10.605,105.985,101.474,107.751
1,394.223,111.293,112.32,102.762,101.442,10.896,0.952,112.941,110.167,97.79,105.439,103.775,10.041,1.0,114.468
2,394.23,0.919,91.963,116.493,10.488,110.858,108.853,96.974,0.972,102.398,115.92,10.717,100.118,104.678,96.255
2,394.345,0.997,99.392,100.413,9.872,97.437,105.109,95.279,1.067,102.23,118.507,9.509,93.469,101.972,107.996
2,394.746,1.056,109.143,104.456,9.702,108.917,100.57,101.459,1.021,92.334,115.064,10.015,110.026,96.535,96.683
2,394.814,0.952,92.715,105.941,11.015,93.6,106.54,97.682,0.991,104.888,118.201,10.59,95.063,96.813,95.033
1,395.447,106.415,101.658,100.547,104.179,11.7,0.956,114.468,107.961,106.421,98.555,116.17,10.503,0.945,116.196
3,395.514,111.997,0.947,114.985,99.966,99.325,99.961,102.982,112.164,1.054,97.722,97.893,100.704,100.902,97.918
1,395.539,103.13,105.417,92.241,116.937,10.427,0.962,114.18,109.956,104.205,94.728,114.352,11.336,0.984,100.717
3,395.774,108.656,1.078,114.683,112.065,104.435,93.846,106.55,117.864,1.085,110.781,104.691,104.261,104.007,112.288
1,396.308,105.951,105.422,102.508,108.256,10.469,1.013,105.573,113.63,110.303,102.904,104.355,10.1,0.94,100.457
2,396.456,1.003,94.151,110.313,10.554,107.539,99.408,109.409,1.073,108.741,118.232,9.448,96.75,102.877,103.717
3,397.249,108.943,1.119,108.191,109.569,100.178,98.85,106.917,104.154,0.99,99.799,111.509,93.424,104.988,100.844
2,397.452,1.048,100.07,110.702,11.139,104.481,107.015,95.443,1.053,106.758,104.3,9.775,110.175,105.318,107.744
1,397.499,117.0,102.458,95.881,109.805,11.253,1.017,114.423,113.003,99.005,108.142,108.298,10.228,1.001,112.331
2,397.578,1.035,100.587,100.854,9.87,110.375,107.835,110.859,0.942,94.959,116.641,10.234,109.858,107.469,105.22
4,397.625,105.899,111.999,1.013,11.369,116.038,109.888,1.056,94.31,107.818,1.0,10.027,107.568,95.493,1.017
4,397.657,109.685,99.93,1.033,9.969,109.268,105.496,1.028,101.977,108.394,1.093,10.374,108.703,108.491,1.148
1,397.811,114.38,111.893,100.114,113.831,11.124,1.02,105.362,105.415,108.245,104.759,105.075,11.548,0.976,98.964
3,398.155,112.941,1.022,109.759,108.434,96.651,108.738,110.826,101.437,1.086,106.257,109.273,96.629,105.099,95.562
1,398.42,106.919,97.955,97.706,115.259,11.166,0.957,107.881,111.287,103.79,102.76,116.531,10.839,1.043,111.307
4,398.908,93.809,109.633,1.083,10.555,110.686,96.843,1.129,97.422,103.903,0.945,10.44,102.415,96.249,1.073
1,399.063,101.369,112.107,92.719,111.59,11.355,1.031,106.65,106.151,106.318,93.576,102.35,11.227,0.969,100.273
4,400.2,96.555,117.085,1.054,9.889,101.617,106.431,0.997,107.276,104.481,0.979,10.484,110.84,105.105,0.981
4,400.754,103.963,114.485,1.107,10.453,111.451,105.91,0.977,103.351,105.573,1.097,10.911,99.945,108.922,1.132
2,401.221,1.011,102.684,104.398,10.366,102.985,102.038,94.666,1.051,99.027,115.584,10.569,93.937,97.504,109.797
2,401.287,1.027,99.094,103.086,10.15,94.413,93.799,105.277,1.035,93.435,100.804,9.967,94.234,93.977,94.511
1,401.297,116.312,106.088,104.972,111.978,11.786,1.081,109.418,117.501,110.977,93.596,108.395,11.762,0.978,104.314
4,401.595,103.422,99.845,1.103,10.044,106.886,112.004,1.108,110.577,107.066,1.026,11.561,111.102,108.908,1.012
1,401.641,108.121,100.567,93.007,109.123,11.017,1.047,105.895,104.402,111.536,107.32,107.445,11.736,1.015,103.007
4,402.642,103.049,106.479,1.106,9.82,104.152,111.089,1.01,100.657,110.709,1.037,10.416,101.875,108.35,1.11
3,403.039,116.208,0.972,113.595,112.35,99.512,93.539,108.029,105.562,1.081,104.814,104.416,101.374,93.511,109.986
2,403.242,0.937,108.669,113.706,10.506,98.408,99.987,108.195,1.088,104.353,108.691,10.019,109.35,95.466,102.781
4,403.646,99.878,102.581,1.08,10.312,114.88,96.53,1.137,93.754,112.673,1.107,9.801,109.823,102.79,0.987
2,403.981,0.922,92.158,100.107,9.704,109.228,102.602,110.849,0.922,96.435,112.082,9.675,94.693,103.094,102.191
3,404.226,112.212,0.989,113.061,106.472,98.256,107.136,98.416,107.123,1.078,103.744,98.91,98.59,102.741,104.535
2,404.428,1.022,102.069,116.861,10.085,108.227,97.446,101.795,1.087,93.424,105.872,9.595,98.968,95.29,93.93
1,404.696,100.482,109.624,101.922,116.636,11.096,0.986,102.332,113.264,104.698,103.89,101.829,11.351,1.047,98.402
3,404.767,105.24,1.065,103.89,112.155,94.118,108.401,95.589,107.398,1.11,98.09,109.982,98.417,97.31,110.206
2,404.803,1.009,108.612,116.365,10.03,103.675,94.893,108.962,1.049,93.28,107.67,10.754,98.079,108.99,104.804
4,404.888,101.199,115.482,0.962,11.412,114.708,101.532,1.054,108.985,110.731,1.054,9.83,104.444,94.931,1.055
1,405.045,104.722,98.436,102.086,108.261,10.446,1.011,100.532,100.212,113.472,99.363,107.291,11.504,1.043,103.415
1,405.356,113.911,104.035,94.548,111.592,11.412,0.956,105.416,110.029,114.182,97.927,111.459,11.132,1.002,110.663
1,405.582,105.16,98.104,101.072,108.771,10.272,0.986,103.191,109.466,110.435,103.347,110.909,11.463,0.981,103.035
4,405.95,100.121,101.917,0.956,10.261,110.438,109.439,1.111,95.492,110.061,1.054,10.499,100.975,95.269,0.984
3,406.693,114.521,0.955,114.918,109.431,103.247,98.712,110.484,113.425,1.056,107.229,100.366,96.799,106.549,102.404
4,407.135,95.791,99.926,0.942,10.226,103.384,110.701,1.05,108.482,104.02,1.015,11.506,115.702,95.223,1.015
4,407.244,105.34,103.452,0.95,10.596,108.573,104.277,1.025,103.768,105.739,0.95,9.933,101.24,102.08,1.06
2,407.426,0.988,107.362,117.518,9.573,99.515,105.379,95.626,1.023,104.8,113.37,10.331,103.314,105.238,96.103
2,408.024,1.05,97.707,104.503,9.918,106.354,101.805,109.243,1.026,96.307,110.222,11.082,100.813,108.419,97.11
3,408.304,103.672,1.059,104.393,98.148,94.189,106.335,102.74,106.66,1.084,112.002,106.034,105.914,108.239,112.288
4,408.829,98.569,109.699,0.956,11.435,100.821,106.456,1.036,110.133,116.363,1.041,11.001,115.444,99.722,1.108
4,409.23,108.749,109.064,1.002,11.589,107.568,111.644,1.046,100.394,106.935,0.996,10.882,108.766,103.109,0.99
3,409.337,106.328,0.979,103.121,113.081,101.921,96.418,104.508,104.063,0.975,107.661,100.008,92.783,106.286,99.278
1,409.586,107.106,96.244,98.592,111.537,11.376,1.066,98.327,105.951,108.028,95.483,114.833,11.286,0.929,110.352
3,410.145,102.366,1.076,98.909,107.771,97.654,106.081,99.985,103.443,0.993,112.197,105.129,101.596,109.584,110.554
1,410.503,103.737,106.076,92.312,114.769,11.071,1.065,113.19,100.337,110.447,92.801,104.785,10.53,1.007,98.42
4,410.57,109.007,100.459,1.012,10.488,112.334,99.966,1.061,101.461,102.306,1.084,10.872,106.602,109.888,1.001
3,411.265,100.491,0.961,106.058,101.266,99.405,108.837,107.996,102.214,1.043,99.01,111.742,105.346,97.174,98.752
1,411.361,109.786,111.091,95.803,103.115,10.549,0.973,108.954,102.824,105.233,98.419,113.103,10.486,0.936,99.753
2,411.559,1.007,106.557,100.13,10.715,109.091,105.07,99.157,0.945,106.054,100.933,9.992,99.615,94.565,109.695
1,411.989,109.379,103.318,103.126,112.714,11.284,1.051,116.706,101.978,97.592,98.817,102.479,9.976,0.972,112.248
2,412.095,1.035,95.386,103.784,9.94,94.981,102.602,110.492,1.008,100.758,105.453,10.289,97.358,94.632,108.562
3,412.313,100.347,1.003,99.598,107.168,98.079,93.457,98.726,105.256,1.058,111.457,101.841,98.064,103.477,95.165
4,412.316,103.135,111.965,0.952,11.495,103.389,105.776,1.093,99.492,100.753,1.094,10.96,98.759,112.045,1.145
4,412.882,97.346,117.724,1.023,9.822,104.152,105.835,1.015,99.664,118.177,0.973,9.931,100.898,99.481,1.095
4,412.998,95.54,111.358,1.065,11.18,117.066,101.633,1.056,104.975,111.213,1.074,10.657,114.942,108.382,1.085
2,413.038,1.012,97.25,110.53,10.88,94.981,104.876,107.944,1.036,105.361,112.786,10.343,95.191,106.93,95.85
3,413.561,112.986,1.055,97.47,102.03,109.389,101.629,102.404,100.713,1.027,101.644,111.894,103.139,102.041,95.74
2,414.533,1.038,102.428,105.272,10.366,102.978,100.806,95.212,0.919,94.828,101.739,10.258,93.897,99.626,94.645
1,414.612,106.107,106.673,108.122,108.888,10.706,0.926,107.109,99.819,97.524,108.142,117.219,11.485,1.006,109.869
1,414.888,116.063,112.963,98.85,108.678,10.972,1.01,105.49,99.394,105.646,94.947,108.514,11.375,0.93,100.1
1,414.973,105.203,98.436,96.853,112.336,10.336,1.053,106.086,104.632,96.535,107.544,105.298,11.159,0.933,103.336
3,415.187,102.237,1.116,101.166,103.32,109.935,103.364,105.576,104.277,0.989,101.001,107.005,93.752,97.737,96.846
4,415.662,97.644,103.93,1.012,10.894,111.227,95.04,0.995,100.774,107.968,1.025,10.654,106.149,108.922,1.067
2,415.663,1.019,107.331,110.138,11.15,93.607,99.333,104.076,1.049,106.413,118.351,11.03,99.415,94.827,101.926
1,416.074,104.509,109.059,109.513,110.341,11.786,1.012,113.989,116.351,113.791,109.059,117.405,10.591,1.017,106.782
1,416.529,104.632,111.489,102.293,111.186,10.05,1.01,99.288,106.355,106.941,99.241,104.179,10.244,1.085,108.04
4,416.598,94.456,111.527,1.026,11.376,109.863,105.096,1.06,109.117,113.839,0.95,11.337,107.339,98.518,1.025
1,416.618,99.203,106.494,92.189,114.233,10.402,0.954,113.354,104.294,109.296,101.09,103.714,10.341,0.958,101.492
2,416.672,1.045,101.229,108.661,9.742,99.401,92.942,94.407,0.971,104.172,114.255,9.968,104.613,93.876,97.149
4,416.676,95.135,111.512,0.974,11.046,104.623,107.582,1.064,102.741,117.147,1.042,11.001,102.573,96.407,1.013
1,417.173,109.854,107.039,99.686,114.959,10.541,0.94,104.94,109.773,105.992,101.825,114.265,10.995,1.082,99.784
1,418.049,103.399,113.165,109.383,106.465,11.743,1.083,100.952,117.375,103.629,109.096,113.421,10.786,0.978,101.673
4,418.391,95.609,100.038,1.104,11.107,108.191,97.661,1.051,106.928,103.415,1.063,11.097,100.697,102.872,1.122
1,418.571,108.921,114.297,104.44,115.576,10.455,1.076,101.861,110.718,99.827,100.571,109.378,11.264,1.019,108.628
4,418.828,105.58,118.242,1.008,10.574,108.03,109.235,0.988,106.879,111.054,0.959,11.283,100.283,102.249,1.079
4,418.909,94.48,100.444,0.967,9.797,100.822,96.332,1.084,94.491,100.026,1.04,10.36,116.172,96.973,1.022
4,418.974,105.557,104.356,1.005,11.016,105.74,104.788,1.084,94.822,111.358,1.039,10.586,116.896,97.635,1.079
1,419.491,105.039,107.279,98.376,110.084,10.503,0.943,98.851,110.887,96.978,107.073,105.179,10.08,1.071,99.77
3,419.782,104.02,1.08,102.305,102.534,98.473,96.219,104.283,102.262,1.032,113.233,108.688,107.234,107.557,108.438
1,420.344,105.549,108.96,94.073,107.847,11.232,0.948,100.664,108.697,105.934,95.483,118.007,11.38,1.054,100.756
2,420.486,1.005,91.965,107.839,11.01,106.322,92.648,109.518,1.017,95.981,106.298,10.639,96.999,100.149,99.846
4,420.6,101.463,114.978,0.958,11.585,102.193,107.636,1.1,94.931,105.787,1.094,10.522,99.481,103.613,1.086
3,420.692,106.036,1.034,101.466,104.032,95.33,99.768,102.734,100.491,1.008,104.392,97.117,104.906,109.807,109.663
1,420.991,105.149,97.917,108.102,114.382,11.493,0.93,106.674,111.887,103.495,100.144,106.699,10.486,0.972,109.775
1,421.057,110.769,111.742,101.96,117.322,10.084,1.002,109.432,117.461,105.422,96.209,100.831,11.159,0.962,99.691
2,421.215,1.091,94.271,112.082,9.577,105.267,100.585,103.277,0.96,101.352,116.033,9.408,103.368,103.965,95.212
4,421.464,99.612,103.923,1.05,10.895,109.823,105.109,0.982,100.742,102.434,0.966,10.725,103.061,102.335,1.083
3,421.576,100.511,0.983,98.898,100.317,107.016,109.21,108.916,106.058,0.949,101.09,100.558,94.783,107.664,108.21
4,421.582,98.514,113.975,0.985,11.452,105.208,100.36,1.14,98.386,103.004,0.98,11.215,104.385,109.135,1.08
4,422.199,99.247,105.555,1.048,10.53,107.946,106.981,1.019,108.221,106.883,1.048,10.579,105.986,106.661,1.032
2,422.62,1.026,95.254,105.28,10.207,104.663,105.04,109.996,0.996,104.96,118.482,9.757,99.615,100.047,106.647
1,422.756,99.958,99.476,96.959,108.009,11.463,1.074,112.478,110.614,101.273,106.718,103.107,10.745,1.084,116.392
2,423.66,1.025,104.733,111.288,9.826,95.164,97.979,104.101,1.049,95.881,118.351,9.787,110.441,96.772,97.428
4,424.226,107.022,102.77,0.981,10.145,105.259,101.095,1.132,95.474,104.16,1.056,10.735,107.787,101.477,1.106
4,424.504,97.604,106.269,1.056,9.752,105.554,98.828,1.146,96.421,102.306,1.059,9.746,114.864,103.333,0.988
1,424.959,108.785,108.521,96.288,116.093,10.879,1.023,99.691,101.629,113.024,101.84,100.73,11.42,1.024,110.891
4,425.21,96.453,112.241,1.011,11.325,105.372,95.088,1.1,93.351,101.84,0.997,11.016,110.377,102.011,1.131
4,425.366,99.732,99.623,1.053,10.937,113.755,109.606,1.152,97.436,111.848,1.04,11.364,105.236,100.218,1.14
2,425.764,0.936,101.154,100.935,10.046,104.634,99.725,108.491,1.009,101.352,100.13,9.609,98.038,104.966,94.908
4,426.185,95.352,105.713,1.078,11.103,104.199,102.235,1.058,101.585,107.094,0.997,10.693,100.547,94.857,1.034
2,426.52,1.056,92.822,105.28,10.582,109.619,93.178,107.603,0.925,100.616,107.075,9.631,100.4,92.654,96.738
3,426.618,106.173,1.042,109.129,106.646,93.994,105.769,96.345,110.176,1.09,107.618,108.039,108.622,105.589,109.767
1,426.911,115.873,107.885,103.198,113.267,10.81,0.957,101.89,111.527,102.932,101.825,108.381,10.785,0.994,102.618
2,427.005,1.041,108.539,113.575,10.311,97.888,97.758,105.448,0.982,101.962,117.315,9.824,103.061,108.824,94.839
2,427.091,0.961,108.853,111.654,10.405,108.607,100.294,110.037,0.992,92.132,109.995,10.555,109.858,108.344,101.075
1,427.376,104.348,107.456,101.09,113.966,10.071,0.942,105.667,101.626,98.27,96.505,103.946,11.539,1.058,107.345
4,427.444,105.435,114.63,0.967,11.54,108.52,107.323,1.04,99.899,112.241,1.072,9.833,104.506,104.535,1.14
1,427.714,106.11,107.187,97.743,109.472,11.777,0.942,100.333,109.466,96.674,96.882,103.124,11.463,0.962,106.29
3,428.11,107.823,1.03,100.836,102.262,107.095,109.614,111.802,117.35,0.96,100.901,97.368,93.248,95.451,106.433
3,428.162,114.622,1.12,106.916,97.479,108.277,99.792,112.527,109.647,0.977,107.527,108.258,94.753,104.598,97.955
2,428.425,0.931,94.778,114.448,10.938,103.637,92.146,109.9,0.925,94.029,118.359,11.136,93.958,106.216,95.654
1,428.564,115.056,100.413,108.656,106.992,9.945,1.062,113.547,110.887,100.56,100.974,101.138,10.336,1.07,115.614
1,428.705,99.589,113.399,95.927,104.653,11.497,0.975,113.052,116.322,97.472,103.491,114.416,10.7,1.035,108.297
4,428.981,101.252,115.604,1.026,9.824,109.497,107.312,1.075,105.322,113.599,0.943,10.103,100.405,108.592,0.993
1,429.209,104.688,103.023,105.23,111.064,10.745,1.011,116.206,111.978,111.13,102.143,118.808,10.945,0.936,100.195
2,429.329,1.058,99.149,114.586,11.005,101.688,96.069,98.78,1.059,105.789,102.395,10.907,103.048,100.908,95.085
4,429.398,109.574,105.459,0.94,10.165,99.402,102.458,1.096,101.356,100.622,1.089,10.341,111.999,95.724,1.06
4,429.589,96.833,102.902,1.0,10.894,106.769,96.441,1.087,97.424,103.391,1.083,11.517,98.74,102.105,1.13
2,429.839,1.035,107.331,113.5,11.024,100.789,94.259,93.874,0.988,106.413,110.731,10.74,102.283,95.008,105.296
3,429.93,109.117,1.001,105.913,111.438,96.304,92.585,101.615,110.766,1.073,114.884,104.666,102.832,100.289,110.472
4,429.998,100.961,103.683,1.106,10.718,106.215,100.903,1.069,101.965,111.18,0.965,10.242,98.871,96.933,1.04
2,430.211,0.953,96.938,102.019,9.511,109.228,92.387,110.891,0.943,95.018,111.854,9.553,109.976,97.633,93.871
4,430.441,107.33,116.069,1.007,10.875,111.984,100.666,1.131,103.663,100.782,0.962,10.242,101.045,103.024,0.977
4,431.039,94.306,116.56,0.958,10.46,107.339,95.031,0.999,96.823,99.819,1.002,10.82,116.361,104.336,1.15
4,431.17,93.754,115.896,1.101,10.712,105.554,107.606,1.134,101.864,103.503,1.047,11.571,106.065,94.727,1.018
3,431.296,112.966,1.073,114.559,112.065,98.473,98.599,105.815,112.723,0.957,110.22,101.488,96.148,103.205,101.309
3,431.372,113.159,1.056,101.0,104.951,98.105,92.852,101.932,114.732,0.994,97.213,105.959,93.622,100.164,98.519
1,431.642,114.462,103.883,108.841,103.778,11.813,0.939,105.573,115.594,98.933,92.974,117.806,10.63,1.032,111.679
3,431.709,101.151,0.996,114.884,101.288,109.375,104.473,100.743,104.065,0.995,98.5,112.429,101.218,100.842,110.881
3,431.825,116.625,0.979,110.99,111.791,95.746,102.393,94.921,100.614,1.11,110.796,104.69,100.587,96.043,99.725
4,431.862,97.681,117.281,1.066,10.591,106.525,107.705,1.059,93.754,102.781,1.054,11.031,103.544,105.481,1.03
4,432.225,105.435,110.466,0.953,11.306,112.022,104.421,1.066,104.258,112.906,1.074,10.396,109.195,111.299,1.011
1,432.441,107.005,114.303,98.696,111.988,10.644,1.047,114.351,109.379,111.13,101.414,100.278,10.449,1.029,115.484
2,432.594,0.961,103.255,106.054,9.795,104.737,102.579,101.854,0.999,98.837,108.121,9.43,109.611,94.609,106.689
2,433.146,0.985,105.361,108.439,10.098,100.118,105.317,102.264,1.071,93.527,108.545,10.053,110.61,99.076,102.431
3,433.209,101.121,1.102,102.642,103.731,97.595,105.625,103.512,103.041,1.065,106.003,102.331,96.501,96.551,100.017
3,433.511,104.018,1.009,102.642,97.521,106.451,95.989,107.038,106.888,0.97,110.369,111.404,103.448,96.848,111.169
2,433.58,1.009,100.207,114.943,10.327,109.625,96.987,103.352,1.022,99.581,106.832,10.965,105.294,91.891,98.416
1,433.789,106.726,107.532,103.979,117.954,10.269,1.023,101.095,116.727,96.233,96.43,103.582,10.794,0.987,102.101
2,434.021,1.047,96.875,104.435,10.046,110.888,108.685,95.543,1.034,102.533,103.942,9.482,102.687,94.922,104.493
1,434.292,114.112,109.799,96.737,110.988,10.774,0.988,107.966,99.788,112.186,100.102,115.425,10.257,0.972,116.392
3,434.527,106.328,1.015,114.047,106.519,103.242,97.72,98.391,112.124,0.954,105.95,114.064,95.781,105.906,102.387
2,434.972,1.034,94.222,110.53,10.861,99.434,92.649,99.706,0.994,102.82,105.28,10.661,104.634,92.269,93.751
3,435.087,112.548,0.959,106.797,105.63,100.022,107.949,111.287,100.919,1.04,104.874,101.108,95.69,96.173,100.806
2,435.109,1.028,102.23,106.686,10.406,94.119,107.994,101.674,1.06,108.251,105.86,10.256,98.533,92.021,95.212
2,435.197,0.929,93.095,110.35,9.905,95.956,105.257,95.626,0.931,98.347,114.549,10.898,103.949,92.858,101.377
1,435.297,113.479,99.99,102.936,108.363,11.218,1.094,99.577,110.16,103.129,99.506,113.919,11.248,0.961,115.484
3,435.302,102.304,1.069,97.413,108.166,100.703,94.553,104.312,106.657,0.966,104.209,99.995,105.153,106.293,97.559
2,435.422,1.049,100.057,114.783,10.723,100.687,108.237,103.036,1.037,100.616,106.451,10.218,102.275,106.702,106.948
3,435.744,102.348,1.07,101.939,105.018,102.543,100.745,109.836,114.443,0.998,107.577,102.277,105.032,105.654,111.287
3,435.909,110.449,1.119,97.423,109.92,105.493,108.701,103.053,108.239,1.029,103.562,104.511,100.944,104.06,105.767
3,436.047,115.495,1.003,101.129,100.627,97.332,99.591,102.372,102.374,1.059,99.603,106.082,96.304,101.664,106.758
3,436.114,108.239,1.084,98.088,102.115,106.177,93.324,105.88,100.199,0.961,112.846,106.146,100.584,100.287,103.368
2,436.205,0.955,108.682,100.854,10.431,109.101,92.648,98.706,1.077,95.713,101.458,10.938,110.135,102.117,106.481
2,436.351,0.922,102.605,100.909,10.565,102.985,99.772,111.28,1.076,100.31,114.92,9.702,105.915,101.942,101.651
2,436.525,1.012,104.789,102.323,10.304,104.354,99.977,97.911,0.999,106.751,103.397,10.41,97.814,92.556,105.41
1,436.692,109.153,106.596,96.96,106.686,10.989,1.016,116.196,112.163,104.206,95.328,102.175,10.068,0.929,100.541
2,436.745,0.934,94.898,106.451,10.208,97.261,99.633,104.943,0.922,96.738,110.702,11.16,97.289,100.244,99.544
3,436.81,106.636,1.043,99.44,111.092,108.377,96.944,101.383,102.019,1.034,100.177,103.719,98.681,92.377,95.266
2,436.91,1.019,100.468,109.452,9.661,100.747,104.708,104.943,0.955,94.029,109.16,9.699,109.65,99.65,98.47
2,437.117,1.025,108.741,103.58,9.775,101.089,103.465,108.038,1.069,104.353,108.572,10.261,96.414,98.391,105.833
3,437.665,104.122,1.035,104.934,97.479,92.836,94.363,111.265,106.036,0.981,103.562,103.13,102.539,108.034,101.007
2,437.676,1.073,98.659,110.271,10.904,98.988,101.805,106.481,1.01,93.963,110.428,9.874,95.8,98.524,95.574
3,437.688,104.499,0.978,102.588,111.386,105.639,92.835,109.095,105.561,1.091,104.333,104.389,100.043,96.944,104.085
1,438.077,99.436,114.326,103.89,117.355,11.048,1.096,103.384,114.677,108.658,108.851,102.094,10.794,1.02,112.28
3,438.146,118.263,1.064,112.538,107.684,94.467,101.953,111.604,104.488,1.103,114.703,97.415,104.562,103.261,103.215
2,438.742,0.965,96.046,103.09,10.7,105.294,105.758,95.396,0.99,94.495,101.444,10.267,96.083,93.896,109.664
4,438.756,101.818,113.111,1.011,10.311,101.769,95.724,1.097,94.75,106.674,0.983,11.313,105.446,108.634,1.027
4,438.786,102.507,108.536,0.955,11.283,99.623,105.835,1.142,97.346,103.156,1.036,11.374,101.322,105.055,1.152
2,438.926,1.029,93.424,100.909,10.449,95.807,99.063,102.142,1.05,98.058,112.965,9.891,99.864,93.72,102.36
4,439.226,100.95,115.564,0.959,11.526,99.529,103.952,1.134,109.574,111.048,1.072,10.982,100.683,111.651,0.98
4,439.319,99.326,103.729,1.069,9.888,99.933,94.905,1.089,104.745,106.916,0.965,11.571,103.733,100.509,1.03
3,439.779,106.736,1.029,103.301,110.436,102.602,99.323,97.118,100.532,1.043,101.195,107.33,99.511,108.833,99.725
2,439.969,0.93,95.029,107.791,10.674,97.888,101.823,102.016,1.032,100.906,103.977,9.978,96.065,103.094,105.611
2,440.025,1.001,108.544,100.208,9.811,105.946,108.739,108.386,0.963,105.361,106.345,9.576,93.546,106.51,100.283
2,440.226,1.06,100.344,111.462,10.914,93.584,101.324,110.194,0.959,102.398,112.368,10.91,103.975,93.079,107.512
2,440.949,0.975,95.981,103.361,10.987,103.448,98.855,96.288,0.999,99.764,114.522,9.672,98.389,99.625,106.037
4,440.986,96.555,102.392,0.955,10.441,115.474,100.509,1.139,93.942,115.635,1.04,10.191,108.642,100.234,1.056
1,441.473,111.522,99.918,92.278,108.679,9.941,1.074,106.023,100.488,109.037,107.618,107.983,11.268,0.949,99.392
4,441.834,100.371,116.166,0.971,10.819,116.038,94.74,0.99,104.051,111.213,1.041,10.057,110.964,97.573,1.125
1,441.849,112.951,103.523,93.687,114.229,10.293,1.059,101.857,111.229,102.239,101.219,101.64,11.566,0.995,115.303
1,442.253,108.659,111.211,94.894,116.538,10.814,1.087,116.291,103.359,112.531,104.139,102.287,10.269,1.071,101.999
2,442.672,1.018,105.847,105.411,10.634,104.48,97.506,103.991,1.019,99.34,105.453,11.003,108.515,98.959,103.005
4,442.872,104.567,100.784,1.031,11.25,101.025,99.518,1.1,100.121,118.354,0.952,9.984,107.53,100.123,1.107
2,442.893,1.066,108.691,111.217,10.275,100.4,109.088,98.24,1.013,107.707,102.23,9.833,103.561,98.855,96.621
2,442.932,0.923,105.406,104.378,9.616,101.439,96.069,98.138,1.037,100.799,103.909,10.944,104.023,104.42,103.797
3,442.975,118.636,1.078,110.746,106.082,98.623,103.763,105.994,102.603,0.989,104.365,107.838,104.077,96.173,100.632
3,443.291,108.792,1.053,112.983,108.039,106.451,99.414,112.682,104.906,0.966,109.129,111.249,102.667,97.579,107.337
1,443.599,107.812,101.314,107.697,102.479,10.984,0.978,102.221,108.086,104.382,101.28,102.3,11.259,1.092,114.18
2,443.684,0.942,92.531,110.754,9.677,95.93,92.383,97.009,0.938,94.244,109.693,10.385,100.788,100.792,111.31
3,444.467,111.042,0.992,104.441,98.72,106.205,100.766,99.832,103.741,1.04,105.913,109.431,100.913,93.483,110.103
1,444.527,105.158,102.274,105.759,117.889,10.068,0.993,112.23,117.272,111.142,102.151,106.919,10.436,1.064,104.551
3,444.844,111.237,1.037,110.524,98.91,105.86,103.299,111.671,104.338,0.976,114.934,106.385,93.42,98.254,102.855
3,445.092,114.658,0.947,104.333,99.856,99.122,105.637,112.682,107.013,0.994,99.425,113.543,102.681,100.568,110.484
2,445.256,1.019,105.317,100.208,9.795,110.026,97.812,111.07,1.003,99.677,114.071,9.699,104.605,100.801,101.327
3,445.433,104.927,1.106,99.763,109.416,105.032,96.991,98.669,105.478,1.039,112.046,110.436,98.861,108.467,101.166
4,445.608,106.419,109.111,1.053,10.779,116.577,102.392,1.001,102.138,110.312,1.061,10.193,105.255,98.906,1.008
4,445.646,97.932,114.786,1.002,10.024,103.554,104.493,0.974,98.158,111.512,1.068,10.419,108.925,107.204,1.091
3,445.78,105.049,1.061,101.04,96.997,107.757,95.716,99.535,100.628,1.114,107.927,103.719,107.955,99.923,108.917
1,445.921,108.401,99.233,95.104,106.793,10.295,0.985,105.299,100.917,100.594,94.158,111.99,10.881,1.066,109.559
3,445.941,116.327,0.948,106.025,111.739,97.357,109.654,110.616,111.61,0.999,112.496,111.034,97.52,99.143,111.172
1,446.224,100.201,112.339,107.803,117.819,10.105,1.047,103.338,104.688,113.024,98.544,114.897,10.356,0.992,108.71
1,446.772,106.287,102.096,98.973,109.082,11.132,0.954,102.097,110.687,107.029,103.433,103.853,11.016,0.926,107.079
4,447.293,109.86,103.403,0.952,11.553,106.759,105.105,1.006,96.823,104.224,0.999,10.982,103.75,101.477,1.061
1,447.522,113.766,110.284,93.032,115.582,11.34,0.954,107.412,112.046,109.091,101.145,110.269,11.638,1.029,101.002
2,448.203,0.992,99.392,115.402,10.828,104.46,98.709,102.75,1.088,96.637,109.543,10.188,93.697,92.649,105.384
4,448.44,96.302,110.607,1.019,10.001,101.617,96.375,1.033,109.204,105.098,1.052,11.103,104.096,110.791,0.998
1,449.05,104.587,111.142,92.426,117.691,10.175,0.969,98.929,99.699,110.828,98.46,107.704,10.982,1.008,101.259
1,449.293,102.84,107.804,100.202,111.695,10.754,0.973,104.866,104.757,99.1,94.11,104.653,10.198,0.969,108.458
2,449.457,0.93,92.216,104.021,9.76,106.317,106.601,94.585,1.045,104.401,112.304,9.99,98.094,101.243,96.309
4,449.532,104.415,102.423,0.975,11.452,101.441,97.647,1.032,98.679,110.183,1.07,11.409,115.449,95.088,1.073
1,450.043,99.828,114.035,104.175,111.155,11.19,1.0,98.703,117.477,96.803,104.506,100.061,10.041,1.096,109.589
4,450.249,105.096,113.406,0.977,10.194,109.291,105.105,0.977,97.372,113.36,1.038,10.196,103.657,96.375,1.018
3,450.278,115.116,1.115,99.425,106.706,97.763,99.266,104.701,109.837,1.092,112.175,100.044,94.516,98.461,96.116
1,450.358,105.062,99.97,106.016,109.502,10.516,0.985,108.04,114.659,102.97,104.377,101.435,10.367,0.971,106.394
2,450.385,0.945,107.472,100.276,9.609,103.756,104.23,108.018,1.071,102.261,102.813,10.787,96.508,106.893,105.41
3,450.574,100.74,0.965,105.584,101.696,93.668,94.422,101.867,108.672,1.048,107.327,99.845,107.955,104.734,99.366
4,450.579,103.604,112.573,1.023,11.374,99.047,103.067,1.128,97.884,111.482,1.051,10.023,107.816,111.664,0.981
4,450.594,97.238,115.564,1.01,11.016,102.948,107.406,1.144,94.931,110.011,0.965,11.024,102.956,103.874,0.995
1,451.313,101.572,110.241,100.271,108.919,11.311,0.959,115.151,99.449,102.209,94.795,108.823,11.159,0.967,105.956
1,451.34,107.487,98.173,97.758,107.875,10.126,0.986,105.774,106.914,106.893,106.131,115.582,10.862,0.968,98.929
2,451.416,0.951,107.472,100.321,10.16,98.446,108.344,101.788,1.035,97.199,112.12,10.907,101.439,108.576,100.633
3,451.853,109.807,1.116,114.466,98.405,92.726,96.991,108.664,108.199,1.077,97.163,114.27,109.125,93.074,105.253
1,452.062,115.733,107.229,94.761,117.077,10.786,1.097,99.175,103.845,107.06,95.848,107.237,10.1,1.093,106.146
4,452.345,98.511,108.61,1.064,10.285,112.5,94.561,1.076,106.663,108.69,0.979,9.825,107.217,98.519,1.021
2,453.143,1.084,105.288,114.85,10.135,101.751,104.238,110.692,1.056,108.251,103.889,9.965,97.278,97.268,111.096
4,453.812,95.262,112.377,1.015,11.518,107.888,107.636,1.096,104.262,117.089,1.042,11.044,101.372,109.982,1.018
1,453.833,101.775,106.379,96.15,103.853,10.487,1.099,112.558,107.964,100.232,99.821,115.629,11.551,0.999,109.784
1,453.873,111.257,108.638,104.417,105.298,10.774,0.955,108.71,110.246,110.855,101.712,116.636,10.304,1.076,105.334
1,454.122,104.247,102.274,95.912,114.43,11.745,0.999,108.509,116.247,98.394,107.952,114.002,11.456,1.058,104.866
4,454.285,110.353,99.593,0.934,10.578,115.242,100.715,1.096,99.955,115.499,0.966,10.72,115.781,106.971,1.103
4,454.32,101.132,113.6,0.971,10.845,99.89,106.325,1.058,94.589,108.5,1.073,11.224,99.169,98.896,1.106
1,454.373,113.308,107.917,92.426,105.424,11.395,1.074,107.653,105.718,106.16,98.227,104.396,10.145,1.025,101.025
2,454.855,1.058,108.741,118.425,10.871,103.664,101.647,97.987,1.079,100.468,112.373,9.405,96.128,108.36,103.856
2,455.003,0.984,94.972,101.458,10.564,102.854,102.134,110.469,1.059,107.981,108.939,10.9,93.853,102.482,106.909
4,455.422,102.135,114.389,1.081,10.392,99.539,94.426,1.15,102.28,114.176,0.967,9.904,109.057,104.252,0.976
1,455.496,100.534,100.273,100.941,113.963,11.181,1.065,106.653,105.931,99.817,102.082,117.105,11.019,0.973,104.388
2,455.924,1.081,100.57,118.19,10.683,96.609,98.107,106.124,1.076,97.566,116.446,10.208,110.871,95.711,105.165
2,456.153,0.923,97.672,110.477,11.131,105.047,93.389,104.76,1.009,96.605,105.078,9.516,107.332,92.387,95.742
2,456.779,1.052,107.472,110.488,10.005,96.128,95.076,106.114,1.072,107.083,112.289,10.717,101.751,93.622,110.672
4,456.782,106.798,99.713,0.976,10.415,100.293,106.456,1.134,106.419,107.31,0.963,11.119,110.125,101.538,1.081
2,456.85,1.013,106.639,105.73,10.928,98.486,95.008,96.803,1.002,92.401,102.161,10.81,103.139,109.271,105.405
2,456.961,1.037,100.94,100.208,10.217,95.331,92.937,94.45,1.014,105.22,108.291,10.255,109.611,101.942,94.608
3,457.229,112.986,1.026,103.146,108.475,99.405,103.726,102.752,110.297,0.955,98.744,108.431,101.14,97.84,108.046
3,457.489,111.885,1.089,105.074,108.687,100.043,107.537,102.323,107.033,1.104,112.192,102.611,94.353,92.989,111.032
3,457.592,101.692,1.043,113.877,114.257,96.499,94.164,112.274,104.998,1.082,112.636,109.716,97.658,101.688,112.274
3,457.739,104.177,1.103,103.181,98.991,109.583,109.256,102.323,106.06,1.049,112.791,114.526,98.302,99.273,98.957
3,458.037,102.859,1.117,97.993,108.326,96.726,103.853,99.334,117.509,1.024,98.228,101.841,108.514,94.728,107.867
2,458.111,1.003,99.052,112.834,10.542,105.174,106.818,102.883,1.022,97.628,100.31,9.96,102.407,107.754,106.38
3,458.295,104.154,1.115,110.796,99.743,92.959,107.646,99.859,110.299,1.085,101.359,100.748,106.213,109.316,109.418
4,459.097,95.777,112.126,1.005,10.097,107.462,104.535,1.065,98.734,118.211,1.049,9.745,116.271,106.706,1.029
4,459.191,98.727,101.709,0.968,11.429,111.872,100.128,1.082,108.379,117.381,1.074,9.938,115.621,110.594,1.09
4,459.194,104.835,108.792,1.004,10.81,107.816,94.759,1.063,94.463,113.975,1.055,10.505,106.046,102.471,1.045
4,459.459,109.203,105.585,1.033,10.486,109.067,109.632,1.106,95.908,105.573,0.937,10.056,100.003,111.033,1.064
4,459.936,94.017,118.163,1.014,11.413,112.319,106.431,0.974,99.732,112.115,1.063,11.237,110.292,102.612,1.073
4,460.751,103.651,104.16,1.064,10.87,105.201,110.448,1.144,96.833,112.308,0.943,10.289,101.2,100.322,1.002
4,461.626,109.884,103.803,0.985,10.694,98.703,105.244,1.148,95.791,102.463,1.029,10.761,107.787,109.336,1.138
4,461.732,110.15,104.986,1.009,9.842,111.1,111.309,1.081,110.134,102.396,0.956,10.638,102.979,95.615,1.017
2,462.273,0.929,99.094,111.669,9.545,100.788,103.494,110.201,1.045,103.386,116.037,10.946,96.091,106.51,111.075
2,462.403,0.922,97.428,111.249,10.744,107.166,107.994,94.278,1.038,94.563,116.96,10.389,110.249,102.048,110.988
3,462.535,102.936,0.995,113.215,96.804,96.758,105.688,104.435,104.303,1.097,104.715,102.473,102.425,99.919,99.369
4,462.559,104.205,107.875,1.002,11.413,100.988,109.748,1.116,104.437,104.946,1.101,10.686,107.787,99.276,1.094
4,463.022,108.19,105.941,0.941,10.069,115.914,107.28,1.135,98.827,104.558,0.951,10.508,103.296,106.866,1.143
3,463.086,103.672,1.021,103.328,106.748,101.057,94.506,109.193,109.14,1.039,107.491,98.764,108.546,108.833,106.263
2,463.119,1.053,107.981,118.145,10.916,97.797,98.713,99.39,0.918,98.79,110.2,9.918,106.086,104.768,95.553
3,463.182,108.239,0.995,103.535,106.685,93.848,101.507,111.341,112.283,1.059,99.521,111.824,99.588,95.842,106.69
2,463.235,0.983,95.76,116.637,9.735,97.618,97.468,97.138,1.091,103.845,100.701,10.261,94.224,107.048,94.79
4,463.25,108.602,99.891,0.967,9.969,103.678,104.138,1.109,100.387,116.487,0.994,10.598,105.74,98.447,1.009
4,464.776,108.41,102.96,0.936,11.367,108.483,106.29,1.096,97.889,109.064,1.081,10.449,111.872,110.504,0.976
2,465.042,1.081,93.009,111.669,11.014,94.958,94.855,100.533,1.074,100.729,111.021,11.034,98.605,106.712,106.724
2,465.465,1.049,96.96,104.388,10.565,109.611,102.575,105.611,1.018,101.39,105.55,11.067,101.762,107.022,103.856
2,465.658,0.939,103.601,111.28,10.412,109.542,94.116,100.918,0.954,93.318,104.553,9.824,97.002,92.365,105.381
3,466.262,101.73,1.078,110.949,109.248,99.331,107.003,108.776,103.778,0.965,103.189,99.451,105.775,93.436,95.992
2,466.284,1.021,94.442,106.281,9.729,102.978,92.886,108.38,0.998,105.219,111.469,9.594,95.501,95.076,102.055
4,466.369,108.27,117.057,0.981,9.795,111.984,105.556,1.004,109.507,106.488,1.008,11.461,114.923,96.162,1.089
2,466.762,0.995,105.627,106.386,10.053,97.603,109.158,97.306,1.056,108.713,102.08,10.327,104.845,101.902,99.574
4,466.902,100.952,107.673,0.934,9.856,115.914,108.034,1.062,100.174,101.452,0.968,10.136,102.006,102.235,1.06
2,466.922,1.088,101.276,118.482,10.015,97.263,103.147,95.729,0.971,107.711,118.232,9.405,94.224,106.067,106.134
4,467.301,101.604,104.722,1.077,10.227,106.875,107.717,1.038,98.511,102.181,1.087,11.517,106.684,100.005,1.149
3,467.741,115.162,1.096,105.053,99.145,108.984,98.646,98.706,112.258,1.008,105.369,105.582,104.677,106.981,99.691
4,467.784,98.927,108.536,1.01,10.737,99.293,102.669,1.083,99.122,113.065,1.093,10.193,113.584,107.807,0.998
4,467.9,95.981,105.739,1.079,10.82,115.255,111.971,1.055,101.592,116.562,1.094,10.53,116.861,111.529,1.065
2,468.154,1.008,108.347,117.41,9.684,93.795,100.719,103.901,1.055,98.458,101.054,10.498,102.978,98.062,107.934
2,468.388,1.02,105.691,112.304,11.059,100.004,103.733,99.39,0.965,108.587,108.606,9.551,98.057,103.452,107.101
4,468.575,102.49,111.394,1.082,10.243,108.348,102.997,1.001,99.949,117.745,1.016,11.5,111.99,96.933,1.116
2,468.665,0.922,105.217,108.93,9.967,106.616,103.632,96.003,0.966,100.07,112.289,10.8,107.648,107.814,108.962
4,468.719,104.933,100.784,0.985,11.432,112.648,101.187,1.003,101.535,104.265,0.995,11.01,114.111,102.086,1.019
3,468.755,116.927,0.958,102.055,101.335,99.569,95.349,109.962,114.664,0.976,100.914,104.511,97.071,105.714,111.204
2,469.174,1.053,99.34,100.34,9.789,104.142,103.75,103.005,0.989,100.729,117.23,10.343,109.07,92.174,98.21
2,469.462,1.05,92.969,118.602,10.478,102.723,95.044,95.279,1.044,108.669,108.545,11.031,106.913,93.155,107.509
4,469.671,108.661,103.004,1.065,10.047,108.703,106.622,1.086,109.082,114.63,1.059,11.343,108.832,107.312,1.098
3,469.719,104.995,1.011,109.669,112.155,103.174,102.818,105.75,118.219,1.113,108.774,106.472,97.302,102.95,95.869
4,469.788,109.131,108.185,0.965,9.842,103.528,96.025,1.09,98.649,105.898,0.963,11.236,109.287,102.031,1.077
4,469.87,96.103,109.518,1.063,9.745,106.194,111.993,1.089,100.952,102.31,0.992,10.698,102.185,108.391,1.091
3,469.912,101.219,1.09,114.256,106.968,100.786,109.071,102.742,111.522,1.091,111.187,106.849,106.828,103.975,102.723
4,470.678,96.491,104.876,1.083,10.187,104.858,98.691,1.092,109.488,101.039,1.07,11.408,99.387,104.075,1.077
3,470.932,109.505,1.073,114.386,101.047,104.233,98.011,106.69,101.409,1.008,104.082,107.386,99.489,99.301,97.61
2,471.101,0.985,92.826,114.652,10.605,96.083,100.827,96.334,1.018,107.286,106.974,10.594,98.11,101.807,107.751
3,471.561,117.478,1.106,100.132,100.717,100.068,103.823,95.809,100.999,1.022,103.182,106.461,108.375,106.788,98.674
3,471.857,114.176,1.04,113.575,112.276,100.128,102.692,103.561,111.599,0.978,104.874,111.315,99.34,97.516,102.752
3,472.294,100.511,1.031,104.381,106.66,99.668,104.843,104.548,102.059,1.069,100.25,110.746,108.188,103.915,106.219
2,472.338,1.063,104.596,117.029,10.083,108.164,94.116,95.094,1.059,100.531,112.511,10.177,98.564,107.105,101.697
3,472.444,116.49,1.096,109.908,105.003,105.86,109.279,106.55,113.973,0.948,105.129,106.313,103.359,107.537,102.255
2,472.521,0.93,104.744,115.127,10.254,106.577,102.937,109.536,1.083,97.426,103.252,11.143,96.056,99.087,96.666
3,473.479,100.052,1.056,97.899,109.544,104.077,99.712,98.895,102.037,0.966,100.987,106.332,95.781,95.936,104.024
4,473.775,103.135,114.978,1.103,9.893,111.227,102.82,1.079,98.118,114.496,1.026,11.001,114.708,111.684,1.076
2,474.345,1.027,92.773,109.037,10.124,99.602,96.347,98.754,1.031,98.204,116.8,10.488,103.49,103.554,102.191
3,474.378,117.413,0.963,112.486,100.467,106.543,106.117,100.564,106.888,0.972,102.916,102.294,109.389,97.497,102.205
2,474.656,0.929,105.96,109.067,10.744,98.11,93.723,99.821,0.978,99.661,103.513,10.885,96.263,105.834,93.871
4,474.677,95.605,106.916,0.985,10.96,112.319,101.626,1.075,108.264,101.266,1.092,9.743,103.453,97.253,1.084
3,474.678,104.839,1.045,104.649,107.678,98.222,108.872,100.943,107.613,1.046,109.813,109.807,93.248,96.975,105.613
4,474.943,94.957,105.109,1.025,9.792,107.3,99.638,1.054,109.841,115.336,1.023,10.052,110.556,100.36,1.136
3,475.346,105.078,0.981,110.816,101.752,96.211,104.3,102.372,118.448,0.982,109.286,99.145,104.773,102.484,97.299
3,476.409,105.118,0.978,106.707,114.97,94.562,105.631,110.809,115.516,1.075,112.18,103.937,109.322,106.013,106.623
4,476.933,99.981,105.555,0.939,10.512,108.776,100.322,1.109,94.296,111.624,0.946,11.562,115.126,108.764,0.981
3,478.843,108.353,1.104,114.835,106.055,96.439,103.854,99.734,103.199,1.007,103.531,98.762,104.843,106.368,104.63
4,478.951,100.724,103.903,1.073,10.038,104.506,97.253,1.129,109.837,105.046,1.065,10.829,113.036,106.366,1.05
4,479.131,108.19,101.609,0.976,9.932,102.751,102.335,0.999,103.692,113.939,0.942,10.783,102.465,98.67,1.15
4,479.878,110.896,112.919,1.088,9.896,108.191,96.098,0.998,103.049,104.596,0.994,9.892,103.139,101.36,1.14
3,481.839,102.073,1.077,108.947,98.323,103.745,100.863,112.283,103.03,1.001,100.395,105.976,97.588,98.262,99.535
3,481.951,103.942,0.989,102.973,106.436,97.645,97.516,110.386,108.239,1.122,106.797,114.829,98.12,98.963,105.197
3,482.037,101.174,1.124,114.543,112.277,103.978,92.835,111.067,111.095,1.089,97.056,110.711,107.47,93.457,105.88
4,482.165,99.247,101.372,0.971,11.135,112.82,96.502,1.071,101.112,109.111,1.038,10.656,105.137,95.705,1.018
3,482.307,117.261,0.961,108.624,111.697,98.491,97.801,110.306,104.402,0.952,112.051,112.963,96.082,102.671,110.616
4,483.148,108.827,116.918,1.022,9.983,108.849,111.236,1.021,97.474,101.029,1.02,10.555,99.517,112.088,1.008
4,483.392,94.398,108.196,1.082,10.206,101.75,100.852,1.067,106.928,101.911,1.035,10.136,117.031,108.827,1.019
3,483.562,103.644,1.003,110.656,113.969,94.189,104.3,104.002,106.328,1.095,110.661,108.693,105.34,94.323,110.809
3,484.649,105.67,1.052,103.328,107.837,96.571,105.769,103.053,100.628,0.946,107.52,109.544,102.294,97.232,104.357
3,485.265,117.236,1.003,100.883,105.63,96.857,106.782,107.459,101.104,0.969,97.914,96.728,95.228,102.393,97.264
3,485.901,102.511,1.115,110.699,111.22,107.568,96.848,97.955,103.199,1.085,101.327,109.157,108.589,106.825,105.253
3,487.924,116.306,1.064,115.115,110.382,103.597,97.924,97.976,112.919,1.082,105.767,112.339,104.981,98.237,99.946
3,488.019,116.727,0.954,97.058,104.414,98.064,92.377,101.021,105.118,1.108,104.392,104.032,92.716,106.977,109.853
3,488.31,106.742,1.036,105.061,114.211,108.229,93.635,104.6,101.509,1.056,103.945,99.904,104.562,102.636,110.273
3,488.697,108.534,1.051,103.393,109.544,96.361,98.599,105.882,118.355,1.003,105.657,102.855,103.497,101.894,107.754
3,489.409,100.048,1.094,102.193,104.248,95.83,107.981,99.533,100.36,1.026,109.236,98.991,100.786,101.854,105.044
3,489.54,103.546,1.074,97.529,101.806,93.931,107.981,109.942,118.324,1.012,101.129,111.399,100.569,99.208,107.43
3,489.95,114.597,1.024,113.986,112.95,107.699,96.219,99.369,111.69,0.973,100.914,101.364,98.689,93.672,112.682
3,490.001,112.89,1.043,112.791,104.511,103.821,92.371,97.686,114.837,1.105,108.612,106.899,104.614,105.855,99.832
3,490.609,102.173,1.059,114.835,110.326,100.381,97.72,96.519,104.177,0.954,103.146,104.841,106.828,102.548,100.806
3,490.686,101.219,1.002,108.611,110.275,105.69,95.388,112.504,106.351,1.027,106.101,105.242,108.188,102.618,102.19
3,491.13,116.137,1.051,115.323,106.345,99.807,103.752,106.758,112.472,1.051,101.091,109.862,96.529,104.3,98.534
3,492.65,100.221,0.958,98.958,114.051,103.904,108.063,98.726,108.199,0.981,101.323,109.57,108.397,95.287,108.192
3,493.092,100.879,1.032,104.036,105.271,96.28,103.262,104.774,117.338,0.997,108.231,106.87,100.458,107.238,105.268
3,494.101,101.668,1.098,101.11,106.436,109.389,93.457,95.438,110.666,1.012,99.864,114.566,94.725,104.118,112.222
3,494.45,101.668,1.119,104.159,98.14,94.605,99.591,97.781,116.81,1.025,102.904,99.212,94.045,102.607,105.796
3,495.059,117.755,0.975,99.159,100.467,94.615,105.888,111.242,100.671,1.063,97.701,112.241,96.726,92.743,107.237
3,495.543,109.823,1.085,110.407,99.572,102.379,104.007,98.602,108.379,1.065,100.446,97.544,93.032,98.176,98.783
