task_type,arrival_time,est_m1,est_m2,est_m3,est_m4,est_m5,est_m6,est_m7,est_m8,ext_m1-1,ext_m2-1,ext_m3-1,ext_m4-1,ext_m5-1,ext_m6-1,ext_m7-1,ext_m8-1
T7,0.01,5.32,4.97,116.84,25.41,156.22,4.92,11.71,28.87,4.99,5.23,114.02,25.9,159.43,5.34,10.24,27.6
T8,0.012,5.41,5.74,114.19,28.41,162.6,5.31,10.65,25.35,5.68,5.16,104.79,27.26,154.9,5.31,11.09,27.97
T2,0.022,5.22,4.91,111.38,26.54,147.76,5.85,9.94,28.28,4.95,5.15,112.55,25.76,152.68,5.13,10.17,26.24
T1,0.044,5.32,5.67,109.08,23.59,146.84,5.25,11.18,26.83,5.88,5.68,104.7,26.47,138.18,5.05,10.41,25.41
T2,0.062,4.89,5.34,109.85,27.96,167.64,5.71,10.13,27.04,5.36,5.26,107.35,27.78,151.77,5.62,9.98,27.9
T5,0.074,4.99,5.22,106.04,24.29,158.52,5.31,10.88,26.06,5.36,5.29,110.88,24.89,147.47,5.36,9.68,26.61
T1,0.086,5.57,4.86,110.76,23.44,146.9,5.91,10.71,23.92,5.35,4.97,102.08,25.0,152.88,5.19,9.96,24.65
T5,0.086,5.57,4.73,109.78,24.94,146.57,5.26,10.72,25.42,5.54,4.73,107.7,25.02,157.72,4.67,9.53,23.68
T3,0.095,4.94,5.44,101.69,28.4,150.53,5.65,9.44,26.55,4.98,5.68,94.42,28.42,154.14,5.82,9.38,25.13
T2,0.098,5.0,5.22,108.64,27.26,150.47,5.55,11.18,26.77,5.27,5.36,111.29,26.51,166.1,5.44,10.27,26.2
T2,0.107,4.96,5.7,110.69,29.81,146.63,5.94,10.87,25.51,5.26,5.56,102.31,29.56,165.32,5.84,10.95,26.71
T3,0.113,5.46,5.02,95.66,27.03,162.45,5.64,9.43,26.63,5.28,5.5,102.16,24.41,148.09,5.31,10.34,27.07
T10,0.117,5.27,5.62,95.56,27.46,165.32,5.1,10.7,24.73,5.34,5.32,96.18,28.69,168.83,5.11,11.24,25.55
T7,0.123,5.24,5.57,100.26,23.67,158.24,5.29,11.58,25.42,4.93,4.99,99.01,25.52,143.05,5.58,9.98,29.08
T8,0.13,5.77,5.33,99.17,25.19,154.56,5.45,11.48,25.2,5.5,5.47,98.62,26.98,168.03,4.98,11.7,28.74
T2,0.148,4.8,5.6,97.05,26.06,153.0,5.9,9.87,28.47,5.04,5.06,111.82,29.02,167.75,5.58,10.57,25.43
T6,0.152,5.16,5.08,108.58,23.65,143.4,5.37,10.75,28.05,5.42,4.98,105.82,26.05,143.16,5.11,10.3,27.1
T10,0.161,5.61,4.96,102.73,26.88,170.96,5.13,11.16,26.61,5.31,5.46,107.01,28.81,165.64,5.17,11.05,24.84
T5,0.171,5.24,5.22,109.67,25.59,151.22,5.4,9.61,25.69,5.13,5.19,110.5,23.59,162.4,5.44,9.57,27.12
T3,0.171,4.89,5.32,99.19,26.92,139.49,5.54,9.63,23.16,5.17,5.29,100.85,27.69,157.96,5.73,10.6,23.7
T5,0.223,5.52,4.88,102.64,25.19,151.49,5.09,9.79,26.7,5.72,4.89,99.14,26.65,151.06,4.84,10.14,24.26
T7,0.228,4.66,5.68,113.74,25.56,149.28,5.25,10.38,25.67,5.0,4.92,110.76,24.98,155.44,5.56,11.31,29.69
T6,0.24,5.01,5.33,113.59,25.93,145.91,5.7,10.33,28.1,5.2,5.74,103.7,25.85,141.44,4.9,11.84,27.48
T5,0.243,5.04,5.09,106.82,26.97,147.54,4.64,10.55,24.47,4.94,5.1,95.59,25.91,161.18,5.24,9.93,26.05
T4,0.249,4.99,5.62,110.66,29.38,162.82,5.26,10.14,25.74,4.86,5.12,101.69,26.6,165.41,5.94,11.36,25.54
T5,0.26,5.79,5.53,98.28,25.53,155.46,4.79,9.46,26.97,5.64,4.78,110.58,25.21,146.09,4.77,10.67,23.84
T2,0.277,4.78,5.56,109.17,26.52,155.97,5.01,10.93,25.05,4.8,5.75,105.25,27.05,154.33,5.39,9.97,26.08
T7,0.281,4.63,5.14,116.13,25.56,160.59,5.4,9.96,26.26,5.12,5.54,114.93,27.79,163.87,5.78,10.74,28.45
T6,0.295,4.73,5.72,97.45,26.88,153.44,5.51,11.24,25.9,5.17,5.37,111.56,26.16,163.2,5.75,10.44,27.22
T5,0.299,5.33,4.94,110.51,25.7,147.64,5.32,9.8,23.92,5.77,5.32,109.0,24.29,160.1,5.34,10.7,25.59
T3,0.317,5.48,5.14,109.59,24.03,140.73,5.36,10.02,23.79,5.19,5.76,95.0,27.84,153.19,5.24,10.62,24.84
T4,0.323,5.08,5.62,105.33,24.75,170.54,5.14,11.05,27.22,4.84,5.84,104.24,24.88,147.77,5.64,9.97,27.59
T4,0.328,5.49,5.45,95.8,27.28,161.17,5.85,10.49,25.81,5.44,5.01,109.73,25.47,165.4,5.25,10.98,26.5
T6,0.333,4.77,5.42,97.63,27.6,166.6,5.27,11.55,27.0,4.76,5.5,110.81,24.34,162.06,5.18,11.0,24.66
T8,0.339,5.19,4.96,115.89,25.49,156.24,5.53,10.03,28.71,4.97,5.68,111.98,26.52,158.44,5.09,11.05,26.44
T5,0.339,5.52,5.19,108.37,25.54,148.23,5.09,9.47,24.88,5.2,5.22,95.63,27.17,162.13,5.31,9.4,23.55
T3,0.352,4.82,5.36,109.39,24.24,162.04,5.8,10.22,23.8,5.28,5.81,104.88,27.52,137.27,5.08,9.64,23.93
T9,0.355,5.42,4.88,101.21,24.75,157.21,5.4,9.64,25.5,5.78,5.38,114.38,23.84,160.19,5.06,10.17,25.97
T1,0.356,5.49,5.24,110.26,27.31,144.44,5.48,10.22,23.96,5.68,5.53,107.12,23.49,157.78,5.34,10.32,26.04
T3,0.368,4.89,5.25,94.22,26.24,150.58,5.81,10.96,24.27,5.45,5.49,103.47,27.45,153.1,5.17,10.65,27.12
T3,0.371,5.55,5.72,102.79,27.27,161.12,5.43,9.98,26.85,5.23,5.26,103.5,24.36,137.86,5.87,9.41,23.73
T4,0.382,4.91,5.69,96.15,25.0,170.88,5.87,9.77,25.4,4.84,5.03,104.34,25.47,161.31,5.32,11.21,27.84
T2,0.383,5.16,5.55,106.21,27.84,170.73,5.89,9.59,26.02,5.34,5.6,97.12,29.22,154.78,5.01,10.29,25.05
T8,0.392,5.8,5.72,103.18,25.08,167.65,5.18,10.58,26.57,5.14,5.12,100.25,27.36,168.7,5.18,11.37,26.79
T9,0.405,5.77,4.91,110.26,24.88,150.92,5.08,10.77,27.72,5.75,5.07,98.13,23.82,141.48,5.4,9.75,28.28
T9,0.407,5.37,4.98,113.24,24.79,140.49,4.92,11.04,27.97,5.56,4.82,98.05,25.25,159.86,5.48,10.36,28.32
T7,0.423,5.06,5.57,105.21,24.41,144.03,5.16,11.15,25.58,4.79,5.1,111.58,26.57,155.25,5.74,10.26,27.65
T3,0.425,5.61,5.28,96.86,28.09,159.36,5.82,10.39,26.02,5.41,5.79,93.18,24.86,160.86,5.69,9.65,24.06
T3,0.452,5.66,5.87,96.03,24.78,152.81,5.12,9.89,25.62,5.0,5.33,110.59,28.13,139.12,5.34,10.2,24.02
T2,0.453,4.92,5.63,110.14,28.59,164.31,5.67,9.85,27.74,4.65,5.26,96.81,26.95,163.81,5.07,10.31,27.36
T10,0.46,5.24,4.9,94.72,27.1,150.61,4.82,10.72,26.69,4.87,5.3,104.82,27.81,157.5,5.19,11.34,28.63
T5,0.464,5.75,5.04,108.02,23.14,160.62,5.01,9.96,23.93,4.94,5.31,101.25,25.16,155.46,5.45,10.19,25.96
T7,0.47,5.37,5.55,104.44,24.07,158.18,5.78,11.66,26.68,4.79,5.5,116.8,24.02,156.25,5.74,11.61,27.12
T8,0.488,5.84,5.78,115.61,26.0,154.66,5.01,10.58,26.87,5.34,5.67,115.29,28.59,158.29,5.21,9.98,26.18
T3,0.494,5.72,5.17,94.32,25.44,161.01,5.48,9.96,26.32,5.61,5.15,94.84,27.1,143.97,5.49,10.24,23.06
T4,0.508,4.9,5.74,106.92,27.28,159.14,5.48,10.0,27.61,4.86,5.83,96.53,25.3,168.62,5.17,11.02,24.36
T6,0.509,4.74,5.02,110.81,26.51,165.26,5.56,10.49,26.97,4.7,5.52,107.28,27.31,158.65,5.26,11.87,27.37
T4,0.524,4.79,5.82,101.19,27.48,155.73,5.45,10.56,24.13,4.81,5.07,111.04,24.78,145.8,5.19,10.46,25.12
T4,0.53,5.26,5.49,112.08,27.19,145.75,5.16,11.51,25.18,5.36,5.43,109.0,28.68,161.21,5.78,10.08,27.75
T9,0.534,5.55,4.89,115.72,26.22,152.8,5.11,9.68,24.85,5.63,5.18,115.09,24.51,147.85,5.44,11.22,28.6
T10,0.563,5.13,5.04,97.17,28.4,162.62,5.56,11.06,26.85,5.44,5.27,107.6,26.51,169.27,4.88,11.25,26.48
T7,0.574,5.32,4.96,111.3,27.01,140.73,4.93,11.35,25.06,5.3,5.49,108.61,26.69,146.15,4.97,11.01,27.72
T8,0.578,5.78,5.34,100.24,25.06,152.9,5.45,11.71,28.03,5.34,5.71,114.19,26.12,150.72,4.83,11.45,27.19
T5,0.585,5.5,4.8,99.92,23.29,139.93,5.26,9.4,23.15,5.31,5.23,109.76,25.48,153.14,5.28,9.9,27.22
T1,0.601,5.54,5.32,98.12,25.92,143.8,5.55,9.9,26.21,5.72,5.08,101.3,27.11,155.71,5.53,11.29,26.98
T8,0.631,5.1,4.98,99.5,27.07,152.08,5.09,11.73,29.54,5.24,5.49,112.05,28.91,173.56,5.07,10.66,27.5
T5,0.631,5.46,4.71,95.19,23.49,138.91,5.38,10.75,26.48,5.75,5.36,103.44,25.19,149.43,4.86,9.49,23.47
T4,0.649,4.8,5.18,110.7,24.76,150.33,5.3,11.27,24.81,4.84,5.74,97.91,24.72,148.22,5.45,10.23,26.84
T8,0.701,4.97,5.47,100.16,25.27,171.65,4.97,11.05,27.26,5.46,5.01,98.86,26.18,174.25,5.01,9.98,26.31
T9,0.701,5.49,4.83,114.84,25.76,149.58,5.21,9.66,28.35,5.85,4.84,108.31,25.88,138.69,4.67,11.02,29.36
T6,0.743,5.53,5.13,98.64,24.86,165.92,5.45,11.62,28.53,4.99,5.56,112.51,27.81,143.46,5.51,10.8,24.14
T6,0.746,4.83,5.04,99.26,25.03,166.62,5.33,11.31,24.06,5.44,5.08,108.88,27.9,143.93,4.86,10.48,26.82
T2,0.747,5.18,5.52,104.48,26.83,166.93,5.91,10.37,25.52,4.8,5.71,106.47,27.65,170.9,5.36,11.2,25.09
T1,0.783,5.03,5.14,110.84,24.08,139.32,5.01,10.55,26.39,5.86,4.87,99.1,25.82,140.45,5.7,10.63,23.92
T1,0.789,5.36,4.96,115.0,24.08,150.43,5.77,10.87,26.37,5.94,5.03,97.44,25.48,153.35,4.99,10.21,24.59
T5,0.814,5.28,5.46,104.25,27.34,153.61,5.22,10.37,23.24,5.74,5.29,104.61,25.75,140.2,4.8,10.96,27.46
T1,0.818,5.7,4.88,98.55,27.33,143.27,5.26,11.55,26.77,5.16,5.47,101.84,24.66,150.98,5.67,10.77,23.23
T8,0.835,5.38,5.39,114.01,27.09,176.37,4.78,10.01,26.8,5.3,5.4,99.6,28.81,176.53,4.88,10.56,26.44
T2,0.846,5.42,5.38,108.6,28.05,148.17,5.3,11.0,25.71,5.48,5.52,96.32,29.75,147.04,5.78,11.21,25.45
T4,0.858,5.23,5.29,104.23,25.92,149.24,5.68,11.08,27.38,5.51,5.19,105.04,28.85,151.77,5.8,10.56,25.31
T8,0.866,5.3,5.01,112.24,27.1,168.96,4.74,11.38,29.13,5.32,5.38,115.79,27.21,166.44,5.49,10.2,25.44
T4,0.877,4.72,5.33,104.23,25.65,149.67,5.73,11.25,26.17,5.33,5.46,104.4,27.24,149.32,5.19,10.18,25.78
T4,0.879,4.85,5.46,102.68,25.06,144.76,5.05,10.62,28.49,5.36,5.69,109.35,27.97,145.76,5.91,11.46,26.24
T9,0.886,5.38,4.93,115.38,26.02,162.66,5.2,10.99,28.3,5.69,4.84,98.15,25.63,160.61,5.53,11.36,26.89
T1,0.889,5.54,4.86,98.35,24.59,155.98,5.39,11.42,25.34,5.65,5.34,111.03,26.65,138.62,5.15,10.21,25.24
T1,0.898,5.05,5.62,99.8,24.28,157.14,5.11,9.83,24.62,5.78,5.34,106.06,26.73,157.33,5.1,9.89,25.21
T9,0.924,5.04,5.62,106.62,26.68,155.1,4.86,11.11,28.65,5.64,5.39,107.96,26.67,155.66,4.96,10.62,28.07
T9,0.95,5.21,4.92,106.19,23.58,147.06,5.08,11.27,28.33,5.36,5.49,99.05,27.23,149.37,4.94,10.9,28.84
T10,0.953,5.1,5.46,105.93,26.99,167.09,5.52,11.65,24.16,4.96,5.41,95.87,27.02,151.16,5.49,10.24,25.02
T9,0.96,5.56,5.53,103.64,26.06,159.95,5.15,10.61,26.34,4.97,4.82,111.2,23.46,138.63,5.4,10.27,28.98
T3,0.961,5.71,5.73,108.22,28.35,153.76,5.8,9.46,27.0,5.1,5.72,95.16,28.39,138.22,5.22,9.29,27.27
T4,0.969,5.29,5.83,99.03,26.47,155.32,5.82,10.04,28.21,4.71,5.2,105.64,28.23,150.02,5.25,10.2,26.43
T10,0.974,5.06,5.78,110.0,24.9,151.06,5.43,11.35,26.79,5.66,5.09,109.95,25.04,156.91,5.45,10.72,26.35
T3,0.989,5.36,5.18,107.22,24.0,152.42,5.59,10.78,25.73,4.98,5.66,104.06,25.08,153.98,5.79,10.11,24.44
T6,0.993,4.78,5.61,107.32,27.14,158.67,4.86,10.76,24.72,4.91,4.83,112.23,24.1,151.76,5.7,10.97,27.49
T3,0.997,5.32,5.38,100.19,24.07,145.27,5.88,10.55,23.72,5.46,5.38,97.33,24.76,155.32,5.36,10.07,25.06
T6,0.999,4.67,5.12,113.66,25.63,159.6,5.51,11.36,25.89,5.42,4.86,100.42,23.98,157.08,5.19,10.99,24.55
T9,1.012,5.61,5.62,100.13,25.5,156.08,5.52,11.08,25.94,5.42,5.63,107.12,26.16,153.23,4.94,10.06,25.22
T6,1.019,4.92,5.19,104.81,24.19,152.6,5.4,10.57,26.97,5.08,5.25,102.23,26.7,165.54,5.38,10.96,24.12
T6,1.027,5.08,5.73,104.47,26.05,150.33,5.24,10.04,27.3,4.9,5.23,105.15,27.42,159.46,5.06,11.46,25.63
T1,1.052,5.71,5.13,108.75,26.23,141.38,5.11,10.47,27.19,5.95,4.82,107.1,25.59,160.91,5.7,11.09,25.52
T10,1.056,4.96,5.23,104.82,25.69,166.57,4.97,11.11,26.3,5.18,5.47,93.55,25.2,162.78,5.46,9.97,25.24
T8,1.059,5.06,5.76,112.3,25.93,159.35,4.88,11.63,25.5,4.99,5.05,109.7,28.17,162.05,5.31,10.64,27.5
T6,1.088,5.08,5.26,112.71,25.49,156.63,5.63,10.74,27.75,5.03,5.7,96.2,25.22,145.92,5.24,10.49,24.15
T1,1.103,5.36,5.06,109.5,23.35,156.54,5.83,10.86,24.19,5.9,4.91,111.78,27.24,153.31,5.76,11.24,23.71
T3,1.108,5.29,5.47,95.22,26.72,140.29,5.02,9.3,26.73,5.16,5.26,107.97,26.58,153.68,5.84,9.44,24.28
T10,1.112,5.18,5.7,110.05,26.81,153.68,4.82,10.51,24.86,4.87,5.34,109.24,28.49,156.34,5.62,10.37,24.56
T5,1.116,5.56,5.35,100.9,26.74,139.75,4.88,9.6,23.42,5.08,5.09,97.64,24.86,153.05,5.17,10.62,23.23
T4,1.128,5.01,5.1,98.6,26.47,163.55,5.34,11.26,25.04,4.92,5.64,100.38,24.79,164.9,5.11,10.67,27.83
T7,1.143,5.09,5.02,115.57,24.79,159.62,5.02,10.97,25.44,5.35,5.33,113.19,24.21,163.66,5.83,10.18,29.53
T5,1.143,5.31,5.2,107.75,23.05,158.93,4.63,9.96,23.68,5.5,5.29,96.86,24.94,148.4,4.66,10.98,26.14
T8,1.151,5.04,4.93,110.0,24.88,174.57,5.4,11.26,29.1,5.48,4.91,100.74,28.23,160.08,4.82,10.89,27.94
T9,1.151,5.61,4.79,97.92,26.33,149.14,5.14,9.64,28.0,5.09,5.03,109.61,23.8,157.87,5.04,10.85,28.12
T4,1.152,5.16,5.79,112.86,26.38,144.58,5.11,11.09,26.78,5.49,5.26,105.22,25.33,148.36,5.24,11.12,28.14
T1,1.161,5.23,5.45,112.8,26.43,149.47,5.13,10.59,27.12,5.3,5.13,100.24,25.04,155.62,5.76,10.04,24.02
T10,1.185,5.47,5.44,100.08,27.37,151.06,5.01,10.89,25.01,5.28,4.89,95.43,27.5,167.63,5.0,11.58,25.68
T3,1.205,5.44,5.26,106.99,26.06,144.13,5.94,9.6,25.9,5.65,5.89,93.58,24.78,162.46,5.93,9.7,27.25
T9,1.208,5.49,5.27,99.68,26.42,159.86,5.33,10.88,28.64,5.79,5.5,103.85,25.83,138.5,5.47,10.88,25.34
T6,1.212,4.99,5.39,101.57,25.65,166.41,5.52,11.44,25.07,4.99,4.96,105.22,25.72,151.97,4.98,10.8,28.11
T4,1.217,4.96,5.69,111.84,28.01,166.7,5.9,10.0,28.43,4.71,5.81,106.93,28.28,146.81,5.46,10.87,26.68
T3,1.237,5.57,5.5,98.76,27.41,147.34,5.25,10.79,23.98,4.86,5.32,94.39,27.93,143.41,5.75,10.88,24.74
T4,1.261,4.73,5.86,102.06,28.28,169.24,5.11,11.07,27.36,4.7,5.45,95.65,25.43,170.8,5.59,11.13,24.37
T10,1.269,5.26,5.11,93.33,28.45,164.19,5.21,10.47,25.14,5.41,5.5,95.49,28.22,150.43,4.85,10.32,26.85
T9,1.277,5.38,5.15,102.67,25.41,160.48,4.71,11.26,28.54,5.17,5.28,113.48,25.96,138.63,4.76,10.54,26.13
T6,1.278,5.07,4.92,100.31,23.97,151.4,4.92,11.47,24.94,4.78,5.47,99.03,24.83,140.78,5.67,11.08,25.81
T6,1.28,5.12,5.17,98.18,27.91,153.58,5.32,10.98,25.16,5.15,5.7,104.82,27.92,146.03,5.44,10.91,28.23
T6,1.287,5.48,5.16,110.22,25.67,156.34,4.97,11.75,25.04,5.19,5.46,99.61,25.2,164.04,5.28,10.99,24.69
T3,1.3,5.34,5.51,101.79,27.21,142.05,5.92,9.82,26.6,4.86,5.5,110.64,24.49,148.01,5.66,9.39,25.67
T1,1.307,5.64,4.84,105.25,26.27,137.78,5.65,10.21,26.53,5.49,5.05,112.36,23.53,157.22,5.16,11.49,26.36
T3,1.312,5.23,5.52,96.0,27.93,147.44,5.9,10.58,24.93,5.56,5.64,104.04,28.1,142.39,5.25,10.06,26.07
T3,1.32,5.04,5.05,95.6,26.85,156.57,5.94,10.83,24.07,5.72,5.26,104.19,28.22,143.37,5.49,10.91,23.06
T2,1.333,5.44,4.95,103.14,26.53,148.53,5.42,10.04,27.82,4.9,5.47,107.29,28.87,152.54,5.77,9.55,26.58
T2,1.34,4.96,4.9,102.63,25.44,145.27,5.69,9.68,25.48,5.33,5.64,107.97,27.34,163.56,5.59,9.73,25.24
T6,1.343,5.2,5.61,99.2,24.68,145.54,5.69,11.79,25.76,5.22,5.23,108.29,27.04,146.45,5.4,11.73,24.03
T5,1.349,5.7,5.09,105.23,23.74,147.39,5.24,9.28,24.9,5.27,5.33,102.78,25.34,155.88,4.79,9.3,23.27
T4,1.36,4.83,5.79,97.29,26.66,168.73,5.39,10.58,25.42,5.06,5.57,104.22,25.26,155.4,5.53,10.6,25.4
T6,1.367,4.76,4.85,98.26,26.33,165.5,4.84,10.85,24.27,4.82,5.73,100.81,26.78,141.6,5.1,11.02,25.38
T2,1.382,4.74,5.64,96.97,25.22,156.72,5.42,10.36,25.43,4.63,5.75,113.58,25.12,155.22,5.72,10.43,25.68
T1,1.391,5.78,5.42,105.82,26.39,139.32,5.39,11.21,27.1,5.77,5.35,111.4,26.1,146.92,5.6,10.14,24.11
T5,1.415,4.93,4.85,108.04,26.49,154.36,4.79,9.61,25.31,5.06,5.33,105.18,24.52,155.67,4.86,9.83,23.42
T2,1.419,4.88,5.54,98.02,29.66,154.82,5.85,10.26,27.64,4.68,5.45,97.58,28.91,171.59,5.23,11.09,28.24
T1,1.419,5.85,4.87,112.35,24.8,144.22,5.85,9.86,26.64,5.81,5.42,108.96,24.89,138.18,5.21,10.61,27.4
T4,1.427,5.56,5.5,98.74,25.87,151.71,5.59,11.01,24.87,5.02,5.56,99.7,25.45,168.83,5.43,11.26,27.9
T10,1.458,5.25,5.68,105.03,25.78,150.43,5.51,11.4,27.32,5.07,5.35,105.8,27.3,159.29,4.9,10.0,28.6
T9,1.478,5.5,5.15,102.12,24.28,156.62,4.68,9.9,26.63,5.37,5.64,106.84,26.87,151.4,4.86,10.35,25.22
T1,1.498,5.61,4.82,108.18,26.38,150.35,5.73,10.73,26.58,5.17,5.39,108.55,27.32,154.24,5.44,11.42,26.54
T1,1.514,5.07,5.42,113.53,26.42,139.56,5.91,10.58,24.26,5.3,5.58,113.55,23.99,151.8,5.89,10.58,23.3
T10,1.517,5.49,5.55,103.2,24.93,167.38,5.65,10.85,27.05,5.27,4.93,104.94,25.13,163.14,5.2,10.85,28.05
T7,1.531,4.77,5.57,109.94,24.4,156.24,5.46,10.04,26.22,4.8,5.55,111.37,25.14,159.89,5.8,11.29,26.75
T6,1.533,5.32,4.85,111.28,24.74,160.74,5.22,10.83,24.14,5.42,4.93,106.66,23.62,153.27,5.2,10.41,28.36
T4,1.538,5.34,5.42,102.22,24.8,161.29,5.7,10.02,25.48,4.91,5.48,113.16,28.0,149.15,5.28,11.18,24.3
T2,1.543,5.35,5.34,113.56,28.65,153.4,5.58,9.54,27.77,4.94,5.28,102.91,28.16,150.82,5.89,10.41,25.61
T6,1.549,4.73,4.98,109.22,25.69,147.41,5.42,11.87,27.64,5.18,5.72,101.26,27.9,153.88,5.38,11.35,27.72
T3,1.551,5.52,5.53,102.87,24.11,137.98,5.02,9.41,25.55,5.02,5.89,107.76,25.24,147.29,5.32,9.42,23.22
T4,1.571,4.7,5.65,96.46,25.44,161.3,5.64,11.34,27.6,4.93,5.62,106.81,26.15,145.38,5.15,11.51,28.2
T1,1.573,5.22,4.88,104.35,27.32,153.17,5.79,10.91,26.15,5.87,5.06,102.62,25.55,152.7,5.13,10.47,26.1
T4,1.575,5.07,5.45,103.83,27.59,148.22,5.15,10.41,28.48,5.44,5.08,103.39,27.06,166.17,5.16,11.33,25.1
T7,1.576,5.44,4.92,104.44,26.98,145.71,5.51,11.02,29.21,4.64,5.14,113.71,25.18,147.1,5.08,10.25,25.42
T7,1.592,5.15,5.32,99.29,25.41,162.45,5.75,10.75,28.71,4.59,4.89,116.98,25.02,146.14,5.74,11.01,28.57
T10,1.602,4.82,5.08,94.7,27.81,167.63,5.62,10.16,25.5,5.11,5.31,106.06,26.7,171.56,5.31,10.34,25.78
T9,1.606,5.32,5.33,98.72,24.94,140.51,5.13,10.95,27.5,5.14,5.13,99.44,23.98,162.95,5.29,10.38,28.5
T1,1.636,5.71,5.02,106.25,26.41,158.74,5.2,10.71,26.76,5.8,5.5,97.57,24.67,149.72,4.99,11.18,24.76
T10,1.64,5.33,5.44,106.01,26.51,151.77,5.46,10.56,28.24,5.63,4.88,102.2,27.89,158.49,5.16,10.3,26.17
T6,1.688,5.35,5.48,100.8,25.26,143.17,5.5,11.06,24.51,5.53,5.13,96.36,25.82,140.34,5.6,10.48,25.3
T7,1.691,4.71,4.91,112.95,24.99,161.89,5.41,10.6,25.61,5.13,5.52,103.49,27.1,151.91,5.62,10.88,28.75
T3,1.709,4.88,5.78,101.63,25.11,152.1,5.73,9.83,25.8,5.67,5.66,106.47,28.28,153.19,5.2,10.06,23.28
T6,1.72,5.27,5.46,114.0,27.49,165.62,5.38,11.71,27.0,5.31,4.92,106.25,27.88,153.58,5.0,11.37,27.3
T7,1.734,4.99,5.08,113.78,24.77,147.68,5.76,11.52,28.14,5.4,5.52,116.09,25.2,153.47,4.91,10.58,29.66
T5,1.745,5.61,5.3,93.67,25.0,155.7,4.93,9.69,24.3,5.74,4.77,110.6,23.21,156.95,5.35,9.73,26.04
T1,1.762,5.1,5.2,115.09,24.87,160.98,5.44,11.1,24.98,5.84,5.16,97.44,27.14,159.05,5.18,11.15,25.37
T9,1.763,5.51,5.22,99.19,23.5,153.79,5.32,10.22,29.13,5.85,5.26,114.95,25.36,150.76,4.99,10.0,25.26
T9,1.774,5.51,4.88,108.85,24.34,156.18,5.11,10.58,27.74,5.31,4.93,109.01,23.46,144.31,5.41,11.14,25.46
T4,1.792,5.34,5.83,111.31,26.84,155.68,5.91,11.25,28.15,4.72,5.26,112.6,28.73,160.97,5.19,10.72,24.24
T2,1.792,5.02,5.67,98.87,29.08,155.69,5.18,10.45,24.63,5.46,5.59,103.5,29.15,153.65,5.74,10.03,26.64
T5,1.799,5.84,5.26,107.55,23.49,140.78,5.36,9.52,26.42,5.28,5.22,109.39,24.25,149.38,4.62,9.69,25.98
T2,1.801,5.1,5.5,99.38,27.09,166.48,5.15,9.91,26.42,4.76,5.51,99.14,25.12,164.89,5.16,10.38,27.43
T4,1.802,5.14,5.86,98.05,27.55,145.64,5.89,11.49,26.03,5.29,5.08,104.13,25.8,156.32,5.53,10.49,25.14
T2,1.807,5.4,5.09,105.59,27.03,146.83,5.93,10.55,27.56,5.24,5.74,111.29,29.79,160.07,5.44,10.66,28.99
T5,1.833,5.82,5.52,101.96,24.83,139.11,4.72,9.59,24.32,5.07,4.99,93.81,26.69,159.54,5.47,10.91,24.66
T7,1.834,4.73,5.72,109.72,24.65,155.28,5.78,11.16,27.28,5.38,5.47,106.44,24.4,158.99,5.55,11.03,28.14
T8,1.841,5.36,5.3,109.8,28.55,155.46,4.97,10.25,25.59,5.47,5.67,115.91,26.39,164.34,5.36,10.24,28.71
T8,1.856,5.47,4.92,102.55,26.81,159.94,5.46,10.74,26.03,5.67,5.01,104.92,28.73,157.58,5.25,10.08,28.82
T9,1.861,4.99,5.4,102.88,23.74,148.01,5.15,10.33,26.38,5.58,5.02,112.59,26.94,149.93,5.32,10.9,26.84
T5,1.874,5.78,5.3,105.48,26.06,149.55,4.71,9.63,24.54,5.02,5.2,105.02,25.35,161.39,4.76,11.0,24.3
T8,1.883,5.51,5.45,109.87,26.84,173.33,5.43,11.45,28.86,5.67,4.98,106.3,27.06,155.44,4.87,11.24,28.17
T10,1.886,5.51,5.43,94.92,29.35,163.66,5.53,10.58,28.04,4.92,5.74,94.78,27.14,153.27,5.09,10.77,24.49
T3,1.893,4.93,5.68,99.3,26.03,161.78,5.71,9.7,25.97,5.1,5.49,107.64,27.36,139.31,5.29,10.45,25.3
T2,1.894,5.27,5.35,113.86,29.31,163.56,5.6,10.31,26.21,5.07,4.93,99.36,28.98,165.22,5.0,10.73,26.35
T4,1.941,4.91,5.03,100.16,28.63,158.22,5.12,10.63,24.24,4.88,5.22,104.0,27.39,160.16,5.52,9.76,27.72
T9,1.956,5.73,5.37,105.94,25.71,140.34,5.39,11.1,28.05,5.62,4.92,113.42,23.34,161.4,5.3,10.3,25.68
T10,1.961,5.66,5.11,105.12,27.22,156.61,5.2,11.32,25.58,5.49,5.05,98.99,26.76,161.85,5.43,10.7,25.17
T9,1.965,5.36,5.24,104.99,23.43,146.77,5.45,9.96,28.8,5.54,5.32,111.24,27.23,145.82,4.8,9.63,26.51
T5,1.973,5.38,4.88,93.72,24.53,150.99,4.85,9.42,24.98,5.28,5.18,101.96,23.57,137.63,5.3,10.72,23.74
T5,1.98,5.02,5.01,105.64,23.78,145.46,5.02,9.54,25.27,5.24,5.33,104.99,26.57,150.05,5.41,9.54,24.04
T5,1.981,5.67,4.72,110.05,25.35,138.96,5.47,9.57,26.59,5.55,5.49,94.08,23.33,140.48,5.2,10.83,27.01
T10,1.991,5.56,5.01,106.01,25.49,158.79,4.89,10.71,25.85,5.09,5.16,97.65,28.11,152.1,5.15,10.57,25.98
T2,2.005,4.86,4.97,102.13,28.57,157.55,5.6,11.06,27.21,5.4,5.14,100.38,26.19,159.68,5.13,10.92,25.62
T2,2.006,5.15,5.36,108.6,29.22,152.95,5.44,9.76,26.43,4.71,5.31,112.07,25.9,149.98,5.22,11.01,28.37
T7,2.017,5.21,5.12,99.42,25.27,153.93,5.4,11.77,25.28,4.86,5.36,111.56,26.45,139.23,5.78,11.67,29.62
T6,2.018,5.33,5.05,106.39,23.77,162.12,5.68,11.02,25.66,5.11,5.46,110.0,27.7,144.7,5.5,11.89,25.22
T5,2.035,4.99,5.02,100.98,23.93,151.29,4.69,10.06,26.51,5.36,5.46,101.22,27.02,153.48,4.99,9.93,24.56
T7,2.037,5.33,4.82,108.59,27.61,162.53,5.06,10.76,29.18,5.12,5.54,116.13,27.86,152.78,5.38,9.98,25.38
T2,2.061,5.48,5.54,106.56,28.29,152.91,5.0,9.5,28.74,5.34,5.4,103.95,26.24,164.14,5.87,10.98,26.45
T3,2.062,5.47,5.76,97.37,26.54,140.15,5.35,10.04,24.56,4.89,5.1,103.33,25.0,149.39,5.89,9.54,24.45
T1,2.071,5.25,5.16,100.5,26.7,144.44,5.5,11.18,23.35,5.95,4.99,107.08,26.59,148.07,5.36,11.38,27.25
T4,2.085,4.95,5.41,112.51,24.76,156.72,5.43,10.98,27.66,5.38,5.03,99.7,27.72,166.1,5.52,10.96,24.98
T10,2.093,5.11,5.18,108.46,27.65,177.53,4.98,11.5,26.59,5.52,5.23,101.49,28.49,160.51,4.92,11.4,26.71
T7,2.103,4.89,5.11,107.28,25.69,139.0,5.79,10.46,25.04,4.89,5.4,109.92,24.67,144.35,5.4,11.62,28.17
T2,2.111,5.31,5.76,107.33,28.21,151.41,5.11,9.66,29.16,4.68,4.95,100.5,28.8,151.21,5.15,10.12,26.64
T2,2.119,5.06,5.47,111.63,25.32,169.17,5.36,9.86,27.39,5.44,4.92,103.95,26.37,146.47,5.57,10.94,25.74
T9,2.135,5.37,5.64,111.36,23.7,156.62,5.36,11.04,27.4,5.81,5.5,102.1,23.99,163.04,5.13,11.33,27.57
T9,2.141,5.56,4.94,115.74,23.73,141.22,5.49,10.27,29.37,5.6,5.24,105.63,25.76,156.15,5.05,10.26,25.66
T7,2.145,4.81,4.97,110.57,25.21,157.58,5.42,10.83,28.39,4.97,5.29,100.44,25.94,140.98,5.45,11.66,29.69
T10,2.16,4.88,5.66,108.31,27.05,150.1,5.63,11.06,26.9,5.08,5.42,94.56,25.82,166.11,5.58,10.76,26.28
T4,2.168,4.85,5.34,112.65,28.58,155.12,5.86,11.31,26.51,4.78,5.26,96.44,27.55,157.34,5.43,11.23,26.99
T1,2.169,5.41,5.28,111.78,27.62,139.32,5.72,11.52,27.28,5.27,5.58,114.91,24.03,145.7,5.0,10.94,26.13
T10,2.17,5.07,5.38,97.09,26.84,174.13,5.66,10.01,24.62,5.61,5.46,93.2,25.74,149.83,5.21,9.98,26.82
T4,2.189,4.95,5.67,101.46,24.75,164.5,5.65,11.5,27.92,5.22,5.74,105.25,26.23,165.29,5.35,11.37,24.44
T4,2.195,5.41,5.69,106.66,28.73,158.94,5.04,11.36,26.17,4.7,5.26,113.35,26.94,164.55,5.67,11.4,28.06
T9,2.195,5.11,4.82,106.46,24.49,144.54,5.21,10.89,28.48,5.51,5.48,104.26,25.12,159.75,4.74,9.66,26.88
T1,2.223,5.27,4.82,98.24,27.21,142.79,5.73,10.99,23.67,5.57,5.57,110.6,26.18,140.32,5.85,9.78,25.58
T6,2.234,4.71,5.5,101.2,25.76,146.55,4.96,10.88,27.03,5.08,5.63,99.0,27.35,159.28,5.22,11.11,26.78
T8,2.246,5.72,4.94,112.68,24.95,176.37,5.43,10.9,29.46,5.29,5.69,112.95,24.54,156.89,4.96,10.15,25.78
T7,2.251,5.22,5.18,103.24,26.91,145.41,5.42,10.41,29.28,4.64,5.65,104.58,24.19,153.02,5.4,11.01,28.51
T2,2.266,5.17,5.76,112.49,28.72,159.01,5.85,10.46,25.69,5.27,5.65,99.01,28.82,151.26,5.46,10.32,27.79
T7,2.281,5.14,5.01,112.57,26.27,150.43,5.12,11.22,28.46,5.12,5.66,116.35,27.24,160.15,5.82,10.74,26.97
T2,2.287,5.35,5.47,101.26,25.61,148.27,5.33,10.18,27.35,5.43,5.5,108.3,29.3,155.94,5.01,10.08,25.09
T9,2.294,5.33,5.32,113.56,25.95,151.69,5.38,9.64,25.11,5.47,5.12,102.17,24.87,144.92,5.1,10.82,28.16
T4,2.3,5.11,5.76,108.46,27.26,144.87,5.04,11.35,26.42,5.07,5.57,110.98,28.16,160.7,5.35,9.88,27.97
T6,2.329,5.44,5.69,107.46,24.34,156.05,5.24,11.24,26.17,5.54,4.91,101.96,23.73,152.27,5.68,11.37,27.12
T2,2.35,5.14,5.18,107.13,29.74,169.63,5.33,11.04,27.68,5.0,5.15,109.31,26.35,162.14,5.31,10.84,25.26
T9,2.431,5.52,4.78,100.27,26.04,141.32,4.99,11.26,28.09,5.75,4.82,103.36,25.72,144.76,4.8,9.96,25.68
T10,2.439,5.42,5.09,106.62,25.11,163.64,5.58,10.13,25.57,4.81,5.41,95.79,27.73,173.8,5.46,11.68,26.69
T7,2.444,4.6,5.05,103.24,25.39,143.77,5.8,11.31,27.97,4.61,5.55,106.45,26.54,154.34,5.46,11.02,27.4
T1,2.447,5.56,5.04,98.07,23.49,150.0,5.19,9.87,23.49,5.24,5.06,115.7,26.74,159.91,5.82,10.16,24.23
T2,2.455,5.16,5.0,108.31,27.25,169.12,5.3,11.01,26.87,4.63,4.87,99.79,29.0,147.79,5.39,11.23,26.61
T2,2.456,4.68,4.86,100.58,25.91,154.74,5.76,10.71,24.96,5.21,5.64,98.52,28.94,170.24,5.91,10.24,25.1
T2,2.463,5.23,5.19,112.37,26.71,161.4,5.55,11.23,25.2,4.71,5.06,112.55,29.3,163.2,5.72,10.67,26.42
T6,2.48,5.15,5.7,113.96,24.39,165.36,4.9,11.38,28.44,4.88,5.64,114.13,27.81,163.49,5.2,10.74,28.34
T5,2.48,5.13,5.3,106.79,27.1,159.13,5.25,9.93,24.48,5.45,5.42,93.58,27.17,143.15,4.84,10.39,26.52
T6,2.484,5.54,5.66,105.56,23.66,156.44,5.28,10.09,24.2,5.52,5.65,100.52,27.02,156.54,4.91,11.66,27.76
T1,2.486,5.09,5.03,112.57,25.91,141.5,5.12,10.74,24.29,5.43,5.64,105.99,24.24,157.36,5.1,11.34,26.12
T8,2.513,5.74,5.01,106.09,28.07,169.03,5.46,11.26,26.67,5.31,5.64,107.65,27.08,159.25,4.79,10.95,27.18
T7,2.517,4.85,4.97,114.82,27.02,148.75,4.91,10.12,25.25,4.97,5.11,110.23,25.07,160.66,4.97,10.84,27.85
T3,2.532,5.63,5.24,107.22,26.55,138.48,5.03,9.78,26.01,5.31,5.74,109.9,27.68,150.36,5.78,10.94,27.28
T9,2.556,5.51,5.29,102.17,25.74,155.1,5.46,10.32,24.83,5.51,5.63,113.22,23.91,149.81,4.69,11.17,28.38
T9,2.585,5.2,4.98,113.44,26.24,152.42,4.72,9.9,27.28,5.6,4.97,108.74,26.69,161.39,5.15,11.14,28.32
T10,2.597,5.42,5.61,101.55,29.2,154.77,5.62,11.29,25.66,5.68,4.91,93.56,27.49,169.89,5.31,11.56,28.04
T8,2.599,5.09,5.69,103.92,25.12,161.92,4.98,10.38,27.6,5.64,4.97,108.04,26.3,163.36,4.7,11.69,27.1
T2,2.601,5.41,5.31,97.84,27.72,151.44,5.37,11.04,26.39,5.14,5.34,100.52,26.1,153.15,5.9,10.24,28.67
T5,2.604,5.28,5.53,100.24,23.78,152.49,4.68,9.36,25.89,4.92,5.3,95.68,24.07,140.43,5.27,10.27,27.53
T2,2.618,4.72,5.59,112.29,27.66,169.88,5.31,10.27,24.99,5.36,5.11,96.42,26.48,158.03,5.1,9.99,28.79
T3,2.618,4.82,5.51,103.41,25.67,161.28,5.06,9.63,23.91,5.47,5.05,101.4,25.85,145.52,5.16,10.56,23.46
T6,2.638,5.37,5.46,108.5,27.24,163.38,4.89,11.13,26.47,5.32,5.28,98.54,24.46,147.09,4.86,11.51,24.26
T8,2.643,5.4,5.56,112.92,28.32,167.86,5.19,10.24,25.5,5.76,5.03,114.52,28.26,161.97,5.39,10.31,26.9
T7,2.647,5.19,5.26,100.8,26.34,158.61,5.03,10.95,25.17,5.35,5.13,105.02,26.27,142.02,5.68,10.84,25.88
T7,2.651,5.11,5.7,114.98,27.75,156.33,5.21,10.09,27.8,5.43,5.11,107.86,27.91,146.15,5.59,10.7,28.6
T10,2.655,5.56,4.91,105.76,27.97,168.71,5.11,10.75,27.08,5.43,5.16,99.71,25.72,176.72,5.3,11.71,26.06
T4,2.658,5.2,5.33,108.68,27.48,148.48,5.44,10.94,24.56,4.7,5.82,96.29,25.25,150.99,5.77,11.51,25.02
T8,2.67,5.72,5.72,115.38,28.4,172.78,4.8,11.21,28.25,5.8,5.28,112.87,25.37,156.93,5.42,11.45,25.96
T5,2.671,5.13,4.77,103.97,26.01,150.06,4.92,9.84,25.56,4.98,5.13,104.36,26.88,141.13,4.94,9.57,23.33
T9,2.674,5.76,4.97,112.25,23.18,143.89,4.97,10.27,26.64,5.37,5.54,107.49,23.72,148.4,4.97,10.18,28.43
T2,2.694,5.11,5.46,102.56,29.09,144.92,5.05,10.33,27.53,5.46,5.6,101.52,26.0,146.19,5.02,9.94,24.61
T9,2.727,5.57,5.53,100.4,26.76,151.69,5.47,10.07,28.59,5.41,4.97,112.19,25.51,163.12,4.76,9.61,28.78
T10,2.768,5.57,5.15,99.59,28.51,160.92,5.34,11.05,24.76,5.26,5.04,99.74,28.39,170.67,5.44,10.91,27.88
T4,2.773,5.36,5.56,101.67,27.24,166.62,5.19,11.58,26.32,4.93,5.76,108.99,24.84,149.98,5.07,10.75,24.56
T5,2.774,5.84,5.1,94.78,23.67,159.98,4.86,10.97,27.26,5.48,5.53,107.98,24.5,159.04,4.86,10.06,25.33
T3,2.786,5.01,5.7,105.55,26.89,155.34,5.12,10.92,25.1,5.48,5.94,107.44,24.5,149.85,5.85,10.07,26.45
T5,2.807,4.99,5.52,98.63,26.46,146.15,5.01,9.82,25.0,5.39,5.28,105.87,24.16,155.48,4.8,10.83,26.38
T2,2.807,5.45,5.14,107.56,25.67,156.95,5.28,9.55,26.53,4.68,5.11,101.06,25.79,165.23,5.3,10.08,28.04
T7,2.81,5.24,4.9,113.24,27.42,153.09,5.34,10.45,25.72,4.81,5.18,116.2,24.21,158.16,5.12,11.26,26.99
T3,2.841,5.51,5.54,98.01,26.6,157.19,5.77,11.0,27.22,5.64,5.9,101.4,27.58,140.92,5.72,9.73,23.44
T3,2.844,5.5,5.28,110.01,25.23,160.4,5.41,10.06,23.37,5.63,5.74,102.77,24.31,146.1,5.38,10.08,23.56
T7,2.858,5.02,5.14,107.95,24.76,147.2,5.13,11.77,25.28,5.28,5.32,106.71,24.99,146.77,5.49,10.42,25.65
T5,2.864,5.68,4.85,93.4,25.39,152.07,4.89,10.7,24.26,5.5,5.11,110.6,24.04,139.38,5.07,10.53,27.14
T5,2.866,4.96,5.36,109.11,24.43,145.58,5.44,10.9,27.25,5.37,5.31,102.95,25.48,148.02,4.94,9.82,23.4
T6,2.871,5.33,5.13,97.5,27.98,152.91,5.0,11.51,24.53,5.39,5.24,113.94,24.51,141.75,5.28,11.11,26.89
T2,2.88,5.43,5.5,102.43,27.7,168.48,5.29,10.27,26.71,5.45,5.48,110.9,26.48,165.29,5.2,9.77,24.73
T7,2.885,4.91,5.19,105.13,27.56,156.83,5.77,11.36,25.7,5.4,5.47,115.02,26.65,146.55,5.56,11.58,28.96
T1,2.892,5.92,4.97,100.38,24.51,156.43,5.11,10.85,23.52,5.89,4.88,104.34,27.16,144.5,5.51,10.81,24.06
T3,2.904,5.46,5.19,102.94,28.27,148.07,5.04,9.89,25.36,4.9,5.21,100.71,25.32,156.57,5.25,10.16,24.3
T10,2.911,5.47,5.72,99.19,25.24,178.03,4.99,11.0,25.58,5.11,5.53,103.95,29.28,155.26,5.64,10.41,24.92
T3,2.915,5.01,5.09,101.5,26.27,154.82,5.92,9.4,26.33,5.23,5.22,105.17,25.39,137.5,5.35,9.39,26.06
T6,2.928,5.53,4.91,104.68,27.56,143.64,5.09,11.13,27.83,4.92,5.33,99.53,27.42,143.93,5.38,10.83,26.68
T8,2.937,5.82,4.93,114.85,28.41,161.07,5.08,11.05,27.9,5.3,5.58,110.95,25.62,167.7,5.32,10.08,27.5
T2,2.954,5.04,4.98,108.5,28.59,144.85,5.28,10.62,25.9,4.72,5.54,110.58,28.86,163.41,5.51,11.17,28.56
T9,2.963,5.8,5.31,113.19,26.22,160.09,4.87,10.83,25.32,5.14,5.24,108.62,25.57,152.09,5.13,11.15,27.52
T10,2.985,5.56,5.75,97.37,25.84,166.15,4.93,10.33,26.41,5.57,5.11,102.49,27.15,152.75,5.56,10.18,25.53
T9,2.993,5.46,4.76,105.77,25.14,140.83,5.06,10.65,27.97,5.48,5.52,103.85,23.3,161.4,5.12,10.47,25.04
T10,3.001,5.21,4.94,105.89,25.67,171.83,5.38,11.4,27.59,5.22,5.4,98.88,29.25,170.0,5.37,11.58,24.46
T5,3.003,5.07,5.12,98.63,24.13,146.49,4.94,9.8,23.72,5.72,5.32,110.56,25.39,143.01,5.0,9.69,23.82
T7,3.015,5.12,5.02,109.19,25.86,163.42,5.09,11.04,29.3,4.63,5.49,105.27,24.37,156.53,5.05,10.91,26.88
T1,3.016,5.72,4.91,112.35,25.26,148.66,5.52,10.51,25.41,5.75,5.07,100.8,26.36,155.58,5.23,10.25,25.32
T2,3.016,5.33,5.33,105.44,25.47,158.46,5.28,9.98,27.88,5.46,5.76,107.58,26.53,149.74,5.48,10.97,27.16
T2,3.044,5.45,5.08,99.79,25.22,169.63,5.1,11.27,29.02,5.41,5.52,105.82,25.22,147.29,5.94,10.11,28.0
T9,3.045,5.52,5.47,105.45,27.12,148.79,4.87,10.73,28.93,5.69,4.91,110.38,24.84,150.42,4.99,11.12,26.87
T8,3.048,5.22,5.23,104.68,26.19,161.12,5.17,10.68,26.52,5.74,4.98,99.5,26.81,150.92,5.18,10.2,29.12
T3,3.085,5.16,5.75,93.42,25.16,137.91,5.54,9.64,25.0,5.41,5.39,101.79,24.75,142.83,5.24,9.78,23.29
T7,3.088,4.85,5.02,101.1,26.78,141.89,5.22,10.14,27.87,4.93,5.45,110.55,23.61,138.53,5.19,10.22,28.34
T8,3.103,5.81,5.79,114.11,29.09,165.4,5.17,10.42,28.02,5.82,5.45,97.52,26.88,172.88,5.11,10.09,28.85
T4,3.112,5.29,5.63,102.75,27.37,167.4,5.5,10.61,27.94,4.74,5.32,113.35,27.78,151.92,5.67,10.2,24.5
T6,3.145,4.87,5.4,106.63,26.21,145.54,5.12,10.76,26.59,4.77,5.55,107.29,26.0,148.11,4.88,11.4,28.38
T10,3.153,5.7,5.38,110.0,25.03,159.43,5.17,10.87,28.2,5.22,4.93,106.02,29.18,165.12,5.52,10.22,28.35
T5,3.175,5.09,4.73,94.67,26.07,150.27,5.18,9.57,23.44,5.23,5.18,109.01,24.33,143.88,5.21,9.85,26.54
T10,3.176,5.3,5.66,108.41,26.04,164.72,5.54,11.36,27.79,5.43,5.43,97.07,25.78,153.65,5.2,10.77,26.21
T10,3.186,5.19,4.9,109.31,25.01,156.28,5.59,11.17,24.33,5.61,5.27,107.71,26.7,174.92,4.97,10.86,26.51
T7,3.201,5.07,5.13,113.32,24.96,140.3,4.93,10.47,25.69,4.83,5.45,104.85,24.72,140.42,5.13,10.36,25.92
T5,3.202,5.68,4.8,99.18,23.45,140.62,5.43,10.61,26.41,5.42,4.9,98.45,26.79,147.06,5.16,10.28,23.93
T3,3.205,4.84,5.89,105.01,26.55,157.55,5.15,10.72,26.36,5.01,5.69,104.39,24.45,149.84,5.0,9.53,26.46
T8,3.211,5.78,5.59,113.85,26.88,175.04,5.25,11.13,26.12,5.21,5.61,99.14,25.46,171.34,5.03,10.49,28.68
T6,3.225,5.53,5.69,113.06,25.89,141.4,5.06,10.31,25.42,5.05,5.66,102.38,23.62,144.7,5.66,10.71,24.07
T10,3.248,4.99,5.49,106.45,28.27,151.51,5.37,10.61,25.0,5.11,5.7,105.69,28.07,153.37,5.29,10.23,28.05
T10,3.251,5.45,5.34,106.45,25.49,173.05,5.54,10.28,28.42,5.27,5.16,98.58,28.09,171.61,5.56,10.73,27.5
T10,3.254,5.0,5.72,96.41,26.2,164.23,5.22,11.18,28.28,5.22,5.33,101.11,27.99,155.4,5.08,10.4,24.43
T9,3.263,5.48,5.21,102.06,25.3,148.0,4.81,10.9,26.25,5.18,5.44,112.02,25.11,142.52,4.8,11.1,25.54
T1,3.271,5.72,5.49,105.23,26.48,139.88,5.03,10.86,24.22,5.06,5.24,99.37,24.66,142.87,5.38,10.58,24.56
T2,3.287,5.22,5.58,108.1,28.97,156.12,5.63,10.95,25.17,4.96,4.95,102.22,26.86,144.92,5.62,10.25,25.02
T3,3.288,4.86,5.46,95.79,28.12,157.52,5.43,10.06,24.54,5.69,5.46,106.85,24.81,146.61,5.41,9.7,25.35
T4,3.297,5.01,5.64,107.58,25.49,157.93,5.08,11.34,24.4,5.48,5.79,96.59,26.28,157.25,5.72,10.93,26.77
T2,3.298,5.39,5.1,99.37,25.77,171.77,5.37,11.26,27.68,4.65,5.26,99.38,28.36,168.61,5.59,9.55,28.36
T3,3.32,5.22,5.22,104.3,28.08,155.58,5.4,10.44,26.46,4.83,5.38,94.72,24.62,138.63,5.07,10.26,25.03
T4,3.321,5.37,5.55,106.52,24.81,165.16,5.25,11.2,28.37,5.08,5.48,98.82,24.97,170.72,5.48,10.46,25.99
T4,3.336,4.89,5.53,96.25,24.84,150.31,5.07,10.93,28.34,5.04,5.82,105.12,26.12,167.93,5.64,10.95,24.56
T9,3.354,5.82,5.15,112.66,25.53,162.45,4.99,10.47,28.48,5.59,5.02,102.21,25.75,157.91,5.16,11.14,27.27
T8,3.363,5.82,4.95,105.2,25.44,162.35,4.96,11.02,26.24,5.52,5.31,111.18,25.33,161.27,5.03,11.48,29.33
T2,3.364,5.45,5.24,96.36,27.59,151.02,5.1,10.93,27.56,4.94,5.46,106.76,28.78,149.38,5.59,10.77,28.23
T7,3.373,5.09,5.12,116.88,23.92,158.52,5.4,10.23,25.0,5.34,5.7,102.61,25.21,150.07,5.09,11.15,27.69
T4,3.378,4.72,5.53,103.39,28.82,147.46,5.42,10.43,24.14,5.01,5.73,96.48,26.52,148.11,5.67,10.16,25.89
T5,3.413,5.73,5.03,99.14,26.99,140.61,5.13,10.0,24.62,4.97,5.09,107.78,25.25,158.89,5.21,9.96,26.98
T8,3.413,5.53,5.56,97.79,26.34,165.08,5.08,11.37,28.87,5.6,5.02,102.46,24.68,150.85,4.73,10.23,29.59
T7,3.419,5.41,5.48,102.3,25.79,149.05,5.58,11.49,25.04,5.1,5.34,111.47,23.59,147.95,5.22,11.15,27.55
T4,3.449,4.85,5.83,100.31,26.48,167.87,5.74,11.14,25.31,5.4,5.45,100.61,28.2,146.68,5.56,10.22,24.88
T7,3.48,4.74,5.41,107.69,26.13,163.35,5.23,10.92,26.65,5.09,4.96,106.13,23.78,162.19,5.74,11.01,29.28
T4,3.483,5.55,5.91,95.86,28.25,158.68,5.7,11.44,25.88,5.41,5.24,111.3,29.34,171.18,5.81,10.41,27.16
T2,3.502,5.01,5.55,113.68,25.8,159.51,5.78,9.65,28.37,5.28,5.7,98.39,28.27,147.12,5.25,10.32,26.63
T9,3.516,5.3,5.01,113.74,25.68,148.37,5.34,10.81,26.36,5.77,5.47,113.11,26.39,150.27,4.69,9.63,29.15
T9,3.52,5.79,5.22,104.37,23.3,144.48,4.8,11.02,27.53,5.65,5.17,113.65,24.08,144.23,5.14,11.29,26.35
T10,3.534,5.07,5.53,98.58,27.55,154.77,5.28,10.21,28.15,5.33,5.1,108.34,26.5,154.56,5.47,9.98,27.42
T2,3.551,4.69,5.48,100.34,28.46,169.62,5.29,9.99,27.38,4.9,5.22,100.69,28.46,149.7,5.56,9.74,25.16
T4,3.558,4.99,5.33,100.25,27.77,158.85,5.04,10.57,24.12,5.44,5.13,107.58,25.17,147.88,5.65,9.92,25.74
T7,3.578,4.64,5.3,113.32,25.99,139.3,5.61,10.84,26.37,5.23,5.4,108.6,24.77,142.71,5.14,10.31,27.64
T7,3.6,5.12,5.46,103.74,27.61,155.8,5.83,11.02,25.49,5.29,5.49,106.45,24.55,151.44,5.28,11.74,26.75
T4,3.602,5.39,5.7,96.15,28.63,144.85,5.5,11.39,26.12,5.18,5.77,102.34,29.08,144.84,5.15,10.96,27.2
T8,3.62,5.68,5.11,105.2,27.46,149.98,4.94,11.24,28.94,5.24,5.27,112.81,25.28,177.45,5.19,10.95,28.89
T10,3.628,5.65,5.77,98.51,25.46,156.19,5.16,11.51,26.44,5.67,5.02,105.72,25.53,165.18,5.36,10.27,25.29
T5,3.656,5.08,5.36,103.58,24.34,157.92,5.03,10.97,25.96,5.62,4.83,94.2,23.78,162.22,4.72,9.74,26.72
T6,3.659,5.0,5.21,105.4,25.85,153.0,5.62,10.59,26.05,4.74,4.97,111.47,27.7,154.73,4.9,11.83,27.68
T5,3.662,5.26,4.96,110.13,23.44,160.82,5.13,10.35,25.69,5.45,4.73,101.0,27.2,158.63,4.93,9.35,25.8
T7,3.67,4.88,4.98,99.96,23.53,147.11,5.14,10.41,28.3,5.11,5.72,99.06,26.75,142.35,5.42,10.79,26.7
T8,3.683,5.39,5.05,102.82,28.84,155.07,5.37,9.98,29.45,5.45,4.99,114.4,28.53,175.23,5.33,10.93,27.84
T8,3.686,5.5,5.82,112.25,25.6,153.42,5.25,11.05,27.79,5.62,5.64,99.76,26.78,161.27,5.08,10.24,29.01
T2,3.69,5.46,5.16,96.32,28.74,162.46,5.66,10.9,26.65,4.85,5.59,106.18,27.76,168.98,5.7,10.95,27.02
T9,3.69,5.63,5.38,99.4,23.15,137.85,5.32,11.13,25.53,5.86,5.57,111.0,25.38,149.74,4.94,10.55,27.82
T9,3.701,5.54,5.27,104.77,26.42,151.33,5.27,10.32,27.04,5.4,5.21,99.03,24.69,162.63,4.93,10.58,26.81
T9,3.709,5.38,5.03,106.03,26.38,140.34,5.45,10.92,28.41,4.99,4.78,108.73,25.26,156.62,4.88,11.11,28.27
T1,3.72,5.53,5.16,107.18,23.47,157.34,5.36,11.07,24.99,5.62,4.99,103.07,26.29,141.79,5.31,9.76,25.09
T5,3.731,5.49,4.87,96.43,24.12,145.83,4.72,9.67,27.34,5.19,5.5,101.32,24.04,138.0,4.72,11.01,25.7
T6,3.742,5.18,5.62,101.05,25.12,145.37,5.56,11.43,25.49,5.06,5.38,103.85,27.07,141.29,5.09,11.12,26.16
T10,3.744,5.0,5.43,105.32,25.41,161.44,5.33,10.77,24.43,5.0,5.44,95.53,27.82,175.44,5.25,10.15,26.59
T9,3.768,5.68,5.62,112.45,26.96,153.3,5.25,9.78,28.14,5.31,5.21,98.63,26.82,141.6,4.7,11.09,27.63
T8,3.781,5.31,5.03,107.35,25.12,154.32,5.33,11.45,28.39,4.99,5.11,108.33,25.91,168.0,4.71,11.66,27.96
T7,3.79,4.74,5.56,104.26,27.15,144.57,5.46,11.56,26.62,4.82,5.41,107.84,25.44,156.43,5.73,10.66,27.3
T7,3.792,5.01,5.04,109.48,24.65,141.76,5.12,10.87,29.06,4.77,5.01,116.58,25.02,149.15,4.92,11.46,29.51
T10,3.794,5.31,5.43,102.66,25.69,157.18,5.4,10.29,25.58,5.17,5.51,104.8,27.32,170.06,5.06,10.42,24.88
T8,3.8,5.79,5.35,100.54,25.31,156.56,5.19,10.63,28.01,5.69,5.16,111.36,27.94,160.11,5.49,10.92,26.84
T2,3.833,4.88,5.07,113.7,28.85,171.99,5.81,9.71,25.95,5.03,4.92,112.3,27.03,158.92,5.16,10.47,24.85
T7,3.84,4.76,5.36,105.04,26.78,145.76,5.08,10.06,27.52,4.85,5.21,101.99,27.5,140.54,5.5,11.65,25.3
T5,3.84,5.5,4.87,105.51,24.5,144.98,5.13,10.2,25.8,4.94,5.07,102.56,24.24,151.02,4.7,9.36,26.6
T1,3.85,5.2,5.23,103.9,27.1,156.21,5.5,11.39,23.91,5.9,5.16,109.41,26.86,146.82,5.38,10.71,23.34
T7,3.851,4.75,4.97,101.92,24.66,141.91,5.27,10.84,25.82,5.18,5.48,104.8,27.42,140.95,5.38,10.46,26.29
T8,3.859,4.98,5.28,98.27,29.13,175.66,5.41,10.5,27.44,5.7,5.14,113.67,24.9,175.34,4.78,10.92,26.43
T2,3.867,4.97,5.33,105.66,26.16,164.14,5.87,10.95,27.6,4.82,5.73,109.02,26.68,149.86,5.68,11.0,27.97
T1,3.89,5.55,5.02,103.91,23.91,145.6,5.75,10.99,26.98,5.51,4.99,105.21,24.19,152.28,5.69,10.23,25.7
T8,3.911,5.76,5.42,106.41,26.22,167.5,5.5,10.82,28.41,5.08,5.72,113.79,26.26,177.18,5.2,11.42,27.88
T1,3.921,5.22,5.36,99.6,26.89,156.44,5.18,11.24,23.37,5.31,4.79,101.38,24.86,163.09,5.66,9.85,26.54
T1,3.932,5.38,5.68,106.72,23.34,151.97,5.48,10.1,27.37,5.2,5.34,115.34,25.91,139.5,5.12,11.08,27.09
T10,3.938,4.81,5.24,102.19,28.11,176.3,5.59,10.86,25.65,5.07,5.55,96.77,28.91,162.99,4.97,10.01,27.41
T5,3.939,5.68,4.97,106.73,23.09,141.9,4.97,9.72,26.02,5.24,5.36,109.22,23.64,138.59,5.43,10.17,26.77
T1,3.953,5.51,5.33,102.24,24.33,146.54,5.17,10.8,23.99,5.44,4.99,100.9,27.31,161.57,5.86,11.42,24.03
T8,3.962,5.23,5.59,115.2,26.55,157.77,5.45,10.09,28.88,5.14,5.0,107.05,28.7,151.15,5.45,10.49,25.89
T9,3.964,5.37,5.56,98.99,23.62,140.7,5.18,10.27,27.97,5.1,4.88,103.62,26.44,162.37,5.08,10.49,26.73
T3,3.969,5.15,5.33,105.17,27.44,154.91,5.1,9.6,24.12,5.07,5.72,101.13,24.7,147.39,5.82,10.97,23.12
T10,3.97,4.99,5.18,104.34,27.29,152.5,4.87,10.98,28.48,5.08,5.78,105.64,27.38,159.43,5.26,11.56,27.87
T6,3.974,5.18,5.54,104.64,23.88,160.86,5.24,10.8,25.4,4.98,5.61,109.64,25.15,145.34,5.1,11.19,24.72
T5,3.974,5.49,4.93,101.25,23.21,151.36,5.41,9.72,23.2,5.44,4.72,104.92,27.07,162.96,5.03,10.88,24.41
T4,3.975,4.77,5.3,99.27,26.93,165.48,5.87,11.12,28.19,4.78,5.12,110.22,28.92,150.99,5.34,11.02,27.87
T1,3.975,5.8,5.59,109.59,26.93,141.36,4.99,11.08,23.49,5.42,5.08,100.02,24.09,145.63,5.38,10.85,26.72
T2,3.979,4.71,5.25,96.96,28.0,168.29,5.0,9.59,25.51,5.32,5.04,107.91,26.1,170.73,5.28,11.2,26.29
T3,3.984,5.01,5.87,97.52,27.88,148.17,5.32,10.49,25.12,5.63,5.5,102.48,27.27,158.34,5.0,9.35,26.32
T8,3.986,5.39,5.06,97.53,28.05,176.58,4.71,10.47,28.91,5.13,4.99,115.68,28.79,164.02,4.86,11.46,26.79
T7,3.989,4.97,4.97,107.38,25.51,139.12,5.45,10.81,26.75,4.78,4.85,111.3,24.98,155.4,5.38,11.56,29.26
T8,3.998,5.74,5.8,107.96,28.12,149.25,4.88,10.88,26.95,5.61,4.91,97.83,26.31,158.44,5.31,10.82,26.61
T2,3.998,4.94,5.5,97.08,28.65,168.81,5.7,11.03,26.71,5.41,5.57,96.75,26.71,150.58,5.33,10.52,25.66
T9,4.004,5.25,5.57,115.82,24.29,155.14,4.7,10.7,28.16,5.19,5.28,106.79,26.87,152.54,5.54,11.3,27.82
T9,4.016,5.5,5.16,110.26,23.24,152.44,5.18,9.83,27.86,5.34,5.56,110.95,24.18,159.02,5.45,11.17,25.09
T7,4.031,5.29,5.13,103.09,26.26,139.28,5.5,10.72,26.18,5.14,5.45,112.73,25.31,152.08,5.71,10.76,27.68
T6,4.057,4.88,4.91,103.56,27.08,144.57,5.32,11.05,26.34,4.81,5.56,97.28,23.93,160.78,5.02,11.79,25.85
T1,4.062,5.21,5.03,101.71,27.5,148.3,5.17,10.56,26.07,5.88,4.9,109.95,26.38,143.2,5.11,10.69,26.1
T6,4.067,5.21,4.93,108.75,27.65,166.03,5.73,10.93,24.4,5.37,5.15,99.56,27.69,158.83,5.67,10.19,27.93
T7,4.072,5.22,4.94,112.08,25.4,139.55,5.05,11.16,25.39,5.19,5.17,104.92,25.93,155.61,5.68,10.66,25.7
T3,4.079,5.34,5.6,104.48,27.07,141.74,5.6,9.53,26.08,5.39,5.03,104.14,24.78,138.43,5.34,10.95,25.99
T8,4.089,5.84,5.58,97.79,27.98,172.5,5.38,10.69,27.81,5.74,5.58,102.83,28.3,175.72,5.37,10.09,28.21
T1,4.091,5.89,4.81,115.2,23.49,146.84,5.58,9.88,26.35,5.67,4.8,100.86,27.54,149.2,5.82,11.04,23.34
T7,4.093,5.32,4.89,100.5,27.09,163.66,4.92,11.52,25.52,5.21,5.48,98.55,24.25,152.31,5.28,10.22,27.85
T2,4.109,5.33,5.63,112.9,26.72,150.19,5.45,10.3,28.98,5.35,5.18,108.68,25.44,164.13,5.35,9.77,25.18
T9,4.123,5.33,4.77,103.42,26.4,158.42,4.9,9.7,25.94,4.99,4.82,99.51,25.14,152.9,5.4,10.98,27.62
T1,4.131,5.68,5.47,111.15,23.3,144.18,5.23,11.02,26.64,5.6,5.57,114.21,25.45,155.99,5.76,11.45,25.44
T7,4.135,4.97,5.53,101.06,23.98,154.48,5.57,10.26,25.0,5.42,5.61,106.94,27.01,156.24,5.22,10.48,26.34
T8,4.14,4.94,4.92,113.67,24.8,158.5,4.92,11.36,26.45,5.58,5.73,107.4,28.23,155.84,5.46,11.38,25.47
T1,4.14,5.1,5.58,103.07,23.97,146.22,5.62,10.41,23.71,5.94,5.52,100.08,26.92,146.78,5.11,10.81,26.53
T2,4.145,4.64,5.17,109.0,25.8,168.49,5.47,10.68,28.68,5.12,5.47,111.06,26.75,170.54,5.44,10.63,29.16
T3,4.146,5.73,5.68,107.37,26.42,144.63,5.43,10.48,25.9,4.98,5.42,103.2,25.21,158.15,5.71,9.43,26.75
T5,4.149,5.76,5.5,105.31,24.12,160.16,4.68,10.41,26.16,5.7,4.99,103.2,23.81,161.68,4.88,9.29,24.4
T6,4.163,5.28,5.54,109.76,27.82,140.92,5.04,10.59,27.93,5.53,5.64,104.0,23.92,154.04,5.27,11.77,26.72
T7,4.165,5.32,5.54,100.98,24.56,159.52,5.24,10.71,26.32,4.93,5.6,109.19,27.18,138.58,4.97,11.32,28.35
T8,4.169,5.45,5.34,99.79,25.42,163.68,5.46,10.13,28.66,5.12,5.64,114.45,25.24,168.76,4.87,11.02,29.49
T6,4.169,5.29,5.49,108.93,25.13,165.26,5.06,10.42,24.99,5.5,5.42,102.38,25.33,151.37,5.27,11.31,25.83
T10,4.172,5.51,5.42,107.08,25.0,177.5,5.15,11.34,26.33,5.35,4.92,95.25,25.26,169.98,5.44,11.06,26.7
T8,4.174,5.48,5.62,98.14,28.59,177.39,4.74,11.45,25.1,5.34,5.8,112.28,26.67,162.18,4.76,10.09,28.75
T10,4.184,5.1,5.42,98.37,28.19,169.08,5.7,11.7,25.73,5.5,5.59,105.07,28.77,164.23,5.55,11.7,26.3
T3,4.198,5.5,5.87,107.79,24.1,138.22,5.07,10.84,26.3,5.05,5.38,99.59,26.54,139.13,5.19,10.79,24.23
T2,4.216,5.12,5.26,108.3,27.09,150.3,5.79,10.42,24.91,5.33,5.49,101.09,27.65,155.5,5.03,10.64,25.63
T8,4.233,5.3,5.14,102.75,28.04,169.17,5.3,10.99,26.88,5.42,5.37,99.63,27.79,176.78,4.74,10.6,29.06
T2,4.245,5.46,5.68,98.98,29.21,159.74,5.3,11.18,26.69,4.93,5.53,96.95,29.56,160.93,5.4,11.25,27.74
T7,4.254,4.99,5.5,99.19,24.45,159.89,5.21,10.6,26.62,5.11,4.87,112.27,26.28,141.28,5.23,11.16,26.76
T6,4.256,4.75,4.98,104.03,24.66,144.76,5.67,10.34,25.22,5.39,5.1,112.25,26.32,147.22,5.4,10.88,28.05
T1,4.265,5.29,5.54,113.75,27.08,157.86,5.67,10.37,24.08,5.59,5.56,114.89,24.86,146.37,5.65,10.38,26.1
T4,4.277,4.9,5.15,108.25,25.45,156.6,5.64,9.96,25.78,4.87,5.76,109.6,24.78,168.98,5.31,10.93,24.24
T10,4.283,5.48,5.04,106.8,28.19,161.91,5.7,11.2,24.31,5.21,5.58,94.68,28.54,167.11,5.34,10.93,24.86
T1,4.299,5.83,5.19,109.56,27.56,142.64,5.51,11.32,24.88,5.05,5.56,102.45,23.32,151.52,5.5,10.37,25.44
T5,4.299,5.02,5.39,102.85,25.49,141.94,5.39,9.45,23.64,5.24,5.4,110.65,26.38,147.84,4.78,10.43,27.36
T5,4.3,5.02,4.98,99.92,25.28,148.4,5.32,9.57,27.17,5.23,4.81,110.64,26.4,155.67,5.39,9.81,26.6
T4,4.316,5.23,5.72,110.81,24.72,145.03,5.81,10.67,25.89,5.39,5.78,101.5,27.35,148.93,5.06,10.09,28.15
T10,4.319,5.57,5.18,96.34,26.99,165.01,5.29,11.2,27.78,5.15,4.95,107.21,25.49,160.22,5.2,10.35,26.17
T7,4.32,4.88,5.68,109.36,24.53,150.67,5.76,11.01,29.08,5.08,5.48,111.25,26.42,146.36,5.04,10.32,26.52
T2,4.321,4.65,5.27,110.75,26.61,156.35,5.28,10.74,26.97,5.2,4.96,109.12,25.78,162.42,5.73,11.19,25.57
T9,4.325,5.78,5.1,103.02,23.96,161.18,4.8,11.26,28.64,4.99,5.45,101.92,23.71,160.68,5.4,11.4,28.02
T3,4.328,5.42,5.89,95.93,24.87,150.51,5.17,10.81,25.33,5.04,5.93,96.06,26.66,159.87,5.07,10.92,26.92
T9,4.332,5.03,5.26,105.55,26.01,156.44,5.29,11.36,25.46,5.53,5.01,101.98,26.62,147.1,5.33,11.28,27.72
T9,4.333,4.94,4.78,114.28,24.86,148.52,5.46,10.38,28.98,5.38,4.8,99.56,25.26,154.47,4.81,9.75,25.53
T2,4.336,5.08,5.23,97.2,25.51,144.93,5.6,9.67,27.29,5.48,5.24,112.04,29.49,154.06,5.11,9.52,25.85
T9,4.339,5.21,5.24,98.86,23.4,138.63,4.75,10.69,29.28,5.46,5.06,101.72,26.82,160.59,5.24,11.36,29.2
T10,4.356,5.56,4.97,105.91,26.33,169.81,4.82,9.96,24.82,4.9,5.54,94.02,26.66,163.92,5.02,11.2,26.5
T8,4.366,5.5,5.22,114.64,25.28,150.39,4.92,9.94,27.44,5.15,5.1,110.72,28.07,167.42,5.01,11.56,26.94
T3,4.367,5.42,5.14,110.25,26.68,151.67,5.45,10.47,24.04,4.91,5.26,98.65,24.21,142.01,5.55,9.98,24.92
T8,4.369,4.96,5.52,104.36,28.4,154.84,5.29,11.36,25.43,5.44,5.7,102.31,24.64,159.25,4.71,11.68,25.5
T10,4.37,5.44,4.97,102.05,25.87,171.56,5.05,10.07,26.59,5.43,5.11,102.9,28.0,163.43,4.82,9.99,26.33
T1,4.372,5.4,5.63,102.62,27.14,146.61,5.05,10.46,26.0,5.26,5.04,115.05,25.4,151.23,5.0,10.88,27.02
T9,4.374,5.59,5.31,113.2,26.34,161.39,4.92,9.97,27.32,5.5,4.93,111.13,23.76,161.15,4.91,10.85,24.91
T4,4.386,4.74,5.23,105.89,25.17,169.18,5.05,10.77,26.33,5.25,5.33,98.09,27.56,170.35,5.33,10.79,27.34
T8,4.386,5.34,5.1,114.4,25.07,150.03,5.26,10.01,28.03,5.39,5.47,110.04,26.75,161.23,5.36,10.53,29.22
T1,4.397,5.82,5.44,110.26,23.3,138.65,5.2,11.18,26.51,5.79,5.66,106.41,27.31,145.46,5.82,9.85,26.07
T9,4.413,5.53,5.18,100.74,25.89,161.72,5.4,9.99,26.97,5.68,5.51,115.46,24.18,143.96,5.08,11.14,28.08
T3,4.418,5.07,5.87,105.07,27.59,138.04,5.91,10.95,24.07,5.41,5.85,107.14,24.69,141.73,5.4,9.67,23.38
T8,4.428,5.61,5.14,108.64,26.46,153.66,4.75,10.13,27.98,4.99,5.54,102.52,25.42,150.42,4.84,10.42,27.08
T2,4.432,4.94,5.48,103.95,28.8,161.4,5.17,10.87,25.73,5.43,5.58,105.54,28.66,147.29,5.67,9.61,28.24
T4,4.436,4.91,5.01,99.57,26.18,157.7,5.42,10.96,24.9,5.55,5.68,103.71,27.2,160.24,5.06,10.99,24.97
T10,4.443,5.33,5.17,94.58,26.11,171.56,5.6,10.39,26.07,5.34,5.59,100.99,25.86,171.55,4.93,10.11,28.38
T1,4.443,5.78,5.12,100.52,26.7,156.36,5.9,9.89,26.02,5.6,4.99,100.08,25.87,160.19,5.13,9.88,26.58
T3,4.456,5.22,5.53,103.1,24.93,154.11,5.19,9.54,26.95,5.0,5.54,108.2,26.32,158.9,5.52,10.34,26.81
T6,4.461,5.01,5.41,96.53,27.13,144.78,5.37,10.26,25.38,5.07,5.45,100.52,26.62,146.55,5.34,10.29,24.54
T8,4.479,5.42,5.23,103.96,27.91,167.23,5.56,10.57,26.44,5.8,5.8,106.72,24.78,153.98,4.96,10.7,28.47
T1,4.485,5.92,4.9,97.68,26.78,139.44,4.98,9.78,27.14,5.62,4.82,107.62,26.48,162.32,5.78,10.82,24.29
T8,4.493,5.69,5.03,99.86,28.2,164.19,4.96,11.46,25.9,5.6,5.39,115.31,28.88,167.07,4.92,11.4,28.81
T8,4.494,5.4,5.57,108.21,26.38,151.87,5.34,10.08,25.62,5.54,5.58,110.49,25.51,162.32,4.69,11.64,28.21
T2,4.495,5.07,5.54,111.38,26.22,159.48,5.79,10.64,28.82,4.93,5.43,105.36,26.26,166.64,5.59,11.19,28.81
T10,4.497,4.99,5.43,93.62,29.03,152.5,5.53,11.22,25.74,5.39,5.0,97.27,27.89,161.64,5.69,11.18,24.53
T4,4.502,5.16,5.04,111.8,26.6,170.74,5.92,10.41,28.15,5.11,5.62,102.31,27.03,165.22,5.06,10.01,28.08
T1,4.502,5.74,5.45,105.96,27.23,163.41,5.78,9.84,24.28,5.79,5.54,101.55,23.64,150.64,5.85,11.57,26.76
T9,4.53,5.49,5.35,99.99,27.09,152.04,4.91,10.42,29.18,5.85,5.42,110.65,26.34,158.26,4.86,10.35,27.87
T8,4.556,5.48,5.5,101.24,25.6,151.54,5.4,10.39,25.8,5.07,4.99,108.41,25.84,157.72,5.08,10.96,25.22
T5,4.558,5.35,5.52,106.77,24.4,154.46,4.94,9.64,26.48,5.4,4.77,108.43,23.87,139.66,5.46,9.92,23.74
T10,4.577,5.25,5.73,104.8,28.64,153.21,5.32,11.47,28.36,5.39,5.71,101.89,25.04,168.54,5.52,10.21,25.54
T10,4.591,4.89,5.51,106.8,28.11,161.91,5.54,10.16,28.02,5.34,5.17,100.29,29.48,164.52,4.86,10.3,27.58
T8,4.614,5.55,5.0,111.14,24.91,149.31,5.22,11.2,27.89,5.72,5.72,113.85,26.51,152.06,5.48,10.35,25.91
T6,4.622,4.82,5.16,99.82,27.24,160.19,4.97,10.29,25.92,5.37,5.65,97.72,25.45,140.33,5.14,10.75,25.85
T4,4.626,4.82,5.55,111.6,27.34,149.07,5.15,10.87,27.66,4.77,5.72,108.12,27.27,162.8,5.04,10.3,27.55
T8,4.627,5.52,5.0,109.61,25.35,156.2,5.17,10.7,28.96,5.24,5.4,101.97,27.83,172.09,5.46,11.66,29.48
T6,4.629,4.77,5.52,96.82,27.69,157.29,5.11,10.58,28.31,4.77,5.24,102.2,27.47,154.77,5.06,10.42,26.51
T6,4.635,4.86,4.84,99.92,27.21,144.41,5.36,10.1,25.53,4.84,5.24,109.79,24.11,153.28,5.04,11.0,26.12
T5,4.662,4.96,4.85,95.16,23.66,156.84,5.29,9.7,25.57,5.14,4.98,98.28,27.3,150.38,4.7,9.6,24.35
T1,4.682,5.66,5.29,111.16,25.01,157.92,5.0,11.08,26.04,5.42,5.18,111.86,25.4,146.41,5.79,10.26,24.01
T9,4.703,5.41,5.04,99.72,23.2,146.76,5.15,10.78,26.45,5.67,5.25,98.13,23.4,151.98,5.26,10.75,29.45
T1,4.715,5.28,5.3,113.57,26.76,139.18,5.79,10.0,24.71,5.54,5.59,107.52,27.47,140.87,5.11,10.06,27.34
T4,4.722,5.08,5.43,106.02,26.08,159.64,5.19,11.07,27.27,5.06,4.99,107.29,27.74,166.88,5.46,11.28,25.9
T3,4.75,4.99,5.63,104.37,26.38,155.84,5.3,10.98,25.73,4.92,5.55,93.96,25.68,151.53,5.49,11.0,25.05
T8,4.764,5.02,5.2,98.66,28.03,154.57,5.42,11.26,27.72,5.49,4.9,106.94,25.05,163.63,5.13,11.02,26.83
T10,4.767,5.17,5.52,95.14,25.04,159.46,5.11,11.68,28.24,4.98,5.37,107.56,25.1,159.04,5.47,11.38,28.23
T1,4.773,5.86,5.19,101.01,26.49,149.8,5.0,11.55,24.97,5.4,5.02,101.52,25.68,159.32,5.28,10.32,23.18
T10,4.777,5.48,4.91,96.02,27.37,153.62,5.0,11.32,28.25,5.16,5.09,109.83,27.96,177.5,5.01,10.07,27.55
T10,4.797,5.3,5.53,106.57,26.87,161.08,5.64,11.2,26.81,4.87,4.96,102.66,26.58,161.57,5.27,10.71,24.72
T2,4.797,4.87,5.17,112.66,27.02,160.36,5.7,9.53,26.54,4.74,5.78,102.76,26.01,145.29,5.64,10.11,26.58
T4,4.807,5.26,5.61,99.75,28.54,158.72,5.85,10.08,26.12,4.78,5.56,109.58,27.52,167.06,5.48,10.87,24.4
T9,4.83,5.36,5.51,98.26,25.7,147.52,5.42,9.88,28.07,5.04,5.39,106.28,25.26,160.42,5.28,10.54,25.94
T2,4.841,4.9,5.51,98.52,25.8,154.16,5.57,9.63,26.7,4.88,5.44,99.98,27.47,157.11,5.37,10.01,27.7
T6,4.865,5.25,5.28,104.5,26.0,146.36,5.7,10.96,28.53,5.48,5.63,112.12,23.62,159.54,5.3,11.52,28.4
T5,4.879,5.52,4.97,99.28,24.21,160.8,5.03,10.44,23.16,5.72,5.02,99.81,26.62,149.55,5.07,9.39,27.13
T4,4.88,4.87,5.42,109.54,29.3,165.06,5.65,10.38,27.96,4.82,5.71,104.7,27.59,169.18,5.79,11.56,26.23
T7,4.884,5.25,4.95,107.32,27.98,161.42,5.69,10.23,25.51,4.78,5.41,112.82,26.74,152.61,5.59,10.03,25.9
T10,4.885,5.22,5.31,101.68,26.23,168.41,5.09,9.98,25.31,5.7,5.1,101.56,25.16,175.59,5.63,9.96,28.02
T5,4.892,5.68,5.04,99.14,25.18,139.99,4.88,10.99,24.12,5.39,4.72,93.8,26.36,155.88,4.77,10.1,25.02
T7,4.903,4.7,5.36,101.69,23.59,156.54,5.3,11.19,26.8,5.26,5.4,99.09,24.21,145.13,5.15,10.14,25.16
T9,4.914,5.14,4.79,109.89,25.78,160.94,4.69,9.65,28.5,5.26,5.53,114.95,24.44,139.66,5.25,10.47,26.73
T8,4.921,5.29,5.44,112.13,26.15,162.28,4.88,10.51,27.31,5.19,4.98,108.7,28.99,175.77,4.97,11.74,26.87
T10,4.927,5.48,5.74,109.8,26.26,174.78,4.84,10.27,25.49,5.27,5.46,98.79,28.99,175.99,5.6,10.57,25.54
T9,4.935,5.32,5.44,101.37,23.5,147.12,4.82,10.68,25.22,5.23,5.0,113.32,24.48,154.79,4.86,9.73,27.53
T9,4.935,5.08,5.13,111.54,25.01,156.4,4.97,10.32,26.22,5.21,5.25,113.83,23.82,140.6,5.0,11.19,29.14
T4,4.939,5.49,5.7,110.62,29.25,154.29,5.53,9.95,28.13,4.72,5.04,96.8,26.33,166.16,5.69,10.82,27.66
T6,4.968,5.49,5.64,104.22,27.81,146.69,5.01,10.61,28.04,5.2,4.85,102.7,26.25,159.6,4.95,10.44,27.48
T9,4.973,5.42,5.63,104.12,25.36,145.17,5.34,10.05,28.5,5.28,5.47,104.13,24.18,153.19,4.85,10.54,27.52
T4,4.992,5.25,5.1,97.46,27.02,156.54,5.61,9.78,28.6,5.41,5.31,106.93,28.16,149.91,5.3,11.23,28.06
T3,5.001,5.54,5.26,107.88,25.93,155.65,5.06,10.08,23.88,5.23,5.69,103.88,26.49,148.9,5.28,10.48,26.16
T4,5.005,4.72,5.3,108.82,26.94,144.65,5.79,10.74,27.31,5.21,5.15,106.3,24.79,166.17,5.3,10.34,24.97
T7,5.047,4.88,5.45,105.59,24.08,140.26,5.82,11.08,28.61,4.6,5.39,99.01,25.35,164.64,5.83,11.64,28.09
T8,5.052,5.34,5.21,111.7,25.28,154.83,5.55,11.0,24.93,5.05,5.81,101.24,26.02,153.22,5.11,11.37,28.97
T9,5.052,5.8,4.75,103.36,26.24,163.03,4.78,10.91,27.82,5.57,5.48,105.89,25.59,147.07,4.78,11.01,29.4
T10,5.076,5.53,5.32,107.7,25.9,161.36,5.46,10.13,24.4,5.06,5.36,107.92,24.95,177.26,5.2,10.72,25.32
T6,5.078,5.41,5.68,97.92,27.72,155.85,5.47,10.39,27.28,5.43,4.87,113.06,25.8,154.4,4.93,11.53,25.87
T6,5.089,5.2,4.84,107.52,25.42,149.93,5.04,11.21,24.64,5.54,5.16,103.9,26.68,155.57,5.2,10.97,24.61
T5,5.091,4.97,5.04,104.72,26.02,151.8,5.4,10.57,26.42,5.81,5.44,97.6,27.22,147.47,4.9,10.41,25.67
T10,5.099,5.04,5.31,108.93,27.16,157.14,5.15,10.25,27.15,5.35,5.46,109.0,25.88,162.38,5.17,10.52,24.58
T8,5.104,5.69,5.36,101.84,26.36,153.65,5.02,10.86,26.1,5.5,5.47,98.07,26.75,150.16,5.17,10.89,28.48
T5,5.119,5.22,4.7,109.74,26.7,138.76,4.69,10.24,23.89,5.5,5.11,101.3,25.66,158.34,5.37,10.61,26.14
T4,5.122,5.13,5.84,112.32,24.83,145.06,5.39,11.26,28.1,5.31,5.26,113.24,25.96,164.84,5.25,11.28,24.4
T4,5.142,5.04,5.48,102.16,28.97,154.17,5.95,10.66,27.89,5.12,5.55,108.19,25.37,156.77,5.27,10.75,26.36
T10,5.165,5.56,5.46,107.18,29.54,166.21,5.64,10.72,27.78,5.15,5.75,95.87,27.67,173.47,5.47,10.44,28.19
T5,5.165,5.85,5.49,101.21,26.86,141.96,5.04,10.17,26.7,5.26,4.71,110.88,24.18,156.64,4.84,10.64,27.12
T3,5.17,5.12,5.19,96.34,27.66,154.48,5.85,9.81,24.18,5.44,5.62,104.88,24.18,152.03,5.92,9.46,24.24
T3,5.173,5.39,5.79,102.19,25.07,150.83,5.71,9.44,23.31,5.62,5.53,98.55,27.1,148.23,5.64,9.34,25.96
T8,5.19,5.78,5.27,114.13,24.54,160.23,4.79,10.61,27.95,5.36,4.97,107.52,28.02,177.45,4.73,10.95,26.48
T6,5.193,4.94,4.86,95.96,27.29,153.63,5.33,11.56,25.92,5.31,4.94,105.38,26.97,153.36,5.63,10.98,24.66
T6,5.197,5.26,5.39,99.23,24.62,163.75,5.04,11.72,24.15,5.14,4.91,96.71,26.08,148.98,4.88,11.53,27.4
T5,5.224,5.79,5.0,103.15,26.1,150.31,4.62,9.43,23.53,4.93,4.78,100.74,27.24,150.05,5.34,10.89,27.12
T7,5.228,4.64,5.11,111.25,24.23,156.25,5.38,11.15,28.44,5.27,5.33,107.12,23.99,147.49,5.35,11.01,27.6
T10,5.228,5.16,4.93,96.05,25.04,158.11,4.85,10.5,28.32,5.35,5.37,96.02,28.77,156.68,5.34,10.23,26.98
T2,5.237,4.68,5.13,101.88,28.16,169.6,5.59,10.42,26.41,5.36,5.75,96.68,28.01,161.52,5.05,11.06,26.05
T10,5.243,5.23,5.71,107.33,25.79,154.89,4.93,9.96,26.68,5.57,5.22,103.1,27.87,150.81,5.51,11.52,26.4
T10,5.265,4.86,5.72,93.05,25.33,171.18,5.36,10.84,28.41,5.34,5.18,98.18,26.79,172.88,5.06,10.74,27.91
T5,5.267,5.63,5.36,103.46,25.66,144.0,4.83,9.37,27.28,5.26,4.97,98.75,23.95,147.4,5.04,10.07,26.46
T5,5.278,4.93,5.32,97.98,23.12,155.24,5.08,10.26,26.87,5.45,4.95,105.38,25.3,159.73,5.19,10.05,24.87
T9,5.289,5.86,5.55,112.67,26.94,145.8,5.15,10.18,26.21,5.41,5.38,106.12,27.2,145.48,4.92,11.02,26.93
T6,5.293,4.77,5.45,102.92,26.16,157.32,5.22,10.56,25.32,5.32,5.67,108.17,27.35,155.19,5.16,11.09,25.82
T9,5.293,4.94,5.34,113.39,24.7,137.83,4.7,10.55,28.16,5.73,5.65,106.6,24.79,150.9,4.95,10.86,28.66
T10,5.316,5.44,5.74,104.8,26.58,154.53,4.88,9.95,28.5,5.27,5.31,106.64,29.41,171.4,5.38,11.47,28.41
T6,5.323,5.52,4.98,99.98,27.2,143.52,5.59,11.37,28.36,5.13,5.52,109.79,25.92,144.87,5.44,10.72,24.1
T1,5.337,5.03,5.12,102.61,25.39,137.68,5.56,11.42,24.93,5.27,5.38,100.63,23.3,143.57,5.36,10.09,24.36
T2,5.405,5.42,5.71,109.42,27.26,161.32,5.7,9.62,27.75,5.34,5.78,105.53,27.45,160.48,5.01,10.78,25.35
T5,5.441,5.07,5.11,107.56,24.92,158.86,5.06,10.03,27.36,5.25,4.75,97.77,24.56,156.34,5.34,10.13,23.37
T5,5.446,5.52,5.26,97.45,23.96,139.27,4.95,10.89,26.26,5.42,4.87,99.48,25.02,147.94,5.35,10.72,24.15
T6,5.45,4.97,5.2,104.11,27.14,143.5,5.14,11.84,24.09,5.26,5.24,97.77,28.02,150.12,5.71,10.28,27.04
T3,5.46,4.91,5.01,106.29,26.29,151.63,5.31,10.64,24.53,5.72,5.94,110.68,24.8,163.24,5.35,10.51,24.92
T9,5.48,5.11,5.02,105.54,25.62,148.28,4.92,10.35,26.25,5.11,5.01,100.0,26.27,155.57,4.78,10.69,27.42
T8,5.484,5.22,5.38,107.3,28.96,168.9,5.27,11.13,28.24,5.19,5.39,100.74,26.82,162.15,4.9,10.44,27.55
T7,5.512,5.24,5.19,101.1,24.6,146.18,5.65,10.78,25.87,5.12,5.02,110.46,27.22,138.74,5.59,11.56,25.51
T5,5.517,5.14,4.92,103.32,24.0,162.5,5.28,9.96,26.67,5.49,5.11,97.82,23.15,138.79,4.68,10.66,26.38
T5,5.526,5.13,5.48,95.02,26.78,139.88,5.35,10.98,26.83,5.52,4.94,110.19,25.19,151.34,4.63,10.25,26.09
T10,5.552,5.26,5.08,100.24,28.15,150.85,5.59,11.4,27.37,5.06,5.77,96.02,25.8,153.23,4.85,10.13,25.08
T4,5.557,4.76,5.44,99.77,27.21,167.43,5.27,10.46,24.95,4.98,5.06,106.52,26.07,145.32,5.39,10.13,25.17
T10,5.565,5.68,5.0,101.38,28.07,167.46,5.3,9.98,24.84,4.89,5.74,102.57,27.54,159.72,5.38,10.42,26.69
T9,5.572,5.19,5.08,100.72,26.01,153.28,5.45,10.25,24.9,5.31,5.56,115.74,23.88,138.45,4.92,10.91,29.19
T7,5.61,5.15,5.07,107.36,24.52,163.78,5.03,10.09,26.73,5.21,5.13,100.29,24.76,146.49,5.82,10.78,28.92
T2,5.613,5.31,5.68,107.67,27.15,146.61,5.04,10.37,25.13,5.29,5.48,101.94,26.87,149.7,5.04,9.55,27.85
T7,5.626,4.92,5.23,103.56,27.4,151.26,5.11,10.14,29.2,5.05,4.97,113.0,24.24,141.15,5.35,11.74,28.4
T8,5.637,5.6,5.17,105.74,25.36,175.72,5.28,10.6,27.58,5.51,5.16,109.86,26.65,175.01,4.88,10.36,25.0
T7,5.645,4.64,4.92,104.42,27.34,162.53,5.12,10.01,27.82,5.11,5.65,99.82,23.81,146.16,5.07,11.01,25.74
T2,5.653,5.43,5.01,102.59,25.31,160.82,5.3,10.28,25.88,4.66,5.17,107.19,25.76,150.58,5.01,10.73,28.38
T1,5.727,5.93,5.23,98.82,27.43,157.62,5.75,10.93,25.59,5.08,4.86,113.5,26.32,155.12,5.85,10.94,25.09
T4,5.731,5.36,5.19,106.94,27.11,156.38,5.96,11.52,27.34,5.21,5.77,99.56,26.68,145.73,5.34,11.47,25.0
T9,5.733,5.27,4.78,103.74,25.97,150.37,5.03,10.29,26.17,5.66,5.18,115.15,24.43,162.92,5.39,10.31,25.33
T9,5.737,5.35,4.92,98.86,27.02,139.9,4.87,9.63,29.33,4.97,5.02,103.05,26.81,146.91,5.21,10.82,27.14
T3,5.761,5.24,5.81,110.01,25.27,150.8,5.89,9.6,25.52,4.99,5.07,95.67,27.79,152.93,5.41,10.65,25.07
T1,5.769,5.83,5.22,110.26,23.77,157.46,5.33,9.78,26.69,5.58,4.95,100.42,23.79,142.9,5.29,11.51,27.21
T4,5.79,5.22,5.55,98.93,27.83,154.68,5.62,11.38,27.95,4.95,5.69,108.76,26.17,148.03,5.64,11.26,25.24
T8,5.794,5.82,5.5,111.23,26.11,168.58,4.94,10.24,25.56,5.36,5.09,100.96,26.99,164.07,5.09,11.79,28.87
T5,5.809,5.71,5.52,94.8,26.12,147.38,5.35,10.38,24.33,5.22,4.88,101.8,23.12,138.79,5.38,9.39,24.99
T9,5.818,5.42,4.93,100.14,27.12,137.75,4.85,9.6,26.81,5.28,5.15,100.05,27.11,162.66,5.18,9.67,29.21
T5,5.833,5.44,5.41,103.11,27.26,145.27,5.33,9.74,24.97,5.1,5.46,105.87,25.44,137.63,4.7,9.54,25.24
T8,5.836,5.24,4.94,100.32,27.97,159.94,5.55,11.79,27.33,4.96,5.21,111.13,26.48,149.59,4.78,10.14,29.18
T2,5.848,5.25,5.19,109.13,26.92,146.85,5.1,10.84,25.35,4.73,4.92,104.79,25.77,169.16,5.49,9.73,29.06
T8,5.884,5.6,5.2,106.29,28.24,175.95,4.84,10.88,25.97,5.4,5.77,104.47,27.79,162.39,5.25,11.34,26.67
T1,5.888,5.7,4.95,99.6,25.87,141.01,5.33,10.83,27.14,5.42,5.07,107.77,26.75,137.9,5.25,11.42,23.51
T8,5.921,5.52,5.7,108.04,28.76,158.86,5.44,11.11,28.85,5.45,5.12,104.35,26.41,158.73,5.4,10.99,27.56
T3,5.925,5.61,5.09,107.5,28.25,157.55,5.12,10.26,23.44,5.61,5.06,107.41,28.02,141.3,5.48,9.38,24.77
T2,5.96,5.07,5.56,113.37,26.08,156.86,5.91,9.59,24.6,4.81,4.88,105.2,29.52,161.72,5.26,9.76,27.27
T7,5.965,5.39,4.87,113.86,24.25,144.67,5.33,11.17,26.52,5.2,4.99,104.17,24.72,139.66,5.65,11.66,28.36
T2,5.969,4.88,5.61,109.61,25.32,153.95,5.54,9.91,25.13,4.89,5.59,111.47,29.62,153.99,5.4,10.65,26.45
T3,5.99,5.19,5.27,100.72,24.36,152.36,5.07,10.87,27.37,4.92,5.38,108.58,24.7,139.73,5.15,9.5,25.01
T9,5.998,5.73,5.19,103.34,25.76,144.58,4.95,9.65,25.35,5.34,5.64,103.68,26.23,161.01,5.53,10.79,27.06
T7,6.021,5.17,5.6,113.46,27.76,157.47,5.26,11.62,27.78,5.32,5.53,105.31,26.73,141.59,5.06,10.75,27.22
T1,6.023,5.74,5.11,99.11,25.6,147.16,5.1,11.06,24.55,5.83,5.44,114.55,23.55,159.68,5.59,10.51,25.09
T8,6.024,5.67,5.2,105.74,28.88,156.01,5.5,10.67,26.5,5.76,5.68,115.61,26.52,165.04,5.16,11.4,26.61
T1,6.025,5.59,4.96,108.7,26.9,147.11,5.72,10.26,25.38,5.77,4.97,112.36,23.95,144.47,5.5,11.23,24.71
T6,6.026,5.05,5.37,97.12,26.8,155.9,5.39,10.24,26.91,5.32,5.52,108.98,23.9,158.65,5.02,10.59,25.11
T4,6.029,5.46,5.65,105.19,27.03,148.47,5.75,11.27,26.54,5.13,5.6,95.49,25.69,164.96,5.27,10.16,27.6
T9,6.052,5.36,5.38,110.38,26.58,161.93,5.3,10.87,26.29,5.64,5.14,111.77,26.39,149.01,5.15,9.84,28.6
T6,6.056,4.77,5.27,102.18,27.82,161.09,5.14,10.58,27.97,5.09,5.49,99.95,24.96,141.67,5.0,11.22,26.41
T1,6.062,5.79,4.86,109.86,24.73,162.6,5.34,11.33,26.04,5.9,5.66,104.72,24.14,162.2,5.78,11.03,24.42
T4,6.07,5.38,5.11,95.92,27.19,168.37,5.15,11.06,24.6,5.0,5.41,104.28,27.01,165.95,5.94,11.5,25.7
T6,6.095,5.43,5.28,106.89,27.01,141.86,5.68,10.1,27.42,5.22,5.66,112.52,27.95,141.44,5.58,11.76,24.15
T4,6.106,5.25,5.52,107.61,26.32,168.0,5.64,10.24,28.34,5.31,5.54,98.86,24.96,147.04,5.23,10.14,24.63
T6,6.112,5.52,5.33,101.42,25.58,163.18,5.34,10.29,25.84,5.31,5.52,109.2,27.07,143.93,5.3,11.8,24.28
T6,6.113,5.09,5.73,98.59,26.28,143.19,5.17,11.0,27.68,5.49,4.9,112.39,24.28,146.16,5.13,11.37,24.82
T5,6.118,5.72,4.7,110.8,25.15,160.61,4.84,10.03,26.84,5.46,5.33,94.6,26.07,150.18,5.0,10.16,23.83
T10,6.147,5.39,5.33,95.25,29.34,152.56,5.15,10.39,25.36,5.71,5.76,94.39,28.0,158.23,5.64,10.59,25.32
T2,6.152,5.45,5.6,97.59,25.34,163.07,5.42,9.73,26.06,4.82,5.74,111.03,26.34,152.42,5.38,10.66,24.7
T9,6.161,5.43,5.49,104.38,26.82,145.2,4.74,10.4,26.11,5.76,5.5,107.12,23.15,144.14,4.77,10.34,28.5
T4,6.162,5.39,5.8,100.66,28.12,154.97,5.52,9.9,25.54,4.91,5.19,103.71,25.47,154.17,5.61,10.95,26.69
T9,6.168,5.46,4.79,111.7,23.64,161.64,4.96,10.1,27.16,5.64,5.05,100.24,23.46,158.26,5.5,10.93,26.2
T6,6.181,5.2,5.28,108.03,27.83,159.91,5.71,10.03,27.88,4.72,5.38,101.4,26.52,146.27,5.59,11.76,25.85
T6,6.208,5.29,5.09,103.62,25.39,164.24,4.97,10.41,27.64,4.82,5.16,112.44,23.79,145.72,5.37,10.42,25.35
T6,6.219,5.53,5.43,109.03,27.21,151.76,5.09,10.11,25.69,5.5,5.32,100.31,24.75,144.82,4.87,11.05,28.18
T8,6.223,5.24,5.29,109.63,27.16,176.8,4.94,10.76,27.73,5.72,5.48,100.07,26.79,155.85,4.97,11.51,28.97
T7,6.226,5.32,4.89,100.45,26.57,157.12,5.64,10.42,25.39,4.92,4.84,99.44,25.83,156.22,5.75,11.4,26.95
T5,6.228,5.26,4.86,108.2,24.64,152.46,4.62,9.4,25.4,5.24,5.22,103.44,25.3,157.92,5.41,9.64,27.22
T5,6.248,5.29,4.88,96.05,25.76,139.53,4.87,10.09,23.28,5.0,5.44,102.67,23.47,145.04,4.86,9.38,23.84
T1,6.254,5.17,5.34,112.66,27.34,156.93,5.3,10.96,24.0,5.65,5.16,101.84,24.39,146.64,5.39,9.76,24.09
T4,6.257,4.79,5.87,107.54,24.79,147.46,5.46,10.56,27.24,4.86,5.76,110.47,25.08,159.02,5.22,11.25,26.22
T5,6.259,5.5,5.02,102.08,25.55,141.25,5.42,10.83,27.34,5.81,5.25,104.98,25.75,144.63,4.99,10.9,27.14
T9,6.266,5.3,5.01,104.77,23.4,162.63,5.32,10.28,25.48,5.07,5.34,108.4,26.36,162.79,5.47,9.9,27.52
T8,6.271,5.37,5.37,97.52,27.59,162.11,5.22,11.47,25.96,5.09,5.59,112.2,28.11,171.6,4.7,10.92,27.97
T8,6.304,5.64,5.72,104.37,28.4,155.28,5.19,10.58,25.74,5.71,5.4,100.07,28.26,169.87,5.3,10.94,25.24
T3,6.331,4.85,5.82,110.17,25.05,146.77,5.34,9.7,25.44,5.35,5.84,93.41,25.62,146.21,5.22,9.3,23.44
T7,6.337,4.67,5.03,112.73,26.53,149.39,5.8,10.57,29.71,5.27,5.3,99.72,26.78,143.72,5.36,11.82,28.84
T7,6.347,4.8,5.17,107.78,25.25,145.82,5.37,11.56,27.87,5.13,5.07,101.28,27.64,152.73,5.43,10.93,27.61
T4,6.367,4.78,5.78,96.02,24.86,144.8,5.25,10.86,24.82,4.98,5.82,98.84,25.94,151.04,5.18,10.21,25.47
T3,6.385,5.34,5.65,102.64,24.65,140.4,5.4,9.49,26.24,5.48,5.6,103.68,28.02,158.72,5.72,10.48,25.75
T1,6.395,5.68,5.19,99.84,24.76,151.16,5.31,9.82,23.65,5.68,5.62,101.84,25.05,141.03,5.78,10.8,26.54
T1,6.396,5.31,4.96,100.39,25.79,157.78,5.16,11.28,26.36,5.39,5.36,102.2,23.28,154.56,5.3,9.91,23.95
T2,6.396,4.87,5.21,110.69,25.89,165.83,5.78,9.54,28.3,5.27,5.65,110.0,28.6,152.6,5.18,11.24,27.15
T4,6.405,4.86,5.74,96.02,28.68,150.75,5.06,10.78,28.21,5.33,5.66,111.03,27.8,144.45,5.3,11.5,28.33
T3,6.423,5.45,5.13,101.5,27.17,140.5,5.18,10.83,27.17,5.39,5.05,103.74,25.7,152.51,5.84,9.98,27.08
T8,6.425,5.23,5.54,98.34,28.28,165.23,4.79,10.24,28.76,5.74,5.55,101.4,26.78,165.94,4.83,10.34,29.4
T3,6.425,4.82,5.63,98.34,27.1,138.18,5.35,9.56,27.17,4.99,5.03,98.96,27.62,153.59,5.86,9.6,23.07
T3,6.429,5.6,5.75,102.2,24.49,148.26,5.01,9.78,26.71,5.3,5.73,101.13,24.07,155.88,5.85,10.81,26.21
T3,6.434,4.85,5.57,102.62,26.03,139.65,5.17,10.02,25.92,5.0,5.3,107.07,25.9,156.11,5.66,9.38,27.1
T5,6.434,5.37,5.23,96.44,26.27,153.54,5.02,10.51,24.18,5.61,5.15,104.58,26.5,145.24,5.12,9.38,26.63
T9,6.445,5.67,5.31,106.3,24.98,152.69,5.13,10.8,28.12,4.96,4.99,114.68,26.08,145.28,5.43,9.87,28.78
T3,6.448,5.38,5.54,96.76,25.1,141.48,5.44,10.49,27.2,5.19,5.18,99.69,26.76,163.25,5.74,10.81,27.09
T5,6.45,5.84,5.28,94.03,25.93,149.36,5.44,10.12,25.75,5.76,5.13,97.14,24.5,161.99,5.08,10.9,23.59
T3,6.451,5.52,5.22,100.21,24.92,145.98,5.37,9.71,25.54,5.27,5.04,107.64,27.01,151.35,5.72,10.7,23.31
T2,6.463,4.96,5.59,114.08,26.34,144.92,5.58,10.11,27.54,5.37,5.03,98.28,25.69,147.7,5.29,10.23,26.45
T5,6.471,4.97,5.32,101.75,27.23,147.15,4.71,10.96,26.16,5.74,4.78,105.63,25.16,151.93,5.26,10.54,24.49
T3,6.477,5.18,5.22,109.6,27.85,154.35,5.27,10.32,23.71,5.56,5.44,108.44,27.99,151.22,5.17,10.5,25.45
T8,6.482,5.48,5.78,113.79,27.21,168.7,4.74,10.35,25.26,5.32,5.08,98.1,24.72,174.9,4.96,10.31,28.81
T6,6.51,5.3,5.04,109.25,27.34,162.64,4.85,10.85,25.44,5.2,5.23,104.5,26.12,166.49,4.94,11.16,24.1
T1,6.528,5.43,4.99,108.52,24.45,151.07,5.38,10.37,26.62,5.09,5.46,107.86,26.75,148.9,5.83,10.9,26.39
T1,6.537,5.61,4.8,112.37,24.15,144.28,5.39,9.78,23.34,5.89,5.13,111.35,27.15,152.88,5.84,10.91,23.19
T2,6.541,4.88,5.34,98.15,26.26,156.54,5.31,9.5,28.59,4.9,5.33,104.59,26.31,165.95,5.42,10.35,26.45
T3,6.556,5.41,5.18,93.18,26.68,145.28,5.84,9.61,24.0,5.07,5.94,109.56,28.06,140.15,5.85,9.88,23.69
T1,6.556,5.57,4.9,100.92,23.92,163.09,5.28,10.43,27.24,5.59,4.87,100.62,24.88,154.21,5.68,11.33,27.31
T9,6.561,5.72,5.63,116.15,26.36,163.37,5.53,10.9,29.37,5.5,5.1,112.42,24.61,142.11,5.35,9.85,29.35
T3,6.575,5.57,5.18,103.21,24.1,139.26,5.4,9.84,23.44,4.95,5.82,110.14,25.46,153.73,5.05,10.3,23.74
T10,6.575,4.88,5.72,105.72,25.99,168.43,5.54,11.74,25.42,5.66,5.14,102.96,25.68,176.42,5.23,11.17,25.05
T9,6.59,5.38,5.52,98.76,26.57,155.44,4.7,9.61,28.69,5.72,5.22,102.24,23.64,155.88,4.95,10.07,25.45
T3,6.595,5.72,5.27,105.17,27.79,144.53,5.29,9.54,25.01,5.6,5.56,96.9,27.2,145.51,5.75,10.45,27.22
T8,6.608,5.2,5.63,112.12,28.7,161.01,4.78,10.72,27.94,5.75,5.29,113.73,24.6,172.98,5.48,10.66,27.66
T5,6.609,5.51,5.46,109.94,25.34,158.11,4.7,10.24,25.1,4.92,5.5,106.13,26.62,139.75,4.84,10.59,24.65
T3,6.611,5.6,5.8,104.45,24.7,145.43,5.08,9.85,26.08,5.41,5.36,96.02,24.52,140.22,5.9,9.94,24.02
T7,6.613,4.91,5.03,102.41,26.36,158.52,5.06,10.83,27.85,4.82,5.04,101.85,24.24,139.36,5.62,11.6,25.23
T2,6.64,4.8,5.2,104.2,25.3,146.56,5.84,10.57,27.18,4.93,5.5,96.39,28.6,144.92,5.76,9.66,26.43
T10,6.651,4.86,5.11,95.36,28.56,160.63,5.31,11.27,27.41,5.54,5.33,93.35,25.75,174.18,5.6,10.14,28.06
T2,6.667,4.69,5.47,111.56,27.3,151.69,5.25,9.67,26.12,5.48,5.74,97.25,27.84,146.18,5.06,9.86,28.28
T7,6.683,4.8,4.93,103.08,26.57,139.2,5.17,10.72,25.51,5.3,5.34,110.1,27.37,154.83,5.26,10.74,27.14
T1,6.687,5.95,4.91,108.66,27.55,157.51,5.52,10.14,24.63,5.6,5.06,113.64,24.25,162.33,5.22,10.56,24.61
T2,6.687,5.28,5.55,106.4,29.59,145.19,5.67,10.53,26.36,5.37,4.86,98.83,27.29,147.17,5.92,11.12,26.06
T3,6.726,5.71,5.11,99.92,24.86,159.91,5.02,10.45,23.86,5.52,5.71,107.71,26.05,148.4,5.49,10.77,23.89
T6,6.732,5.34,5.19,109.13,26.53,149.71,5.5,10.22,27.83,4.89,5.39,102.38,27.72,158.65,5.0,10.97,24.94
T8,6.734,5.76,5.18,105.43,27.96,168.25,4.85,10.36,26.4,5.2,5.21,114.44,27.67,150.06,5.53,10.86,28.4
T1,6.745,5.76,5.16,100.8,23.3,150.12,5.1,11.57,25.38,5.54,5.29,105.99,27.23,158.46,5.67,11.35,26.53
T1,6.746,5.61,5.24,106.79,24.74,148.17,4.98,11.49,25.06,5.08,5.43,109.82,26.64,163.37,5.35,9.81,24.95
T2,6.75,4.66,5.66,105.72,28.77,145.33,5.75,9.96,26.06,4.79,5.08,107.02,25.79,164.23,5.2,10.59,24.92
T6,6.765,5.26,4.84,103.54,27.62,143.5,5.53,10.85,26.02,5.38,4.94,109.01,25.46,142.38,5.48,10.22,25.92
T8,6.772,5.36,5.64,99.1,25.77,149.78,5.31,10.2,28.67,5.8,5.35,112.22,26.14,153.06,4.86,10.0,28.02
T5,6.772,5.26,5.34,93.81,26.38,148.15,5.21,9.48,23.68,5.24,4.92,103.08,25.83,146.1,4.66,9.81,23.66
T10,6.773,5.2,5.52,96.65,28.15,156.91,5.05,11.75,27.78,5.36,5.1,100.87,26.19,165.25,4.87,11.46,25.66
T1,6.775,5.77,5.52,102.2,25.55,139.07,5.47,10.12,26.69,5.58,5.24,111.33,24.42,140.32,5.6,11.48,26.01
T3,6.789,5.42,5.83,97.99,26.07,161.81,5.19,9.46,25.81,4.9,5.53,109.78,25.05,143.04,5.92,10.6,24.0
T9,6.802,5.71,5.26,103.35,23.15,154.45,5.35,10.34,26.63,5.37,5.0,100.19,24.63,147.76,4.83,10.63,27.13
T10,6.812,5.42,5.38,94.03,26.42,175.58,5.14,11.65,27.75,5.49,5.37,101.96,25.01,168.31,5.08,11.02,25.33
T1,6.833,5.4,5.1,102.6,26.64,137.68,5.31,11.23,27.05,5.73,5.53,102.92,25.02,160.04,5.76,10.32,24.29
T1,6.848,5.09,5.43,112.37,24.45,149.76,5.64,9.92,26.83,5.18,5.06,108.75,26.49,160.33,5.49,10.36,25.06
T10,6.853,5.14,5.0,109.46,27.3,152.73,4.88,11.54,27.6,5.65,5.67,95.58,26.33,154.49,5.34,10.24,24.43
T7,6.862,5.33,5.22,100.72,27.5,158.41,5.32,10.95,26.92,5.08,5.41,109.78,27.1,164.21,5.0,10.87,29.03
T1,6.879,5.69,5.58,101.01,24.52,149.59,5.12,10.96,26.05,5.86,5.26,110.6,24.2,149.18,5.85,10.62,27.0
T9,6.879,5.18,4.81,114.92,26.76,153.07,5.26,10.57,25.34,5.64,5.32,100.91,24.22,157.63,5.35,11.31,27.95
T9,6.892,5.59,5.61,109.64,27.49,157.72,5.04,11.22,28.16,4.96,5.64,103.76,26.46,138.5,5.2,9.94,26.03
T4,6.905,5.14,5.07,110.24,28.97,170.1,5.44,11.52,26.13,5.09,5.01,105.33,25.64,166.87,5.74,10.94,27.72
T1,6.914,5.11,5.35,106.51,26.89,160.64,5.77,9.91,24.63,5.48,5.31,111.51,24.95,141.64,5.62,10.86,23.28
T2,6.928,4.73,5.42,105.81,26.16,155.22,5.55,11.15,27.46,5.12,5.32,108.54,26.78,146.88,5.46,10.07,26.61
T3,6.936,4.92,5.57,100.72,27.13,138.22,5.16,9.86,23.31,5.16,5.08,101.36,24.31,145.91,5.78,10.98,26.68
T6,6.94,4.79,4.85,108.1,28.0,145.37,5.22,10.98,25.65,5.21,5.41,110.64,26.2,156.93,5.32,10.84,26.72
T7,6.976,5.34,5.42,102.99,24.67,160.24,5.13,11.17,28.01,4.8,5.3,114.73,25.99,150.12,5.47,10.0,28.38
T2,6.978,4.76,5.47,104.47,29.3,151.43,5.1,9.87,25.07,5.16,5.2,110.82,26.97,154.46,5.52,10.26,24.83
T1,6.978,5.46,4.89,113.45,25.1,138.26,5.48,10.18,26.1,5.72,5.01,115.57,24.79,142.06,5.1,9.9,23.5
T6,6.999,4.72,5.28,111.53,26.43,141.48,5.43,11.51,24.99,5.03,5.68,96.18,26.52,144.76,5.75,11.49,24.87
T6,7.001,5.23,5.26,98.94,24.96,140.16,4.86,10.41,25.5,4.83,5.36,103.44,27.23,140.49,4.96,11.86,24.42
T10,7.01,5.0,4.98,109.42,29.49,164.45,5.67,10.67,27.57,5.22,5.44,96.91,28.91,172.88,5.19,11.34,25.23
T7,7.021,4.7,5.65,108.88,23.58,161.4,5.41,11.51,28.42,5.08,5.34,115.91,25.34,142.07,5.48,10.76,27.29
T9,7.022,5.55,4.85,112.52,27.41,150.81,5.13,10.86,29.52,5.86,5.24,112.02,23.87,151.68,5.03,10.87,27.13
T3,7.046,4.86,5.47,102.73,27.92,150.92,5.4,9.67,25.36,5.32,5.83,103.04,27.29,158.66,5.55,9.56,26.26
T8,7.049,5.61,5.64,114.22,28.87,165.3,5.3,11.5,26.26,5.71,5.27,99.38,27.28,163.87,5.14,11.08,29.36
T10,7.052,5.57,5.72,97.6,25.37,154.05,5.08,10.5,26.58,4.94,5.04,97.58,28.29,155.65,4.91,10.37,27.67
T9,7.062,5.55,4.76,114.95,23.34,149.64,4.78,10.15,26.84,5.67,5.18,115.56,24.18,161.21,5.14,10.45,27.71
T3,7.104,5.4,5.02,107.64,28.13,137.91,5.54,10.6,26.25,5.55,5.44,93.86,28.12,147.24,5.56,10.27,26.5
T1,7.111,5.34,5.53,102.15,26.89,141.36,5.66,10.53,24.61,5.49,5.43,115.48,27.54,150.64,5.65,11.23,23.34
T4,7.114,4.79,5.89,98.49,26.76,167.58,5.48,11.44,27.67,4.94,5.67,110.98,28.2,144.8,5.04,10.2,24.4
T9,7.122,5.24,5.05,98.07,25.69,155.87,5.19,11.31,27.12,5.19,4.87,100.63,24.23,149.29,5.38,11.06,24.94
T2,7.145,4.97,5.7,106.39,27.91,165.44,5.65,9.69,27.11,4.93,5.26,106.07,25.61,164.23,5.36,10.04,26.16
T4,7.147,5.43,5.09,106.16,27.42,148.03,5.12,11.1,25.75,5.46,5.19,107.49,25.66,144.55,5.89,11.31,24.94
T9,7.157,5.81,4.93,110.71,26.95,161.05,5.47,9.71,28.75,5.58,5.18,101.9,25.13,147.14,5.02,11.14,29.08
T4,7.183,5.12,5.63,106.61,24.91,153.98,5.18,10.07,27.72,5.1,5.79,113.07,28.25,146.17,5.28,10.48,25.32
T3,7.195,4.89,5.84,105.81,28.4,146.61,5.31,10.42,23.1,4.84,5.59,109.37,27.01,142.0,5.87,11.02,23.98
T2,7.204,4.65,5.61,100.69,26.61,150.49,5.55,9.59,27.88,4.7,5.23,113.51,25.87,163.16,5.09,10.1,27.87
T4,7.222,4.71,5.35,109.49,27.53,166.19,5.54,10.62,24.84,5.38,5.78,110.12,27.22,150.01,5.36,10.63,26.55
T5,7.231,5.14,4.96,101.25,25.34,150.37,4.92,9.43,24.78,4.94,5.26,100.25,26.43,138.7,4.66,10.07,25.35
T6,7.236,5.2,5.49,112.44,27.68,160.19,5.33,10.89,27.62,5.48,5.73,103.89,24.82,158.16,5.08,10.89,27.0
T3,7.257,5.0,5.08,94.03,25.62,147.27,5.41,10.42,23.53,5.12,5.4,100.19,25.29,139.53,5.72,9.61,23.34
T9,7.259,5.36,5.06,115.68,25.4,150.48,5.0,9.95,28.48,5.14,5.51,99.4,27.37,161.27,5.46,11.25,25.99
T8,7.273,4.97,5.76,114.44,25.09,164.84,5.16,10.03,25.89,5.83,5.31,106.29,28.16,162.01,5.34,11.14,26.07
T2,7.281,4.63,5.27,102.43,28.14,157.98,5.56,9.99,24.66,5.11,4.91,112.94,28.82,144.86,5.65,10.69,25.46
T8,7.282,5.2,5.23,110.54,28.32,153.16,4.78,10.24,27.19,5.77,5.75,101.07,26.77,158.59,5.08,11.06,27.09
T9,7.289,5.82,5.32,102.32,27.11,159.62,5.26,10.05,29.2,5.32,5.14,101.37,24.35,149.74,4.84,10.64,28.67
T6,7.338,5.44,5.37,105.96,23.8,159.51,4.99,11.54,26.46,4.82,5.32,98.82,25.56,157.54,5.33,10.26,27.83
T10,7.342,4.9,5.07,106.92,26.5,173.11,5.66,10.12,28.18,5.37,5.32,102.81,28.15,156.5,4.87,10.74,25.18
T9,7.357,5.11,5.32,114.91,26.75,161.6,5.24,11.14,29.06,5.75,4.85,108.18,23.59,155.62,4.78,10.51,25.46
T8,7.373,5.36,5.79,105.84,25.46,171.0,5.43,10.89,26.65,4.93,5.01,109.0,28.13,163.46,5.33,9.94,25.45
T2,7.378,4.69,5.59,103.63,28.67,156.12,5.87,9.9,26.06,4.75,5.7,106.18,27.22,146.24,5.37,10.02,26.07
T4,7.388,5.29,5.8,98.14,25.82,162.09,5.64,10.05,25.03,5.21,5.18,95.97,28.13,148.77,5.06,10.12,25.58
T2,7.402,5.02,5.19,102.04,29.81,171.6,5.44,10.41,26.98,5.14,4.97,104.8,27.82,148.6,5.89,10.27,24.61
T8,7.407,5.44,5.13,107.61,24.88,168.06,5.56,10.26,29.4,5.82,5.08,113.59,28.2,166.44,4.72,10.02,25.06
T1,7.416,5.39,5.1,112.96,23.92,162.83,5.04,11.33,23.82,5.49,5.41,99.09,24.96,142.96,5.47,9.9,23.53
T9,7.423,5.21,5.06,105.0,25.61,150.29,5.09,10.84,27.71,5.57,5.25,105.79,26.97,148.45,5.28,10.42,24.94
T6,7.432,4.99,5.69,108.97,27.42,152.04,5.35,11.61,24.96,4.84,5.47,110.77,26.73,153.16,5.73,10.4,25.9
T1,7.439,5.04,4.89,106.98,24.78,145.0,5.29,10.15,27.02,5.22,5.07,101.33,24.24,149.81,5.14,10.09,27.32
T9,7.457,5.14,5.5,107.46,23.86,145.8,5.25,11.21,25.95,5.27,5.01,112.15,26.57,144.37,5.45,9.98,28.44
T10,7.505,5.58,5.51,94.66,28.7,170.01,5.63,11.31,25.85,4.85,5.74,96.23,25.91,159.43,5.31,10.7,26.95
T6,7.521,4.96,5.33,98.86,26.89,166.39,5.51,11.8,27.79,5.16,5.05,103.55,27.03,159.05,5.66,10.1,27.44
T10,7.537,5.34,5.02,105.89,25.46,176.97,5.22,11.7,26.87,5.47,5.4,96.36,27.1,168.22,5.51,10.02,26.13
T8,7.54,5.44,4.93,108.49,24.66,175.11,5.45,10.2,26.72,4.93,5.18,104.85,26.79,170.2,4.88,10.35,25.66
T9,7.547,5.68,5.39,107.03,25.8,163.11,4.94,9.86,25.7,5.56,5.04,110.36,25.57,138.15,4.92,10.23,28.11
T6,7.561,5.32,5.16,109.42,26.12,145.62,4.84,11.26,25.79,5.44,5.66,105.22,25.02,159.16,5.54,11.2,27.84
T4,7.569,5.56,5.58,111.29,25.03,149.98,5.07,11.27,25.37,5.53,5.64,110.57,25.71,150.07,5.66,11.51,26.49
T5,7.573,5.68,4.78,104.73,24.0,159.14,5.28,10.0,23.68,5.64,5.26,104.7,25.08,147.36,5.47,10.48,24.06
T3,7.587,5.47,5.81,101.92,24.65,152.76,5.47,10.27,26.88,5.01,5.13,105.03,26.85,140.06,5.04,9.97,26.26
T9,7.588,5.17,5.06,103.43,24.37,154.79,5.32,11.06,29.06,5.86,5.61,107.87,25.12,141.78,4.71,9.64,28.94
T6,7.591,5.31,5.58,104.5,27.37,161.37,4.96,10.32,26.0,5.47,5.4,105.96,25.96,164.07,5.16,11.04,25.54
T9,7.597,5.38,5.37,112.25,24.67,155.01,4.89,9.95,28.93,5.84,5.64,103.74,27.46,152.34,4.71,9.68,26.88
T3,7.603,5.7,5.35,103.91,26.3,155.0,5.59,10.64,23.14,5.71,5.13,105.11,27.19,138.43,5.4,10.42,23.82
T9,7.603,5.45,5.11,114.63,26.96,142.54,4.76,9.61,26.14,5.36,4.98,101.86,26.76,143.6,5.23,10.71,27.64
T8,7.605,5.15,5.33,105.13,24.94,163.56,5.4,11.36,26.43,4.97,5.19,98.06,26.99,171.7,4.82,10.95,25.44
T5,7.615,5.21,5.37,105.15,25.04,142.87,5.47,10.77,24.24,4.97,5.12,110.88,24.5,151.14,4.65,10.68,23.19
T7,7.623,4.62,4.99,103.08,25.91,139.55,5.38,11.06,28.58,4.88,4.82,102.26,24.82,147.83,5.21,10.77,29.5
T9,7.64,5.63,5.62,116.28,23.9,155.72,4.72,10.63,27.69,5.76,5.18,103.55,24.52,157.63,5.27,10.16,26.87
T6,7.64,4.78,5.3,97.84,26.7,151.7,5.32,11.26,26.89,5.3,5.47,101.4,27.41,165.43,5.48,11.72,26.6
T9,7.643,5.03,4.76,100.8,24.14,157.22,4.88,10.04,27.54,4.99,4.97,114.12,25.54,151.85,5.28,9.97,25.07
T4,7.648,5.34,5.78,100.83,27.59,152.32,5.71,10.24,27.13,5.36,5.15,109.54,27.06,161.23,5.92,11.38,25.78
T4,7.685,5.46,5.08,108.24,24.86,158.41,5.48,10.98,26.6,4.78,5.77,113.35,27.0,148.93,5.18,11.32,24.93
T4,7.685,5.12,5.87,99.2,28.02,147.74,5.22,9.79,24.63,5.36,5.62,102.06,25.47,145.03,5.45,10.56,24.77
T10,7.687,5.09,5.74,109.46,27.49,170.97,5.08,11.36,27.12,5.06,5.49,104.24,28.76,172.13,5.63,11.38,26.8
T4,7.695,4.75,5.63,105.65,26.57,157.93,5.5,9.78,28.46,4.92,5.74,103.47,29.26,144.26,5.14,11.45,27.49
T9,7.708,5.07,5.24,104.42,27.46,156.74,5.32,11.34,27.86,5.64,5.45,106.46,23.27,148.19,5.14,11.16,26.49
T9,7.713,5.7,5.59,111.66,26.28,158.86,4.69,9.83,26.74,5.6,5.45,116.28,24.57,143.97,4.72,10.81,28.17
T6,7.716,5.29,5.2,114.09,26.73,152.66,4.86,10.94,28.07,5.51,5.56,110.56,27.18,141.93,5.45,10.3,26.89
T4,7.722,4.68,5.01,111.28,25.04,153.05,5.02,11.25,28.6,5.23,5.27,101.74,25.14,149.75,5.1,10.75,25.53
T4,7.723,5.23,5.2,101.5,25.62,159.48,5.49,10.72,27.4,5.34,5.65,100.16,25.17,170.1,5.44,10.21,27.37
T5,7.725,5.52,4.98,109.16,24.64,156.55,5.44,10.88,25.77,5.19,4.91,100.32,24.21,139.75,5.08,9.67,25.52
T4,7.728,5.46,5.06,98.02,25.44,152.92,5.17,10.91,24.89,4.73,5.73,111.7,28.26,160.24,5.91,11.33,25.58
T2,7.728,4.97,5.58,111.62,27.35,164.96,5.79,10.12,25.02,4.75,5.04,104.48,27.05,148.11,5.16,11.26,28.44
T10,7.765,4.82,5.61,106.97,25.28,159.28,5.2,11.16,26.35,5.51,5.6,104.1,25.9,156.91,5.36,11.59,25.3
T7,7.806,5.3,4.86,106.98,24.92,156.24,5.26,11.69,29.06,5.43,5.43,111.81,24.37,142.71,5.02,11.13,27.15
T4,7.81,5.16,5.57,110.95,24.83,170.74,5.69,9.91,25.43,5.08,5.33,98.44,27.59,158.6,5.12,10.33,24.15
T7,7.823,5.21,5.7,105.91,23.64,144.22,5.44,10.76,29.34,5.44,5.26,106.52,27.82,147.2,5.22,10.36,25.45
T3,7.84,5.44,5.75,101.51,27.3,143.55,5.16,10.12,23.24,5.61,5.23,98.61,28.26,153.66,5.79,9.76,25.26
T2,7.878,4.76,5.61,96.42,29.15,170.04,5.26,10.6,27.55,4.75,4.97,102.49,28.05,153.68,5.66,9.95,27.77
T7,7.879,5.08,5.45,112.3,24.02,155.22,5.0,10.05,25.9,5.33,4.9,107.02,27.52,143.59,5.54,10.01,25.73
T9,7.892,5.01,5.26,104.61,26.1,138.64,4.99,10.08,29.08,4.99,5.46,111.11,23.66,149.64,5.2,10.42,29.24
T3,7.909,5.26,5.42,94.66,27.51,140.51,5.91,10.95,25.7,5.16,5.83,97.75,24.74,144.13,5.91,9.31,26.98
T5,7.938,5.56,5.54,97.57,26.75,156.38,4.64,10.04,25.46,5.28,5.04,100.33,24.98,141.36,4.68,10.16,25.98
T9,7.938,4.96,5.43,99.4,23.66,161.35,5.13,11.15,25.96,5.16,4.95,114.53,26.84,159.82,5.08,10.18,28.45
T10,7.943,5.7,5.43,107.8,25.62,158.76,5.23,10.27,26.03,5.13,4.91,102.56,26.89,169.35,5.47,11.11,27.73
T9,7.952,5.54,4.85,105.99,26.06,150.9,5.35,9.86,26.38,5.37,5.25,100.63,23.28,150.41,5.21,10.48,27.63
T7,7.953,5.34,5.7,112.79,27.46,152.17,5.03,11.74,28.21,5.12,5.1,101.99,27.26,148.05,5.59,11.18,25.79
T2,7.955,5.12,5.65,112.98,29.48,149.16,5.67,9.59,27.54,4.98,4.99,104.2,27.84,154.03,5.87,10.68,26.54
T2,7.959,4.96,5.22,104.7,26.86,158.59,5.51,9.67,27.67,4.65,5.64,109.85,28.44,157.01,5.2,9.79,24.88
T8,7.96,5.74,5.3,107.44,27.92,162.3,4.97,10.35,26.4,4.97,4.99,104.18,26.07,171.71,5.08,10.18,26.49
T2,7.975,5.29,5.38,97.57,29.87,163.23,5.7,10.12,27.6,4.69,5.74,109.63,26.46,167.58,5.41,10.53,27.31
T7,7.985,5.35,5.55,110.46,26.94,159.39,5.08,11.46,29.02,4.99,5.31,101.72,27.58,146.99,5.2,11.19,27.64
T1,7.999,5.7,4.92,115.42,25.71,142.38,5.77,10.37,23.96,5.9,5.52,100.07,27.12,138.12,5.51,11.37,26.08
T3,7.999,5.17,5.64,106.89,24.22,147.44,5.25,10.7,26.0,5.64,5.26,101.63,28.41,138.43,5.09,10.28,23.28
T5,8.006,5.41,5.07,108.91,25.35,157.05,5.16,9.49,25.25,5.83,5.19,104.88,25.42,157.04,5.03,9.39,27.45
T4,8.011,5.22,5.82,110.4,24.94,149.03,5.64,10.7,25.77,5.35,5.35,107.31,26.87,160.4,5.32,11.53,26.43
T9,8.013,5.35,5.45,100.59,26.23,140.47,4.97,9.61,26.72,5.37,5.15,99.73,26.1,140.86,5.36,10.06,25.95
T2,8.019,5.08,5.34,104.31,25.31,166.58,5.4,9.56,29.17,4.9,5.64,97.78,26.31,167.84,5.89,10.2,26.45
T4,8.027,4.68,5.78,112.93,27.18,144.79,5.45,11.58,24.34,5.48,5.05,102.51,24.75,169.98,5.36,11.44,28.09
T9,8.041,5.54,5.23,111.71,26.61,148.72,5.39,11.14,28.23,4.95,5.26,114.19,23.84,138.48,5.08,9.97,27.44
T4,8.073,5.13,5.6,99.77,25.12,158.22,5.02,10.55,27.92,5.29,5.52,108.66,25.65,166.59,5.24,10.86,24.4
T9,8.073,5.67,5.13,103.45,23.21,159.07,5.26,10.1,28.7,5.5,5.5,102.21,24.7,154.68,5.24,10.38,29.47
T6,8.073,5.21,5.67,96.86,25.28,148.21,5.11,11.63,25.15,5.11,5.72,96.68,26.55,156.14,5.45,11.86,24.1
T4,8.082,5.32,5.78,106.94,25.5,147.33,5.3,9.79,25.21,5.09,5.28,101.67,28.69,165.06,5.48,10.24,27.95
T8,8.084,5.8,5.08,104.09,28.0,162.38,4.76,10.16,27.08,5.18,5.19,98.27,25.24,166.48,5.52,11.34,25.38
T1,8.108,5.04,5.31,113.1,24.4,147.94,5.5,9.84,24.83,5.22,5.39,102.69,27.21,162.38,4.97,11.05,25.24
T3,8.114,5.1,5.07,94.45,27.76,145.96,5.23,10.87,24.74,5.7,5.79,104.13,25.16,145.88,5.42,10.67,27.21
T10,8.116,5.71,5.14,97.17,29.02,169.33,5.61,11.67,26.49,5.35,5.53,104.51,25.31,176.26,4.98,10.37,25.98
T5,8.133,5.36,5.2,108.26,24.0,156.41,5.48,10.75,25.42,5.11,4.95,109.13,25.4,159.69,5.18,9.36,23.23
T3,8.134,5.04,5.7,108.18,25.73,151.63,5.79,10.16,25.61,5.44,5.34,110.23,27.41,155.66,5.79,10.52,23.36
T4,8.15,5.33,5.35,98.19,27.59,170.57,5.15,11.23,25.52,4.7,4.97,103.92,25.62,158.04,5.53,10.09,25.7
T1,8.188,5.17,5.26,108.5,23.73,149.07,5.66,9.8,24.57,5.95,5.6,108.66,24.56,156.09,5.25,10.47,25.76
T9,8.198,5.72,5.51,101.9,26.98,152.89,4.75,9.79,29.3,5.62,4.88,98.7,23.32,146.94,4.67,11.33,26.27
T8,8.204,5.85,5.29,108.37,25.09,176.75,4.73,10.36,29.02,5.14,5.63,101.24,29.15,171.14,5.29,11.05,29.54
T1,8.24,5.24,5.54,114.04,25.39,147.67,5.71,10.92,26.99,5.72,5.35,105.58,23.28,163.46,5.54,10.22,26.21
T1,8.244,5.89,4.95,108.13,25.43,142.06,5.16,11.32,26.21,5.48,5.14,102.91,23.74,152.88,5.57,11.13,25.47
T4,8.268,5.41,5.84,98.55,26.97,164.71,5.49,10.41,25.11,5.56,4.98,106.69,28.05,152.99,5.04,10.25,24.81
T10,8.278,5.34,4.95,93.58,28.57,167.89,4.99,10.64,27.09,5.08,5.29,95.73,27.4,177.33,5.05,10.28,27.18
T2,8.29,5.34,5.59,96.02,27.84,169.16,5.28,10.64,25.56,4.7,5.68,108.88,28.45,158.92,5.93,10.34,25.54
T7,8.32,5.12,5.66,114.25,24.11,160.92,5.18,11.54,29.32,4.99,4.92,107.95,27.72,155.37,5.76,11.5,25.74
T2,8.326,5.36,5.07,113.51,28.09,164.94,5.28,10.13,25.98,4.85,4.96,96.75,28.27,157.53,5.29,10.13,26.62
T3,8.334,5.6,5.68,106.13,26.28,144.24,5.65,10.13,24.61,5.72,5.65,105.94,27.7,142.75,5.53,9.72,23.82
T1,8.348,5.39,5.1,103.07,27.4,144.44,5.29,11.08,24.13,5.16,5.48,104.9,25.41,148.18,4.97,10.77,25.74
T6,8.354,5.12,4.97,96.18,25.73,164.1,5.06,10.25,24.56,5.26,5.56,100.81,23.78,153.85,5.14,11.69,24.54
T1,8.36,5.06,5.11,101.23,23.82,155.85,5.39,10.49,25.99,5.79,4.84,108.44,24.25,142.9,5.63,10.46,26.19
T8,8.362,5.8,5.28,115.68,26.28,173.64,5.44,10.26,28.74,4.97,5.58,114.55,28.33,152.07,5.25,11.48,26.45
T4,8.364,4.76,5.12,107.47,29.12,160.24,5.16,11.07,27.54,5.13,5.85,106.94,29.19,145.03,5.34,9.88,28.51
T6,8.366,5.0,5.52,110.21,27.71,143.99,5.41,10.72,25.24,4.84,5.23,97.32,23.94,150.09,5.68,11.72,25.78
T2,8.368,5.47,5.31,101.47,28.43,148.72,5.71,10.52,25.57,4.99,5.32,108.42,29.7,162.25,5.69,10.8,26.9
T8,8.389,5.68,5.34,103.47,27.59,170.18,4.85,10.92,26.73,5.15,5.17,115.68,27.42,162.13,4.84,10.24,28.82
T8,8.4,5.45,5.39,111.95,27.22,166.31,4.92,11.5,27.43,5.65,5.47,109.53,28.92,174.35,4.69,10.37,28.2
T3,8.4,4.85,5.82,95.42,25.46,145.53,5.88,9.64,26.02,5.47,5.16,94.84,28.36,145.24,5.34,9.62,26.33
T8,8.4,5.56,5.1,115.2,24.56,153.66,4.69,11.79,28.3,5.06,5.45,98.74,26.38,160.77,5.34,11.23,28.88
T3,8.407,5.64,5.94,97.97,25.34,159.56,5.53,9.4,25.55,5.51,5.4,100.17,25.44,141.73,5.46,9.41,25.75
T7,8.407,5.16,5.39,105.86,24.4,159.02,5.57,11.18,26.35,4.59,5.49,114.19,25.15,151.61,5.81,10.72,29.28
T2,8.407,4.65,5.47,99.85,26.68,168.38,5.44,11.25,27.76,4.87,5.66,96.42,27.96,146.94,5.68,9.9,24.69
T7,8.422,4.88,5.09,99.19,23.61,141.79,5.71,11.46,26.95,5.25,5.04,100.09,26.9,138.7,5.06,10.84,25.92
T7,8.425,5.08,5.63,99.96,24.54,160.44,5.44,11.01,25.55,4.61,5.43,116.51,27.32,163.05,5.81,10.48,26.64
T4,8.429,4.79,5.86,107.47,27.63,167.4,5.88,10.33,27.72,5.43,5.18,107.5,25.45,168.54,5.91,10.0,26.98
T5,8.434,5.8,4.83,95.15,23.86,156.69,5.23,10.07,27.01,5.75,4.99,96.76,23.38,145.94,4.8,10.42,27.36
T8,8.437,5.78,5.35,115.19,25.76,155.47,4.82,11.28,25.48,5.47,5.72,105.25,26.86,170.11,4.76,10.94,26.36
T4,8.44,4.87,5.5,112.8,28.07,147.23,5.15,10.25,26.12,5.24,5.26,95.76,24.88,169.84,5.82,10.38,26.92
T2,8.447,5.43,5.14,108.63,26.4,146.63,5.32,10.41,26.06,4.8,5.47,111.58,27.52,165.26,5.18,10.27,27.25
T3,8.452,4.86,5.28,94.97,25.11,156.86,5.87,10.28,24.04,4.89,5.26,103.03,25.34,146.34,5.35,9.34,25.84
T4,8.466,4.8,5.03,98.31,26.91,158.88,5.47,9.82,25.44,5.19,5.37,105.12,29.24,148.1,5.37,10.68,27.34
T3,8.497,5.39,5.52,101.93,28.41,153.59,5.53,9.41,23.06,5.64,5.75,106.54,25.53,149.51,5.31,10.26,26.4
T8,8.503,5.54,5.31,98.94,24.59,161.29,5.53,10.38,27.9,4.94,5.76,98.34,27.73,158.06,5.08,10.68,25.44
T8,8.51,5.78,5.0,103.62,28.89,174.91,5.18,11.42,26.16,5.19,5.04,104.93,25.97,172.07,5.34,10.01,27.48
T4,8.511,5.22,5.78,95.83,26.63,150.32,5.3,10.92,24.34,5.13,5.08,111.84,29.02,154.07,5.95,11.06,27.32
T4,8.518,5.46,5.83,111.47,27.74,167.44,5.9,10.86,27.64,4.86,5.52,100.46,25.48,163.06,5.13,10.09,25.28
T8,8.529,5.41,5.66,112.68,26.63,149.52,4.79,10.98,26.95,4.98,5.77,104.47,25.28,159.99,4.96,11.76,28.94
T7,8.529,5.29,5.08,110.77,26.57,154.04,5.3,11.79,29.54,5.14,5.55,115.0,26.94,162.68,4.99,10.49,28.72
T4,8.529,5.53,5.62,97.32,24.91,160.28,5.04,10.43,25.36,5.04,5.12,104.41,29.22,166.16,5.52,10.01,27.96
T8,8.557,5.12,5.81,106.89,27.12,155.46,4.81,11.22,27.08,5.34,5.59,103.72,25.36,169.09,5.3,10.17,26.08
T3,8.561,5.19,5.49,98.58,27.59,158.57,5.66,10.55,26.06,4.86,5.94,103.88,24.11,143.55,5.78,9.7,26.06
T2,8.581,4.99,5.39,114.16,29.62,159.68,5.48,10.63,25.93,4.66,5.1,104.0,26.3,157.54,5.38,9.66,26.43
T3,8.581,5.39,5.51,101.52,28.14,157.21,5.58,10.46,24.8,5.52,5.54,107.72,24.36,153.85,5.13,10.02,25.03
T8,8.586,5.62,5.64,107.88,27.3,159.85,4.92,11.54,27.52,4.99,5.62,106.24,28.45,150.63,5.07,10.18,29.05
T3,8.6,5.34,5.49,106.58,27.6,150.22,5.87,10.28,26.88,5.49,5.53,108.98,28.05,163.01,5.94,9.46,23.38
T10,8.628,4.95,4.9,107.61,28.9,160.96,5.2,11.38,24.62,5.31,5.32,93.27,28.49,165.88,5.5,10.62,27.41
T7,8.635,5.42,5.33,111.16,27.52,163.79,5.19,11.29,26.22,4.94,5.36,109.59,24.65,139.2,5.18,11.75,29.24
T1,8.647,5.1,5.44,99.54,27.36,155.05,5.84,11.02,24.17,5.6,5.41,97.44,27.05,153.78,4.99,10.21,24.06
T5,8.652,5.05,5.18,103.13,26.6,143.93,4.84,11.0,26.75,5.08,4.73,110.56,25.09,160.44,4.7,10.7,24.63
T8,8.656,5.57,5.73,107.96,27.44,176.37,5.43,11.11,26.85,5.42,5.34,101.61,27.98,172.54,5.28,10.03,27.91
T8,8.682,5.68,5.2,114.56,28.61,170.56,4.7,10.79,29.06,5.34,5.55,106.47,26.57,170.03,5.33,10.6,26.99
T7,8.696,5.02,5.35,105.82,25.51,150.43,4.94,11.11,25.96,4.7,4.93,104.42,26.86,158.76,5.74,11.62,25.61
T10,8.696,5.01,5.32,103.92,28.77,176.88,4.81,10.42,26.65,5.03,5.45,101.51,26.05,166.07,4.93,10.99,26.44
T8,8.713,5.21,5.63,104.11,25.81,160.02,5.13,10.6,26.68,5.53,4.94,113.57,27.2,175.7,5.49,11.71,29.55
T6,8.716,5.21,5.66,102.1,27.92,163.64,5.26,10.87,27.1,5.53,5.44,105.72,24.33,163.49,5.52,11.52,24.9
T8,8.719,5.64,5.24,110.48,24.8,160.85,4.84,11.06,24.9,5.74,5.77,109.8,26.66,176.17,5.35,10.2,25.2
T1,8.731,5.68,4.96,102.42,23.77,137.9,5.2,11.43,26.54,5.54,5.44,107.62,26.89,149.28,5.86,10.84,26.1
T7,8.733,5.4,5.62,113.99,26.78,144.34,5.24,11.12,29.12,4.96,5.2,102.28,25.49,163.14,4.96,11.18,28.59
T5,8.747,5.38,5.23,109.94,26.87,145.67,5.22,9.39,26.77,5.34,5.17,101.38,26.69,151.73,4.82,9.74,23.45
T4,8.748,5.12,5.59,95.65,24.82,166.12,5.1,11.23,27.4,5.48,5.84,105.28,27.84,162.82,5.2,11.5,28.15
T7,8.769,5.4,5.01,103.66,27.09,164.06,5.65,11.06,28.31,5.24,4.85,113.3,25.43,143.56,5.31,10.14,25.3
T6,8.795,5.17,5.42,112.23,24.94,156.22,5.11,10.37,26.44,4.74,5.17,103.26,25.33,157.99,5.14,10.65,27.94
T7,8.795,5.4,4.89,111.88,23.9,162.42,5.59,10.22,26.69,4.77,5.7,105.91,26.17,153.98,5.29,11.41,29.08
T2,8.8,4.76,5.46,98.11,25.7,156.11,5.04,10.52,25.78,5.24,4.94,105.84,28.08,147.39,5.44,11.23,25.16
T8,8.819,5.77,5.63,109.31,24.86,166.3,4.74,10.2,28.62,5.25,5.3,102.52,27.38,162.06,5.09,11.24,24.94
T2,8.823,4.68,5.36,109.13,27.61,151.4,5.27,10.79,28.79,5.2,5.17,97.57,29.45,171.99,5.56,9.94,28.0
T6,8.858,5.4,5.03,108.25,26.46,151.4,5.19,10.09,26.8,5.43,5.71,105.52,23.72,164.64,4.93,10.37,28.41
T4,8.858,5.02,5.6,101.3,25.44,165.09,5.68,10.14,28.12,4.83,5.3,104.4,25.45,162.59,5.38,10.37,24.89
T7,8.897,4.82,5.04,111.58,24.38,159.8,5.29,10.94,28.04,5.25,5.72,105.48,26.41,156.88,5.1,10.39,29.3
T3,8.898,5.65,5.13,97.46,25.37,144.85,5.15,9.83,24.0,4.83,5.86,103.88,24.57,145.89,5.92,10.95,24.2
T6,8.915,5.08,5.49,111.6,27.98,144.78,5.34,11.43,24.39,5.07,5.02,109.77,25.84,165.67,4.97,11.42,26.1
T6,8.94,4.76,5.15,99.23,24.82,159.59,4.96,11.61,25.46,5.39,4.99,113.16,26.76,150.8,4.89,10.12,24.26
T4,8.958,5.43,5.65,106.67,29.16,157.98,5.18,10.81,28.3,5.19,5.52,100.82,25.6,162.9,5.91,10.21,25.12
T8,8.972,5.66,5.73,100.12,28.2,164.27,5.17,10.42,26.32,5.28,4.91,101.32,28.16,168.24,4.89,11.13,27.18
T10,8.975,5.66,5.28,93.96,28.91,162.79,4.83,10.23,25.32,5.68,5.73,108.29,26.75,152.39,5.51,10.62,26.13
T6,8.977,5.25,5.5,113.16,23.94,143.98,5.64,11.31,28.1,5.49,5.48,99.47,25.66,155.76,5.53,11.26,27.28
T8,8.986,5.24,5.74,106.24,25.38,176.17,4.88,11.62,25.78,5.42,5.36,107.69,28.76,169.7,5.43,11.15,27.92
T3,9.005,5.44,5.7,108.16,28.08,154.11,5.08,9.45,23.65,4.82,5.16,99.0,24.26,158.16,5.91,9.73,26.08
T3,9.019,5.09,5.13,104.16,26.72,154.81,5.68,9.28,25.06,5.42,5.36,98.86,27.93,155.8,5.06,9.98,25.73
T1,9.02,5.47,5.33,104.89,24.16,157.33,5.0,10.42,23.35,5.02,5.27,109.86,25.47,145.36,5.1,10.76,26.67
T1,9.029,5.48,5.32,103.26,25.08,150.64,5.61,11.36,24.61,5.7,5.06,103.98,25.76,161.17,5.77,9.84,25.7
T2,9.036,5.45,5.26,102.91,26.54,167.5,5.16,9.91,26.99,5.23,5.76,108.54,25.9,158.47,5.15,10.45,27.31
T4,9.043,5.38,5.52,105.29,25.43,160.99,5.37,10.28,27.12,5.17,5.85,105.2,28.82,164.64,5.72,10.5,26.61
T8,9.064,5.65,5.13,101.86,25.09,161.5,5.0,11.35,25.45,5.81,5.67,103.62,28.41,173.97,4.88,10.52,28.75
T5,9.093,5.25,5.53,100.32,23.47,153.48,4.84,9.29,23.77,4.97,5.15,96.22,24.51,143.69,4.76,9.39,23.24
T10,9.138,5.18,5.53,103.82,25.13,164.6,4.97,10.94,26.91,5.47,5.58,95.8,25.87,156.07,5.37,11.5,28.2
T8,9.172,5.54,5.8,112.87,26.28,156.83,5.35,10.5,24.94,5.15,5.64,97.83,26.35,167.42,4.77,11.18,27.88
T10,9.183,5.45,4.9,102.74,25.63,162.84,5.59,10.07,27.75,5.7,5.53,108.91,25.47,169.83,4.91,10.7,24.37
T4,9.204,4.81,5.65,106.92,25.65,147.84,5.52,10.42,25.52,4.9,5.45,111.77,28.57,146.81,5.5,10.8,24.4
T6,9.212,5.49,5.21,105.83,24.11,150.02,5.59,10.81,24.34,4.7,5.66,106.18,23.83,165.29,5.72,10.8,25.78
T4,9.213,4.81,5.19,113.27,26.13,162.45,5.5,11.16,24.45,4.9,5.57,110.56,24.94,147.77,5.42,10.99,26.67
T1,9.214,5.6,5.3,112.18,27.32,151.42,5.5,9.77,24.15,5.77,5.64,105.85,25.24,139.04,5.89,9.78,25.82
T1,9.242,5.22,5.58,108.18,24.79,148.66,5.12,10.11,25.15,5.59,4.8,108.66,26.78,155.74,5.35,10.27,25.9
T1,9.276,5.27,5.41,111.59,26.8,161.51,5.67,9.91,23.23,5.3,5.19,99.68,26.32,143.2,5.12,11.55,24.09
T3,9.282,5.56,5.52,109.28,25.55,146.48,5.75,9.3,24.11,5.39,5.52,110.38,24.03,162.3,5.08,9.91,26.22
T1,9.285,5.58,5.4,115.22,25.45,145.6,5.51,11.48,24.3,5.2,5.4,103.52,25.41,163.05,5.28,9.91,26.87
T1,9.315,5.91,5.52,106.54,26.05,157.62,5.44,10.46,24.8,5.73,5.46,99.22,24.16,153.78,5.64,10.04,23.79
T5,9.316,5.85,5.07,100.4,23.12,156.14,5.2,10.42,27.24,5.4,4.93,94.36,26.83,155.95,5.02,10.16,24.75
T5,9.326,5.85,5.18,94.27,23.22,143.32,5.01,10.37,26.82,5.09,5.31,109.37,24.25,154.5,5.45,9.55,24.62
T1,9.332,5.03,4.97,109.94,24.12,153.98,5.29,11.53,25.04,5.2,5.63,97.5,25.08,144.39,5.31,9.89,23.62
T10,9.335,4.94,4.92,109.46,27.94,163.28,4.93,10.22,25.58,5.39,4.96,98.81,25.94,159.56,5.36,11.16,26.43
T7,9.347,4.98,5.21,102.3,23.64,155.05,5.13,10.31,26.06,5.35,5.24,112.38,26.49,163.05,5.46,11.14,27.89
T1,9.357,5.29,4.92,110.78,26.1,145.88,5.89,10.43,27.15,5.35,5.51,109.87,23.68,142.1,5.35,10.07,26.38
T1,9.371,5.32,5.54,110.37,24.39,140.32,5.08,10.32,26.3,5.76,5.06,99.06,27.4,147.93,5.23,11.04,25.71
T7,9.385,4.93,5.66,101.06,23.88,153.07,5.31,10.93,28.57,4.83,5.34,109.5,24.6,145.93,5.0,11.7,27.61
T1,9.395,5.67,5.27,106.76,24.24,139.34,5.42,11.27,27.0,5.89,5.32,107.71,27.34,149.04,5.01,11.02,25.66
T5,9.417,5.82,5.41,110.13,25.34,150.62,5.42,9.78,26.02,5.46,5.33,101.73,25.06,158.52,5.44,10.13,26.03
T7,9.452,5.11,4.97,101.97,27.97,145.05,5.23,11.0,25.61,4.94,5.28,111.42,26.71,154.95,5.28,10.19,29.51
T4,9.463,4.87,5.18,110.98,26.0,165.93,5.9,11.28,25.36,4.84,5.0,101.34,28.2,165.1,5.56,11.06,24.29
T3,9.466,5.44,5.41,105.62,24.48,144.94,5.33,9.72,25.52,4.98,5.02,107.4,26.33,156.57,5.9,9.9,25.89
T7,9.47,4.91,5.13,99.09,27.4,151.06,5.61,11.1,26.39,5.08,5.72,111.6,25.97,152.75,5.44,11.77,25.2
T3,9.472,5.71,5.43,94.1,27.61,139.41,5.24,10.78,26.98,4.9,5.42,109.27,28.02,146.05,5.84,9.72,26.3
T3,9.495,5.52,5.47,95.91,26.84,152.67,5.72,10.54,23.89,5.64,5.34,102.39,25.36,155.05,5.77,10.79,23.98
T5,9.502,5.48,5.03,94.36,24.02,152.2,5.25,9.94,26.19,5.77,5.24,94.68,24.77,145.56,5.42,9.36,24.58
T1,9.504,5.68,4.88,103.82,23.92,141.93,5.63,10.63,25.08,5.25,5.26,114.04,24.16,143.82,5.15,10.42,23.23
T5,9.52,5.32,4.99,101.43,24.24,162.46,4.99,9.29,26.1,5.72,4.8,105.1,23.47,146.15,4.94,10.76,26.05
T2,9.555,4.76,5.47,112.41,27.84,160.7,5.85,10.98,29.23,4.66,4.96,107.74,27.22,168.93,5.09,10.53,26.05
T6,9.56,5.3,5.33,102.98,25.24,157.44,5.47,11.11,26.15,4.95,5.62,110.2,27.78,155.6,5.09,11.83,24.44
T10,9.568,4.92,5.22,99.04,28.71,167.64,5.68,11.23,25.11,5.3,5.3,107.53,28.99,157.22,5.19,10.0,25.23
T5,9.589,5.09,5.28,94.38,23.99,144.92,5.3,9.52,25.62,5.28,5.16,103.09,23.97,147.15,5.42,10.45,24.01
T1,9.59,5.48,5.19,104.18,23.95,139.96,5.28,11.08,24.38,5.38,5.06,106.42,27.2,143.8,5.4,11.18,24.55
T7,9.624,5.38,5.63,105.48,23.56,143.0,5.56,11.16,25.12,4.63,5.28,116.61,26.2,143.72,5.35,11.22,28.2
T7,9.631,4.65,5.42,100.8,25.29,142.3,5.01,10.58,27.14,5.32,5.57,110.22,23.57,142.71,5.27,10.14,26.74
T10,9.631,5.3,4.96,110.11,28.22,168.71,5.55,10.02,27.9,4.98,5.14,98.17,28.18,152.64,5.17,10.34,26.5
T5,9.634,4.94,5.39,95.28,23.09,146.0,5.07,9.86,25.78,5.46,5.32,96.18,25.68,161.6,4.94,9.65,24.6
T6,9.64,4.68,5.72,111.1,25.78,159.92,5.18,10.4,26.08,5.23,5.08,105.08,27.11,144.92,5.19,10.51,27.35
T6,9.678,4.9,5.15,113.68,26.72,147.56,5.06,10.79,28.32,4.88,5.42,96.23,24.62,156.05,5.25,10.46,24.84
T5,9.681,5.25,5.12,102.4,24.5,153.35,5.06,9.34,26.59,5.54,5.56,97.44,23.6,162.9,5.44,9.88,24.14
T1,9.682,5.53,5.0,105.9,25.1,150.35,5.44,10.92,25.89,5.05,5.38,110.59,24.66,154.61,5.75,10.22,23.23
T3,9.7,4.99,5.42,105.98,25.2,158.67,5.82,10.24,26.98,5.5,5.64,100.7,27.68,138.45,5.36,9.72,24.02
T6,9.711,5.25,5.68,97.35,27.46,147.57,4.85,10.22,26.95,4.67,5.17,103.53,25.62,156.24,5.02,11.08,26.75
T7,9.796,5.45,5.69,107.88,24.51,139.55,5.41,10.95,25.84,4.62,5.7,116.26,26.36,141.98,5.48,10.19,28.21
T6,9.81,4.78,5.59,95.95,24.46,144.63,5.7,11.57,28.06,5.4,5.45,114.02,27.01,146.26,5.23,10.02,25.78
T3,9.813,5.01,5.64,108.13,26.61,151.96,5.28,10.93,25.04,5.4,5.67,101.79,24.4,142.26,5.18,10.25,25.37
T6,9.825,5.18,5.55,104.11,27.91,157.29,5.41,10.26,27.4,5.32,5.62,106.04,25.63,140.44,5.17,10.59,24.61
T1,9.826,5.84,5.48,98.76,24.0,161.14,5.56,9.95,26.46,5.92,4.89,107.23,23.39,154.85,5.44,9.82,24.38
T1,9.831,5.12,5.36,114.49,24.38,138.5,5.35,11.39,26.04,5.69,5.33,115.42,24.44,159.05,5.66,9.95,26.98
T3,9.848,5.46,5.33,105.99,26.92,137.28,5.84,9.45,24.45,5.03,5.08,96.76,25.11,153.45,5.11,10.38,26.96
T7,9.863,5.14,4.82,100.29,25.6,162.53,5.58,11.36,27.93,4.98,5.01,112.48,24.21,143.74,5.57,11.41,28.12
T5,9.88,5.5,4.72,100.69,26.59,139.01,5.26,10.25,25.65,4.93,4.78,106.23,24.47,153.83,4.67,9.99,23.28
T6,9.884,5.0,5.68,99.72,26.25,154.29,5.25,11.46,24.06,4.71,4.98,109.56,26.46,163.75,4.98,10.96,26.01
T1,9.891,5.38,5.36,106.35,25.56,149.76,5.91,10.01,23.92,5.21,4.79,100.52,24.89,160.63,5.0,11.49,25.52
T5,9.9,5.06,5.09,110.96,26.51,151.13,4.7,9.74,23.66,5.25,4.75,96.05,24.24,158.18,4.67,10.87,25.29
T5,9.937,5.68,4.91,95.47,23.66,154.22,5.18,9.37,24.69,5.02,4.8,106.61,23.63,152.36,5.14,9.55,23.93
T6,9.947,4.77,4.93,103.9,25.86,150.45,5.45,11.31,24.69,5.24,5.55,106.22,24.5,141.29,5.13,10.36,26.72
T5,9.951,5.58,4.97,97.71,26.8,141.8,4.62,9.84,24.02,5.38,5.07,108.75,25.82,159.61,4.89,10.68,25.25
T10,9.953,5.51,5.05,102.72,28.84,150.04,4.85,10.36,24.77,5.3,5.34,96.75,27.28,167.37,5.67,10.33,27.72
T10,9.968,4.88,5.29,102.77,25.08,157.71,4.97,10.08,25.42,5.01,5.3,107.52,29.27,174.14,5.31,10.55,26.25
T3,9.98,5.71,5.94,99.73,27.26,147.75,5.33,10.48,23.93,5.04,5.68,105.14,26.55,158.74,5.68,10.14,23.8
T7,9.983,4.72,4.96,108.56,27.61,159.89,4.91,11.58,26.42,4.97,5.39,108.61,26.44,149.32,4.92,10.55,26.95
T6,9.99,4.67,4.87,111.53,24.16,153.88,5.18,10.47,26.84,5.01,5.31,107.17,27.84,145.54,5.09,10.96,28.14
T5,10.01,5.34,4.81,109.23,24.17,152.4,4.86,10.25,25.71,5.7,5.26,103.5,25.59,159.76,5.35,9.4,23.16
T7,10.026,5.11,5.42,104.43,25.33,140.43,5.8,10.08,29.23,5.32,5.62,109.91,25.55,161.93,5.0,10.26,26.02
T10,10.038,5.09,4.95,92.99,29.49,162.47,4.95,10.7,26.08,4.89,5.16,108.3,26.11,168.87,5.24,10.03,27.64
T5,10.04,5.27,5.37,105.36,24.62,142.63,4.84,9.37,26.05,5.7,5.18,101.2,23.9,137.63,4.73,10.6,24.77
T10,10.069,5.68,5.36,102.44,26.45,172.97,5.62,10.05,24.58,5.26,5.36,97.52,26.32,174.37,5.21,10.47,28.29
T3,10.077,5.55,5.62,95.48,24.8,158.65,5.64,9.7,26.2,5.65,5.31,105.48,25.16,161.78,5.48,9.72,23.22
T6,10.099,4.89,5.31,102.12,26.15,162.56,5.03,11.13,24.9,5.11,5.22,103.56,25.52,148.94,5.33,10.57,24.05
T3,10.1,5.02,5.63,109.9,26.99,158.48,5.52,9.94,25.94,5.44,5.89,107.92,27.66,146.77,5.03,10.52,24.4
T2,10.121,4.71,5.76,96.54,28.97,154.41,5.92,10.31,26.37,5.34,5.41,96.82,27.58,149.69,5.26,9.59,27.79
T2,10.125,4.82,4.88,108.39,25.97,155.68,5.5,9.69,26.04,4.8,5.74,111.89,27.08,168.9,5.51,10.6,25.71
T2,10.134,4.91,5.74,105.54,27.14,145.27,5.83,9.78,25.52,4.9,5.58,105.35,27.12,150.19,5.13,10.45,27.71
T2,10.169,5.29,5.63,109.14,26.08,153.4,5.21,9.5,26.83,5.41,5.76,97.49,28.07,146.57,5.88,10.85,27.54
T10,10.233,5.15,5.25,103.4,29.05,159.74,5.67,11.7,26.28,5.67,5.78,106.46,28.54,168.17,4.92,10.86,26.4
T10,10.257,5.34,5.46,96.18,25.64,156.59,5.38,10.9,27.35,5.06,5.59,101.9,26.49,151.11,4.8,11.29,26.07
T3,10.262,4.94,5.35,97.46,27.08,153.88,5.68,10.44,24.34,5.18,5.36,103.66,25.56,155.89,5.86,10.06,24.83
T10,10.276,5.58,5.0,93.97,27.89,159.96,5.66,11.06,26.21,5.15,5.05,104.3,25.95,170.41,5.57,10.13,26.51
T7,10.351,5.02,5.12,99.5,24.74,153.01,5.28,10.8,26.03,5.29,5.03,100.29,25.96,159.62,5.77,10.62,28.84
T10,10.38,5.36,5.32,107.81,26.67,171.55,4.89,11.29,27.37,4.82,5.63,96.69,27.89,149.94,5.64,11.19,27.16
T7,10.381,5.35,5.7,114.91,23.64,143.03,5.75,11.41,25.73,4.98,5.52,110.1,23.87,153.58,5.54,10.51,25.3
T6,10.387,5.28,5.7,111.77,25.66,163.0,5.71,10.08,24.87,4.8,4.96,108.35,23.73,155.53,5.41,10.36,26.62
T7,10.421,5.26,5.63,103.01,25.46,144.62,5.76,10.82,27.86,5.03,5.01,116.85,27.24,153.45,5.66,11.62,28.39
T6,10.425,5.08,5.3,99.72,24.81,141.36,5.52,11.01,27.09,4.92,5.39,96.68,25.74,154.76,5.14,10.06,25.42
T6,10.435,4.77,5.26,98.99,26.91,149.47,4.94,10.8,26.43,5.05,5.14,106.3,25.83,156.22,5.67,11.88,26.24
T6,10.468,5.41,5.22,108.35,27.61,159.55,5.67,11.25,27.83,5.33,5.74,113.46,23.98,153.68,4.87,11.34,24.6
T10,10.47,5.07,5.78,103.26,25.79,166.4,5.64,10.45,25.85,5.71,5.6,95.56,28.76,151.77,5.04,11.15,25.6
T6,10.475,5.54,5.31,113.96,26.55,148.11,5.58,10.56,26.53,5.26,5.21,104.31,25.8,146.26,4.91,11.09,27.88
T7,10.506,4.7,4.9,102.25,25.39,143.4,5.11,11.06,27.04,5.12,5.56,107.61,24.29,153.95,5.41,10.48,27.83
T7,10.538,4.91,5.29,111.3,25.07,148.01,5.51,10.69,25.16,4.78,4.85,99.51,27.23,146.63,5.73,10.52,26.92
T5,10.572,5.26,4.93,95.4,27.37,160.64,5.42,9.53,24.92,5.7,5.27,106.77,26.39,152.31,5.09,9.29,26.35
T5,10.61,4.94,4.91,99.7,26.05,156.49,4.93,10.27,26.94,5.84,4.94,102.73,26.49,137.61,4.67,9.96,27.33
T7,10.624,5.16,5.2,101.24,26.13,146.81,5.15,11.21,29.25,5.2,5.08,112.38,25.99,143.72,5.33,11.45,25.55
T7,10.626,4.87,4.92,105.07,24.32,144.58,5.01,10.18,25.95,4.67,4.83,113.53,25.34,162.53,5.37,11.46,26.31
T5,10.66,5.39,4.99,100.17,27.41,146.53,5.03,10.44,26.52,5.62,5.47,107.21,26.75,147.46,4.89,10.28,25.25
T5,10.685,5.72,4.75,100.74,23.05,156.02,5.01,9.43,23.63,5.82,5.03,106.23,25.75,139.17,5.45,10.94,26.16
T5,10.686,5.57,4.97,97.62,25.65,145.97,4.8,10.14,26.67,5.82,4.87,101.3,24.56,160.61,5.01,9.89,26.38
T10,10.759,4.99,4.96,110.24,26.9,159.12,5.35,11.43,26.66,5.19,5.66,96.69,29.2,159.12,5.25,10.08,28.3
T10,10.785,5.61,5.1,106.43,27.81,169.74,5.43,11.42,28.02,5.05,5.78,106.49,25.66,153.44,4.94,11.31,24.53
T10,10.823,5.71,5.56,93.04,27.94,176.55,5.28,11.09,27.41,5.45,5.01,94.94,26.83,155.77,5.3,9.98,27.58
T10,10.921,5.27,5.73,108.34,28.53,175.08,5.55,10.82,26.58,5.07,5.46,95.84,25.69,155.81,4.89,9.91,28.15
T5,10.966,5.69,5.36,106.15,23.86,148.8,4.88,9.4,24.52,5.22,5.12,102.05,24.99,155.27,4.98,10.86,25.39
