task_type_id,arrival_time,est_m1,est_m2,est_m3,est_m4,est_m5,est_m6,est_m7,est_m8,ext_m1-1,ext_m2-1,ext_m3-1,ext_m4-1,ext_m5-1,ext_m6-1,ext_m7-1,ext_m8-1
2,0.034,0.95,111.1,109.3,114.82,113.59,11.42,1.04,100.17,1.03,105.24,102.6,99.85,110.34,10.09,1.08,103.43
1,0.469,0.98,111.2,97.73,113.58,101.86,10.25,1.06,112.66,1.1,109.22,104.15,115.57,112.46,10.51,1.1,99.23
2,0.706,1.07,112.12,97.36,113.44,105.74,10.88,1.02,110.62,0.99,105.89,103.76,102.81,99.21,10.37,1.08,113.21
4,1.518,1.0,100.08,96.58,102.25,116.65,10.85,1.17,104.23,1.03,117.43,112.42,109.45,113.46,11.11,1.14,103.03
4,1.998,1.04,106.47,108.04,98.12,106.48,11.18,1.17,108.4,1.01,116.44,110.92,108.12,111.0,11.39,1.06,100.96
3,2.171,1.03,106.87,110.47,104.7,98.04,11.71,1.01,110.3,1.09,103.21,117.96,111.97,101.96,10.67,1.07,97.35
2,2.577,0.95,96.27,105.99,107.85,109.96,10.84,1.02,111.46,0.97,111.06,99.96,113.4,102.56,9.9,1.07,105.86
2,3.107,1.02,107.26,101.2,100.39,102.08,11.3,1.02,105.7,1.0,103.49,104.08,99.85,103.06,10.63,1.12,108.25
1,3.479,1.0,98.57,114.08,109.63,103.12,11.15,1.16,107.14,1.09,102.08,99.1,111.92,107.22,9.97,1.06,112.99
3,3.724,0.99,98.23,106.37,101.33,99.63,11.52,1.14,105.76,1.0,107.6,104.94,104.7,99.36,10.94,1.13,112.45
4,3.762,1.05,118.08,110.91,102.57,106.97,11.25,1.02,116.77,1.02,107.78,106.33,97.21,111.71,11.57,1.1,115.4
2,4.105,0.96,102.94,98.26,107.53,106.1,11.52,1.12,103.65,1.04,100.42,96.02,100.42,113.61,10.44,1.07,98.26
3,4.277,0.98,102.36,100.02,106.3,95.79,10.42,1.14,99.9,0.96,95.17,112.16,104.9,104.07,11.17,1.12,110.44
2,4.449,1.08,99.93,104.48,102.59,97.04,9.94,1.04,107.64,0.92,111.9,96.18,107.93,108.65,10.66,1.05,101.68
1,4.796,1.06,103.19,101.83,115.95,96.77,11.23,1.14,107.86,1.02,107.68,103.77,104.8,101.3,10.99,1.08,110.42
3,4.929,0.93,96.31,106.23,109.84,107.66,10.86,1.07,110.96,1.0,110.04,115.84,107.4,110.78,11.3,1.09,106.75
3,4.929,0.99,94.35,109.47,119.06,107.94,11.74,1.11,99.88,1.08,107.36,105.42,115.9,105.29,10.94,1.02,98.27
2,5.232,1.09,106.91,111.1,100.5,101.6,11.1,0.99,105.7,1.06,101.31,100.77,108.98,104.66,10.14,1.04,100.19
4,5.284,1.03,114.68,105.44,96.05,105.99,9.99,1.01,107.55,1.06,110.9,112.22,99.54,106.3,10.13,1.09,108.74
2,5.491,1.07,102.78,102.96,111.51,101.64,10.15,1.07,112.78,1.02,96.57,112.64,99.9,108.24,10.19,0.99,103.27
1,5.709,0.99,102.68,109.97,116.84,101.61,11.34,1.02,99.08,1.02,108.1,109.46,103.42,110.3,10.88,1.08,113.14
2,5.766,1.08,112.41,108.52,108.7,110.14,9.78,1.04,108.52,0.96,109.73,101.47,100.16,105.97,10.83,1.12,111.88
1,5.879,1.02,108.46,110.03,104.4,106.91,10.83,1.02,114.22,1.0,101.49,114.69,116.76,101.39,10.63,1.12,104.44
1,6.048,1.04,111.67,98.17,116.34,97.66,10.46,1.13,103.1,1.12,101.45,107.79,110.76,110.42,10.81,1.15,111.26
1,6.108,0.96,102.12,102.04,100.34,98.3,10.79,1.02,105.08,1.13,104.28,99.69,106.17,112.37,9.6,1.13,100.48
3,6.87,0.92,103.62,110.88,107.35,96.42,11.5,1.06,104.92,1.02,107.86,111.87,113.57,104.65,11.74,1.04,105.76
4,6.901,1.0,102.77,112.44,102.88,113.4,11.24,1.15,116.07,1.09,113.13,102.04,98.5,102.11,10.12,1.08,115.52
3,7.306,1.02,99.04,108.45,113.11,104.16,10.42,1.05,104.45,0.93,105.76,110.13,113.06,99.78,10.68,1.11,104.92
4,7.343,1.02,110.15,99.01,109.28,103.68,9.77,1.16,109.52,1.02,113.96,106.46,99.63,116.28,10.31,1.17,106.39
3,7.973,0.96,98.43,101.62,114.78,98.46,11.6,1.1,111.01,0.97,101.48,105.15,118.74,105.14,10.11,0.99,110.35
1,8.119,1.12,106.99,113.43,100.34,113.78,11.3,1.11,113.44,1.08,104.02,105.17,114.06,103.39,11.06,1.0,111.57
3,8.555,1.03,98.64,109.56,102.26,102.15,10.17,0.97,113.68,1.03,94.26,101.82,113.63,105.17,11.7,1.06,98.57
2,8.833,0.94,107.16,110.67,114.41,107.63,10.33,1.11,99.74,1.01,110.08,112.48,104.26,99.06,10.48,1.14,100.78
1,9.038,1.02,114.15,109.95,108.59,111.81,11.31,1.14,112.7,1.02,110.91,101.02,105.8,111.48,10.96,1.0,102.79
2,9.871,1.1,97.9,104.78,100.5,103.87,11.44,1.01,105.24,0.97,102.42,109.87,108.52,113.51,10.62,1.08,102.86
2,9.889,0.98,101.99,110.88,101.4,111.82,10.37,1.17,110.31,0.94,106.12,98.34,104.97,96.03,10.89,1.06,109.19
1,10.27,1.08,103.35,105.93,110.16,96.52,9.85,1.17,112.88,1.02,107.86,99.38,102.2,106.42,10.25,1.08,105.29
1,10.291,0.96,110.98,101.02,111.18,110.61,10.32,1.01,112.96,1.13,107.0,101.12,106.08,107.09,9.59,0.99,103.74
4,10.616,0.98,103.37,109.8,98.38,105.23,10.77,1.02,112.65,1.05,113.14,107.65,102.71,104.29,11.45,1.14,109.17
4,11.057,1.06,110.22,97.1,95.74,116.18,10.9,1.01,100.39,0.93,101.43,107.65,97.9,107.88,10.79,1.13,116.92
3,11.345,1.02,96.2,105.69,113.58,101.94,11.89,1.04,106.62,1.01,105.29,100.22,103.08,106.42,10.09,1.05,106.66
3,12.61,0.98,95.31,108.58,113.14,101.74,10.68,1.02,104.65,0.99,103.29,112.88,110.0,109.74,11.72,1.04,103.4
4,12.764,1.07,100.4,98.0,105.82,118.13,10.04,1.05,104.08,0.96,116.53,97.53,105.82,104.58,9.99,1.02,113.98
1,13.794,0.96,102.83,114.82,109.94,103.66,10.42,1.16,108.46,1.02,100.77,103.16,114.97,113.63,9.71,1.13,100.53
3,14.444,1.03,101.19,112.62,106.14,100.29,11.69,1.14,106.16,0.97,96.39,115.84,106.42,96.33,10.36,0.99,114.18
3,14.789,1.0,98.08,100.15,116.13,103.1,11.91,0.98,111.93,1.07,96.56,114.15,116.26,98.58,11.74,1.06,107.47
4,15.119,0.95,106.17,109.57,103.04,112.56,10.57,1.14,111.81,0.99,102.92,96.49,104.38,106.73,10.17,1.03,108.63
4,15.163,1.06,118.56,95.98,111.82,118.36,11.03,1.01,103.17,1.0,116.88,95.21,101.93,106.08,10.99,1.02,107.12
4,15.179,1.07,102.4,109.24,104.37,103.8,10.66,1.07,104.69,1.1,107.07,106.68,100.22,118.47,10.36,1.03,109.54
2,15.442,1.04,98.09,110.07,111.32,99.74,9.97,1.09,105.25,0.94,96.59,101.41,110.65,103.3,11.22,1.11,113.89
1,15.58,1.0,98.18,105.77,113.78,96.77,9.58,1.16,97.31,1.01,102.12,108.65,112.92,100.86,9.6,1.15,101.53
1,15.819,1.06,109.92,106.44,101.35,97.48,11.1,1.04,112.17,1.02,99.87,101.63,113.49,108.38,9.6,1.04,109.86
4,15.991,0.96,115.79,102.14,107.49,114.61,10.74,1.11,111.36,1.08,101.62,112.77,97.8,118.14,11.47,1.08,100.29
1,16.02,1.06,104.88,98.17,115.95,99.58,10.2,1.02,108.36,0.99,103.34,109.59,101.54,106.26,10.26,1.01,105.86
4,16.075,0.97,111.29,96.43,109.92,100.58,10.08,1.18,115.93,1.06,116.21,106.77,107.71,112.25,10.19,1.19,110.47
1,16.222,1.0,114.14,103.58,106.84,100.34,10.34,1.01,99.85,1.1,102.52,115.61,108.44,101.47,9.55,1.07,100.0
1,16.585,1.06,107.4,113.11,109.16,105.91,9.68,1.02,101.91,1.0,107.27,113.73,113.46,99.11,9.92,1.12,98.66
3,16.592,1.09,106.01,101.53,103.44,108.64,10.06,1.13,114.17,1.0,98.43,117.37,100.36,111.8,11.18,0.98,105.83
2,16.771,1.06,111.75,108.1,104.3,96.99,10.27,1.07,103.48,1.07,113.39,113.5,111.44,102.72,10.55,0.99,103.4
3,17.185,1.02,100.86,116.87,103.22,95.52,10.66,1.01,107.09,1.0,96.29,112.86,107.67,103.94,11.3,0.97,97.1
1,17.329,1.08,107.29,115.05,117.01,103.28,11.0,1.1,99.44,1.0,113.51,100.27,114.95,109.23,11.22,1.02,106.11
3,17.527,1.04,93.45,117.94,100.9,98.48,11.33,1.01,97.04,1.1,97.67,104.04,113.11,97.05,11.53,1.11,100.3
1,17.895,1.1,105.73,104.14,102.95,101.68,9.61,1.14,96.3,1.03,107.28,108.17,110.08,96.86,9.59,1.07,104.67
3,18.043,0.96,98.21,110.13,101.45,110.77,10.2,1.04,112.11,0.99,95.74,117.98,111.78,96.33,11.7,1.14,103.33
2,18.051,1.03,103.41,104.8,105.93,101.18,10.22,1.1,105.24,1.01,105.74,111.18,105.12,102.7,10.35,1.1,100.98
1,18.239,0.98,106.43,106.29,109.63,108.64,10.52,1.02,110.92,1.0,112.62,114.39,109.16,100.0,9.7,1.11,107.14
2,18.58,1.08,95.64,112.71,100.5,111.69,10.4,1.03,106.58,1.04,95.36,105.48,102.59,108.36,10.4,1.08,106.62
2,18.807,1.05,97.1,109.2,98.78,113.18,10.89,1.09,105.31,1.09,106.12,103.41,114.7,98.49,10.18,1.07,108.8
1,19.185,0.97,101.48,101.81,106.9,103.11,11.11,1.08,99.53,1.01,110.98,114.35,112.03,99.67,10.27,1.13,110.56
1,19.336,1.1,97.68,101.87,117.01,102.51,11.27,1.0,97.15,1.09,110.94,114.53,103.01,111.79,10.21,1.01,96.95
4,19.407,0.94,117.09,100.6,100.2,114.64,9.96,1.15,109.21,1.02,103.32,102.6,109.89,107.02,10.68,1.04,101.87
3,19.649,0.94,102.34,107.78,106.69,109.87,10.9,1.11,113.92,0.98,104.79,115.61,115.61,108.41,11.34,1.01,99.27
1,19.681,1.1,99.38,97.99,104.06,111.36,10.59,1.07,98.36,1.11,113.86,101.82,112.72,105.86,10.4,1.12,106.48
4,19.932,0.95,115.73,103.7,99.73,106.78,10.74,1.05,106.26,1.0,106.72,104.12,107.63,106.23,10.75,1.13,103.64
1,20.137,1.07,115.96,104.45,104.86,102.72,10.86,1.09,103.26,1.1,97.86,113.47,105.08,96.44,10.38,1.1,97.46
4,20.326,0.94,100.99,103.95,100.14,102.87,11.45,1.06,101.72,1.06,114.01,109.95,105.21,117.1,10.36,1.06,99.8
1,20.746,1.02,104.73,101.88,100.27,110.81,9.81,1.14,114.25,1.08,111.72,105.17,116.51,108.6,11.22,1.02,104.46
4,20.95,1.06,116.57,109.28,97.68,105.99,10.4,1.07,116.12,1.06,113.82,109.76,103.99,103.82,10.55,1.13,101.52
3,21.586,1.04,105.77,100.94,104.62,102.96,10.74,1.1,109.23,0.97,107.0,104.9,113.84,95.88,11.52,0.98,102.18
2,22.08,0.99,104.54,102.73,100.39,100.23,9.8,1.01,112.54,0.92,99.39,96.94,98.26,102.15,11.1,1.12,100.49
1,22.284,1.05,103.92,106.9,113.54,108.69,9.83,1.09,107.13,0.98,107.34,99.25,108.33,104.06,10.76,1.02,113.46
2,22.335,1.02,112.08,112.37,101.04,97.95,10.26,1.1,111.81,0.96,109.99,106.2,109.31,102.65,10.12,1.01,100.51
2,22.383,1.07,108.67,98.8,103.89,108.45,10.2,1.03,98.23,1.04,105.1,102.41,108.92,113.7,10.82,1.06,103.56
1,22.507,1.01,102.53,105.02,116.03,98.74,11.08,1.05,106.4,1.06,109.82,114.35,102.56,103.31,9.57,1.04,99.72
3,22.845,1.08,103.59,104.33,105.74,104.05,10.43,1.03,101.99,0.97,101.99,115.42,117.36,101.09,10.9,1.0,108.99
4,23.002,1.0,116.31,106.46,100.22,109.33,10.75,1.18,105.17,1.06,117.91,101.3,102.25,104.4,10.9,1.1,115.45
1,23.229,0.98,111.15,113.23,110.71,99.14,11.29,1.1,97.56,0.98,100.77,104.15,109.38,106.51,11.08,1.02,107.77
4,23.437,1.1,117.56,97.86,111.74,104.64,11.56,1.15,111.77,1.0,109.88,109.98,101.27,104.86,10.82,1.07,99.78
4,23.68,1.07,104.39,104.74,95.56,117.74,10.32,1.15,113.47,0.94,109.48,108.32,111.7,116.44,11.01,1.1,112.05
4,23.906,0.98,107.52,112.22,110.86,103.37,11.41,1.06,111.36,1.02,104.75,109.01,105.71,106.32,10.06,1.07,105.65
1,24.126,1.01,106.03,115.66,110.0,103.99,10.09,1.08,109.36,0.96,104.06,107.65,107.12,103.23,10.59,1.15,106.54
1,24.174,1.08,100.43,114.39,116.46,99.63,10.74,1.1,104.38,0.98,101.04,114.17,114.06,101.72,10.01,1.17,106.42
4,24.182,0.97,115.59,109.01,95.79,102.0,11.02,1.06,110.97,1.0,112.03,98.27,97.78,106.32,11.18,1.05,118.03
3,24.375,1.06,101.0,101.8,113.57,97.33,10.48,1.0,113.83,0.96,109.2,117.47,118.01,95.86,11.04,1.1,112.69
4,24.423,1.08,115.59,109.0,95.98,109.24,10.08,1.02,110.54,1.04,106.54,100.32,98.9,116.58,10.68,1.07,103.12
2,24.536,1.03,101.11,107.36,110.06,100.22,9.93,1.05,110.71,1.09,107.3,108.99,98.82,103.11,10.19,0.99,107.01
4,24.712,1.06,115.73,108.86,101.36,111.4,10.39,1.03,114.68,1.01,118.98,101.69,106.08,106.24,10.91,1.15,104.67
4,25.099,1.0,110.83,112.2,104.34,99.74,10.74,1.04,113.29,1.05,101.87,97.47,94.95,101.3,11.16,1.14,109.05
1,25.109,1.09,112.57,108.94,100.39,98.28,10.46,1.05,96.71,0.98,105.9,110.19,109.41,114.53,9.7,1.08,104.94
1,25.296,1.05,115.36,102.57,104.86,97.22,10.14,1.16,99.12,1.05,108.1,106.21,109.63,101.44,10.93,1.07,101.62
1,25.364,1.05,106.57,102.94,100.76,111.38,10.64,1.09,110.54,0.98,99.07,109.28,108.68,99.58,11.3,0.99,110.92
4,25.869,0.99,118.8,111.26,98.73,116.45,11.42,1.13,99.34,1.03,101.51,98.32,99.26,108.73,11.3,1.14,101.07
4,25.953,0.99,112.76,109.29,100.22,107.66,9.99,1.08,107.28,0.94,112.8,96.04,95.74,117.33,11.4,1.05,115.95
4,25.996,1.03,110.3,108.09,105.38,111.54,11.38,1.08,117.47,1.07,113.2,99.43,100.88,112.39,10.46,1.09,100.78
3,26.416,1.04,94.38,101.02,116.31,101.82,11.7,1.11,114.93,0.95,101.66,117.37,111.24,105.12,11.58,1.12,100.39
3,26.604,1.06,110.3,112.49,119.16,108.24,11.38,1.13,108.62,1.03,101.48,114.65,115.3,99.65,10.25,1.04,100.35
2,26.736,0.97,104.42,96.12,98.21,109.31,10.2,1.16,100.05,0.93,111.06,96.75,108.56,113.01,10.4,1.02,108.03
3,27.184,1.01,93.38,115.34,116.07,109.44,10.92,1.15,105.91,1.05,104.25,99.81,117.95,111.46,11.41,1.02,103.21
4,27.222,1.07,107.2,95.29,111.04,109.84,10.48,1.01,104.88,0.98,101.21,100.89,108.55,113.93,10.54,1.05,101.57
1,28.337,0.96,108.71,104.1,112.88,101.52,10.03,0.99,109.3,1.03,111.26,114.63,105.1,98.28,10.78,1.15,99.46
3,28.669,0.96,102.6,117.33,114.97,109.63,10.71,1.08,104.36,0.98,105.91,117.19,109.71,101.29,11.03,1.15,107.36
2,30.027,1.04,110.16,111.74,102.06,96.66,9.84,1.0,107.82,1.06,103.25,102.92,115.33,106.87,10.32,1.04,103.9
4,30.315,1.03,101.23,96.39,108.38,118.38,10.78,1.07,109.99,0.99,118.11,110.52,99.58,104.7,10.68,1.06,100.2
2,30.971,0.98,99.74,113.3,107.93,112.94,11.11,1.0,104.01,1.05,107.18,113.02,100.72,96.34,10.87,1.01,114.02
3,31.196,0.97,102.16,115.73,111.04,106.84,10.77,0.98,105.47,1.01,94.98,112.16,118.12,108.51,11.3,1.03,99.93
4,31.266,0.92,115.42,102.66,98.65,118.52,10.04,1.02,100.28,1.07,102.55,103.05,102.54,106.29,9.94,1.15,101.52
3,31.631,1.0,93.51,115.68,117.7,99.32,10.63,1.11,106.59,1.06,109.02,109.36,100.61,112.64,10.08,1.12,105.99
1,31.708,1.01,108.86,102.91,108.57,96.72,10.88,1.06,98.73,1.1,100.69,105.18,114.94,105.05,10.57,1.13,102.48
3,31.758,0.96,96.62,111.91,115.08,101.74,11.5,1.15,111.23,0.98,93.6,110.89,102.55,111.0,11.44,1.14,98.55
3,32.225,1.04,93.39,115.76,107.97,98.13,11.84,1.09,104.32,0.95,101.92,112.36,108.1,112.81,11.42,1.14,112.98
3,32.427,1.07,106.7,108.88,105.36,102.45,11.64,1.14,107.0,1.02,93.94,115.85,107.1,99.26,10.76,1.03,110.81
4,32.427,0.94,112.12,99.73,106.85,106.17,10.39,1.11,110.32,0.93,112.06,96.6,106.64,111.2,10.68,1.06,110.6
3,32.434,0.98,105.63,107.37,111.69,99.13,11.6,1.09,107.64,0.93,102.89,100.59,118.81,104.16,11.65,1.12,97.67
4,32.673,1.01,101.86,111.73,97.01,110.48,11.38,1.16,106.9,1.08,105.68,107.86,101.91,117.5,10.74,1.03,103.13
1,33.36,0.96,106.87,114.69,103.5,106.44,10.34,1.08,97.36,1.08,111.97,113.42,105.16,102.44,10.52,1.16,97.94
1,33.724,1.02,111.96,107.05,112.7,101.06,10.5,1.04,106.57,1.09,103.71,112.32,101.42,102.12,10.98,1.03,103.63
1,33.826,1.06,100.35,115.96,110.38,97.19,11.18,1.1,111.77,1.02,104.68,114.49,106.75,110.1,11.1,1.12,97.56
4,34.768,0.95,108.77,95.68,109.27,105.46,11.41,1.08,110.71,1.06,102.75,102.19,102.07,100.02,10.55,1.09,101.55
3,34.92,0.94,99.39,111.08,114.05,97.57,10.79,1.15,106.34,1.06,98.54,99.93,107.37,109.16,10.81,1.05,114.99
4,34.942,1.03,105.44,102.8,99.34,100.58,10.9,1.1,114.06,1.09,111.24,107.45,103.95,112.24,10.8,1.12,109.76
1,34.979,1.07,107.27,107.65,113.51,99.68,10.51,1.1,98.38,1.09,102.81,111.63,110.89,99.67,11.09,1.1,111.42
2,35.227,1.06,97.96,102.91,99.25,105.43,11.35,1.09,112.5,1.01,102.06,103.09,100.78,103.11,9.69,1.15,98.15
1,35.559,1.12,112.57,114.08,117.41,108.49,9.85,1.08,97.26,1.12,104.38,102.14,106.65,107.94,9.71,1.08,104.08
4,35.657,1.07,114.01,101.53,107.0,108.69,10.93,1.08,104.24,1.06,101.51,101.36,97.78,110.09,9.9,1.12,110.07
1,35.689,1.02,101.32,108.28,108.44,101.17,9.89,1.02,107.98,1.02,100.66,99.17,114.86,100.87,10.98,1.14,110.83
2,35.743,0.97,111.27,113.08,109.44,113.84,10.59,1.11,114.5,1.02,101.62,105.54,105.22,100.72,11.27,1.03,112.78
4,35.892,1.04,101.52,105.49,106.14,109.78,10.51,1.18,104.43,1.07,111.25,106.03,97.95,104.6,11.15,1.19,103.36
2,35.914,1.0,99.8,104.89,111.17,113.62,11.09,1.14,108.81,1.01,105.77,104.74,98.06,102.98,10.78,1.14,113.93
3,36.317,1.05,104.89,114.68,100.81,108.51,10.68,0.99,110.74,1.0,93.51,115.47,104.54,98.62,10.69,1.15,99.9
4,36.338,1.09,102.92,101.35,98.12,100.58,10.64,1.16,104.18,0.95,101.76,112.15,112.1,118.62,11.5,1.12,109.0
1,36.373,0.99,106.86,109.37,105.31,114.67,10.82,1.17,98.33,1.02,112.62,100.9,115.62,101.04,11.22,1.03,99.42
1,36.408,1.13,101.07,112.31,106.22,111.42,11.34,1.13,104.81,1.12,102.63,104.46,112.0,110.81,10.59,1.07,112.69
4,36.43,0.96,117.45,112.35,111.37,101.2,9.94,1.06,102.13,0.95,100.25,104.41,100.02,104.7,10.9,1.05,105.03
3,36.431,1.03,97.69,106.25,105.19,103.72,10.29,1.0,107.88,1.0,98.76,112.59,115.17,113.38,11.16,0.98,101.61
4,36.559,0.96,115.27,96.07,101.4,111.67,11.59,1.16,107.39,0.98,100.67,104.71,95.66,103.06,10.5,1.11,104.55
2,36.799,0.93,101.97,108.99,105.03,108.94,10.15,1.04,96.45,0.99,98.61,113.08,108.84,102.53,10.77,1.17,105.61
2,37.284,1.0,112.44,103.45,100.86,107.39,10.54,1.01,104.27,1.09,100.03,96.36,113.49,105.74,9.81,1.13,105.02
3,37.559,1.02,110.29,114.07,109.95,108.54,10.33,1.12,109.03,1.05,109.46,110.65,118.96,97.09,11.07,1.14,110.7
2,37.632,0.99,112.14,102.62,101.92,109.33,11.47,1.05,101.87,0.94,111.42,111.73,101.13,97.47,10.09,1.09,96.62
2,37.65,1.07,110.21,96.87,113.2,107.9,11.11,1.17,111.1,0.99,103.71,98.56,102.83,111.62,9.75,1.02,96.59
2,38.279,1.01,100.46,106.59,115.19,104.26,10.4,1.03,112.41,1.05,103.17,102.2,107.23,102.24,11.5,1.17,109.34
3,38.333,1.01,95.9,107.5,107.1,107.63,11.09,1.03,105.4,1.01,96.79,104.52,109.2,99.82,10.78,1.03,103.6
1,38.808,0.98,106.64,104.63,106.94,97.07,10.18,1.16,97.93,1.02,113.27,97.82,106.11,109.74,11.01,1.03,101.38
3,39.078,1.04,95.9,110.53,110.62,111.39,10.13,1.05,113.31,0.93,96.92,112.3,114.8,111.64,11.52,1.01,110.47
1,39.108,1.03,114.39,114.26,105.08,106.28,11.15,1.08,109.03,0.96,115.51,99.22,100.61,99.85,11.03,1.12,108.62
3,40.031,0.99,102.36,117.34,112.68,109.44,11.44,1.12,101.02,1.1,94.42,101.48,117.95,99.17,10.36,1.15,104.68
1,40.194,1.02,100.86,111.47,100.23,102.58,10.26,1.12,111.38,1.06,108.13,107.57,115.31,100.01,11.11,1.13,114.2
1,40.568,0.96,106.06,98.25,115.34,106.25,11.01,1.06,104.88,0.99,113.06,101.34,104.68,109.97,9.6,1.1,100.48
2,40.688,1.09,105.21,99.86,106.18,110.02,9.72,1.02,103.99,1.05,103.73,97.96,102.73,109.98,11.12,1.06,112.02
2,40.796,0.98,107.35,105.05,111.87,110.86,11.1,1.02,104.95,0.94,108.65,102.38,98.52,107.9,11.03,1.08,105.54
1,41.302,1.02,107.34,99.2,114.06,97.14,9.78,0.99,107.9,0.97,108.13,106.16,113.74,106.02,9.7,1.16,100.88
3,41.319,1.05,101.08,108.78,101.06,101.37,11.86,1.01,112.66,0.97,95.5,111.29,103.25,107.26,10.1,1.06,110.7
2,41.356,1.08,95.74,105.01,112.63,103.67,10.4,1.14,109.22,1.01,100.8,103.09,100.67,104.98,10.32,1.13,98.02
3,41.389,1.05,97.63,112.99,102.32,112.83,10.17,1.06,109.78,1.04,93.6,101.21,104.02,112.74,11.35,0.99,102.07
2,41.496,0.95,100.8,105.12,102.87,105.52,10.82,1.13,99.7,0.99,96.47,102.0,100.4,110.35,10.6,1.01,108.74
2,41.615,0.95,110.55,113.03,116.04,103.79,11.41,1.15,99.75,1.0,107.5,105.04,105.78,95.98,10.12,1.14,99.57
4,41.836,0.98,111.55,101.77,102.07,105.32,10.72,1.06,112.94,0.99,118.47,97.53,94.47,110.45,10.12,1.01,108.06
3,42.019,1.03,103.7,114.75,101.74,101.68,11.32,1.15,107.46,1.04,104.46,115.32,112.68,108.59,10.09,1.13,101.35
1,42.093,1.07,108.99,111.38,115.43,100.5,10.84,1.17,101.29,1.09,104.61,101.7,99.58,107.18,10.2,1.04,106.13
1,42.297,1.06,105.44,114.49,107.02,108.0,11.17,1.1,105.76,0.99,113.61,111.89,99.6,96.65,9.88,1.16,99.19
4,42.558,0.98,102.32,102.04,104.39,105.33,9.85,1.01,108.37,1.08,105.86,111.29,107.44,104.37,10.66,1.12,111.71
3,42.638,1.02,109.97,100.35,103.86,107.44,10.58,1.13,105.45,0.96,107.0,101.2,107.97,96.66,10.81,1.06,98.57
4,43.707,1.03,115.24,98.24,100.76,104.58,11.36,1.17,110.25,1.06,106.65,108.13,107.07,107.43,11.49,1.15,109.05
4,43.825,0.98,105.47,97.54,109.65,117.24,9.92,1.14,110.0,0.99,102.6,101.02,101.51,102.9,11.39,1.02,100.27
2,44.257,0.95,97.32,106.1,102.35,108.24,10.8,1.08,96.51,0.96,104.42,108.56,110.57,104.2,10.12,1.06,99.57
3,44.373,1.09,103.38,101.74,116.03,106.04,10.12,1.14,114.43,0.98,93.39,106.59,108.74,95.7,10.36,1.1,114.17
3,44.833,1.02,96.61,101.82,115.98,105.59,11.0,1.12,112.48,1.1,105.36,110.8,106.57,99.53,10.85,1.14,108.33
4,44.835,0.96,111.8,96.73,96.99,113.74,10.97,1.03,112.02,0.94,105.18,106.6,101.1,116.15,9.87,1.07,100.7
2,45.223,0.97,99.85,105.75,106.06,97.09,9.95,1.07,103.58,0.96,99.93,102.7,112.55,107.52,11.07,1.08,98.72
4,45.305,1.01,112.11,99.23,98.3,113.62,10.94,1.06,114.03,0.93,111.48,108.83,102.67,104.86,10.21,1.16,111.27
3,45.308,0.97,98.77,111.86,118.05,95.83,10.2,1.08,98.84,1.01,104.75,107.9,118.11,100.42,11.34,1.05,107.6
4,45.321,1.04,118.55,97.62,97.68,110.92,10.32,1.1,104.49,1.01,105.87,101.94,109.92,100.34,10.84,1.01,101.98
3,45.377,0.93,108.29,104.94,104.09,98.94,10.94,1.09,108.99,1.03,104.35,107.94,105.41,113.2,11.86,1.15,98.48
2,45.539,1.0,110.62,97.56,116.0,109.02,10.3,1.07,108.44,0.95,112.14,102.92,110.88,103.73,11.39,1.03,105.54
3,45.735,1.05,109.22,116.05,110.14,111.25,10.74,1.14,97.77,1.03,105.63,108.47,108.62,108.5,11.74,1.05,102.75
1,45.79,1.12,101.27,99.69,115.8,108.97,10.94,1.1,103.02,1.08,103.45,114.8,103.42,108.58,9.8,1.13,107.01
4,46.353,0.96,116.35,112.36,100.59,105.52,11.41,1.05,117.98,1.05,107.24,96.93,96.24,102.0,10.34,1.09,117.4
4,46.46,1.1,113.63,95.99,104.34,101.11,9.98,1.05,114.51,0.95,116.63,103.76,111.82,104.7,10.58,1.14,106.37
4,46.633,0.96,118.87,110.17,109.53,100.02,9.78,1.01,112.1,0.94,107.54,99.43,99.32,102.53,10.77,1.08,115.32
2,46.867,1.03,103.66,113.03,112.55,100.52,9.69,1.12,112.68,1.01,101.53,98.57,101.11,109.84,11.34,1.12,103.0
2,47.076,0.98,104.65,104.4,99.61,97.16,11.06,1.08,96.37,1.02,112.51,96.97,98.41,98.42,11.38,1.1,103.09
1,47.282,0.99,109.58,111.95,104.72,98.14,10.55,1.08,109.37,0.97,103.82,113.52,109.78,110.6,9.95,1.12,106.83
2,47.408,1.04,100.74,106.99,108.84,108.44,10.66,1.1,102.77,1.08,101.83,113.03,106.06,109.89,10.11,1.06,106.34
2,47.752,0.96,100.03,111.79,98.98,98.77,10.29,1.11,97.94,1.02,99.12,104.89,102.25,104.25,10.2,1.12,100.58
3,47.788,1.05,98.8,110.12,119.01,100.32,11.7,1.12,100.72,1.03,104.5,118.28,102.94,108.7,11.62,1.01,98.62
4,47.829,1.0,102.93,103.41,94.99,99.91,10.66,1.14,111.6,0.94,103.76,108.13,100.26,110.97,11.27,1.16,110.54
4,48.161,1.06,102.28,109.6,95.44,114.18,11.57,1.06,113.72,0.99,115.59,97.58,102.07,108.88,11.31,1.17,112.3
3,48.453,1.03,107.54,100.35,115.75,112.73,10.2,1.15,105.73,1.01,102.78,104.21,100.34,103.72,10.72,1.13,111.25
2,48.481,1.06,97.17,111.18,98.82,111.21,10.32,1.02,108.5,1.1,98.15,104.94,98.2,98.97,11.14,1.1,102.79
3,48.689,1.02,108.96,101.44,102.08,110.96,10.68,1.0,97.66,1.04,95.74,104.55,108.06,99.43,10.74,1.02,97.1
3,48.834,1.06,104.56,104.61,103.44,97.62,10.66,1.12,108.24,1.04,102.21,105.59,116.26,110.26,10.76,1.14,105.54
3,48.924,0.95,107.68,118.31,109.61,100.35,11.72,1.09,111.0,1.01,99.34,103.31,113.06,107.34,11.4,1.11,97.51
2,48.969,1.06,97.17,110.66,99.87,108.04,9.72,1.16,96.43,1.09,102.1,112.48,109.31,102.52,11.24,1.0,109.16
2,49.233,0.95,108.67,98.33,112.82,96.04,10.09,1.16,108.63,1.0,97.96,109.69,115.95,108.31,10.95,1.03,98.31
4,49.951,0.94,112.64,107.05,110.32,118.48,10.42,1.15,116.34,1.04,106.51,99.72,96.38,116.24,11.1,1.17,107.91
1,50.087,1.13,110.07,106.36,103.14,101.8,9.73,1.04,107.73,1.11,105.08,101.48,104.8,98.71,10.41,1.05,97.05
3,50.496,0.98,102.78,115.07,104.21,99.0,10.65,0.98,100.62,1.08,94.76,102.36,107.72,102.89,11.63,1.07,98.02
2,50.874,0.95,97.29,112.64,114.25,104.25,10.04,1.12,107.9,1.05,111.23,102.27,98.41,110.26,9.87,1.09,106.14
3,51.844,1.07,99.12,108.77,104.66,101.67,11.04,1.12,100.29,1.01,100.42,105.29,107.97,98.48,10.18,1.08,113.04
2,52.104,1.0,101.23,99.08,98.75,105.26,10.84,1.08,105.41,1.07,106.29,98.79,106.57,97.14,11.11,1.07,101.38
1,52.34,1.11,102.85,109.99,110.96,110.31,11.1,0.99,100.42,0.95,98.22,101.63,116.5,97.32,11.31,1.13,96.32
3,52.631,0.95,101.09,110.56,118.41,103.93,11.93,1.14,97.47,1.08,98.8,101.27,104.7,103.07,11.34,1.13,113.53
4,52.683,1.03,105.85,112.98,107.91,117.9,11.45,1.2,113.73,1.01,115.4,96.96,110.99,112.41,10.34,1.01,106.98
3,52.854,0.98,95.96,113.51,115.24,97.52,10.9,1.02,100.12,1.08,107.94,110.05,117.5,108.12,10.87,1.08,108.33
4,52.902,1.06,102.55,98.27,99.34,110.48,11.54,1.11,99.47,1.02,112.86,105.78,102.02,105.16,10.7,1.06,116.66
1,53.251,1.07,98.37,109.56,114.97,100.79,11.21,1.07,96.13,1.09,100.38,110.87,111.72,102.67,10.84,1.02,107.93
4,53.469,0.94,107.95,101.23,96.65,107.99,11.26,1.02,100.54,1.02,117.25,98.02,97.61,108.14,10.91,1.12,112.99
2,53.999,0.93,109.96,108.4,106.57,113.32,11.2,1.06,101.53,1.1,98.75,105.2,98.75,103.41,10.9,1.01,110.62
3,54.118,1.08,95.48,108.47,101.36,97.88,10.77,1.07,110.02,0.93,95.12,114.68,109.16,108.12,11.35,1.02,102.81
3,54.148,0.96,95.85,114.86,109.82,111.27,10.37,1.1,97.56,0.97,110.49,114.08,115.72,100.53,10.61,1.0,106.34
2,54.451,1.0,110.88,110.47,108.7,96.73,9.74,1.16,109.77,1.04,103.02,113.32,116.13,109.96,9.75,1.1,101.67
3,54.457,0.98,99.12,113.64,108.06,99.17,10.41,0.98,105.92,0.93,105.94,111.74,111.41,104.61,10.71,1.04,105.4
2,54.86,1.07,97.28,98.33,113.36,106.96,10.94,1.17,102.55,1.02,104.65,98.95,115.32,98.97,11.24,1.09,97.25
4,55.22,1.07,111.27,105.1,111.45,115.37,9.9,1.15,101.43,0.97,117.25,111.65,97.8,111.34,9.83,1.16,106.4
4,55.441,0.99,100.99,99.6,112.01,116.83,10.77,1.09,112.48,1.04,113.16,104.44,98.28,114.25,10.19,1.07,99.52
1,55.8,1.07,103.05,113.8,107.82,112.55,11.02,1.15,113.46,1.1,99.32,103.58,100.49,110.67,11.11,1.06,110.16
1,55.893,1.03,98.02,108.86,105.64,96.86,10.88,1.14,111.69,0.98,109.85,99.0,103.15,99.98,11.25,1.0,103.42
1,56.111,0.98,109.87,115.08,111.68,109.97,9.58,1.05,111.02,1.0,108.69,115.27,100.46,104.96,9.6,1.07,111.65
1,56.157,1.1,103.83,106.97,103.42,111.69,9.91,1.11,110.11,1.0,103.03,101.09,101.87,102.2,9.91,1.09,102.43
3,56.454,1.04,103.94,102.64,112.49,99.21,11.28,1.02,99.7,1.01,96.21,107.02,117.46,102.55,10.46,1.03,99.63
1,56.551,1.05,108.46,98.38,101.66,105.05,9.99,1.12,106.69,1.08,102.7,115.47,102.2,105.86,10.39,1.1,100.05
1,57.043,1.08,113.72,113.82,101.45,100.41,10.29,1.02,101.2,1.0,102.54,99.12,101.04,106.83,9.75,1.0,100.1
4,57.137,0.98,116.82,107.95,109.72,109.3,11.46,1.12,113.61,1.07,101.93,106.89,109.87,111.92,10.48,1.16,112.89
4,57.222,1.08,104.65,106.8,95.92,101.48,11.57,1.17,106.42,1.05,113.64,100.0,111.45,111.4,10.98,1.07,116.3
1,57.359,1.0,109.34,101.98,101.18,110.51,9.95,1.0,99.26,1.13,114.5,109.69,100.92,108.24,11.08,1.09,112.91
2,57.518,1.0,107.01,99.72,104.65,106.26,10.0,1.14,104.08,1.05,111.27,98.3,102.87,108.75,10.18,1.11,105.31
4,57.736,1.04,113.92,99.13,101.36,106.78,11.39,1.12,103.34,1.0,116.29,95.83,97.13,118.35,10.56,1.19,112.38
3,58.145,1.05,104.46,108.68,117.86,103.89,10.19,1.14,102.56,1.0,103.62,109.67,103.25,103.69,10.32,1.13,103.34
3,58.58,0.99,93.96,108.47,103.52,98.74,10.7,1.14,110.06,1.0,103.93,113.83,119.1,107.63,11.56,1.05,105.9
2,59.006,1.08,105.22,103.89,98.06,111.36,10.78,1.16,104.67,0.95,113.26,103.55,111.03,109.81,11.16,1.02,99.55
1,59.124,1.12,98.3,103.37,113.34,111.26,10.13,1.16,101.65,1.1,102.59,101.88,117.07,103.64,10.37,0.99,108.99
1,59.565,1.0,108.46,114.34,117.33,110.62,10.72,1.04,111.5,1.06,102.53,102.26,111.09,101.15,10.07,1.14,112.18
1,59.895,1.05,99.03,107.17,115.24,100.73,10.99,1.01,104.87,1.05,99.31,111.95,109.26,101.45,11.02,1.0,107.08
2,59.899,0.93,95.75,102.44,109.39,108.65,10.77,1.12,101.64,1.1,98.98,102.19,99.39,96.48,10.74,1.07,101.04
3,60.083,0.99,95.5,107.74,104.04,106.88,10.35,1.12,103.68,1.03,103.96,107.24,101.94,107.72,11.46,1.07,98.12
1,60.677,1.02,100.0,115.53,114.74,109.21,10.64,1.06,100.53,0.98,100.77,108.09,105.1,110.3,10.62,1.04,111.17
1,60.829,0.99,105.26,114.89,113.01,100.46,10.91,1.13,103.41,1.09,103.83,100.34,109.45,111.99,11.32,1.1,96.64
4,61.37,0.93,116.33,99.71,110.75,100.92,10.25,1.11,109.23,0.99,111.48,107.43,94.6,102.72,10.38,1.12,110.37
3,61.832,1.05,93.34,110.3,113.5,107.87,11.87,1.05,109.24,1.05,107.56,113.98,102.92,108.79,11.49,1.02,111.26
2,62.085,1.07,106.87,97.21,113.36,112.08,9.92,1.13,103.5,1.06,99.78,102.17,101.16,112.78,10.96,1.0,97.57
1,62.45,1.04,98.06,114.13,109.99,100.1,9.85,0.99,103.02,0.98,112.84,109.97,105.72,103.16,11.05,1.15,106.83
1,62.527,1.03,113.91,103.63,109.85,107.7,10.79,1.1,112.22,1.03,114.67,106.44,112.78,104.02,9.89,1.0,111.99
3,62.731,0.98,107.03,116.17,118.79,100.62,10.07,0.99,113.62,0.93,97.23,101.02,108.81,100.29,10.12,1.09,106.43
2,63.224,0.97,95.57,96.45,114.04,97.66,10.84,1.16,111.93,1.08,106.31,112.19,103.58,102.22,11.17,1.01,97.0
2,63.242,0.97,101.25,102.2,115.58,104.59,11.3,1.0,96.76,1.0,103.06,106.02,114.28,104.45,11.16,1.15,108.26
4,63.492,1.06,109.05,97.95,97.03,103.74,11.42,1.15,103.06,1.03,109.79,108.9,110.62,104.54,9.9,1.14,109.67
4,63.532,0.99,112.76,104.03,100.12,110.78,11.57,1.15,99.4,1.0,118.23,108.02,95.33,105.95,9.83,1.17,102.32
4,63.908,1.02,101.76,109.52,104.97,107.03,11.57,1.18,116.66,0.98,100.35,102.04,109.72,106.93,9.96,1.08,106.6
4,63.917,1.03,102.77,102.86,108.12,103.43,10.79,1.18,109.5,0.97,117.1,112.77,99.63,117.38,10.81,1.05,108.97
4,63.987,1.03,106.72,109.16,110.82,111.75,10.26,1.15,116.05,1.08,113.36,111.12,109.72,99.8,10.86,1.05,100.46
3,64.215,0.99,99.2,102.76,113.52,109.86,11.34,1.04,100.02,0.95,93.95,104.2,118.52,109.17,10.63,0.97,103.46
4,64.389,0.94,100.25,96.93,97.78,115.83,11.32,1.07,102.86,1.03,100.75,104.71,100.69,112.25,11.02,1.12,104.7
4,64.438,0.98,106.4,112.01,97.6,117.24,10.05,1.19,100.92,1.09,117.81,109.85,108.11,114.01,10.17,1.12,115.97
3,64.805,0.98,94.83,109.2,117.6,108.69,11.93,1.07,108.81,1.03,97.6,100.29,101.36,107.63,10.74,1.15,105.24
2,64.851,1.05,96.86,105.18,103.93,101.18,10.86,1.1,103.52,1.02,102.11,105.51,112.34,102.56,11.35,1.04,104.88
3,65.405,1.06,103.85,104.21,105.0,100.43,11.66,1.08,108.41,0.98,101.44,105.54,101.96,102.96,10.9,1.04,98.48
2,65.942,0.96,98.74,107.8,103.92,109.54,10.8,1.08,106.35,1.01,112.82,103.8,102.42,103.61,10.72,1.0,112.86
3,66.039,1.09,94.78,112.37,108.56,110.54,11.46,1.06,110.02,1.04,95.37,102.76,107.64,100.41,10.52,1.08,110.61
3,66.243,0.92,103.03,107.94,101.96,111.46,11.33,1.07,102.82,0.99,107.36,109.08,114.56,109.34,11.27,1.13,98.17
3,66.255,0.95,96.62,118.14,107.61,106.5,11.91,1.03,115.31,1.01,102.04,108.12,110.59,109.15,11.02,1.15,101.3
2,66.297,1.08,108.1,104.33,101.4,110.86,11.5,1.16,107.64,1.07,110.7,110.56,104.48,105.66,10.59,1.03,100.46
1,66.861,1.13,97.77,102.44,99.74,102.58,10.25,1.04,96.8,0.99,101.48,109.8,112.12,111.12,11.24,1.06,96.68
2,67.046,1.01,105.7,103.6,99.61,104.13,11.52,1.1,105.18,1.08,102.32,95.97,111.43,107.97,10.31,1.12,103.99
2,67.264,1.07,112.76,111.82,97.94,96.74,11.1,1.14,100.72,1.02,108.35,98.95,104.15,97.02,10.6,1.07,101.37
2,67.472,1.09,98.62,96.32,112.06,97.09,11.39,1.1,96.65,0.99,105.7,97.79,114.25,108.93,10.5,1.1,112.28
4,68.33,1.08,104.22,111.88,105.02,101.45,10.87,1.04,104.38,0.97,105.97,97.39,107.29,104.83,10.99,1.01,115.06
1,68.341,1.13,111.43,109.5,106.84,104.07,9.95,1.06,102.93,1.12,99.3,112.6,106.01,102.12,11.24,1.01,106.06
1,68.562,1.06,114.41,114.63,107.69,100.15,11.33,1.05,96.41,1.04,114.25,114.97,113.48,107.67,10.3,1.16,107.08
1,68.568,1.12,102.14,106.85,105.3,101.68,10.17,1.0,105.42,1.03,112.87,110.24,112.12,112.36,11.01,1.0,109.03
2,68.9,0.98,110.76,97.82,107.64,101.06,11.39,1.03,96.76,1.02,112.52,97.18,104.04,110.22,9.74,1.03,111.51
4,69.183,1.0,104.6,102.41,103.02,101.57,10.33,1.14,112.46,0.94,112.76,111.29,100.11,115.77,10.42,1.05,104.8
3,69.4,1.02,100.42,106.86,111.66,100.14,11.89,0.99,109.57,1.05,108.01,111.42,102.6,97.74,10.72,1.11,112.09
2,69.681,0.98,107.84,97.96,110.97,99.21,10.53,1.15,100.05,0.96,109.46,96.32,112.19,108.84,11.01,1.08,112.87
1,70.258,1.1,108.13,98.03,111.97,106.63,9.63,1.04,113.13,0.99,108.3,110.35,103.89,100.84,10.84,1.17,106.65
4,70.578,1.01,116.77,106.03,101.25,103.9,11.14,1.02,109.14,1.02,102.89,110.96,105.74,104.83,10.05,1.19,115.81
1,71.485,1.05,113.52,99.88,116.78,100.29,10.7,1.08,96.91,1.05,112.87,109.89,115.14,102.25,9.74,1.14,103.08
2,71.704,0.94,112.41,97.18,100.16,96.93,10.16,1.15,104.15,1.02,102.11,104.83,101.58,105.18,10.81,1.0,109.22
2,71.89,1.09,99.85,104.09,113.03,103.61,10.02,1.17,105.99,0.97,103.35,100.25,105.57,100.52,11.11,0.99,103.0
2,72.217,0.94,98.92,101.2,113.14,112.62,10.76,1.13,107.18,0.97,110.57,105.04,101.22,96.59,10.57,1.14,107.53
3,72.263,1.02,97.12,105.73,101.78,96.69,10.82,1.04,113.08,1.07,94.26,116.12,105.33,100.23,10.07,1.06,103.03
3,72.312,1.05,108.26,106.0,117.34,111.79,10.66,0.99,100.39,1.09,105.48,102.36,110.14,108.36,11.13,1.02,99.15
4,72.737,1.08,109.36,110.83,96.99,112.39,10.42,1.05,99.4,0.92,102.96,105.15,106.23,107.13,11.46,1.11,117.84
1,72.791,1.1,113.62,105.81,110.33,105.1,11.0,1.12,96.4,1.06,103.66,107.47,111.95,108.64,11.09,1.06,96.24
2,72.938,1.02,112.91,96.18,102.71,96.71,10.66,1.06,109.72,1.05,101.0,108.19,103.26,105.18,10.22,1.0,108.48
2,73.67,1.09,95.9,97.22,98.91,99.71,10.44,1.08,105.92,1.07,101.83,105.19,101.33,108.17,9.69,1.08,97.75
2,73.71,1.04,107.88,101.17,104.07,97.22,10.34,1.04,110.44,0.99,99.02,106.72,110.74,97.34,10.58,1.02,102.27
1,74.266,0.98,110.52,107.15,112.72,106.46,11.15,1.16,106.35,1.12,113.52,110.01,108.7,105.2,10.51,1.09,111.45
1,74.343,0.96,108.58,107.09,105.01,105.15,9.97,1.1,110.1,1.02,112.14,102.41,103.41,108.11,10.71,0.99,112.64
4,74.423,1.08,115.24,105.25,109.92,115.38,11.48,1.16,100.39,1.08,119.02,106.04,110.52,112.39,10.31,1.1,115.11
4,74.751,0.98,103.52,98.98,103.84,111.68,10.09,1.14,104.51,0.98,116.28,107.9,98.39,106.22,10.59,1.17,108.93
1,74.787,0.96,97.99,114.63,108.22,111.03,10.12,1.11,102.42,1.03,113.38,111.13,108.68,103.64,10.58,1.1,109.5
1,74.91,1.07,99.31,114.19,100.39,102.64,11.15,1.01,107.08,1.13,101.17,101.55,107.96,109.74,11.35,1.05,101.78
2,75.028,1.08,99.8,101.54,107.67,104.34,9.78,1.07,100.52,1.08,104.8,100.21,107.64,108.3,11.47,1.09,97.24
3,75.183,1.09,109.2,104.2,119.04,102.66,10.76,1.12,115.22,1.04,94.22,103.3,100.29,106.95,11.75,1.09,112.0
2,75.342,1.01,108.54,101.49,103.8,106.96,11.1,1.08,99.96,1.05,109.13,106.82,99.26,96.78,9.79,1.03,97.75
3,75.952,1.02,108.09,108.88,117.36,107.96,10.85,1.08,103.66,0.98,98.76,111.6,106.56,109.78,10.6,1.08,101.83
3,76.159,0.97,103.64,116.45,106.45,104.05,11.19,1.11,103.5,0.98,108.42,115.84,114.98,99.17,11.85,1.01,113.83
3,76.487,0.94,96.56,102.96,109.82,103.89,11.44,1.03,115.0,1.05,101.0,112.16,106.29,111.27,11.06,1.04,101.68
1,76.898,0.97,108.9,103.14,108.08,107.34,9.98,1.04,111.88,1.03,108.3,98.79,110.2,107.69,10.87,1.16,103.91
4,77.124,1.0,107.72,101.75,98.1,116.21,11.37,1.01,111.79,1.03,114.85,102.8,96.94,103.33,10.88,1.17,110.63
3,77.343,0.94,97.28,116.13,113.34,101.07,10.66,1.1,102.39,1.07,104.5,113.39,115.92,99.26,11.56,1.07,102.17
4,77.517,1.07,100.87,102.72,101.64,105.99,11.28,1.17,109.09,0.93,107.17,106.12,108.14,103.06,11.27,1.03,101.07
2,77.731,0.96,96.32,99.43,112.32,100.69,9.96,1.09,96.53,1.03,107.48,102.86,114.41,102.86,10.76,1.05,103.4
1,77.875,0.97,111.43,106.54,117.4,102.29,10.88,1.06,108.23,0.96,112.94,114.65,105.31,98.22,10.96,1.1,109.27
3,77.993,0.96,101.15,109.63,100.61,101.58,11.56,1.0,107.27,0.98,104.79,108.47,109.04,107.71,10.8,1.03,99.93
1,78.276,1.07,108.33,108.97,104.94,100.52,10.1,0.99,101.38,1.04,107.13,114.5,104.68,105.44,11.27,1.01,106.78
1,78.342,1.08,110.07,108.49,110.94,103.11,9.8,1.09,110.93,1.12,101.09,111.14,116.89,113.39,10.3,1.15,111.88
1,78.715,1.08,99.75,112.07,104.86,99.14,9.58,1.03,97.05,1.0,111.76,106.97,116.21,108.4,10.14,1.09,112.89
1,79.108,1.02,113.23,113.73,102.98,111.36,11.01,1.02,100.65,1.01,110.88,104.98,112.0,99.74,10.83,1.03,107.15
2,79.845,1.04,104.94,109.14,104.88,99.7,10.59,1.05,110.71,1.0,104.88,102.22,107.86,99.12,10.04,1.06,107.49
3,80.164,1.08,100.25,118.12,112.51,110.14,11.85,0.99,103.11,1.06,105.32,114.65,114.78,101.55,11.33,0.98,109.85
4,80.213,1.03,100.08,98.88,103.84,115.83,11.05,1.04,111.1,0.93,102.14,95.29,102.98,114.55,10.34,1.15,99.71
2,80.271,1.08,112.91,111.79,112.19,97.86,10.06,1.02,100.35,1.07,98.03,107.58,116.13,111.95,10.57,1.15,103.54
1,80.416,1.06,114.48,100.9,113.94,111.36,10.26,1.02,101.88,1.08,110.94,114.49,107.97,97.85,10.77,0.99,98.36
3,80.428,0.93,101.1,103.58,105.72,98.46,11.64,0.97,115.06,1.09,103.21,115.84,102.64,102.66,10.38,1.06,108.72
2,80.697,1.09,106.31,105.74,110.18,100.88,10.16,1.03,106.01,1.02,104.5,110.76,101.64,100.12,9.73,1.08,98.73
4,80.808,0.98,118.5,96.61,108.55,108.74,10.8,1.11,113.35,0.95,106.72,109.82,103.9,105.8,10.38,1.08,115.26
1,81.431,1.09,104.73,110.01,99.46,108.58,11.14,1.16,100.35,0.96,113.54,102.64,109.44,105.89,11.01,1.08,99.27
4,81.658,1.0,100.37,98.39,96.3,111.0,11.06,1.08,108.66,0.95,118.99,100.27,96.26,104.79,9.92,1.02,117.58
2,81.77,1.06,103.3,103.33,110.38,98.86,10.58,1.01,113.66,1.05,96.29,103.45,105.92,96.18,10.0,1.13,112.5
4,81.888,0.96,105.02,102.37,109.66,100.75,10.29,1.18,114.12,0.94,104.64,102.27,100.89,109.12,11.48,1.0,108.14
2,83.341,0.95,106.74,101.17,113.44,103.1,10.78,1.07,99.99,1.02,98.17,95.97,111.31,110.38,10.4,1.02,96.79
1,83.613,0.97,112.87,109.28,116.25,110.63,10.51,1.11,109.08,1.01,113.96,114.08,113.34,110.95,10.43,1.02,106.78
2,83.839,1.02,95.72,107.98,107.8,101.69,10.85,1.11,97.57,0.96,100.12,101.02,115.28,108.7,10.41,1.04,110.06
4,83.902,0.96,110.72,111.65,98.5,115.66,10.22,1.01,106.79,0.99,111.26,103.09,101.59,113.51,10.14,1.05,109.29
4,84.219,0.95,118.06,110.19,103.99,108.11,10.74,1.1,111.07,0.96,118.99,97.24,96.68,108.72,10.35,1.13,99.54
1,84.252,1.06,112.78,106.29,102.45,97.55,10.0,1.04,100.47,1.06,106.9,107.36,102.56,101.15,10.19,1.03,114.04
1,84.379,1.13,102.51,113.8,110.38,105.95,10.7,1.08,102.53,0.95,103.0,100.49,116.51,109.68,9.63,1.05,111.05
3,84.943,1.09,95.58,117.83,111.07,104.12,11.84,1.03,105.99,1.09,97.03,107.87,118.29,107.39,11.04,0.98,101.47
4,84.954,0.94,100.43,109.91,108.68,108.87,11.37,1.11,100.85,1.01,117.14,109.82,109.8,112.11,10.28,1.05,101.01
4,85.596,0.94,100.99,106.15,101.91,103.06,11.46,1.05,109.29,1.0,111.95,100.43,107.96,115.83,10.84,1.15,106.15
1,85.628,1.05,109.55,112.5,117.68,99.44,10.85,1.06,99.84,1.03,99.46,103.14,102.44,96.79,10.0,1.0,109.03
3,85.868,0.95,98.23,113.1,110.84,103.72,11.55,1.11,103.74,1.01,101.92,107.52,112.18,112.33,10.81,1.13,107.78
4,86.312,1.0,107.11,99.23,107.01,107.79,10.73,1.04,117.58,0.97,117.46,110.3,102.67,110.07,11.31,1.07,99.59
4,86.686,1.04,109.57,102.89,101.61,114.0,10.57,1.04,111.6,1.04,109.62,108.13,108.14,115.05,10.24,1.03,104.49
1,87.059,1.13,107.25,105.44,104.8,109.19,10.33,1.05,98.34,0.95,101.66,103.17,106.3,101.42,10.81,1.09,111.78
2,87.373,0.99,104.49,113.78,109.31,102.16,11.24,1.02,96.46,0.95,112.6,98.27,103.76,96.02,11.16,1.05,103.5
1,87.883,1.07,99.57,103.91,106.55,107.38,10.78,1.15,108.81,0.96,113.45,114.13,99.68,112.61,10.37,1.15,109.59
3,88.043,0.95,106.39,105.02,103.22,104.9,10.27,0.98,104.36,1.08,94.22,100.48,106.69,97.48,11.18,1.13,101.88
4,88.585,1.0,101.86,96.28,98.24,109.77,10.12,1.18,115.79,1.05,102.92,107.62,102.23,104.67,10.73,1.18,99.38
2,88.6,1.01,110.41,113.14,103.32,112.35,10.43,1.03,102.54,1.05,100.12,96.29,114.82,96.63,9.84,1.15,107.51
3,88.646,1.05,108.36,105.73,110.05,107.35,10.25,1.07,112.61,1.04,93.65,105.8,103.73,99.05,11.4,0.99,111.93
1,89.357,1.08,102.51,97.75,109.26,103.77,10.84,1.09,98.05,0.96,100.38,98.71,101.33,107.6,10.69,1.09,104.6
3,89.826,0.94,108.59,104.77,118.45,105.02,10.64,1.15,97.1,0.98,105.08,116.5,116.9,96.43,10.09,1.03,101.15
1,90.037,1.06,99.97,115.08,104.98,105.17,10.21,1.06,111.0,1.07,108.87,108.68,109.08,106.42,10.5,1.16,106.26
2,90.528,1.1,109.82,108.87,115.19,106.43,9.7,1.06,103.56,0.94,100.22,113.79,112.32,100.79,11.26,1.06,97.73
4,90.682,1.03,102.66,95.6,110.71,106.23,10.5,1.15,112.0,0.98,116.14,112.27,104.62,112.89,11.04,1.07,103.79
1,90.777,1.12,104.79,113.52,117.68,96.49,10.26,1.02,109.18,1.05,112.62,111.44,105.64,108.73,10.5,1.02,110.54
1,91.335,1.04,102.45,114.18,116.25,106.88,11.35,1.0,108.99,1.05,111.57,98.02,112.72,114.56,10.36,1.03,110.43
1,91.361,0.97,100.69,114.56,102.97,108.11,11.32,1.0,99.66,1.06,114.9,115.44,117.59,105.21,10.53,1.06,102.26
1,91.475,0.95,108.46,110.3,117.5,105.89,10.57,1.06,110.67,1.06,101.81,98.12,117.01,98.86,10.19,1.17,96.26
1,91.507,0.97,102.59,114.16,109.41,108.79,10.87,1.06,108.8,1.06,105.02,104.14,102.93,108.04,11.01,1.17,99.6
4,92.318,1.07,103.02,105.92,104.47,104.6,11.12,1.18,102.34,1.01,107.11,107.43,110.62,115.83,10.6,1.01,108.14
1,92.518,1.06,104.72,98.91,110.81,105.5,10.59,0.99,108.09,1.12,102.08,104.92,100.55,103.93,9.89,1.16,109.84
3,92.743,1.07,99.71,113.83,116.26,113.2,10.45,1.05,98.82,1.08,110.04,115.54,102.32,103.11,10.66,1.11,99.3
1,92.896,0.96,108.5,98.12,113.74,108.0,11.24,1.1,103.31,1.01,106.56,105.22,111.47,110.63,10.32,1.0,101.96
2,93.074,1.08,107.48,97.79,114.11,113.44,10.19,1.02,96.42,1.08,109.67,106.72,105.96,111.5,11.26,1.15,98.02
3,93.09,0.93,109.37,111.64,117.96,96.73,10.04,1.02,108.9,1.03,96.2,110.84,103.08,105.2,11.14,0.97,104.98
4,93.227,0.98,114.18,105.76,101.93,107.82,10.93,1.12,101.18,0.98,113.08,104.36,100.18,106.96,10.09,1.08,113.35
4,93.326,1.01,109.27,111.35,101.16,105.48,10.32,1.02,101.34,1.02,106.96,110.4,108.29,104.53,11.1,1.12,117.9
1,93.606,1.05,103.57,114.74,101.22,108.96,10.64,1.1,96.91,1.01,113.06,105.22,108.47,104.4,9.85,1.1,104.82
2,93.786,0.98,97.86,104.22,104.18,96.31,10.19,1.17,113.32,0.94,109.39,110.12,103.22,105.88,10.28,1.15,105.32
4,93.84,1.02,103.42,98.24,96.89,100.13,10.78,1.08,108.99,0.98,114.64,98.51,109.48,113.78,10.11,1.16,104.88
4,93.922,1.03,118.55,109.95,99.5,105.57,10.69,1.11,104.55,1.04,103.44,110.19,102.71,103.67,11.22,1.06,114.48
3,94.132,1.03,100.05,105.17,102.28,99.04,10.31,1.1,112.67,0.99,108.85,113.51,100.23,100.19,10.28,1.06,97.68
3,94.337,1.09,106.15,114.75,108.89,98.46,11.24,1.02,100.84,1.04,101.13,113.29,108.2,110.83,11.91,1.1,101.15
3,94.823,1.03,103.62,109.4,106.39,112.45,11.42,1.11,104.2,1.04,109.95,106.54,105.1,108.5,10.3,1.15,104.37
3,94.847,1.03,102.71,101.24,114.78,97.84,10.36,1.08,104.01,0.98,97.19,104.45,100.3,104.94,10.3,1.02,109.54
4,94.951,0.95,117.1,97.16,111.99,107.46,9.78,1.12,103.32,0.94,117.1,95.75,97.94,115.13,11.26,1.08,115.79
2,95.154,0.95,99.9,103.94,109.59,102.99,11.11,1.0,103.27,0.94,98.0,101.4,102.91,104.4,11.47,1.08,105.99
2,95.296,0.99,105.58,100.75,102.09,109.77,10.96,1.12,106.35,0.98,108.17,109.8,98.28,100.43,11.24,1.1,96.79
4,95.378,0.99,105.2,97.1,106.39,117.54,10.45,1.04,107.94,1.0,111.2,98.61,103.22,105.53,10.13,1.09,105.57
4,95.532,0.98,102.41,107.72,96.94,114.41,9.78,1.11,114.3,1.09,101.23,104.71,101.66,111.64,10.46,1.05,117.07
3,95.658,1.09,94.48,108.55,103.12,109.11,11.65,1.07,99.24,0.98,102.72,112.45,101.3,102.7,10.68,1.07,97.78
2,95.686,0.97,101.61,105.75,108.35,99.78,11.08,1.09,106.5,0.96,96.32,100.38,108.11,110.24,10.47,1.12,109.05
4,95.896,1.07,112.65,103.67,101.43,105.99,10.37,1.15,103.91,0.97,116.54,103.41,101.82,108.95,11.4,1.1,101.98
1,95.988,1.09,111.15,114.61,107.06,101.52,9.6,1.12,98.79,1.01,109.33,110.39,106.8,103.94,10.67,1.11,103.02
1,96.274,0.98,97.7,111.88,109.61,110.45,11.18,1.1,108.81,1.11,102.88,113.8,114.38,101.52,10.12,1.0,105.2
1,96.803,0.97,101.13,98.79,101.52,98.58,10.05,1.13,107.98,1.09,110.16,114.74,112.45,108.56,9.97,1.0,109.72
3,97.244,0.92,101.08,100.2,109.42,98.74,10.54,1.12,99.41,0.94,97.59,108.5,107.14,102.49,10.17,1.11,99.38
4,97.257,1.08,110.78,97.59,103.04,116.41,10.33,1.06,107.91,0.96,105.18,110.06,110.7,116.72,10.44,1.13,104.39
3,97.895,1.03,100.15,116.13,101.67,108.72,10.82,0.98,101.13,1.01,97.2,117.45,101.74,98.16,11.69,1.01,113.45
3,97.927,1.05,108.36,112.02,114.86,110.11,11.51,1.1,112.56,1.06,103.96,110.5,106.37,107.85,11.81,1.09,105.34
3,97.964,1.03,97.69,113.64,103.73,112.56,11.34,1.14,105.08,1.09,99.71,116.38,111.09,109.3,11.46,1.11,110.98
1,98.211,1.02,111.92,103.72,99.9,106.95,10.88,1.03,98.32,0.95,104.11,100.48,109.38,103.9,10.84,1.1,106.39
2,98.29,0.96,108.6,106.99,104.81,111.02,10.61,1.16,104.01,0.99,112.04,96.25,101.9,111.76,11.05,1.06,102.19
4,98.435,0.95,101.23,103.83,100.2,105.51,10.42,1.08,106.76,0.95,104.0,104.48,100.17,99.87,10.7,1.16,111.62
1,98.471,1.03,105.34,108.16,102.43,102.64,10.05,1.17,102.17,1.02,106.09,113.8,99.02,96.52,11.05,1.05,101.23
4,98.526,1.08,114.49,108.28,95.88,105.51,9.99,1.16,100.39,0.93,106.94,110.19,111.62,107.06,10.43,1.03,103.8
1,98.551,1.11,104.0,103.53,112.76,103.94,10.87,1.0,109.26,1.08,114.22,111.46,116.44,97.66,10.44,1.03,98.4
1,98.893,0.96,100.56,102.71,103.41,113.05,9.65,1.13,111.49,1.02,98.83,112.89,104.68,104.2,9.6,1.01,112.17
1,99.069,1.06,107.85,112.6,112.6,102.54,9.77,1.04,96.41,1.02,106.09,100.85,100.57,107.94,10.51,1.05,101.03
4,100.285,0.98,106.22,97.16,106.78,110.86,11.13,1.04,117.35,0.94,117.18,111.78,100.53,111.9,11.36,1.11,100.53
4,100.993,1.06,116.33,102.77,101.94,100.26,10.08,1.17,106.26,1.06,100.85,101.49,99.23,110.84,10.4,1.01,111.88
1,101.724,1.1,111.36,108.68,111.22,114.63,10.03,1.05,98.32,0.98,115.69,99.96,108.96,111.76,11.11,1.16,107.87
4,101.759,0.96,100.9,108.6,109.8,106.29,11.43,1.15,103.86,0.93,101.36,107.78,102.23,103.44,11.28,1.19,104.08
4,102.152,0.99,100.46,110.49,95.37,115.45,10.08,1.05,101.4,1.05,111.59,102.04,95.74,100.78,11.43,1.12,105.0
3,102.165,1.03,101.92,110.88,108.9,104.54,10.13,1.03,101.35,1.0,94.51,103.86,110.05,112.42,11.84,1.0,106.89
4,102.229,0.99,102.05,105.31,95.04,107.88,10.26,1.04,101.97,1.02,103.0,103.29,95.56,109.2,10.18,1.01,104.69
4,102.888,1.09,117.59,104.57,97.13,100.07,11.13,1.16,101.55,1.08,109.9,109.96,102.47,107.48,10.77,1.18,115.89
4,103.228,1.02,102.63,109.42,99.78,104.66,9.91,1.06,112.46,0.92,101.38,97.44,109.53,104.9,10.38,1.06,101.52
1,103.375,0.97,114.48,101.09,100.4,100.87,10.46,1.11,102.37,1.1,107.25,111.88,115.51,107.24,9.71,1.01,107.91
3,103.383,1.03,110.52,110.57,104.66,108.12,10.77,1.0,104.7,0.93,97.51,107.39,102.6,109.9,10.2,1.04,113.81
1,104.379,1.11,97.93,98.27,112.15,100.08,9.68,1.08,113.78,1.04,103.19,105.25,116.03,99.03,10.14,1.08,105.8
4,104.614,1.08,102.67,95.97,99.45,101.97,11.52,1.08,104.92,1.02,107.15,109.36,104.36,107.31,11.54,1.13,117.33
3,105.458,1.07,96.87,118.34,109.89,104.93,11.84,1.12,97.45,1.04,97.39,103.09,112.51,110.54,10.93,1.12,113.94
3,105.569,1.09,103.38,100.67,100.56,100.6,10.68,1.08,97.83,1.04,109.54,108.69,105.1,110.78,10.71,1.0,100.15
2,106.081,0.94,96.3,108.99,102.59,99.72,10.38,1.01,114.42,0.97,107.36,105.61,104.26,113.6,10.91,1.02,105.06
4,106.129,0.98,105.26,98.5,104.0,103.6,10.6,1.17,103.83,1.08,104.17,102.19,103.77,115.83,10.37,1.04,104.8
2,106.179,1.09,107.45,111.26,98.28,95.96,10.75,1.02,109.11,0.93,103.0,104.22,111.7,99.38,10.48,1.09,100.38
3,106.302,0.92,95.7,107.74,101.21,102.79,11.32,1.03,112.94,0.95,100.66,107.87,108.72,96.72,10.9,1.05,99.27
1,106.43,1.07,102.47,115.05,103.73,104.85,11.25,1.15,99.34,0.99,102.14,98.71,103.69,96.7,10.85,1.03,97.78
3,106.629,0.97,106.24,108.77,106.68,99.38,10.37,1.03,114.59,1.09,110.35,102.73,115.31,109.76,10.09,1.13,107.46
3,106.706,0.99,103.81,115.58,111.26,100.86,10.09,1.07,101.14,0.96,104.18,109.42,110.59,108.06,10.45,1.11,100.66
4,106.871,0.98,111.95,104.77,97.9,105.77,10.89,1.09,117.06,0.99,107.15,111.84,101.61,101.02,11.04,1.03,105.42
3,107.37,1.07,94.16,116.34,102.94,96.74,11.27,1.13,100.84,1.09,103.91,109.2,102.88,103.87,11.4,1.06,112.48
1,108.058,1.02,114.02,105.27,116.78,101.5,9.63,1.07,114.01,0.98,111.82,103.01,110.18,96.58,11.06,1.02,96.98
1,108.265,1.02,98.86,109.95,110.1,97.66,10.21,1.14,112.97,1.0,103.92,103.98,106.14,106.28,10.85,1.08,109.37
2,108.711,0.98,96.22,99.87,107.42,103.07,11.28,1.07,106.35,1.07,109.29,105.38,109.74,108.65,10.0,0.99,111.53
2,108.747,1.07,103.22,104.87,104.3,96.73,10.78,1.07,98.78,0.97,103.57,105.12,99.82,108.6,10.72,1.17,105.41
2,108.884,1.07,112.53,106.5,101.56,103.89,11.23,1.06,113.18,1.05,109.78,97.65,105.17,113.24,11.4,1.16,109.71
4,108.998,1.06,107.78,112.5,107.34,104.13,11.56,1.17,114.41,1.02,110.96,106.98,107.41,114.87,11.59,1.01,105.33
4,109.524,0.95,105.2,111.83,100.65,102.1,10.08,1.05,102.98,0.99,118.79,108.59,104.57,102.46,9.9,1.01,101.9
3,109.909,0.96,94.89,110.77,104.06,106.28,11.01,1.03,107.71,1.03,95.96,109.31,112.2,98.76,11.57,1.08,112.32
4,110.463,0.94,111.24,103.29,106.56,108.26,10.37,1.16,104.05,0.96,106.62,98.88,110.11,111.76,10.1,1.17,110.87
1,110.495,1.03,105.81,99.43,101.96,111.23,10.43,1.01,103.91,1.12,99.31,98.76,114.33,114.44,9.71,1.14,112.62
3,110.763,0.96,97.32,113.83,114.6,99.26,11.02,1.07,109.41,1.0,98.01,114.06,103.22,108.65,11.74,1.12,108.3
3,110.772,1.09,105.93,117.17,116.16,96.22,10.41,1.11,97.04,1.01,103.18,114.37,108.64,109.26,10.17,1.08,98.66
4,111.006,0.98,118.23,96.2,110.7,114.45,11.29,1.1,117.92,0.96,106.22,103.34,107.1,100.84,11.02,1.04,116.83
2,111.017,1.03,95.76,102.6,100.44,107.3,10.81,1.1,101.04,1.05,103.05,108.79,100.84,101.24,10.97,1.17,97.53
1,111.27,1.02,105.89,110.59,107.14,114.62,9.59,1.1,97.14,0.96,115.28,103.04,103.42,102.37,11.28,1.12,104.87
2,112.765,1.05,102.34,111.12,107.53,104.4,11.38,1.08,110.44,1.03,112.36,103.2,99.82,97.21,10.41,1.08,100.68
1,112.918,1.12,109.52,111.44,111.47,108.85,9.6,1.03,98.57,1.04,107.09,104.11,113.98,102.53,10.07,1.05,110.84
3,113.116,0.93,93.46,112.26,115.39,97.09,11.75,1.07,99.96,1.05,99.34,115.07,118.71,97.81,10.48,1.08,104.71
4,113.226,1.07,115.24,97.07,95.04,106.67,10.44,1.07,107.75,1.07,118.36,108.1,96.3,113.4,10.05,1.04,100.33
3,113.386,1.06,108.95,110.88,110.71,109.51,11.69,1.0,103.7,0.96,105.05,100.93,112.18,97.7,10.96,1.14,111.55
2,113.42,1.1,98.95,100.16,101.16,99.16,11.07,1.03,100.13,1.1,97.45,111.86,113.71,99.74,10.67,1.14,98.26
3,113.569,1.01,93.67,112.59,102.51,97.35,11.69,1.09,102.79,1.1,97.54,108.88,104.47,98.23,11.9,1.01,97.77
2,113.622,1.06,96.05,113.39,107.86,107.0,11.16,1.14,102.65,1.09,108.53,106.74,102.64,111.8,9.8,0.99,102.58
4,113.685,1.01,112.9,109.26,99.5,109.81,10.97,1.08,113.27,0.95,105.2,100.76,111.98,114.22,10.96,1.19,107.82
4,113.855,1.0,113.98,110.9,100.26,103.95,10.48,1.01,105.41,0.92,113.49,95.74,111.62,117.95,10.37,1.01,101.9
4,114.359,0.98,114.52,100.92,100.26,102.46,10.02,1.02,106.04,1.06,106.22,100.77,102.78,115.66,11.61,1.05,107.27
4,114.425,0.93,114.76,96.04,102.77,114.55,9.99,1.05,99.38,1.02,110.11,110.52,103.11,102.26,11.31,1.07,105.61
2,114.737,1.07,98.57,96.76,104.26,104.66,10.48,1.08,101.37,1.08,110.36,105.3,101.54,108.84,9.92,1.02,113.52
1,115.182,1.06,110.51,113.82,99.46,111.69,11.28,1.06,104.44,1.06,106.86,113.46,111.48,113.38,10.35,1.16,114.19
1,115.565,1.11,101.91,105.81,109.72,99.11,9.59,1.02,103.41,1.03,111.78,101.25,116.47,105.86,11.04,0.99,113.18
1,115.681,1.0,103.34,100.11,100.63,112.75,10.41,1.07,109.72,1.11,104.25,114.67,111.93,105.89,9.7,1.09,100.0
3,115.794,1.03,94.64,110.49,105.1,108.57,11.73,1.12,98.34,1.06,96.07,112.16,101.67,96.89,11.46,1.01,104.3
1,115.94,1.05,112.1,111.06,100.57,114.33,9.68,1.01,108.16,1.04,99.42,104.09,113.74,103.99,10.88,1.0,100.35
2,116.026,0.98,107.23,100.64,112.28,108.25,10.33,1.01,107.62,0.98,97.17,99.69,99.32,96.28,10.96,1.0,108.25
4,116.129,1.08,113.53,103.41,96.99,109.91,10.65,1.03,108.66,1.03,101.21,103.93,100.2,104.58,10.98,1.1,114.25
3,116.214,0.94,105.76,117.53,109.63,109.73,10.48,1.08,115.02,1.04,109.27,114.96,107.35,107.23,10.61,0.97,100.91
1,116.497,0.98,100.14,113.11,113.74,97.8,11.08,1.03,98.76,1.08,107.66,114.08,115.99,97.58,10.9,1.02,110.66
4,116.973,1.06,104.87,109.93,97.94,116.0,11.49,1.18,109.95,1.0,111.62,100.89,111.7,116.92,11.61,1.13,112.31
4,117.065,1.0,117.36,96.53,94.75,100.07,11.55,1.1,114.03,1.1,101.85,112.44,109.14,107.33,10.9,1.07,99.79
2,117.15,1.03,95.72,104.97,115.84,111.09,11.1,1.03,114.5,1.01,97.18,100.38,107.61,107.92,10.73,1.14,102.65
3,117.498,0.96,95.82,115.01,102.81,110.4,10.28,1.08,106.74,1.0,94.13,113.38,113.19,104.94,11.65,1.04,115.03
3,117.955,0.93,102.88,108.77,116.86,99.72,10.61,1.09,110.86,0.99,96.15,100.07,107.14,110.42,11.34,1.0,103.96
4,117.961,1.01,118.82,111.88,97.39,100.99,10.02,1.05,110.12,1.03,107.94,108.84,102.65,105.48,11.59,1.01,105.24
1,118.201,0.97,115.58,112.69,99.94,97.3,9.79,1.06,111.61,1.09,112.44,105.22,104.45,113.86,10.27,1.17,106.11
4,119.417,0.99,103.07,101.81,102.4,113.88,10.48,1.19,115.9,1.02,111.62,104.84,97.79,105.85,9.79,1.06,106.13
1,120.172,1.01,115.76,101.66,104.25,102.32,10.96,1.0,109.62,1.06,106.97,110.19,100.03,114.23,11.19,1.0,102.42
1,120.179,1.12,100.86,114.05,104.52,111.36,11.02,1.02,109.94,1.02,98.17,115.24,100.47,105.04,9.86,1.09,101.78
2,120.332,1.01,103.17,101.38,107.4,111.02,10.65,1.16,103.27,0.98,113.39,96.87,115.71,111.16,10.12,1.12,113.61
2,120.391,1.04,107.41,111.67,110.03,99.7,11.35,1.03,110.91,1.03,98.95,103.13,100.64,98.83,10.58,1.0,105.01
4,120.698,1.03,105.8,102.31,100.48,103.71,10.04,1.05,108.44,1.05,106.54,101.39,107.46,110.46,10.68,1.17,112.94
4,120.793,0.95,111.96,104.58,110.32,105.48,11.61,1.08,114.55,1.08,108.17,98.27,101.64,104.23,9.86,1.06,115.66
4,120.857,1.05,107.2,111.72,108.04,110.97,10.61,1.03,101.98,0.96,106.79,104.08,104.36,117.48,11.36,1.11,99.34
1,120.894,1.02,113.05,100.28,106.14,107.88,9.68,1.08,106.59,1.07,111.72,105.16,107.73,108.38,10.23,1.11,99.19
3,121.018,1.02,103.39,111.86,100.27,102.25,10.39,1.01,111.51,0.96,96.97,108.13,110.55,109.37,10.16,1.01,108.57
3,121.222,0.96,96.48,106.03,113.66,97.15,10.2,1.03,102.97,1.03,94.29,117.07,112.43,103.1,11.72,1.04,101.13
3,121.348,1.09,108.9,101.58,114.1,101.32,10.04,1.03,114.64,1.08,103.62,111.3,113.13,106.32,10.29,0.99,99.51
1,121.434,0.96,101.18,106.85,107.93,110.09,9.6,1.14,109.82,0.99,100.53,101.26,115.82,110.79,10.95,1.07,98.4
4,121.475,1.0,101.87,97.64,111.82,117.93,11.13,1.12,117.87,0.95,108.57,103.41,110.01,117.67,11.06,1.14,102.98
1,121.686,1.09,114.83,102.44,101.56,112.64,10.84,1.04,107.44,1.0,112.19,115.09,111.18,96.55,9.57,1.03,109.37
1,121.813,1.02,114.96,99.37,111.98,101.86,10.68,1.0,102.77,1.12,100.92,103.39,109.95,103.26,10.91,1.02,112.99
1,122.225,1.05,99.96,106.14,99.81,98.89,9.73,0.99,110.77,0.96,111.28,104.82,114.74,113.63,10.21,1.05,100.42
3,122.378,0.94,94.45,113.84,110.02,100.58,11.82,1.06,109.22,0.99,102.34,116.4,104.47,95.86,11.86,1.15,104.64
4,122.972,0.95,105.15,98.42,97.94,102.33,9.77,1.15,112.42,1.04,116.15,100.76,97.94,101.48,9.79,1.04,111.75
2,123.1,1.0,106.66,112.8,106.64,106.92,10.51,1.03,111.32,0.92,101.83,102.84,115.79,108.55,10.98,1.15,112.81
2,123.302,1.07,104.44,111.95,109.45,105.32,10.0,1.0,107.64,1.04,103.0,103.3,110.25,107.48,10.16,1.13,112.09
2,123.363,0.98,103.0,97.11,99.66,96.35,10.74,1.01,104.01,0.99,97.02,97.94,116.1,109.09,11.32,1.06,113.24
3,123.562,1.03,99.38,118.16,114.1,96.66,11.45,1.07,113.83,0.98,96.31,104.52,109.35,97.21,10.56,1.15,103.03
4,124.931,1.0,100.67,104.03,96.01,100.89,11.17,1.05,104.38,1.07,103.27,97.53,98.03,109.78,11.3,1.02,107.47
1,125.088,1.11,105.02,110.59,107.77,111.94,9.61,1.08,101.78,1.0,113.26,101.67,113.57,109.68,10.76,1.03,106.13
4,125.169,1.06,100.9,98.74,95.88,103.24,11.16,1.02,116.22,0.97,107.94,103.86,97.95,116.1,11.0,1.18,101.7
1,125.479,1.11,99.57,105.22,103.85,110.39,11.02,1.03,103.5,1.03,110.24,105.54,103.53,114.44,11.26,1.03,106.44
2,125.534,1.02,107.8,105.68,106.24,111.24,10.39,1.06,103.85,1.05,100.99,110.47,106.38,112.08,9.78,1.1,109.77
2,125.665,1.04,101.2,112.08,115.32,103.07,10.59,1.03,107.64,0.97,102.64,110.19,101.4,96.59,10.0,1.12,110.09
1,126.21,1.08,101.8,105.81,104.78,103.08,10.35,1.14,108.81,0.98,114.14,105.44,105.16,114.19,11.33,1.16,99.64
3,126.341,0.97,105.86,116.18,104.84,96.47,11.75,1.11,108.11,1.01,104.7,110.57,113.14,102.74,10.6,1.12,97.92
2,126.562,1.06,95.88,108.25,110.27,109.04,10.02,1.07,112.56,1.08,111.56,113.14,111.69,105.88,11.22,1.04,113.07
3,126.605,1.02,96.39,111.61,104.85,112.45,11.07,1.12,106.8,0.96,110.95,110.49,117.72,99.09,11.42,1.14,115.32
3,126.619,0.94,103.01,100.27,106.88,101.16,10.42,1.11,105.39,1.04,105.94,106.09,101.74,104.65,11.29,1.07,97.15
1,127.424,0.96,111.85,114.17,103.42,104.44,9.58,1.1,112.91,1.06,99.15,101.87,109.73,108.69,10.15,1.07,103.81
4,127.789,0.92,113.92,113.02,108.11,104.6,11.19,1.09,103.87,1.06,104.29,96.57,101.81,116.09,10.57,1.16,117.11
1,127.876,1.02,112.1,102.94,106.5,109.97,10.23,1.11,101.95,0.96,104.99,102.79,108.08,108.17,10.59,1.14,114.18
3,128.065,0.94,98.06,111.2,101.38,112.94,10.07,0.98,108.13,0.98,97.44,103.12,118.83,109.31,11.75,1.02,101.88
4,128.243,1.02,105.33,99.52,108.6,106.28,10.56,1.19,107.72,1.05,108.78,112.54,94.58,115.51,10.98,1.14,102.37
3,129.043,1.03,108.08,109.12,108.81,108.9,11.46,1.07,101.61,0.99,103.64,101.02,118.66,96.43,11.1,1.11,103.69
3,129.422,1.02,94.13,101.56,108.89,102.02,10.89,1.03,102.95,0.94,110.52,110.08,105.0,108.5,10.39,1.0,97.56
4,129.602,0.99,108.78,109.24,106.04,107.86,11.17,1.08,103.4,0.93,114.0,112.22,110.75,100.02,11.27,1.05,102.6
3,129.873,0.95,109.95,101.87,104.24,107.63,11.62,1.02,101.91,0.96,97.47,104.26,110.05,97.16,10.5,1.13,114.67
2,129.897,0.93,111.85,112.45,105.09,103.52,11.26,1.08,105.24,0.92,109.63,103.2,106.6,96.88,11.36,1.14,114.35
2,130.337,1.09,100.42,111.82,103.71,100.38,11.49,1.08,108.63,0.99,107.22,109.33,103.4,105.04,9.92,1.11,111.39
3,130.41,1.09,108.88,102.02,109.15,99.43,11.69,0.98,106.67,0.95,110.08,101.74,102.83,102.58,11.34,0.98,101.78
2,131.003,1.05,107.22,99.0,100.98,99.56,9.95,1.06,110.12,1.04,99.9,96.39,111.97,107.28,10.1,1.03,103.93
3,131.059,0.96,104.07,109.08,108.92,109.75,11.32,1.05,100.35,1.02,97.81,104.02,106.09,95.55,10.27,1.11,99.95
1,131.444,1.03,109.22,108.17,108.6,109.23,9.76,1.17,100.48,1.05,101.68,109.88,110.74,112.88,11.29,1.15,104.94
4,131.497,1.02,102.92,106.33,95.19,110.92,10.1,1.08,115.44,1.01,107.71,108.93,111.16,111.64,9.78,1.11,113.21
4,131.547,0.99,110.04,95.2,109.89,102.97,10.29,1.02,107.0,0.99,107.73,109.79,95.45,103.49,10.06,1.03,102.36
4,131.887,1.07,118.82,107.41,108.62,107.56,10.78,1.02,100.27,1.09,109.9,105.83,100.14,112.52,11.1,1.15,107.12
2,131.908,1.04,106.97,113.11,115.3,112.31,11.3,1.17,103.56,0.94,104.49,105.18,101.3,110.61,10.7,1.1,110.65
3,132.784,0.95,107.02,113.06,113.33,99.21,11.44,1.03,112.66,1.0,93.51,106.97,102.67,105.97,11.91,1.09,105.43
3,132.992,1.06,108.33,111.74,108.1,110.31,11.7,1.05,102.03,0.94,95.81,103.9,108.91,108.36,10.48,0.98,104.7
4,133.019,1.02,118.72,104.39,103.0,107.29,10.05,1.07,111.49,1.06,116.32,102.68,111.26,113.11,11.47,1.03,114.48
3,133.045,1.09,94.1,118.03,101.49,98.5,11.41,0.98,115.18,0.96,106.55,118.41,105.3,98.59,10.16,1.0,114.99
2,134.302,1.05,96.15,102.71,106.18,100.48,11.4,1.0,111.59,1.05,100.74,111.18,113.07,99.08,11.29,1.04,109.68
2,134.397,0.97,103.49,101.23,104.1,102.71,9.74,1.08,111.3,1.01,109.39,106.22,99.42,98.02,10.78,1.0,111.51
3,134.551,1.09,110.93,110.92,114.97,99.39,10.64,1.08,100.32,1.07,98.15,111.25,110.64,113.35,10.3,1.09,111.51
3,134.558,1.06,109.27,115.02,102.28,100.43,10.3,1.15,105.92,0.95,108.56,102.34,100.53,106.04,11.18,1.05,114.89
2,134.633,1.0,97.18,102.88,102.98,96.44,10.54,0.99,103.06,1.02,102.06,107.3,115.97,107.85,10.65,1.09,110.12
1,134.726,0.96,107.7,104.1,100.46,108.04,10.42,1.03,103.42,1.0,101.91,112.34,109.15,107.32,11.1,1.04,106.8
1,135.016,1.1,97.95,110.81,117.1,104.38,11.17,1.06,98.73,1.06,107.8,100.7,116.05,111.43,10.87,1.07,108.6
4,135.174,0.94,118.87,102.89,95.88,108.79,11.02,1.15,103.2,0.94,110.94,102.14,98.67,115.13,11.02,1.02,115.52
3,135.396,0.96,105.93,114.06,118.36,103.0,10.6,1.15,99.06,0.96,104.42,110.8,105.99,101.95,10.89,0.98,98.27
4,135.486,0.98,102.48,98.88,110.96,99.93,11.43,1.07,110.26,1.07,114.64,96.79,107.56,117.25,10.67,1.05,102.26
4,135.492,0.92,104.27,108.32,106.49,113.5,11.35,1.01,106.9,1.0,116.08,108.08,99.89,104.27,11.59,1.19,102.25
1,135.704,1.05,110.08,103.14,102.01,111.03,9.61,1.16,104.49,1.07,102.66,98.92,106.22,99.81,11.31,1.11,110.77
1,136.062,1.06,100.87,107.55,115.57,112.67,11.24,1.15,96.3,1.03,100.35,100.49,110.33,111.21,9.58,1.07,110.68
1,136.397,1.02,111.67,100.25,114.07,105.22,10.5,1.14,107.47,1.12,113.11,107.14,114.97,103.88,10.71,1.06,111.95
1,136.434,0.98,104.01,109.97,102.98,109.88,10.49,1.16,103.16,1.11,111.4,103.91,100.25,109.11,9.87,1.08,111.33
3,136.635,1.08,104.69,114.81,110.51,99.35,11.42,1.07,113.81,0.98,100.97,111.71,118.52,99.2,10.8,1.15,109.48
2,136.648,0.96,107.38,107.46,105.22,101.94,10.22,1.01,104.17,1.03,101.06,106.01,110.02,100.69,11.23,1.0,105.98
3,136.669,1.08,94.61,111.3,115.75,109.34,10.52,1.08,98.32,1.02,93.6,106.1,113.52,100.97,11.34,1.14,100.47
3,136.902,0.93,94.61,103.22,101.98,96.7,10.12,1.13,110.52,0.98,107.76,107.02,107.12,104.32,10.91,1.13,111.82
3,137.322,1.07,94.63,101.63,108.72,109.96,11.72,0.98,114.55,1.01,105.48,101.68,119.1,97.08,10.05,1.0,97.31
1,137.375,1.0,99.25,110.81,117.1,105.8,9.89,1.12,106.16,1.09,106.83,108.22,111.31,105.29,10.01,1.07,103.65
4,138.052,1.02,100.21,98.36,108.55,106.29,9.95,1.1,108.13,1.0,111.62,104.24,109.74,107.33,10.36,1.11,111.36
1,138.073,1.08,106.29,114.26,117.59,106.14,11.06,1.05,101.48,1.02,107.09,105.49,112.12,101.74,9.83,1.13,107.86
1,138.126,1.02,102.89,107.63,112.12,105.03,10.9,1.12,99.23,0.97,100.86,100.28,111.95,110.99,10.64,1.05,108.63
1,138.453,1.09,113.86,99.5,102.95,103.99,10.98,1.13,106.26,0.96,98.02,109.8,115.34,105.21,9.84,1.17,101.61
3,138.529,1.09,106.26,118.43,118.6,108.86,11.14,1.02,111.04,0.98,110.16,113.83,107.79,102.8,11.03,1.08,115.32
3,138.579,1.06,109.37,107.05,113.52,97.83,10.17,1.01,104.3,1.03,98.43,117.53,103.74,99.82,10.71,1.09,101.89
3,138.675,0.95,104.25,102.67,100.27,107.4,10.9,1.04,104.64,1.1,99.12,107.87,101.36,95.96,10.95,0.98,99.96
2,139.114,0.94,99.97,113.38,102.69,98.29,9.99,1.14,98.48,1.04,98.95,103.4,105.95,97.43,10.25,1.11,111.13
2,139.175,1.02,106.77,111.03,98.21,99.23,10.83,1.02,99.27,1.01,110.09,101.45,102.49,101.86,10.32,1.11,105.77
3,139.271,0.98,110.08,103.61,117.38,99.09,10.06,1.03,103.66,0.95,99.23,102.34,118.81,100.32,10.29,1.1,114.93
2,139.412,0.94,97.17,110.78,98.41,102.19,10.16,1.0,97.06,1.04,99.44,110.68,99.3,101.52,10.65,1.12,112.48
4,139.543,0.96,102.43,100.6,96.24,114.77,10.67,1.19,101.07,1.06,108.85,110.4,109.22,118.38,11.23,1.06,109.54
2,140.299,1.07,110.51,108.56,105.03,102.28,10.72,1.15,110.12,0.99,97.17,99.22,105.92,104.13,11.24,1.11,105.74
2,140.418,0.94,108.38,108.7,107.23,101.52,11.08,1.09,103.58,0.92,104.88,111.24,115.77,96.33,11.26,1.13,96.44
4,140.603,0.98,118.22,109.57,94.78,102.62,9.78,1.12,106.8,0.99,113.63,103.05,109.76,104.47,10.29,1.11,104.08
2,140.645,0.97,99.62,108.75,112.06,101.45,10.04,1.03,97.06,0.98,110.11,108.84,116.19,107.56,10.5,1.04,110.87
1,140.842,1.03,112.2,112.69,109.97,111.08,9.55,1.13,102.14,1.08,112.49,108.33,111.16,114.54,10.34,1.08,110.63
3,140.984,0.94,104.98,118.1,112.01,110.06,10.68,1.1,99.16,1.05,103.62,106.19,113.19,102.45,11.63,1.1,113.27
1,141.116,1.03,101.4,99.59,105.16,105.32,9.58,0.99,96.4,1.07,109.58,104.02,111.51,107.21,10.4,1.08,101.26
2,141.185,0.96,100.98,113.74,99.43,107.63,9.7,1.16,111.28,1.0,107.88,112.67,108.03,97.95,10.52,1.14,103.03
1,141.272,1.08,112.62,98.02,112.82,113.68,10.12,1.15,108.73,1.07,102.22,114.04,100.74,109.23,10.59,1.04,106.23
4,141.509,0.98,108.12,102.08,110.54,118.54,10.1,1.15,115.84,1.0,113.66,110.06,111.7,110.32,10.5,1.19,109.34
1,141.944,0.97,112.67,110.01,100.23,110.31,10.15,1.16,111.25,1.04,109.73,105.51,112.51,111.88,10.02,1.02,109.81
2,142.255,1.03,96.48,96.16,105.12,111.36,10.01,1.03,107.31,1.08,95.75,113.29,104.69,101.72,11.04,1.16,105.02
4,142.469,1.09,107.07,101.35,94.78,115.23,11.09,1.17,109.39,1.07,103.57,97.16,110.74,104.47,11.6,1.08,109.21
4,142.571,0.96,115.04,100.53,95.22,106.46,11.47,1.19,105.64,1.08,107.56,99.45,103.99,116.45,9.99,1.11,115.68
2,142.82,0.99,111.48,113.78,104.15,96.9,11.5,1.17,97.57,1.04,112.34,105.6,111.83,110.39,11.35,1.11,108.34
2,143.212,0.93,107.01,109.13,103.08,109.25,10.04,1.0,105.31,0.98,110.33,99.41,113.82,110.42,10.78,1.11,106.38
3,143.479,0.94,106.34,115.81,102.36,100.7,10.25,1.02,103.16,1.05,103.93,110.88,106.11,102.88,10.15,1.04,109.22
2,143.492,0.95,102.58,106.13,105.95,112.44,10.75,1.16,110.02,1.0,100.37,110.07,111.23,101.52,10.65,1.06,100.35
3,146.023,1.09,107.76,117.96,114.34,108.12,11.12,1.03,105.33,1.03,107.84,106.64,105.19,106.75,11.48,1.12,113.64
1,146.189,1.05,106.56,112.79,105.87,114.36,10.18,1.05,111.39,1.11,106.77,101.11,107.01,103.97,9.59,1.16,110.0
1,146.466,1.11,99.03,99.39,99.52,110.82,10.18,1.0,108.46,1.01,107.27,111.03,108.6,108.5,10.68,0.99,111.09
3,146.593,0.96,99.61,118.33,109.04,106.2,11.03,1.15,103.99,1.06,97.67,105.42,102.6,109.74,11.42,1.03,101.15
3,147.355,1.01,95.96,101.48,114.63,108.51,11.8,1.09,99.93,1.03,97.63,100.83,117.23,99.39,10.64,1.11,100.29
3,147.36,1.01,109.18,101.06,117.38,101.92,11.82,1.13,97.74,0.95,107.94,100.7,118.11,97.94,10.71,1.0,106.08
3,147.429,1.03,99.61,112.19,100.51,109.99,10.62,1.0,113.14,0.98,102.43,99.81,102.22,98.74,10.06,1.12,108.99
1,147.581,1.03,103.03,103.16,105.1,113.92,9.76,1.17,96.75,1.08,111.77,98.68,110.13,101.24,10.68,1.16,96.68
4,147.909,1.04,118.48,102.42,112.34,107.31,10.77,1.06,107.27,1.09,113.36,95.8,101.2,105.06,11.42,1.19,103.88
2,147.941,1.08,104.8,99.05,108.76,106.39,10.04,1.04,103.44,0.93,107.34,108.95,109.21,110.26,11.08,1.1,104.05
2,148.889,0.99,99.97,111.38,98.06,107.82,10.76,1.16,102.58,0.95,109.12,104.88,97.88,96.26,10.09,1.17,97.0
4,148.993,1.01,107.82,112.27,104.1,109.69,11.03,1.01,104.77,1.0,100.97,109.74,95.09,107.86,11.56,1.05,108.18
4,149.014,1.08,102.85,109.52,111.96,107.46,11.59,1.02,115.6,1.02,104.2,110.06,102.4,106.53,11.6,1.08,102.33
1,149.015,1.1,105.04,107.26,104.1,103.28,10.87,1.11,109.8,1.11,97.7,103.36,111.66,102.31,11.19,1.1,112.91
2,149.226,0.96,97.6,104.42,101.95,113.6,10.36,1.15,97.06,0.95,102.82,109.58,112.83,104.45,10.78,1.04,105.82
1,149.286,1.09,98.64,111.28,104.45,114.4,9.88,1.15,101.7,1.03,109.42,115.08,108.57,114.64,9.77,1.06,107.59
2,149.478,0.97,110.88,98.23,108.09,100.55,10.73,1.09,104.09,1.0,112.77,100.25,107.48,99.21,11.06,1.07,100.13
3,149.526,1.02,97.77,114.04,114.48,110.26,10.34,1.09,105.74,0.95,106.26,106.3,117.11,108.13,10.67,1.14,107.34
3,149.651,1.04,103.39,106.37,104.46,98.74,10.1,1.02,110.74,1.1,104.49,105.03,110.92,97.86,11.6,1.03,111.48
4,150.074,1.04,118.4,107.16,110.29,113.13,11.14,1.07,114.75,1.07,103.57,111.71,103.84,109.65,11.0,1.16,118.02
1,150.589,1.06,110.08,113.38,117.58,109.88,9.95,1.17,103.42,1.02,108.9,115.08,107.55,102.54,9.6,1.1,104.9
4,150.704,0.98,114.35,108.91,101.79,113.63,11.23,1.12,112.88,1.06,101.31,111.35,99.06,109.84,11.28,1.19,107.62
4,150.969,0.99,117.76,109.93,99.73,101.74,10.01,1.01,101.08,0.98,113.19,112.82,108.63,116.07,10.78,1.12,114.32
1,151.047,1.1,99.72,98.12,108.6,112.8,11.12,1.02,106.09,1.0,108.77,98.17,110.19,107.39,10.15,1.17,103.47
3,151.081,0.95,104.08,103.53,107.4,97.84,11.41,1.06,113.14,1.03,108.94,100.29,106.69,110.96,10.3,1.02,109.42
2,151.1,1.08,95.9,113.14,97.92,102.19,10.8,1.11,105.52,0.97,109.58,97.6,100.77,109.14,11.32,1.1,107.34
4,151.502,1.1,101.29,112.96,111.32,105.17,11.25,1.01,107.28,1.04,105.96,96.61,95.42,106.29,10.77,1.16,112.42
4,151.64,1.02,118.38,109.82,107.29,112.39,10.86,1.01,113.72,1.04,105.82,96.93,109.74,105.5,11.48,1.13,115.53
2,151.809,1.0,103.32,109.09,109.21,111.36,11.1,1.14,106.62,1.01,101.64,100.63,112.83,112.86,11.37,1.1,100.49
2,151.816,1.05,110.4,96.39,101.47,109.19,9.96,1.13,99.78,1.09,112.77,105.38,109.27,107.41,10.77,1.05,111.88
1,152.048,1.1,105.71,100.49,111.01,109.74,9.65,1.01,103.91,1.02,108.53,111.54,103.41,97.44,10.03,1.13,110.1
1,153.052,0.95,113.28,114.69,104.68,112.98,10.9,1.06,101.29,1.12,102.83,112.13,115.92,99.48,11.13,1.16,103.58
2,153.331,1.04,97.56,110.6,112.78,102.98,11.2,1.12,104.67,0.94,107.5,104.78,111.43,110.62,10.22,1.02,107.59
1,153.819,1.12,106.88,99.46,104.45,101.91,11.16,1.0,100.28,1.02,107.75,111.66,107.25,109.49,10.32,0.99,97.94
1,153.914,1.01,100.7,100.67,102.46,97.3,10.82,1.04,106.86,0.99,105.33,98.02,116.48,112.8,9.77,1.0,103.31
2,154.075,0.94,108.73,104.84,109.84,106.66,10.29,1.06,100.13,0.99,104.42,96.76,101.67,107.53,10.71,1.04,111.02
4,154.265,1.06,102.95,106.89,105.6,109.22,10.09,1.17,103.36,1.07,107.95,108.59,106.64,114.18,10.66,1.02,102.39
2,154.484,1.03,95.72,107.41,115.45,105.94,10.34,0.99,100.36,1.09,107.98,105.48,100.44,96.24,10.98,1.06,99.65
4,154.513,1.02,115.42,97.99,102.51,107.9,10.74,1.16,100.04,1.09,114.29,105.25,107.19,114.82,10.31,1.02,108.74
2,154.656,1.0,95.43,108.7,99.2,105.74,11.3,1.1,108.81,1.08,96.94,110.47,113.92,104.33,10.28,1.14,104.39
2,154.983,1.04,96.32,105.72,115.97,106.57,10.33,1.07,102.48,1.08,107.84,96.23,102.52,106.19,10.32,1.17,112.28
1,155.717,0.99,113.7,103.22,117.07,108.05,9.68,1.17,113.87,1.04,103.81,106.72,109.8,112.8,9.76,1.03,105.39
1,156.104,1.02,98.37,114.35,110.66,98.95,9.82,1.02,114.04,1.08,108.37,108.68,102.56,103.74,10.24,1.06,96.95
1,156.311,1.01,102.54,108.97,108.35,110.3,9.69,1.16,96.85,1.03,112.32,110.8,107.64,108.24,10.32,1.06,110.1
1,156.352,1.06,113.08,113.67,117.59,108.66,11.3,1.12,106.83,1.04,104.88,102.15,114.45,111.36,9.6,1.1,97.72
3,156.712,1.09,97.87,101.2,113.36,100.58,10.97,1.01,109.78,0.98,110.89,110.3,105.14,98.57,10.5,0.99,97.81
1,157.246,1.12,110.06,109.7,109.05,97.07,10.2,1.02,96.74,0.98,113.96,110.35,115.5,105.22,10.14,1.05,108.52
4,157.384,0.95,104.17,111.74,101.65,107.1,11.18,1.1,116.12,1.07,113.49,98.42,110.03,109.24,11.17,1.01,102.69
2,157.457,1.05,102.63,105.51,105.18,104.77,11.02,1.09,99.26,1.02,99.39,107.87,100.77,103.3,11.01,1.04,98.15
2,158.295,1.04,111.77,113.95,112.73,110.16,10.6,1.01,102.04,1.01,106.44,103.8,116.24,103.66,10.77,1.05,100.06
1,158.378,1.0,112.97,110.6,114.12,102.84,10.26,1.01,104.95,1.09,103.31,99.22,108.16,98.0,10.81,1.12,101.79
1,158.395,1.12,98.57,105.32,110.76,113.7,10.09,1.03,106.91,1.1,102.54,98.84,109.18,111.03,10.69,1.13,108.52
3,158.457,1.04,107.97,114.08,101.78,110.98,11.83,1.01,105.49,0.92,100.7,109.7,110.62,102.72,11.63,1.1,106.65
3,158.458,0.93,100.48,115.24,114.81,98.48,11.28,1.13,106.16,1.04,106.78,100.25,106.92,99.56,11.35,1.08,113.15
3,158.467,1.09,96.07,117.47,100.3,109.15,10.47,0.98,108.51,1.05,95.58,101.04,111.04,102.74,11.04,0.98,115.18
3,159.051,1.04,104.04,117.83,108.05,98.23,11.03,1.08,112.87,0.99,96.46,115.07,115.86,105.58,11.75,1.13,109.99
1,159.112,1.05,115.96,100.18,106.94,111.19,9.76,1.04,104.57,1.02,101.13,103.22,99.0,103.78,10.03,1.1,104.09
1,159.369,1.02,97.7,115.54,105.08,111.23,9.76,1.11,107.24,1.08,108.51,106.38,113.81,97.64,10.62,1.02,112.31
4,159.532,1.01,116.98,105.09,102.71,99.94,9.83,1.06,117.72,1.05,109.36,111.17,101.94,102.84,11.47,1.17,111.17
2,159.6,1.06,105.95,98.59,104.88,112.67,11.28,1.07,97.92,1.09,102.8,111.05,113.02,96.74,10.77,1.13,108.63
4,160.211,0.96,115.14,102.27,97.93,117.22,10.84,1.14,110.58,0.96,103.62,98.93,95.42,104.58,10.54,1.13,104.12
2,160.374,1.07,103.23,97.38,114.09,96.64,11.36,1.1,104.61,1.04,104.17,110.24,99.9,109.19,10.03,1.08,106.14
1,160.405,0.97,114.93,109.47,102.6,100.08,9.71,1.08,98.79,1.07,100.53,110.35,106.8,109.68,10.95,1.02,106.23
2,160.556,0.95,103.97,104.63,112.34,96.78,10.55,1.12,101.73,1.02,99.28,112.4,112.19,109.31,10.03,1.05,102.21
1,160.597,1.01,97.71,114.08,103.59,109.74,11.32,1.06,102.52,1.09,110.21,99.85,115.49,114.61,10.33,0.99,100.02
3,160.624,0.98,96.21,112.97,114.56,96.53,10.09,0.98,114.64,1.02,107.93,106.11,107.87,96.84,11.86,1.1,113.31
4,160.724,1.08,103.22,105.16,104.34,116.14,10.3,1.18,108.01,1.08,101.86,108.93,109.31,112.13,10.33,1.1,113.21
2,161.678,1.01,99.33,111.94,111.8,101.22,11.24,1.08,103.96,1.08,104.95,108.67,97.83,108.45,9.84,1.02,102.95
1,161.771,1.05,104.32,108.68,112.07,99.68,10.88,1.17,111.98,1.03,106.47,108.62,109.14,110.95,10.25,1.12,106.65
4,161.845,0.96,112.78,98.72,112.05,116.72,9.83,1.1,102.64,1.08,100.46,97.44,112.17,108.97,10.35,1.08,100.16
2,161.89,1.03,105.16,96.75,99.29,111.5,10.95,1.03,105.62,1.01,106.83,110.72,113.82,96.59,11.44,0.99,112.53
1,162.26,0.99,101.55,101.11,103.36,114.4,9.76,1.0,111.64,1.02,115.9,104.68,103.42,111.44,11.3,1.16,103.83
3,162.612,1.02,99.68,99.95,117.38,107.98,10.65,1.12,97.15,1.02,99.26,108.88,111.42,101.82,11.82,1.08,97.24
2,162.665,1.06,107.14,99.18,109.19,108.72,9.87,1.16,113.93,0.93,102.94,100.85,114.75,109.89,11.4,1.06,104.32
4,162.966,0.96,103.96,112.89,98.29,105.99,11.16,1.14,115.14,1.09,115.41,111.61,95.14,108.32,10.54,1.17,102.46
4,163.412,1.04,113.34,110.05,95.44,112.41,10.62,1.02,112.69,0.93,107.61,98.87,100.68,104.16,9.99,1.14,102.39
4,163.524,1.03,102.4,101.01,105.61,113.22,10.3,1.01,109.54,1.05,115.98,104.15,108.12,103.01,11.14,1.12,112.31
2,164.072,1.0,98.69,101.41,98.08,113.67,10.54,1.1,100.27,1.1,108.48,104.89,102.59,111.1,10.84,1.07,111.3
2,164.539,1.0,96.22,113.11,102.07,112.68,9.71,1.17,108.51,1.06,108.35,110.64,111.32,109.09,10.55,1.04,113.9
2,164.78,0.96,106.53,100.32,98.08,96.03,10.2,1.08,99.19,0.99,101.61,97.18,107.34,97.28,11.49,1.12,99.8
1,165.02,1.08,106.88,113.93,104.69,108.66,10.62,1.1,101.52,1.08,109.84,101.75,109.61,100.18,9.61,1.14,101.91
1,165.168,1.02,113.79,98.27,102.71,101.82,10.18,1.04,102.79,1.12,105.52,97.67,110.38,107.22,10.19,1.09,96.41
3,165.188,0.96,109.68,111.67,118.99,105.42,11.76,1.06,115.18,0.97,100.84,100.36,106.22,100.96,10.1,1.05,99.06
2,165.4,1.0,108.24,100.16,106.98,109.78,11.09,1.01,113.9,1.03,108.23,108.62,108.59,101.58,10.91,1.03,99.35
2,165.54,1.03,101.32,110.19,111.51,108.57,10.43,1.12,99.26,0.93,98.86,110.56,114.43,103.45,9.77,1.15,105.46
1,165.585,1.12,108.33,112.86,105.92,102.7,10.9,1.02,110.68,0.99,106.97,102.27,107.22,103.78,11.01,1.15,96.55
1,165.706,1.02,108.71,99.36,99.87,112.49,11.34,0.99,98.0,1.06,110.64,101.32,107.31,109.1,11.1,1.01,100.51
3,165.858,1.04,102.92,106.28,113.13,102.58,11.07,1.14,106.33,1.04,100.86,114.07,104.95,99.56,10.64,0.98,105.4
4,166.173,0.98,113.44,111.98,109.62,104.47,11.11,1.09,116.92,0.98,103.98,108.19,105.1,109.24,10.27,1.08,100.99
2,166.441,1.06,101.99,107.1,101.24,104.94,10.54,1.08,99.75,1.02,108.39,107.41,108.08,104.44,10.15,1.02,97.01
3,166.778,1.01,97.52,115.81,115.31,96.22,10.37,1.08,103.88,0.94,95.23,113.36,113.14,106.64,11.21,1.11,99.24
3,166.89,0.97,105.43,102.34,109.38,99.31,10.59,1.05,106.36,0.96,101.31,117.63,111.78,108.08,10.64,1.03,108.92
4,167.297,1.01,105.2,108.19,97.25,100.36,9.82,1.03,100.85,1.0,118.89,106.33,106.89,115.89,9.8,1.15,105.07
3,167.503,1.02,103.29,118.33,102.49,103.89,10.92,1.02,106.68,1.0,95.7,110.72,104.47,104.66,11.75,1.02,110.86
4,167.579,0.99,112.3,109.16,108.12,106.93,10.37,1.03,116.08,0.94,103.08,112.2,110.62,111.37,11.1,1.07,109.18
3,168.282,1.0,94.45,112.16,110.04,102.79,10.55,0.99,97.68,1.09,104.52,105.01,109.75,106.38,11.71,1.15,100.72
1,168.292,1.08,99.74,112.69,107.54,108.17,11.22,1.1,97.32,1.01,114.48,114.09,107.59,112.07,10.87,1.14,110.68
2,168.638,1.03,101.85,104.48,109.07,98.51,10.96,1.02,113.84,1.02,111.42,105.68,102.42,97.43,10.36,1.16,103.1
2,169.11,0.94,100.46,109.78,102.96,100.22,10.46,1.16,105.07,0.97,95.35,101.74,98.31,101.94,9.93,1.08,103.5
3,169.224,0.94,99.34,113.56,100.27,101.42,11.58,1.1,105.25,0.95,97.28,100.43,100.81,110.93,11.45,1.08,115.28
4,169.451,0.96,111.09,104.2,105.38,107.66,11.48,1.14,110.8,1.02,117.99,109.71,110.49,110.6,10.12,1.01,100.73
2,169.931,0.93,99.05,104.83,99.87,108.88,9.93,1.01,98.96,1.08,108.71,104.33,99.85,101.58,10.33,1.11,114.18
2,170.277,1.07,113.04,113.72,106.49,109.96,9.82,1.08,113.07,1.0,105.7,107.95,105.68,99.78,10.32,1.03,106.01
1,170.39,1.01,99.3,113.13,116.01,113.09,11.34,1.12,97.71,1.07,108.7,110.81,106.57,104.02,11.31,1.07,102.63
3,170.469,1.01,106.24,106.18,108.01,109.54,10.89,1.08,98.88,1.0,101.15,112.26,115.72,98.45,10.81,1.12,114.11
1,170.689,1.01,100.71,99.54,104.28,113.38,10.6,1.07,106.83,1.04,105.44,110.03,103.26,112.29,10.5,1.05,109.09
3,171.436,1.03,105.72,118.07,112.05,110.01,10.6,1.11,101.78,1.09,110.3,112.58,110.34,108.62,11.69,1.13,101.73
3,171.542,0.98,99.2,100.43,115.95,98.22,11.28,1.14,105.18,0.96,97.12,112.26,104.83,108.41,10.37,1.08,107.72
1,171.767,0.95,107.7,115.08,108.65,96.54,9.58,1.13,114.18,1.09,101.52,112.88,99.87,104.74,10.25,1.14,97.44
2,171.959,0.96,111.31,103.14,112.63,106.87,10.23,1.06,113.63,1.02,111.27,112.79,114.97,96.04,10.37,1.0,99.85
4,172.08,0.99,100.94,99.45,111.46,105.81,10.26,1.15,103.2,0.95,111.82,98.12,105.29,100.5,11.55,1.01,108.99
2,172.143,0.95,104.1,100.42,103.93,96.48,10.21,1.06,101.58,1.1,106.58,101.4,107.02,110.93,10.04,1.01,112.31
3,172.363,0.98,95.48,117.97,100.68,110.43,11.74,1.09,102.74,0.99,93.6,105.42,118.52,112.34,11.42,1.13,107.71
3,172.475,1.04,106.22,106.07,102.34,106.87,11.3,1.07,109.72,0.93,110.26,106.66,101.05,96.69,10.77,1.08,110.78
3,172.484,0.98,104.49,115.05,108.13,98.15,11.28,1.07,110.74,0.96,101.0,118.28,106.3,108.51,10.82,1.14,102.03
3,172.61,1.04,95.41,115.51,107.09,100.53,10.38,1.12,114.06,0.96,103.94,108.68,111.42,108.51,10.49,1.03,105.99
4,172.657,1.02,112.45,104.17,95.26,105.12,11.52,1.12,114.74,1.08,116.85,101.69,103.47,113.65,11.01,1.08,102.04
2,173.183,0.94,109.49,113.06,108.09,113.1,9.93,1.12,98.15,0.97,98.57,110.72,104.3,108.74,10.21,1.11,97.78
2,173.431,0.93,108.73,99.24,112.65,99.92,10.0,1.15,109.11,0.99,112.52,108.79,98.41,98.64,11.35,1.06,114.5
1,173.467,1.01,112.36,108.97,112.92,98.83,10.03,1.09,103.16,1.01,115.1,110.54,114.62,102.37,10.37,0.99,106.83
1,174.277,1.13,108.4,101.48,111.1,110.07,10.92,1.01,105.12,1.02,109.16,101.42,109.38,100.41,10.46,1.06,100.1
4,174.374,0.94,110.96,102.37,101.53,102.86,10.42,1.13,109.29,1.08,114.22,108.39,95.64,100.23,10.31,1.02,99.72
2,174.474,1.03,108.4,107.05,115.75,104.01,11.14,1.07,105.99,0.96,108.64,98.0,113.53,96.54,11.3,1.08,107.31
4,174.705,1.04,106.17,103.83,100.18,99.87,9.76,1.19,100.2,1.02,111.47,109.08,94.95,113.27,10.33,1.16,118.16
3,174.761,1.0,97.87,102.3,110.36,105.89,11.02,1.04,107.98,1.01,97.04,115.58,110.98,99.92,10.71,1.07,107.72
3,174.841,1.09,108.65,100.07,100.42,97.86,11.75,1.12,101.85,1.06,98.48,115.48,102.29,103.72,10.96,1.09,106.43
1,175.031,1.04,101.13,110.82,116.25,99.14,9.74,1.01,102.43,1.04,114.15,104.28,100.03,101.5,10.81,1.09,103.11
1,175.308,0.99,106.55,104.19,114.96,109.73,10.53,1.03,113.9,1.08,112.97,109.39,100.7,106.45,11.27,1.17,110.39
1,175.406,1.03,111.43,113.47,99.9,100.58,11.3,1.0,102.64,1.12,103.15,98.96,103.73,104.02,9.79,1.08,97.49
4,175.556,1.05,111.8,97.16,100.12,113.4,10.34,1.08,113.02,1.08,117.05,104.86,110.44,103.24,10.77,1.0,109.05
4,176.243,1.05,113.49,108.86,104.39,112.71,10.79,1.01,103.79,1.01,113.64,110.93,110.71,115.38,10.45,1.14,115.85
4,176.843,0.96,101.49,110.02,112.36,114.97,11.3,1.12,100.15,0.97,114.15,100.49,101.21,113.57,9.84,1.14,102.8
2,176.855,0.93,108.1,99.31,114.25,112.86,10.41,1.06,109.21,0.97,103.32,97.15,98.7,101.79,9.7,1.07,112.95
3,177.392,0.94,99.04,100.43,106.88,104.05,10.27,1.03,106.93,1.06,106.31,115.02,110.52,103.98,11.55,1.0,108.79
1,177.681,1.13,98.22,99.49,100.3,99.44,10.86,1.06,96.92,1.02,109.91,114.66,100.82,108.75,11.01,1.15,111.4
4,178.18,0.96,104.81,104.41,112.34,112.56,11.17,1.07,104.64,0.99,103.52,101.75,104.47,116.88,10.86,1.11,117.33
3,178.3,0.98,94.73,108.91,102.37,106.42,11.62,1.12,99.53,1.0,99.3,110.63,102.67,96.02,10.2,1.0,102.91
4,178.543,0.95,115.23,100.87,102.03,104.1,10.37,1.16,102.1,1.04,114.66,112.79,100.74,104.23,9.97,1.06,117.25
2,178.639,1.01,96.22,97.68,102.0,105.18,9.96,1.08,110.31,1.03,104.51,111.86,103.76,105.97,11.1,1.03,110.88
4,178.702,0.96,111.34,99.92,97.9,117.25,10.68,1.13,102.45,0.92,105.51,105.63,97.94,114.97,11.48,1.07,115.96
3,179.591,1.06,99.2,104.2,108.71,106.49,10.6,1.03,111.7,0.94,106.54,109.46,104.95,101.74,11.75,1.0,108.57
1,179.988,1.05,110.52,97.69,110.84,113.68,10.9,1.0,104.05,0.96,100.28,113.65,112.82,108.97,11.1,1.07,105.71
3,180.202,1.0,94.8,107.37,104.04,109.72,10.16,0.98,105.54,1.04,105.32,116.34,119.21,99.75,11.01,1.13,107.72
3,180.377,0.95,98.02,106.12,104.01,108.74,11.58,1.08,112.54,0.98,95.58,113.47,110.05,108.72,10.44,1.06,109.87
3,180.785,1.04,101.31,99.7,107.4,102.39,11.72,1.12,97.56,1.08,99.61,100.29,103.26,104.27,10.58,1.09,106.67
1,180.99,0.96,105.03,112.09,105.11,106.49,9.56,1.08,113.26,1.04,110.79,106.29,106.73,96.61,9.74,1.07,107.47
1,181.404,1.0,111.36,99.93,104.78,103.28,9.92,1.0,108.1,1.0,110.36,113.94,109.08,99.81,10.64,1.16,109.5
2,181.56,1.09,112.02,98.66,108.9,103.37,9.82,1.04,97.25,0.95,97.33,104.33,114.1,107.85,9.88,1.13,100.89
1,181.834,1.1,104.9,98.55,114.08,108.68,10.14,1.01,105.39,1.0,102.79,102.23,106.22,101.78,10.18,1.04,96.26
4,181.962,1.01,108.46,95.2,105.56,116.83,10.17,1.16,100.18,0.96,115.63,100.3,98.55,103.06,10.66,1.16,108.82
2,182.81,1.04,97.61,111.73,100.32,102.12,10.98,1.14,111.49,1.08,101.54,98.64,97.93,103.29,11.23,1.16,109.48
2,182.825,1.09,96.88,106.1,106.98,107.15,10.52,1.04,104.01,0.93,110.55,100.32,107.22,108.04,9.83,1.1,98.35
1,183.129,1.01,115.51,104.08,106.98,101.1,10.14,0.99,99.45,0.98,111.96,108.52,103.32,98.91,10.75,1.01,96.13
4,183.327,1.02,111.72,96.93,111.96,108.04,11.38,1.19,101.4,1.03,106.79,103.83,94.84,105.5,10.85,1.19,104.44
3,183.542,0.94,106.43,104.55,100.76,109.76,11.01,1.03,97.78,1.06,100.12,107.85,110.93,112.19,10.69,0.99,113.59
2,185.025,1.01,97.18,100.58,102.83,99.68,10.98,1.15,96.66,0.94,104.78,112.22,108.11,113.71,11.35,1.11,105.15
1,185.403,1.1,107.49,115.21,109.79,99.05,9.78,1.14,109.89,0.96,110.7,102.49,111.72,109.92,10.18,1.02,110.69
3,185.876,0.98,104.56,107.02,109.6,104.97,10.8,1.04,115.04,0.93,98.04,108.61,111.3,108.59,10.61,1.04,109.74
4,186.082,1.06,115.1,98.11,98.14,114.74,10.67,1.12,115.96,0.99,116.33,102.86,99.53,101.16,10.35,1.14,105.29
3,186.44,0.98,100.85,114.94,107.56,110.14,10.06,1.02,115.0,1.05,105.64,107.87,113.51,106.81,10.68,0.99,114.87
2,186.455,1.05,105.47,113.88,112.5,112.33,10.0,1.1,100.79,1.03,95.9,108.62,101.4,96.33,11.42,1.08,107.79
2,186.553,1.03,105.72,102.45,106.36,96.18,10.23,1.07,105.02,1.04,97.36,101.37,106.68,105.95,10.25,1.08,109.57
2,186.675,1.06,98.58,105.05,98.0,104.98,10.18,1.12,111.37,1.1,104.75,101.47,100.21,111.62,10.22,1.08,105.54
3,187.29,0.93,105.32,114.32,113.63,101.12,11.86,1.07,97.24,1.0,101.2,110.49,109.96,108.5,11.87,1.1,101.58
4,187.556,0.96,113.92,104.07,97.89,114.27,11.1,1.16,108.71,1.06,103.8,99.4,99.26,114.55,11.53,1.12,99.96
1,187.584,0.95,99.9,113.43,109.34,98.15,10.9,1.06,98.36,1.09,101.04,110.0,115.99,110.6,9.81,1.09,101.96
4,187.602,0.99,115.9,106.12,100.65,104.39,11.09,1.01,111.03,1.07,104.64,97.88,100.76,118.6,10.89,1.17,109.89
4,187.715,1.04,101.23,98.04,110.01,104.4,9.78,1.13,100.84,1.06,102.76,111.17,103.84,100.5,11.21,1.09,107.46
1,189.097,1.04,114.76,98.38,103.14,108.97,10.53,1.12,109.47,1.0,105.31,103.61,117.68,98.89,11.14,1.05,109.48
4,190.045,1.07,112.87,109.74,111.58,105.06,10.57,1.01,100.33,0.96,116.91,100.35,99.58,106.23,10.9,1.15,106.11
2,190.118,1.05,112.77,112.72,114.6,107.92,10.12,1.02,104.67,1.08,110.57,99.88,114.09,105.19,9.83,1.17,100.75
1,190.125,1.04,99.36,99.45,112.45,113.54,9.66,1.03,107.68,0.95,97.93,112.31,117.05,104.43,10.69,1.08,105.25
1,190.212,1.11,111.89,104.92,112.77,101.61,10.13,1.1,111.99,1.11,101.13,99.39,111.24,109.97,10.78,1.16,97.04
1,190.389,1.11,108.77,106.1,105.64,100.77,11.05,1.14,99.85,0.97,97.83,104.83,113.16,114.48,9.95,1.11,108.54
2,191.216,1.0,103.32,101.29,99.76,111.36,10.25,1.01,104.71,1.05,100.61,99.14,114.25,101.99,10.94,1.04,111.44
3,191.288,1.06,107.18,104.08,104.37,104.65,10.65,1.04,108.33,0.93,94.31,101.29,107.46,96.34,11.07,0.99,107.47
4,191.348,1.07,116.65,108.02,98.73,105.76,10.25,1.09,102.52,0.94,102.96,111.92,105.1,114.27,9.94,1.18,116.15
4,191.543,0.93,114.13,111.99,101.02,111.95,11.37,1.11,106.68,0.95,103.26,100.73,101.77,116.05,11.06,1.02,104.91
2,191.657,0.94,104.94,100.84,112.97,98.06,11.11,1.01,109.96,0.94,110.0,98.8,106.29,104.26,11.37,1.14,109.78
3,192.06,1.08,101.63,107.48,102.67,102.49,10.39,1.14,109.22,1.09,97.12,111.99,104.22,96.27,10.84,1.04,103.79
2,192.117,1.06,104.39,104.07,109.95,109.0,9.69,1.09,100.32,1.06,96.8,100.63,100.06,111.95,10.21,1.14,101.57
3,192.435,1.07,105.64,109.29,110.45,112.28,11.28,1.03,105.34,0.97,110.08,105.5,115.92,100.41,11.44,1.07,101.22
1,192.677,1.11,101.38,101.79,102.82,99.21,10.0,1.06,99.72,1.01,100.77,103.37,112.77,114.28,10.58,1.04,108.23
3,192.716,1.05,97.23,104.41,117.32,98.45,10.46,0.98,107.58,0.97,96.79,112.16,101.15,106.75,10.9,1.15,97.33
2,193.288,1.01,111.71,113.08,112.82,108.18,11.18,1.0,108.26,1.02,102.82,99.75,108.11,96.64,9.82,1.07,104.02
3,193.604,0.94,95.58,114.54,116.26,98.14,11.93,1.01,101.02,1.03,98.34,106.07,108.72,95.9,10.13,1.0,105.26
1,193.61,1.11,102.57,115.79,108.57,112.34,9.9,1.02,109.56,1.11,112.87,112.95,114.95,111.33,11.05,1.08,96.41
1,193.619,1.08,108.69,105.58,106.87,103.87,10.06,1.14,106.3,0.98,100.08,107.65,105.01,111.79,9.77,0.99,105.56
3,193.673,1.06,96.1,115.32,111.24,101.33,10.73,1.05,105.24,0.99,100.75,103.69,109.2,98.09,10.21,1.0,102.4
1,193.726,1.13,113.96,109.97,100.27,99.34,11.34,1.11,104.02,1.07,98.62,101.63,104.34,110.73,10.17,1.07,97.02
3,194.035,1.08,106.25,103.42,109.25,100.4,11.45,1.11,102.03,0.96,106.82,114.87,102.51,111.19,11.12,1.05,100.84
4,194.773,0.95,113.87,112.12,102.09,103.18,10.98,1.2,102.6,1.03,105.04,110.22,112.1,112.25,10.97,1.18,106.11
1,194.815,1.04,115.9,114.67,104.31,106.15,11.27,1.12,107.42,1.09,109.53,112.88,111.93,97.99,9.7,1.12,108.52
1,194.82,1.09,110.43,112.88,114.14,100.39,10.21,1.09,99.93,0.98,102.07,114.39,105.52,103.0,9.92,1.05,109.49
4,194.909,1.08,113.03,112.01,102.05,116.48,11.11,1.03,105.24,1.08,110.0,107.18,100.52,107.54,10.34,1.12,105.26
1,194.995,1.04,103.43,104.83,111.96,114.4,10.63,1.15,111.5,1.09,113.45,109.19,105.71,101.24,10.04,1.1,109.09
2,195.259,1.06,98.98,97.99,112.21,101.56,10.84,1.08,100.94,0.95,99.42,96.16,115.47,109.86,10.2,1.09,105.02
2,195.592,0.93,104.75,102.02,100.88,99.78,10.78,1.06,106.21,1.0,105.61,106.82,102.89,107.07,10.77,1.08,100.79
1,195.791,1.09,108.46,99.92,104.66,98.15,10.24,1.14,113.18,0.98,111.6,102.8,104.28,112.57,10.73,1.0,108.63
2,195.98,1.03,106.57,105.38,98.75,97.51,9.93,1.1,110.59,0.95,96.78,110.02,104.4,106.48,10.83,1.08,101.94
2,196.321,1.01,99.19,97.69,99.86,99.67,10.71,1.14,112.57,0.94,102.53,101.23,100.8,104.52,10.36,1.1,107.96
3,196.362,1.06,97.63,115.84,113.1,102.8,11.55,1.09,113.56,1.05,109.17,111.2,106.56,105.19,11.86,1.1,114.43
1,196.968,1.02,108.33,102.75,102.71,99.33,10.05,1.15,107.75,1.0,115.34,109.28,114.07,98.76,10.52,1.1,107.02
4,197.007,1.09,101.23,104.08,98.93,110.84,11.34,1.03,117.78,1.08,117.91,109.37,100.23,100.52,11.28,1.16,110.49
2,197.291,0.95,100.82,97.59,102.25,99.06,11.45,1.1,112.7,0.92,108.23,109.11,109.84,106.5,10.09,1.0,106.91
4,197.335,1.08,114.65,110.28,94.71,111.76,10.83,1.15,105.26,1.06,107.0,99.52,112.23,105.45,11.41,1.09,113.7
1,198.024,1.1,101.68,110.16,117.41,96.79,11.07,1.01,101.95,1.07,100.23,114.78,109.85,111.94,9.69,1.04,97.86
1,198.278,0.96,114.41,110.81,99.9,100.01,11.0,1.08,113.26,1.09,108.3,111.47,107.31,100.1,9.91,1.01,101.88
3,198.966,1.03,108.33,108.97,115.94,99.77,10.48,1.06,114.87,1.01,100.45,115.86,110.15,108.78,10.91,1.02,110.35
3,199.362,1.04,100.66,118.3,102.93,101.21,10.19,1.12,105.34,1.08,99.86,106.81,106.45,111.78,10.64,1.02,102.89
4,199.417,0.98,100.98,96.54,110.62,113.98,10.75,1.16,110.96,0.93,113.0,96.57,108.43,107.23,11.61,1.12,110.02
1,199.523,1.0,114.93,110.35,109.51,104.4,10.01,1.12,103.81,1.12,111.12,105.36,102.82,110.45,10.31,1.06,102.34
1,199.794,1.08,113.51,102.8,111.18,111.81,9.92,1.07,108.48,1.1,104.96,112.96,104.78,107.62,10.57,1.04,111.08
3,200.171,0.97,94.24,115.02,113.5,102.3,11.26,1.01,108.24,0.96,108.37,113.67,109.72,104.16,11.82,1.06,113.72
1,200.188,1.08,112.57,101.42,114.97,101.82,11.35,0.99,109.82,1.1,107.21,113.52,100.03,99.46,10.08,1.03,107.49
4,200.807,1.1,102.17,102.19,98.3,103.38,10.75,1.15,106.13,1.05,105.51,95.64,106.66,102.54,11.5,1.03,117.52
3,200.882,1.03,108.8,111.97,113.52,113.04,11.04,1.14,109.24,1.09,95.87,107.59,111.74,102.55,11.1,1.06,103.62
4,200.948,0.95,100.98,104.85,103.05,107.66,10.42,1.17,114.64,1.04,115.71,106.98,97.78,116.34,10.58,1.09,109.76
4,201.082,0.95,107.0,99.92,109.74,102.11,11.36,1.16,110.07,1.07,100.85,102.13,97.45,104.38,11.22,1.1,110.04
3,201.094,1.06,110.29,100.36,103.94,110.97,10.75,0.98,112.93,1.04,98.54,116.72,104.63,100.78,11.55,1.04,110.17
1,201.56,1.11,105.02,107.26,107.25,103.23,10.0,1.06,110.77,1.11,112.36,101.11,117.63,111.1,10.84,1.02,104.44
3,202.564,1.09,99.87,109.7,104.24,101.21,10.16,1.02,113.25,1.02,100.25,109.47,102.16,108.12,10.28,1.0,108.41
1,202.609,1.08,107.38,114.67,117.4,102.64,10.39,1.16,110.68,0.99,108.33,108.86,114.96,109.75,10.14,1.03,106.43
4,203.124,0.97,106.62,102.72,106.02,103.68,10.67,1.09,118.02,0.99,107.61,110.87,104.39,114.1,10.43,1.1,106.67
2,203.383,1.03,108.29,107.14,110.25,98.47,11.04,1.01,108.39,1.01,98.86,102.41,107.41,104.4,10.34,1.08,100.01
2,203.388,0.94,107.66,101.37,100.84,104.72,10.16,1.09,111.26,1.04,111.95,112.05,111.43,102.24,11.04,1.14,100.27
3,203.578,1.02,100.77,110.82,115.45,97.2,10.33,1.08,103.34,0.99,108.01,115.0,109.77,96.02,11.85,0.99,113.66
2,203.593,0.96,102.95,103.12,104.26,104.83,9.82,1.04,113.61,1.01,105.25,102.5,113.4,108.7,11.23,1.16,111.04
2,204.237,1.1,111.94,102.35,101.95,113.31,10.8,1.03,112.39,1.05,95.66,98.52,107.64,111.3,9.73,1.0,111.86
2,204.289,1.09,103.78,111.74,114.7,99.98,11.07,1.15,101.17,0.96,101.85,102.75,105.95,102.24,11.02,1.1,111.75
1,204.501,1.02,109.77,98.32,117.36,113.16,11.2,1.08,98.39,1.08,105.22,112.5,117.24,105.96,10.21,1.1,112.86
4,204.718,1.0,105.86,101.83,108.04,104.6,10.53,1.03,99.47,0.94,109.0,99.11,95.31,100.75,11.09,1.13,105.37
1,205.572,1.08,109.06,110.28,111.01,114.36,9.83,1.07,110.93,0.98,101.56,106.28,107.93,104.84,10.24,1.15,104.01
1,206.413,1.08,110.08,106.28,115.91,102.25,10.43,1.0,104.93,0.95,104.84,100.28,114.08,111.43,10.88,1.03,99.31
1,206.511,0.96,101.4,109.78,99.62,113.43,10.08,1.04,108.16,1.1,104.68,101.73,103.36,103.36,11.06,1.12,104.17
4,206.695,1.01,109.41,107.45,105.7,111.25,11.16,1.03,113.02,1.1,101.97,110.9,102.07,110.81,11.43,1.08,103.14
1,206.969,1.0,103.65,98.38,102.13,104.16,10.19,1.1,105.36,1.02,103.08,98.23,105.04,107.94,9.56,1.05,105.91
2,207.017,0.94,105.14,112.64,106.5,96.18,11.08,1.16,100.76,1.09,106.74,96.02,101.24,104.83,10.78,1.03,100.72
4,207.244,1.01,112.28,104.6,97.71,117.73,9.77,1.15,109.71,1.08,102.99,101.56,96.67,114.91,10.36,1.08,117.3
2,207.275,0.99,104.42,112.94,111.76,101.22,10.09,1.08,107.96,1.02,97.92,113.11,112.44,101.56,10.9,1.01,100.96
1,207.277,1.06,105.89,98.16,102.35,101.5,11.17,1.17,99.51,0.96,107.38,104.71,117.33,105.27,10.07,1.06,104.57
4,207.357,0.97,118.53,109.08,103.04,102.04,9.86,1.18,103.46,0.96,101.28,109.58,111.83,118.22,10.5,1.03,114.56
1,207.557,0.98,104.84,100.49,102.06,114.63,11.08,1.01,109.59,1.13,108.5,106.56,108.44,98.23,10.14,1.0,102.37
4,207.58,0.99,110.44,105.98,95.44,115.92,10.79,1.17,102.04,1.04,110.35,105.48,106.61,100.84,9.97,1.14,99.34
3,207.716,0.97,103.11,106.64,108.74,106.06,10.3,1.02,106.65,1.05,110.89,108.69,111.71,101.88,10.36,1.1,106.57
4,207.853,1.09,101.62,98.93,109.73,117.36,11.48,1.05,103.8,0.96,103.44,107.88,98.18,108.36,11.5,1.19,110.37
4,207.962,0.99,114.04,101.5,98.28,117.38,10.22,1.1,110.42,1.01,111.2,96.33,110.06,112.58,10.81,1.18,118.11
3,208.064,0.97,101.16,117.47,100.72,97.25,10.9,1.03,113.05,0.98,100.35,102.76,107.02,97.96,10.42,1.04,97.05
3,208.252,0.98,102.21,108.54,114.78,106.42,11.44,1.07,107.11,1.09,104.9,104.33,108.47,111.53,10.42,1.07,110.02
2,209.629,1.06,101.23,101.37,107.93,106.66,10.62,1.05,114.03,1.01,101.98,108.4,104.51,98.77,10.57,1.17,96.97
3,209.64,1.04,108.14,105.98,111.86,101.2,10.84,1.05,110.12,0.95,94.72,113.05,105.04,99.1,11.93,1.03,104.16
3,209.907,1.01,106.13,118.48,106.44,111.72,11.87,1.13,109.57,1.0,108.2,107.48,109.66,108.24,11.07,1.02,104.39
2,210.313,1.01,110.55,98.74,109.21,99.16,10.24,1.14,114.13,1.01,103.05,101.88,115.19,107.96,10.04,1.14,98.4
3,210.562,1.01,106.23,107.52,114.48,108.5,11.19,1.12,112.45,0.95,107.0,105.86,107.4,110.11,11.26,0.98,99.24
1,211.169,1.1,110.95,104.1,102.56,102.98,11.1,1.06,110.07,0.97,113.11,100.11,111.0,109.25,10.26,1.15,101.94
4,211.253,0.97,111.97,99.42,109.0,102.38,11.42,1.17,101.52,0.97,109.8,106.12,110.7,116.51,11.48,1.15,116.68
4,211.267,1.03,108.5,103.7,111.45,114.74,10.12,1.01,115.32,0.93,113.96,107.54,107.1,110.51,10.55,1.08,108.13
1,211.669,1.02,113.52,103.22,117.5,112.49,10.57,1.08,99.44,1.1,112.81,97.84,106.4,96.54,10.05,1.02,101.57
4,212.208,1.0,105.92,98.44,102.4,110.64,11.53,1.15,109.45,1.0,112.58,105.8,112.05,112.42,10.04,1.1,113.28
3,212.458,1.06,97.95,106.43,114.48,109.42,11.0,1.04,114.06,1.1,99.86,100.37,108.56,97.35,11.0,1.03,105.86
4,212.533,1.0,113.94,96.28,101.74,109.4,10.51,1.12,99.64,0.99,109.33,104.02,95.3,100.52,11.43,1.16,105.4
2,212.533,1.0,107.3,100.74,104.1,104.82,9.72,1.12,97.28,0.96,105.72,104.8,99.36,113.46,9.88,1.08,113.34
3,213.02,1.03,108.14,112.66,111.62,103.48,11.75,1.03,97.78,0.93,105.76,112.88,109.99,97.29,10.05,1.09,113.45
3,213.298,1.04,103.37,103.31,110.34,98.58,11.21,1.14,102.17,1.05,96.68,114.58,104.22,112.16,10.2,1.01,112.8
1,213.895,1.09,107.77,101.59,102.82,98.46,9.65,1.13,102.26,1.01,101.38,108.95,108.16,99.34,11.13,1.0,100.29
2,214.161,0.97,96.48,106.63,113.24,104.77,10.9,1.07,100.94,1.01,102.14,110.77,103.78,106.53,9.91,1.05,102.47
4,214.183,1.08,118.48,96.79,100.3,107.96,10.93,1.15,110.76,1.0,114.0,96.76,95.72,100.7,11.36,1.02,110.58
4,214.219,1.01,102.28,106.92,95.09,107.37,10.53,1.19,100.04,1.0,116.15,111.76,111.39,106.66,11.09,1.18,102.98
2,214.457,0.94,105.95,108.56,109.07,109.26,10.12,1.1,110.65,0.95,109.59,97.74,106.5,111.21,11.22,1.01,105.77
1,214.892,0.96,115.18,104.38,100.46,99.34,10.0,1.1,102.19,1.08,113.74,115.18,106.75,103.0,10.51,1.04,96.75
1,216.476,0.96,107.57,102.62,109.15,96.65,9.76,1.12,111.88,1.12,102.08,100.55,109.55,112.97,9.59,1.12,107.08
4,217.041,0.96,109.21,103.93,107.13,111.2,10.6,1.18,100.84,1.08,116.46,105.22,99.18,102.11,9.9,1.03,101.69
1,217.175,1.09,115.28,108.83,108.16,101.64,11.14,1.1,110.23,0.97,106.99,100.92,108.65,106.02,10.74,1.16,101.49
4,217.435,0.97,106.55,106.33,95.61,109.12,10.42,1.18,108.77,1.07,116.0,98.25,98.86,101.12,9.78,1.15,101.7
3,217.739,1.02,102.64,105.79,110.98,99.39,11.32,0.97,101.14,1.04,94.38,112.58,115.55,99.9,11.86,1.13,114.17
1,218.035,1.08,102.44,109.47,114.41,98.16,11.0,1.16,99.22,0.98,111.86,103.36,107.64,99.4,10.18,1.12,110.35
2,218.082,1.0,96.07,112.2,116.06,112.77,9.92,1.15,103.67,0.97,98.98,110.64,110.01,109.26,10.17,0.99,99.41
2,218.356,0.95,97.91,109.56,101.16,108.8,10.17,1.16,102.84,1.03,107.02,109.29,102.74,111.3,11.33,1.01,96.93
4,218.576,0.97,105.98,112.74,99.44,109.02,11.55,1.13,116.94,0.98,108.01,101.79,111.58,117.24,10.49,1.18,111.84
1,218.713,1.01,101.49,102.34,110.74,97.07,10.32,1.03,105.79,1.03,111.34,101.25,102.59,101.61,11.31,1.13,107.96
1,218.93,1.09,115.33,114.88,106.96,112.72,10.44,1.08,101.61,1.02,109.77,107.21,106.08,105.2,10.53,1.08,111.49
2,219.721,0.99,108.31,108.3,110.35,97.41,11.17,1.01,100.56,1.06,111.58,101.2,106.06,96.98,10.82,1.02,96.37
2,220.015,0.99,99.41,102.6,108.84,106.92,10.09,1.16,111.46,0.99,96.42,112.31,112.52,101.52,11.42,1.14,104.93
1,220.212,1.0,106.43,115.5,100.44,113.92,9.66,1.03,111.95,0.98,104.75,112.92,113.23,101.68,10.9,1.17,103.63
3,220.453,0.98,104.29,107.48,101.74,100.49,10.8,1.05,112.09,1.04,93.65,109.27,103.12,107.55,11.1,1.08,113.79
1,220.542,1.06,111.26,99.12,117.56,109.73,9.6,1.09,109.94,1.05,106.27,99.74,110.37,110.82,10.58,1.07,106.91
1,220.566,1.13,109.65,100.55,116.38,106.74,10.05,1.1,96.41,1.02,98.41,106.1,108.58,102.48,10.07,1.15,107.49
2,220.738,0.97,103.54,104.17,105.25,103.36,11.38,1.13,111.28,0.99,98.61,112.1,116.1,102.28,10.82,1.03,107.34
3,220.862,1.05,105.94,118.49,113.14,112.1,10.86,1.03,99.9,0.98,95.9,117.84,107.09,108.06,10.55,1.01,102.35
3,220.968,0.99,108.01,101.5,101.86,107.81,11.55,1.05,102.82,0.99,108.59,108.16,103.22,99.65,10.03,1.08,113.78
2,221.14,1.08,113.4,98.43,113.44,105.52,10.0,1.14,114.34,1.05,105.09,99.22,102.96,110.04,10.95,1.17,99.21
3,221.42,0.98,107.04,110.7,112.73,109.76,10.41,1.14,97.68,1.04,95.91,105.86,107.37,112.66,11.72,1.08,102.79
1,221.603,1.0,109.85,100.91,103.36,97.14,10.84,1.02,105.36,1.01,105.56,113.93,108.47,111.76,10.52,1.1,102.73
1,221.798,1.06,111.26,108.16,114.86,101.99,9.63,1.06,102.26,0.96,107.28,102.42,102.0,103.34,11.06,1.08,106.44
4,221.867,1.05,104.0,110.65,100.17,111.34,10.33,1.18,99.47,0.98,116.21,98.58,108.04,103.68,9.9,1.18,116.06
4,222.01,1.0,103.72,110.03,102.07,117.14,11.3,1.02,100.78,0.97,111.26,100.59,96.97,101.77,10.46,1.05,117.88
3,222.052,0.96,94.26,103.86,102.88,108.24,10.55,1.15,104.25,0.95,96.2,103.42,106.49,112.22,10.82,1.06,100.56
2,222.092,1.06,112.76,113.38,103.48,102.19,10.77,1.06,112.7,0.97,109.4,106.13,107.39,96.88,10.53,1.1,100.38
4,222.165,0.94,112.32,96.43,102.62,105.77,11.09,1.18,114.98,0.93,114.65,98.58,106.89,110.74,10.97,1.03,99.44
2,222.237,1.06,102.46,102.86,115.3,101.67,10.04,1.07,112.54,1.05,104.06,98.34,109.37,100.88,10.19,1.14,98.62
3,222.266,0.94,101.03,105.57,104.86,109.09,11.58,1.15,101.35,1.09,98.14,102.36,117.38,98.17,10.87,1.01,109.44
3,222.54,1.01,100.31,101.38,100.9,100.92,11.74,1.01,104.94,0.93,109.97,107.49,102.92,98.97,11.3,1.01,114.08
3,222.591,1.05,107.07,112.19,110.43,95.5,11.79,0.98,111.0,1.02,101.9,113.06,109.7,105.2,10.36,1.03,106.57
2,222.596,0.96,98.92,101.02,109.66,97.16,11.44,1.04,100.3,0.99,111.15,113.69,107.93,103.36,11.52,1.08,113.76
3,223.256,0.96,102.77,108.55,101.46,113.2,11.84,1.02,98.94,0.94,94.48,99.87,101.7,110.12,10.78,1.05,111.77
2,223.318,1.0,103.08,101.29,109.68,101.41,10.52,1.09,105.43,1.1,98.28,112.1,106.08,113.54,10.55,1.07,100.32
4,223.568,0.98,101.7,104.03,104.0,101.77,9.94,1.13,113.61,1.09,107.56,105.16,94.78,107.06,10.1,1.1,108.14
4,224.045,1.1,118.22,99.4,102.49,99.91,11.29,1.13,115.85,1.0,101.21,98.98,97.8,113.65,11.13,1.0,102.8
4,224.071,1.01,102.82,104.03,103.32,108.86,11.23,1.12,106.26,1.07,102.92,103.08,104.95,115.68,10.19,1.03,101.18
4,224.435,0.94,101.23,108.91,99.46,110.05,10.48,1.17,102.46,1.08,102.32,96.79,95.72,117.64,10.92,1.11,99.95
2,224.57,0.94,104.84,101.08,101.08,97.11,9.84,1.11,107.93,1.01,100.81,105.2,106.72,109.65,11.17,1.0,101.0
1,224.619,1.06,101.14,115.16,99.41,104.95,11.02,1.02,105.73,1.09,98.37,111.95,116.08,106.83,10.64,1.1,111.5
3,224.62,1.02,105.01,106.41,108.22,103.4,10.79,1.14,98.32,1.0,103.03,104.23,115.86,103.72,10.77,1.06,112.66
2,224.881,1.0,104.31,107.05,109.72,110.61,11.25,1.06,97.89,0.97,109.12,106.4,99.37,107.7,10.55,1.14,112.83
4,225.52,0.96,103.74,95.54,103.51,110.92,11.01,1.18,113.27,1.09,108.37,103.41,102.05,108.3,10.66,1.1,117.11
3,225.666,0.98,110.08,108.13,101.62,96.75,10.19,1.01,107.0,1.08,109.62,106.52,110.34,95.71,10.55,1.13,103.89
2,225.903,1.05,98.81,110.02,98.7,108.65,11.36,1.12,97.25,1.05,106.91,108.44,104.3,99.36,11.28,1.11,100.72
4,226.637,1.02,107.15,102.28,110.74,103.71,11.24,1.17,105.99,0.96,100.2,111.87,107.53,114.64,10.79,1.16,116.71
2,226.976,0.95,105.16,106.1,102.84,97.47,10.19,1.05,110.28,1.02,96.42,104.22,112.17,105.32,10.72,1.06,99.8
1,227.697,1.0,109.14,102.41,109.3,107.89,9.71,1.05,104.38,1.05,109.68,98.38,109.0,112.33,10.69,1.17,98.79
4,227.707,1.04,106.02,98.76,99.88,117.25,9.99,1.11,111.03,0.97,107.45,100.08,110.74,111.12,11.52,1.06,113.24
4,227.814,0.96,117.51,111.15,95.89,113.26,10.17,1.15,100.7,0.95,107.03,100.81,108.64,101.06,10.71,1.1,103.2
4,228.223,1.0,107.12,96.07,109.87,113.11,10.12,1.15,111.77,1.07,118.56,106.43,104.01,109.76,11.32,1.19,116.83
4,228.251,0.95,117.39,102.72,98.65,101.93,10.6,1.13,107.62,1.0,109.51,111.99,100.08,111.72,11.3,1.1,109.99
3,228.319,1.0,101.45,109.76,108.64,104.1,11.26,1.09,111.88,1.06,98.36,111.07,108.89,104.36,10.09,1.05,113.39
4,228.429,1.02,108.01,106.4,109.0,114.3,10.44,1.03,99.69,1.1,107.73,101.68,98.73,115.66,11.46,1.07,114.88
2,228.482,1.04,96.55,113.72,105.1,99.8,11.5,1.17,96.33,1.08,97.59,102.5,107.17,111.1,10.77,1.16,105.44
3,228.568,0.98,110.67,117.16,111.09,104.48,11.07,1.09,101.88,1.03,101.82,111.76,104.62,104.65,10.88,1.01,106.87
4,228.628,1.07,109.0,112.84,106.38,104.02,10.2,1.16,109.27,1.04,112.08,109.37,97.13,100.13,11.23,1.04,104.02
3,228.668,1.08,102.57,116.0,108.09,112.1,11.04,1.05,100.56,1.07,104.2,115.37,105.72,106.81,10.3,1.09,97.68
2,229.124,1.03,107.18,113.71,98.2,107.89,11.22,1.08,101.17,1.02,107.52,108.97,102.17,99.71,10.87,1.1,100.06
2,229.282,1.08,98.8,105.54,109.66,96.23,11.52,1.14,104.13,1.05,97.11,96.29,115.58,97.89,10.27,1.14,107.31
4,229.457,1.07,108.78,96.54,101.96,113.1,9.78,1.07,106.43,1.05,116.31,95.96,95.8,105.45,10.06,1.12,107.62
3,229.473,1.05,94.11,106.54,111.24,100.12,10.54,1.14,113.76,1.08,107.95,118.33,113.11,100.25,11.07,1.06,98.76
2,229.787,0.95,97.18,100.64,98.98,113.31,10.55,1.05,111.37,1.08,108.1,98.38,105.78,108.75,10.26,0.99,109.57
1,230.16,1.06,112.57,106.39,110.5,108.75,10.14,1.05,109.67,0.96,102.68,114.22,108.47,102.15,10.03,1.02,96.42
3,230.242,0.93,104.46,104.77,118.34,97.26,10.83,1.14,109.41,1.02,103.88,101.76,118.71,110.25,10.65,1.07,101.2
3,230.323,0.93,104.28,101.49,117.6,108.47,11.44,1.07,97.1,1.02,98.62,116.86,115.72,109.88,10.5,1.05,102.69
4,230.345,1.04,118.98,102.85,103.7,112.56,9.84,1.1,106.57,1.01,115.87,104.08,110.96,103.24,9.88,1.08,107.72
4,230.526,0.92,116.44,96.73,103.47,110.86,10.84,1.06,102.07,0.95,118.05,109.96,102.56,108.74,10.45,1.15,103.35
1,230.622,1.01,102.08,114.04,102.2,106.44,10.14,1.11,102.63,1.03,107.46,107.67,116.78,114.12,10.5,1.0,101.58
1,230.638,1.02,107.18,110.71,104.14,101.47,9.9,1.09,98.05,1.02,107.8,106.55,111.53,108.6,11.11,1.09,109.09
2,230.878,1.09,95.44,105.99,114.85,113.31,9.88,1.14,98.96,0.93,95.33,100.21,98.51,102.0,10.5,1.1,114.32
3,230.995,0.94,105.24,108.34,108.85,111.79,10.67,1.14,104.94,1.01,102.21,116.72,105.85,109.35,10.6,1.12,97.68
2,231.0,0.95,112.54,107.05,98.31,96.74,11.32,1.11,106.01,1.09,99.45,106.02,100.44,111.1,10.64,1.01,103.65
3,231.196,0.98,110.64,108.74,109.91,107.9,11.66,1.06,105.12,1.0,94.83,112.16,118.24,101.0,10.71,1.14,112.69
4,232.619,1.03,105.18,108.34,111.26,100.82,10.42,1.01,107.45,1.07,112.65,104.04,94.71,112.39,11.46,1.1,116.68
4,232.665,0.95,104.39,109.66,110.52,100.42,10.27,1.14,109.35,1.04,101.46,105.32,102.11,107.05,11.58,1.06,106.43
4,232.815,0.98,104.81,97.16,98.38,118.14,10.78,1.04,103.1,1.07,108.72,98.49,106.71,106.53,9.77,1.02,107.86
2,233.18,1.07,99.21,110.19,113.06,108.77,11.08,1.04,96.42,1.08,102.46,110.1,113.24,98.64,9.94,1.05,113.61
1,233.274,1.01,112.87,107.74,116.84,114.28,11.32,1.05,109.09,0.95,106.98,98.09,99.61,101.67,10.86,1.04,101.98
3,233.33,1.03,108.33,116.75,108.06,95.9,11.33,1.12,100.84,0.93,100.23,116.32,106.74,103.48,10.82,0.97,104.05
4,233.83,0.93,114.5,103.15,108.06,108.41,10.25,1.16,114.3,1.05,118.73,104.03,110.52,113.95,11.38,1.12,110.27
1,233.833,1.02,109.87,100.6,115.37,102.58,10.34,1.15,96.99,0.96,101.02,104.03,108.43,113.53,10.38,1.1,110.56
4,234.27,1.0,105.96,96.68,104.1,112.23,10.57,1.16,106.07,1.03,109.62,104.15,107.59,100.88,9.97,1.12,108.56
3,234.323,0.97,100.84,108.17,104.37,103.99,11.27,0.98,104.05,0.93,104.08,118.13,106.3,104.17,11.82,1.09,111.38
4,235.271,0.96,104.43,110.83,107.46,103.56,10.99,1.18,99.72,1.07,116.04,104.97,101.09,110.25,10.12,1.03,106.58
3,236.181,1.01,95.12,106.28,100.3,102.88,11.37,1.14,103.11,1.03,102.48,112.06,114.22,101.08,11.36,0.97,101.88
4,236.674,1.0,111.59,100.31,105.38,107.02,9.94,1.08,109.42,1.0,105.01,106.6,108.28,107.02,10.1,1.01,111.62
1,237.233,1.1,103.3,114.44,110.11,113.72,11.26,1.01,96.92,1.12,115.87,104.92,103.41,101.19,11.17,1.12,111.17
3,237.825,1.07,108.26,104.9,107.6,95.59,11.21,1.04,115.2,1.03,103.63,104.56,109.95,95.96,10.58,1.13,98.66
4,238.136,0.94,105.86,99.56,97.13,109.24,11.3,1.09,113.26,1.05,117.22,107.51,104.37,107.9,9.97,1.18,111.46
2,238.578,1.06,112.77,99.08,102.53,103.01,9.93,0.99,99.88,1.01,105.4,107.6,98.78,113.37,11.01,1.01,103.13
4,239.037,0.92,100.46,110.43,99.62,115.66,11.43,1.12,118.05,0.96,118.99,111.65,95.04,114.45,10.18,1.14,106.15
2,239.553,1.08,112.6,97.03,105.29,99.78,9.69,1.12,110.12,0.95,105.4,98.5,104.02,105.74,10.4,1.08,96.59
3,240.178,1.04,99.91,113.64,113.96,97.86,11.58,0.98,98.55,0.93,93.81,108.34,104.01,109.56,11.58,1.15,106.71
4,240.386,0.96,113.03,107.9,101.59,110.88,10.33,1.09,111.17,1.07,102.74,109.9,103.5,103.71,10.73,1.02,105.78
1,240.547,1.03,102.21,111.59,110.12,111.21,10.1,1.04,105.8,1.06,111.3,99.92,117.47,111.81,10.6,1.15,98.73
2,240.709,0.94,107.98,108.97,109.2,112.68,10.98,1.04,113.1,1.09,111.77,104.5,106.07,100.15,10.72,1.05,105.24
3,241.187,1.09,95.74,115.3,103.08,98.5,10.25,1.01,112.9,1.08,100.75,114.06,111.55,112.45,10.44,1.12,106.68
2,241.411,1.02,97.36,113.81,106.04,111.36,10.86,1.01,102.33,1.05,106.58,101.21,113.06,105.65,10.52,1.05,105.98
4,241.74,0.95,107.56,108.59,108.7,110.36,11.48,1.18,104.88,0.94,103.77,108.03,111.39,108.53,9.98,1.14,103.69
1,242.464,1.06,102.57,108.68,104.28,106.74,10.23,1.0,108.11,1.0,101.44,115.51,108.47,114.24,10.84,1.04,110.56
4,242.644,1.07,112.36,106.38,107.01,116.9,11.25,1.18,109.99,0.99,107.19,104.39,100.17,116.4,11.48,1.12,115.79
1,242.813,1.1,111.57,106.85,100.39,97.34,10.4,1.01,104.39,0.96,107.9,107.63,113.46,107.22,10.58,1.1,109.17
2,243.019,0.95,109.4,112.36,98.03,107.09,11.18,1.02,113.61,1.02,104.09,113.63,108.66,98.06,10.87,1.11,106.74
1,243.3,1.02,112.57,106.88,100.96,102.3,10.71,1.03,110.42,1.11,99.65,115.18,114.14,111.99,11.01,1.17,104.62
4,244.088,0.96,111.97,104.48,98.14,108.61,11.01,1.02,109.37,0.94,107.95,107.27,97.78,115.83,10.78,1.05,116.99
2,244.201,1.08,110.46,107.0,105.61,108.68,11.28,1.14,97.66,0.97,96.66,101.2,114.8,103.36,11.01,1.1,107.64
2,244.836,1.06,103.14,99.69,109.31,108.3,10.84,1.07,100.26,1.09,106.63,96.12,107.23,100.89,9.84,1.08,100.36
1,245.204,1.01,105.33,111.88,105.31,97.12,10.8,1.17,114.19,1.07,113.9,101.34,116.53,101.33,9.89,0.99,101.52
3,245.257,1.0,97.63,116.52,117.36,107.59,10.88,1.08,100.02,0.96,107.04,116.0,103.48,107.67,10.48,1.07,100.74
3,245.375,0.94,100.42,110.64,102.23,110.11,11.0,0.98,104.59,1.08,110.08,105.04,106.84,97.38,10.98,1.06,102.4
1,245.585,1.0,112.57,114.39,101.3,114.57,10.53,1.11,102.37,0.96,100.92,114.53,102.48,97.66,9.81,1.08,105.79
1,245.771,1.11,106.22,99.96,107.25,100.39,10.24,1.0,110.66,1.11,111.79,98.99,113.5,106.08,10.64,1.15,108.23
2,245.773,0.99,98.28,103.17,104.1,99.68,11.04,1.13,96.44,1.02,109.96,108.64,99.85,101.41,10.4,1.08,106.14
1,246.585,1.06,111.26,99.43,106.57,112.48,9.94,1.17,97.02,0.95,107.04,103.27,115.06,109.97,10.87,1.11,102.19
3,247.043,1.05,105.22,111.61,107.64,100.32,11.51,0.97,114.38,1.06,100.21,118.48,106.43,109.76,10.61,1.01,106.4
2,247.235,0.95,98.09,113.56,111.75,114.02,10.94,1.0,98.78,1.06,108.35,101.54,105.62,97.42,10.05,1.17,101.37
4,247.948,1.06,108.78,103.17,100.23,103.91,9.84,1.06,104.43,0.99,110.22,102.37,101.64,102.9,11.31,1.18,101.99
4,249.058,1.07,117.45,110.87,100.68,99.8,10.46,1.02,111.01,1.0,106.22,95.64,108.45,116.58,11.38,1.08,103.12
1,249.336,1.01,104.28,108.25,116.51,110.58,9.6,0.99,98.86,0.99,108.88,109.69,106.98,108.0,10.3,1.1,99.73
2,249.378,0.95,95.53,106.63,98.82,106.86,10.34,1.17,100.5,1.09,111.2,110.76,101.94,96.11,10.88,1.0,103.65
2,249.761,0.99,100.06,108.7,98.21,102.1,11.17,1.13,114.26,0.95,98.92,103.17,111.31,113.04,10.12,1.04,108.45
4,249.925,1.02,109.82,105.62,106.2,111.49,11.13,1.18,106.8,1.07,117.35,104.04,95.9,103.44,10.58,1.03,113.07
4,250.233,0.95,112.65,95.37,100.69,114.01,11.14,1.07,101.99,1.04,108.11,111.02,95.44,101.62,10.24,1.06,104.44
2,250.31,0.99,97.52,104.4,108.03,110.14,11.52,1.02,112.82,1.06,96.07,113.43,113.97,104.83,10.22,1.07,105.54
1,250.527,1.11,111.03,108.74,100.57,105.52,9.71,1.03,101.01,1.06,98.38,113.67,107.18,105.29,11.31,1.02,107.96
2,251.01,1.08,113.08,107.31,109.92,100.61,10.57,1.12,110.08,1.03,97.38,110.06,103.22,96.66,11.44,1.02,99.55
3,251.094,1.08,93.56,99.85,118.45,101.88,11.87,1.06,98.94,0.98,106.56,108.91,104.23,110.86,10.95,1.07,108.33
3,251.135,1.06,104.89,109.62,103.08,97.26,10.8,1.1,101.71,1.08,105.39,99.63,117.52,110.77,11.18,0.98,111.82
1,251.371,1.02,101.15,99.85,106.52,113.53,9.84,1.16,100.02,0.99,115.83,103.27,100.46,101.91,10.4,1.05,105.25
1,251.473,1.1,108.4,114.91,111.35,111.99,9.87,1.09,106.36,1.05,98.64,98.09,106.52,110.99,10.42,1.02,101.71
1,252.428,1.05,109.33,108.24,116.53,113.92,11.01,1.13,106.53,1.11,113.54,112.52,112.98,105.04,10.23,0.99,110.23
4,252.957,0.96,118.08,98.27,97.61,112.92,11.53,1.12,115.32,1.07,117.1,97.44,96.54,116.73,10.42,1.11,112.2
3,253.755,1.02,96.2,105.73,111.8,106.45,10.76,1.13,106.05,0.95,97.67,112.86,115.03,105.08,10.46,0.99,114.59
3,254.037,1.0,105.92,103.98,102.92,95.9,11.85,1.03,97.36,0.95,94.53,109.71,114.78,111.25,11.45,1.06,113.66
4,254.273,0.98,118.08,95.95,100.06,112.1,10.07,1.04,101.41,1.09,101.86,97.1,103.05,101.76,10.08,1.06,100.55
2,254.385,1.04,103.97,110.82,106.04,109.54,11.43,1.13,111.96,0.97,99.42,111.41,98.3,109.55,10.55,1.16,103.5
3,255.041,0.98,93.36,103.12,106.08,102.15,11.43,1.09,99.71,1.01,109.35,101.18,108.77,99.09,10.05,1.14,104.42
3,255.052,0.97,107.12,100.47,114.08,110.09,10.11,1.14,102.74,0.99,97.54,109.92,100.32,97.42,10.41,1.08,114.92
4,255.358,1.0,112.71,113.13,100.11,104.35,10.78,1.08,110.81,0.96,109.21,109.66,96.28,102.74,11.19,1.14,103.83
2,255.442,1.09,99.4,96.17,102.42,98.9,11.07,1.0,113.76,1.01,101.89,97.79,114.56,110.22,11.16,1.0,108.03
3,256.148,1.03,93.94,109.27,110.15,109.34,10.19,1.0,103.99,1.03,105.24,108.45,107.75,111.79,11.68,0.97,114.0
2,256.411,1.09,100.0,113.79,101.22,102.34,9.96,1.11,101.86,0.98,105.72,100.22,105.22,101.49,11.42,1.01,103.43
4,256.85,0.99,113.19,107.9,99.46,103.78,10.32,1.11,100.27,1.07,103.97,111.02,97.08,113.69,10.44,1.03,104.64
4,256.917,1.06,103.29,98.1,100.66,105.84,11.07,1.15,117.17,1.0,118.56,106.08,104.2,100.52,10.12,1.19,117.24
1,257.038,1.03,107.66,106.72,110.89,113.86,9.65,1.13,106.39,1.1,104.15,116.1,99.68,102.35,9.65,1.01,112.52
2,257.167,1.08,107.45,101.48,98.84,97.75,10.46,1.14,112.6,0.94,103.17,96.39,99.85,109.54,10.2,1.04,113.32
1,257.189,1.05,110.44,99.93,104.86,108.64,10.15,0.99,105.76,1.05,101.18,111.4,99.35,108.64,11.06,1.13,100.52
3,257.254,1.0,96.46,116.72,110.8,103.9,11.35,1.03,103.76,1.06,103.56,101.57,113.14,106.17,10.18,1.0,106.42
4,257.644,0.95,116.63,102.65,103.31,105.8,9.97,1.02,107.12,1.07,117.57,104.17,95.78,112.1,9.9,1.11,106.33
1,257.92,1.05,110.94,100.88,112.0,99.53,10.55,1.11,106.42,1.13,109.9,114.89,103.32,108.0,11.24,1.15,111.17
2,258.397,0.99,111.23,100.38,103.58,110.5,10.05,1.11,102.27,1.02,111.58,107.76,98.99,108.62,11.4,1.03,100.85
4,258.98,0.98,109.41,103.29,104.23,111.59,10.33,1.06,111.57,1.01,114.57,108.23,96.76,103.14,10.48,1.11,116.07
2,259.288,0.96,107.69,99.99,113.46,112.78,11.41,1.11,108.91,0.93,98.86,113.08,107.37,101.79,11.02,1.13,111.26
3,259.383,0.95,96.1,114.04,118.79,105.86,11.07,1.13,101.85,1.1,103.54,103.86,110.62,98.58,11.64,1.08,106.17
3,259.599,1.07,98.3,115.47,115.98,110.83,10.84,1.02,103.33,1.04,103.21,109.58,102.14,109.76,11.45,1.04,114.99
4,259.609,1.08,112.12,95.6,109.89,114.52,11.16,1.04,115.4,1.03,101.76,97.71,100.3,107.96,10.47,1.08,109.16
4,259.799,0.96,113.16,97.73,96.31,116.3,10.46,1.03,110.25,0.96,109.45,109.93,97.79,116.65,11.54,1.06,108.97
4,259.855,0.97,104.93,112.98,99.8,108.88,11.23,1.1,115.36,1.05,109.53,98.12,112.23,112.37,10.31,1.08,117.98
1,260.018,1.06,99.15,110.3,103.36,100.84,9.69,1.16,114.24,1.01,113.98,114.18,111.09,100.66,11.11,1.1,101.96
2,260.24,1.06,104.17,103.12,105.06,97.16,10.34,1.1,104.88,0.95,112.91,97.56,112.38,113.34,10.83,1.02,110.54
3,260.469,1.09,104.79,101.36,117.05,98.02,10.86,1.03,112.9,0.93,107.8,112.19,109.64,106.45,10.68,1.14,112.94
4,260.582,1.04,116.85,108.71,111.32,108.83,9.99,1.05,115.14,1.06,100.24,112.09,107.34,101.67,11.57,1.18,108.13
2,260.957,0.97,106.21,105.41,101.51,96.03,11.0,1.13,110.12,1.07,110.1,108.19,102.81,102.56,10.14,1.05,101.58
3,261.158,1.0,110.34,113.73,117.36,102.01,10.19,1.12,105.64,1.05,102.88,100.29,106.69,102.55,11.24,1.11,103.53
2,261.314,1.1,103.08,100.25,102.42,101.99,11.04,1.15,106.75,1.06,112.28,97.05,108.64,110.83,11.52,1.1,98.45
1,261.368,0.99,106.29,101.59,103.59,99.35,9.58,1.03,105.46,0.96,105.08,98.63,105.0,110.82,11.02,1.03,100.42
4,261.787,1.06,112.36,97.64,108.95,103.01,10.63,1.06,101.42,0.98,115.68,108.93,95.14,113.1,10.22,1.05,107.62
2,262.225,0.94,102.14,100.19,106.94,105.88,10.96,1.04,109.11,0.99,97.57,112.12,98.2,103.13,9.81,1.0,99.83
3,262.302,1.04,108.09,118.43,103.16,98.67,11.58,1.04,103.78,1.02,102.67,117.83,110.8,97.15,10.16,1.08,108.16
1,262.563,0.98,106.29,103.48,116.79,113.64,9.65,1.0,111.33,0.99,103.05,100.84,111.39,105.96,10.84,1.01,103.91
4,262.76,1.0,110.35,103.93,96.94,113.74,9.84,1.13,117.29,0.97,109.88,101.79,101.2,100.35,10.73,1.15,110.02
2,262.922,1.01,100.82,112.65,114.28,99.1,11.01,1.0,114.47,0.94,98.32,104.94,105.26,96.66,10.46,1.13,101.82
2,262.956,1.04,106.74,101.48,115.84,109.96,10.88,1.04,113.34,0.97,108.4,95.88,102.91,97.7,11.04,1.06,105.13
3,263.033,0.99,95.6,111.47,118.99,100.74,11.82,1.11,98.42,1.04,105.99,101.57,117.36,109.83,10.79,1.03,101.2
1,263.775,1.08,109.48,106.36,106.4,107.08,10.57,1.04,105.5,1.03,102.92,115.96,101.28,102.3,10.9,1.06,112.59
4,263.778,1.06,108.13,97.95,105.58,101.36,11.15,1.01,101.55,1.08,117.83,101.66,104.93,103.94,10.92,1.18,115.3
2,263.878,0.99,108.73,96.71,100.84,96.88,11.36,1.1,99.95,0.99,103.0,111.96,105.06,104.45,11.04,1.15,103.32
3,264.108,1.05,97.64,102.34,109.91,102.49,11.36,0.99,100.29,0.99,103.06,117.07,115.07,105.21,11.57,1.14,100.34
1,264.22,1.06,103.6,105.32,106.44,112.8,10.03,1.12,108.62,1.1,103.61,107.0,104.68,106.83,9.92,1.1,100.75
4,264.287,0.93,118.48,101.77,103.78,115.13,10.9,1.17,111.84,0.96,114.0,105.15,110.54,102.38,11.25,1.06,109.49
1,264.568,1.09,110.52,113.48,101.75,108.32,9.56,1.07,110.77,0.96,114.82,100.68,114.95,101.39,9.63,1.08,101.29
2,264.723,1.09,97.86,109.58,102.4,102.04,11.03,1.1,101.25,1.07,105.1,113.5,109.21,101.56,10.4,1.08,112.36
3,266.0,0.93,105.22,106.5,104.02,109.11,11.74,1.06,107.69,1.0,100.17,101.87,106.08,111.64,10.14,1.07,105.08
1,266.225,1.1,102.87,114.53,108.08,103.31,10.72,1.09,100.93,1.08,112.02,112.5,115.24,97.28,9.56,1.1,104.52
2,266.585,0.97,100.81,100.38,101.04,106.25,11.26,1.17,109.07,0.92,97.03,101.21,105.12,105.52,9.81,1.07,105.61
2,266.762,0.99,105.0,100.22,114.7,103.58,11.22,1.16,111.56,1.04,102.5,104.4,103.26,99.33,10.36,1.15,99.45
2,266.762,1.0,96.32,97.18,115.19,98.91,11.34,1.12,109.59,0.93,96.8,109.64,103.05,99.07,9.73,1.12,101.36
4,266.989,0.96,107.2,103.66,105.84,112.56,9.88,1.15,111.76,1.05,111.06,109.52,109.94,117.64,10.44,1.17,102.27
3,267.305,1.0,100.58,114.68,114.76,96.82,11.28,1.13,113.53,1.04,110.35,115.12,104.17,113.0,11.52,1.02,113.31
2,267.468,1.03,107.65,101.74,100.5,104.59,10.14,1.1,111.88,0.95,109.26,110.12,115.22,103.92,9.92,1.1,103.23
4,267.578,1.05,100.35,111.73,95.19,103.47,10.63,1.17,103.2,1.08,115.59,110.22,109.18,112.89,10.78,1.13,115.23
2,267.777,1.07,102.77,100.16,113.49,113.99,11.49,1.01,99.27,1.08,110.3,112.2,100.74,99.67,10.81,1.01,98.68
1,267.887,1.06,106.08,113.61,104.04,109.41,10.96,1.13,96.09,1.08,100.8,107.15,103.42,105.03,10.4,1.13,106.05
2,267.992,1.07,102.2,103.01,114.04,103.72,9.84,1.09,107.03,1.05,110.44,97.15,102.43,113.75,10.49,1.07,112.09
3,268.217,0.97,94.16,106.64,112.76,106.71,10.86,1.04,109.88,1.04,103.25,107.87,115.72,97.97,10.31,1.08,97.14
4,268.841,1.1,114.11,99.73,111.07,117.9,11.42,1.03,115.87,0.96,115.85,112.5,109.47,105.45,9.79,1.15,110.71
1,269.905,1.12,108.14,99.9,104.34,106.02,11.26,1.08,104.96,1.02,102.47,105.18,107.56,96.92,10.98,1.16,110.23
2,270.657,1.0,109.12,108.37,109.62,105.4,10.06,1.09,100.76,1.02,109.13,101.86,109.0,100.54,9.72,1.14,112.23
2,271.266,0.95,112.86,105.41,102.98,106.48,10.17,1.0,111.88,0.97,112.55,99.76,101.11,112.07,10.91,1.02,100.02
3,271.573,1.0,102.39,102.1,116.33,96.3,10.07,1.03,97.19,1.0,100.84,116.17,101.45,110.98,11.71,1.11,103.57
3,272.317,0.93,93.36,114.01,111.07,109.73,10.84,1.03,112.44,1.08,98.92,108.88,107.82,105.89,11.52,1.12,105.18
3,272.331,1.02,108.2,107.02,102.61,109.38,11.79,1.03,110.86,1.08,107.11,112.19,106.28,100.13,10.99,1.14,103.49
1,272.349,1.12,103.78,106.1,116.79,100.74,9.58,1.04,96.81,1.08,103.03,97.79,117.1,114.36,10.18,1.02,96.83
2,272.64,1.05,99.24,109.79,114.13,102.65,9.69,1.02,104.27,0.95,98.03,110.02,112.6,99.91,11.28,1.13,110.78
2,272.979,0.95,109.08,97.3,110.35,102.16,11.41,1.12,104.95,1.05,109.34,112.83,115.58,102.53,10.94,1.16,106.5
3,273.035,1.01,93.43,101.27,116.13,106.48,10.58,1.13,112.93,1.06,106.33,108.38,102.23,108.51,10.34,1.06,104.89
1,273.065,1.01,114.41,97.83,116.79,97.48,10.38,1.1,96.93,1.07,101.32,106.44,117.5,99.22,10.68,1.08,106.23
3,273.17,1.08,104.92,115.51,102.14,106.87,10.2,1.0,106.26,1.0,104.79,113.95,103.22,96.41,11.76,0.97,101.05
2,273.226,1.06,95.83,103.06,102.53,96.37,10.6,1.12,104.71,1.09,107.21,105.6,104.07,98.17,9.95,1.13,96.45
3,273.561,1.05,93.36,103.19,102.34,100.84,10.04,0.98,109.23,1.09,95.87,101.33,114.76,104.48,11.56,1.12,101.47
4,273.66,1.07,118.08,106.09,108.12,104.23,11.14,1.05,112.27,1.07,116.04,111.43,109.83,103.32,10.01,1.12,114.88
3,273.689,1.02,107.34,105.15,112.18,110.43,11.75,1.11,105.43,0.98,102.89,112.0,106.45,112.0,11.09,0.98,111.4
1,273.761,1.03,104.11,110.01,102.46,107.67,10.54,1.03,99.16,1.09,113.52,103.43,105.96,105.41,10.81,1.09,106.09
4,274.156,0.95,113.58,96.04,96.76,107.56,10.04,1.11,99.65,0.93,113.08,103.15,111.83,110.46,10.57,1.04,114.75
4,274.306,0.96,110.86,97.47,97.42,103.27,10.08,1.15,105.33,0.98,107.56,96.42,109.64,105.33,11.22,1.02,107.08
3,274.352,0.93,107.0,106.3,111.41,100.48,11.02,1.08,106.45,1.06,95.94,99.84,110.56,100.26,11.26,1.1,98.57
2,274.948,1.01,113.3,108.48,105.09,106.56,10.66,1.14,105.22,0.95,106.82,107.6,101.16,110.33,10.25,1.03,105.45
2,275.323,1.0,100.52,101.26,107.22,104.73,9.8,1.09,98.65,0.99,110.77,96.54,115.54,102.24,10.35,1.06,100.66
3,275.348,1.09,107.85,118.34,103.97,105.43,10.82,1.12,110.86,0.95,104.5,113.84,106.36,103.13,11.14,1.0,104.38
1,275.362,1.04,100.74,104.87,116.25,101.81,11.11,1.09,103.31,1.06,111.4,109.13,115.22,105.84,10.79,1.1,113.38
3,275.903,1.0,96.54,111.2,103.66,97.83,10.92,1.03,114.87,0.96,105.69,116.19,101.48,111.92,11.44,1.15,111.61
2,276.099,1.06,112.2,98.42,115.95,109.74,10.9,1.12,97.56,0.95,106.58,106.13,106.38,96.89,9.93,1.09,98.92
1,276.412,1.01,111.2,108.3,102.44,101.39,10.03,1.04,111.54,1.01,98.78,112.02,107.85,98.58,9.65,1.17,106.78
4,276.999,1.05,101.88,108.13,112.23,111.07,10.66,1.18,117.92,0.98,113.41,102.02,94.58,100.78,10.24,1.12,112.11
1,277.623,1.06,110.5,102.51,115.51,102.84,10.43,1.06,109.17,1.08,104.05,98.09,103.81,110.5,9.61,1.13,98.56
4,278.365,1.01,102.6,97.83,97.5,114.98,9.97,1.14,106.48,1.02,108.05,106.38,104.62,111.71,11.48,1.08,108.16
2,278.383,1.03,107.06,100.61,101.95,106.08,9.93,1.14,112.82,0.97,98.03,102.42,99.6,109.31,9.71,1.08,111.44
4,278.966,1.07,105.86,98.04,108.04,117.72,11.16,1.12,105.42,1.02,110.53,98.24,101.09,116.9,10.19,1.15,111.38
1,279.211,1.13,99.46,101.13,112.51,111.96,11.34,1.15,102.15,1.06,110.7,111.46,108.79,99.15,9.67,1.06,110.09
3,279.248,1.09,93.41,107.87,119.01,111.23,11.32,0.99,110.09,1.08,97.76,115.48,100.9,103.73,11.8,1.05,106.4
3,279.501,1.07,102.95,108.43,110.98,100.86,11.46,1.15,114.43,0.94,103.88,102.76,108.09,101.37,11.41,1.0,101.22
3,279.809,0.93,93.95,105.06,109.02,107.4,10.42,1.06,111.04,1.01,94.1,104.94,106.37,102.3,10.44,1.14,103.96
2,279.942,1.0,101.69,102.66,103.92,96.04,10.34,1.0,103.3,0.94,97.96,99.76,108.59,101.69,11.1,1.15,110.31
2,281.198,0.94,98.15,98.42,107.48,96.48,11.52,1.11,96.29,1.07,99.9,101.23,114.73,96.92,10.74,1.07,101.88
4,281.24,1.08,102.95,110.04,96.0,100.14,10.26,1.06,112.27,1.08,116.15,103.7,107.23,111.15,9.87,1.01,113.49
3,281.408,0.98,94.89,113.75,100.9,106.51,10.12,1.01,113.19,0.94,104.43,104.39,119.11,97.33,10.77,1.02,111.61
1,281.419,0.96,113.38,98.27,111.69,96.44,11.25,1.09,105.8,0.97,110.06,104.98,117.25,103.98,11.22,1.14,104.57
2,281.425,1.01,106.58,104.08,115.69,108.62,10.36,1.08,105.99,1.03,104.31,100.1,98.9,96.83,9.78,1.11,108.51
1,281.831,1.02,115.87,101.05,100.22,100.76,9.57,1.09,103.21,1.1,107.64,101.88,109.26,105.5,10.13,1.07,104.38
2,282.247,1.08,112.83,106.63,114.97,109.85,10.44,1.14,97.37,0.97,107.82,110.99,111.47,101.41,10.8,1.12,98.76
1,282.302,1.12,115.68,109.72,115.8,110.91,10.11,1.0,96.32,1.12,115.64,107.49,100.92,98.67,10.05,1.05,110.11
1,282.401,1.09,106.08,113.43,101.12,110.6,11.22,1.04,107.95,0.96,97.93,113.92,105.2,105.44,10.25,1.03,96.9
2,283.256,1.0,97.67,102.73,110.88,106.36,10.02,1.07,98.74,1.02,95.72,96.98,109.77,112.28,11.45,0.99,103.47
1,283.264,0.96,107.26,114.27,108.8,99.15,11.18,1.15,105.25,1.11,104.32,100.8,110.94,111.94,10.84,1.08,96.22
3,283.266,1.0,105.66,111.07,109.95,99.78,10.05,1.11,104.57,1.05,105.06,105.06,103.83,99.67,10.83,1.11,103.92
1,283.301,1.06,113.36,113.6,109.38,112.7,10.83,1.1,109.48,0.98,104.01,112.88,99.46,113.97,10.75,1.12,103.47
2,283.47,0.96,102.06,102.65,106.1,106.1,9.74,1.01,104.59,1.07,98.78,113.93,103.76,112.46,11.4,1.06,113.1
2,283.567,0.96,110.21,109.68,101.51,106.66,11.4,1.14,101.17,1.07,98.91,110.48,102.21,111.08,10.28,1.1,98.98
2,283.781,1.02,100.12,100.61,109.36,103.97,10.17,1.02,109.06,1.06,105.7,97.38,101.16,97.28,9.78,1.17,99.44
4,283.847,1.01,110.22,109.08,102.09,116.0,11.57,1.19,107.55,1.07,115.85,106.56,108.06,104.29,11.38,1.07,100.72
1,283.927,1.0,113.4,114.35,115.68,104.38,9.7,1.15,110.96,1.06,106.83,105.37,108.59,113.1,9.64,1.16,109.03
4,284.3,1.01,102.75,102.86,95.83,99.92,10.7,1.14,109.15,0.99,101.86,100.35,110.71,104.45,11.33,1.16,100.53
4,284.569,1.07,107.45,107.27,96.2,103.31,11.57,1.14,103.2,0.96,104.27,102.6,101.81,100.36,11.31,1.13,117.58
1,284.71,1.08,102.28,99.68,112.66,104.44,9.62,1.09,100.55,1.04,115.26,104.1,103.99,100.74,10.11,1.11,106.08
3,284.745,1.08,106.79,103.87,114.06,108.56,10.9,1.11,110.52,1.09,106.25,111.05,113.57,101.68,11.34,1.07,105.49
2,284.93,1.02,97.45,99.59,98.88,113.01,10.8,1.06,108.06,1.06,104.11,111.63,116.26,102.71,10.65,1.08,110.68
1,285.047,1.07,100.0,111.66,108.53,99.29,10.77,1.16,100.66,1.0,104.16,104.38,104.68,100.83,10.21,1.0,105.79
4,285.131,0.96,115.41,96.79,106.2,100.14,10.01,1.19,105.64,1.03,103.83,111.98,96.24,103.07,10.28,1.04,109.16
3,285.34,0.93,106.25,117.07,113.13,107.66,11.4,1.02,99.93,0.99,94.35,115.9,112.71,99.31,10.81,1.04,111.7
2,285.606,1.03,95.92,109.29,115.2,108.46,10.01,1.05,100.09,0.93,96.27,103.76,114.32,97.26,10.54,1.17,111.9
4,285.761,1.08,106.0,106.33,105.24,113.03,11.36,1.07,106.64,1.08,102.4,108.34,95.26,115.38,10.25,1.03,101.7
1,285.941,0.99,110.84,103.58,109.66,108.66,9.77,1.03,107.83,1.08,112.19,98.99,108.47,112.29,10.36,1.01,106.08
2,285.943,0.99,95.61,97.15,111.44,96.78,11.43,1.16,100.32,0.94,97.45,113.6,110.84,97.54,10.48,1.08,112.37
1,285.972,0.97,107.27,100.8,107.17,109.74,10.5,1.16,112.71,1.06,113.74,99.45,113.68,107.4,9.55,1.09,113.47
1,286.01,1.03,102.87,100.25,111.47,114.21,10.49,1.07,103.69,1.05,108.66,100.55,105.62,97.14,10.44,1.06,111.61
3,286.073,1.03,100.49,107.17,107.78,95.59,11.13,0.97,105.45,1.08,107.77,110.5,106.87,100.51,10.32,1.11,107.9
2,286.074,1.08,103.19,111.59,107.93,106.48,11.06,1.05,98.91,0.96,111.43,97.07,115.3,113.34,10.86,1.11,107.25
3,286.219,0.95,105.62,111.05,103.67,97.74,11.63,1.04,115.05,0.98,110.18,100.29,117.11,99.63,11.45,1.1,102.56
2,286.784,1.08,107.28,111.45,99.86,103.92,11.38,1.14,105.94,1.06,104.34,102.44,102.73,97.44,9.74,1.13,106.92
3,287.005,1.04,104.29,106.03,115.86,97.47,10.28,1.13,103.62,0.97,95.5,101.21,108.88,103.89,10.65,1.06,114.89
4,287.151,1.01,116.0,98.21,109.61,103.32,10.21,1.09,105.61,1.01,118.08,102.56,107.69,111.48,10.57,1.18,106.53
3,287.176,1.06,104.5,118.49,110.34,101.42,11.15,1.09,114.79,1.07,101.82,114.99,112.17,96.98,11.66,0.99,114.08
4,287.27,1.0,106.65,95.94,100.68,101.02,11.02,1.01,109.89,1.0,101.21,99.88,101.73,100.27,10.96,1.1,107.86
4,287.36,0.96,116.59,99.6,100.23,104.49,10.49,1.07,109.76,1.04,113.82,96.84,104.34,112.34,11.11,1.01,116.27
3,287.443,1.09,104.9,105.15,111.97,112.91,10.78,1.14,113.37,1.06,106.8,109.0,109.84,113.0,11.36,1.08,103.68
3,287.472,0.96,105.83,111.56,116.26,101.68,10.87,1.08,111.18,0.93,100.67,103.42,111.42,97.16,10.55,1.11,101.4
1,287.739,1.13,108.09,107.57,104.86,103.98,10.58,1.01,110.84,1.11,113.01,109.19,116.76,103.39,10.42,1.05,99.34
1,288.186,1.02,100.56,112.5,116.21,113.68,10.56,1.06,103.31,0.98,112.44,101.26,108.41,110.93,11.17,1.05,103.62
2,288.321,1.05,100.1,108.6,101.16,106.37,10.48,1.01,111.11,0.96,104.14,113.38,111.1,106.47,9.86,1.13,106.89
1,288.322,0.96,111.1,103.69,106.98,111.42,10.31,1.01,108.46,1.1,101.13,105.81,111.68,101.16,10.15,1.13,103.14
3,288.705,0.92,106.55,104.66,102.2,113.08,10.71,1.1,113.92,1.08,105.48,104.06,116.32,103.16,11.48,1.12,112.08
1,289.06,1.12,115.81,100.6,105.45,112.6,11.31,1.13,106.16,1.05,98.3,116.1,102.46,112.07,10.35,1.11,107.9
3,289.329,1.09,107.86,109.12,106.87,98.15,11.33,1.14,103.7,1.08,108.34,117.9,103.67,101.1,10.74,1.07,100.47
3,289.574,1.06,105.39,103.87,106.14,111.86,10.64,1.04,102.79,1.02,102.63,111.2,102.3,103.18,10.52,0.97,101.85
4,289.789,1.09,103.22,109.36,109.14,110.4,10.36,1.11,103.75,0.93,105.15,98.27,106.04,104.37,10.79,1.12,108.16
2,289.843,1.0,108.23,112.31,112.97,100.78,9.9,1.06,105.24,1.05,105.45,101.74,101.58,97.05,10.66,1.03,99.21
2,290.156,0.97,111.48,107.76,102.06,98.97,10.39,1.08,113.21,0.94,109.41,99.99,109.39,106.89,10.36,1.12,113.76
1,290.53,1.05,103.04,114.13,113.29,114.33,10.93,1.1,97.72,1.03,107.86,111.7,105.9,106.68,10.15,1.16,107.64
2,290.568,1.03,107.23,100.16,114.76,109.16,10.44,1.13,97.31,0.99,101.54,103.22,98.35,110.15,10.94,1.15,99.83
4,290.753,0.99,111.89,106.15,107.34,103.95,11.46,1.16,104.77,1.08,107.75,95.99,110.86,116.3,10.79,1.1,115.37
1,290.773,1.12,104.11,115.54,103.63,109.23,11.15,1.12,113.87,1.13,102.9,113.43,113.8,102.05,10.37,1.07,108.68
1,291.748,1.02,102.62,115.36,111.0,110.07,10.84,1.08,103.38,1.06,112.62,102.51,108.63,112.64,10.84,1.11,113.9
1,291.838,1.06,109.18,106.72,105.98,96.61,10.46,1.1,111.04,1.11,108.71,114.19,114.01,103.35,10.05,1.16,106.23
1,291.891,1.02,103.71,104.0,108.59,98.3,9.56,1.06,110.01,1.07,111.3,104.45,113.03,108.98,11.11,1.16,111.17
4,291.896,0.95,109.87,109.74,104.01,103.18,10.66,1.04,101.54,0.94,116.21,112.98,108.24,112.13,9.9,1.08,102.28
4,292.412,1.05,113.3,102.08,95.68,112.08,11.46,1.15,110.26,1.09,109.26,96.58,111.39,117.9,11.48,1.07,102.98
1,292.649,1.11,104.29,98.97,114.42,105.69,11.22,1.1,111.13,1.08,103.78,103.43,100.94,101.09,10.85,0.99,99.31
3,292.714,1.08,103.63,116.13,108.12,96.27,11.39,1.06,99.66,1.02,110.21,108.34,107.61,107.59,10.11,1.03,111.78
3,293.011,1.08,109.53,106.28,100.61,101.94,11.66,0.99,104.71,0.97,104.79,100.22,112.01,98.19,11.63,1.01,101.33
3,293.145,0.96,108.98,104.46,110.28,111.25,11.41,1.13,111.17,1.08,103.38,117.17,117.4,98.5,10.6,1.08,99.52
2,293.265,1.02,111.43,99.59,107.93,96.59,10.87,1.13,100.99,0.95,98.03,111.37,104.51,96.98,11.28,1.03,100.16
4,293.313,0.97,101.87,104.74,102.44,101.93,10.2,1.11,110.54,1.06,100.99,107.62,95.87,114.48,10.93,1.01,116.52
1,293.427,1.0,114.9,104.38,101.42,114.33,9.72,1.09,97.11,0.99,100.77,99.88,99.74,104.13,11.05,1.01,107.96
3,293.645,1.07,100.48,113.54,107.72,113.25,10.22,1.0,99.25,0.99,94.81,117.82,102.93,112.54,10.8,1.15,100.39
4,293.789,0.96,104.65,96.43,110.99,103.38,10.08,1.06,109.15,1.0,106.17,97.2,103.99,110.2,11.48,1.03,117.95
2,293.791,0.93,110.19,110.62,114.0,97.23,10.07,1.02,106.3,0.96,103.19,99.65,101.94,111.24,10.05,1.16,103.2
2,294.172,1.05,99.74,103.7,108.11,103.07,10.24,1.14,105.24,1.04,102.26,112.16,114.53,96.44,11.29,1.14,99.47
4,294.268,0.99,100.7,97.83,100.89,118.48,11.48,1.1,100.09,1.08,111.65,105.65,109.43,115.12,10.92,1.04,100.92
1,294.441,1.1,101.13,106.44,103.98,102.82,9.92,1.01,101.38,1.04,108.4,114.19,106.3,105.32,11.11,1.07,111.42
3,294.642,1.02,101.13,100.83,115.51,108.35,10.9,1.03,109.33,1.02,106.81,117.19,101.36,98.51,11.7,1.12,101.15
2,294.734,0.99,98.1,113.3,111.55,104.07,10.16,1.15,98.63,1.02,103.54,97.68,101.31,107.85,9.79,1.08,112.18
4,295.143,1.1,115.15,97.48,94.51,115.92,11.47,1.13,113.71,0.95,118.72,103.98,100.93,103.48,9.78,1.1,100.99
4,295.563,0.97,103.15,105.09,105.42,100.42,11.59,1.09,105.03,1.02,107.27,98.31,107.63,103.06,10.88,1.19,115.39
1,295.736,1.09,101.81,98.37,109.47,100.16,11.18,1.08,102.92,1.12,113.52,103.87,104.22,98.89,9.68,1.04,108.82
2,296.125,1.02,112.52,112.66,102.4,113.94,10.16,1.16,109.75,1.02,99.13,96.71,112.13,102.15,10.33,1.17,106.5
2,296.293,0.97,101.12,97.06,105.29,110.16,10.14,1.04,106.85,1.06,107.38,104.01,114.09,102.53,10.52,1.14,112.73
2,296.465,1.06,109.41,102.45,107.81,111.36,10.01,1.04,104.02,1.0,96.64,99.18,99.2,111.64,9.74,1.0,112.54
3,297.546,0.93,107.6,115.8,109.96,97.83,10.31,1.14,98.02,0.99,100.7,118.1,114.81,104.97,10.71,1.14,108.41
4,297.967,0.99,109.2,101.02,101.91,107.1,10.7,1.16,104.49,1.0,114.36,101.74,100.71,100.36,9.84,1.1,112.8
3,298.201,1.01,105.61,118.48,119.04,104.66,11.65,1.0,108.41,1.08,102.62,101.67,106.87,102.39,11.86,1.04,99.9
2,298.303,0.93,111.77,112.55,108.99,107.26,9.8,1.12,109.22,1.02,102.2,104.94,116.0,104.14,10.03,1.16,105.44
3,298.519,1.02,104.09,107.48,103.74,98.48,10.85,1.01,105.06,0.98,100.21,116.32,112.13,102.26,10.26,1.13,100.46
2,299.043,1.02,112.59,106.06,111.85,100.87,10.83,1.16,105.45,0.99,100.8,103.63,107.25,101.52,10.77,1.1,112.13
4,299.303,1.0,114.68,103.93,110.44,116.56,9.94,1.02,115.95,1.08,116.84,102.34,106.54,113.69,11.32,1.17,116.05
1,299.46,1.08,107.18,113.96,115.49,104.96,11.08,1.15,99.63,1.08,101.74,111.58,112.7,98.14,10.34,1.09,99.97
4,299.541,1.1,101.87,107.65,99.25,116.29,10.09,1.03,109.87,1.08,111.63,104.39,112.23,112.7,11.4,1.07,104.86
3,299.966,1.1,110.49,104.06,102.67,106.78,10.12,1.08,104.3,0.95,107.99,106.25,102.33,104.9,11.44,1.07,112.19
4,300.046,1.08,111.43,102.86,103.47,112.11,11.19,1.1,101.95,0.92,117.13,110.15,105.66,114.0,11.12,1.06,107.64
1,300.186,1.02,111.04,110.24,102.55,110.64,10.03,1.06,96.5,1.11,109.99,114.95,100.96,102.73,10.39,1.01,110.96
2,300.492,0.94,105.71,99.0,101.1,111.16,10.58,1.07,100.79,1.05,96.27,112.61,99.42,110.83,11.47,1.14,112.52
1,300.576,1.01,102.52,104.31,111.99,98.97,11.17,1.03,103.17,1.08,104.61,101.34,115.22,107.38,10.19,1.08,105.4
2,301.09,0.93,98.46,97.59,113.67,103.67,11.38,1.08,98.78,0.99,97.18,99.98,110.85,99.82,10.86,1.11,114.5
3,301.343,1.0,95.65,103.39,114.58,100.12,10.69,1.09,110.29,1.08,93.46,100.3,119.01,100.35,10.4,1.09,110.74
2,301.575,0.99,102.72,106.89,99.8,106.06,11.5,1.09,105.13,0.96,106.82,109.51,116.04,106.41,9.81,1.0,102.48
3,301.738,0.97,98.55,112.41,104.37,105.21,10.61,1.08,111.43,1.0,104.74,111.65,113.41,109.96,10.66,1.08,109.22
1,302.162,1.01,111.2,112.24,113.44,111.05,9.71,1.06,110.42,0.98,108.86,101.59,110.04,101.33,10.64,1.06,102.17
1,302.477,1.07,100.56,115.96,112.5,104.02,11.34,1.07,111.65,0.96,99.79,114.63,107.55,103.61,11.19,1.02,112.73
2,302.921,1.02,100.1,109.51,107.34,102.04,10.87,1.05,102.35,0.99,104.77,99.9,104.04,113.71,10.49,1.08,105.99
3,303.014,0.97,96.29,112.58,103.86,105.84,10.58,1.05,101.42,0.94,104.79,106.07,113.13,102.15,11.25,1.04,101.2
1,303.055,1.13,114.48,105.02,108.68,107.4,9.55,1.12,105.13,0.97,106.83,98.23,113.8,113.68,10.5,1.17,112.62
3,303.128,1.09,94.8,118.02,115.97,99.76,11.36,1.09,114.13,0.98,101.66,104.3,104.83,98.25,11.86,1.08,114.64
1,303.137,1.12,98.26,112.06,99.61,102.29,9.63,1.14,112.78,1.1,109.65,111.79,115.8,114.44,10.64,1.11,102.14
1,303.163,0.98,98.42,102.82,100.46,101.61,10.17,1.13,97.94,1.02,110.07,99.92,103.5,101.8,10.96,1.04,96.95
2,303.268,0.92,97.18,107.41,105.23,108.56,11.42,1.12,97.75,1.05,101.58,102.65,105.26,98.53,10.58,1.12,111.49
4,303.328,1.02,112.58,107.84,96.56,113.56,10.93,1.05,113.74,0.99,117.08,99.51,95.45,105.95,11.53,1.08,103.56
4,303.75,1.07,118.82,112.54,95.88,105.04,10.89,1.12,107.47,0.96,116.44,103.23,97.25,114.25,10.23,1.05,101.52
2,303.787,1.0,99.28,108.28,107.11,102.98,10.85,1.11,111.37,1.03,101.64,106.02,106.98,104.04,9.95,1.16,110.02
4,304.559,0.97,113.36,109.29,110.75,114.61,10.34,1.02,109.17,0.99,106.0,109.95,104.93,108.4,10.54,1.1,106.8
4,304.77,1.07,115.9,108.4,100.59,106.29,11.46,1.18,111.73,0.97,103.8,111.12,108.13,104.69,11.42,1.06,100.04
3,305.005,0.92,106.87,115.58,115.75,97.16,11.56,1.07,106.36,0.94,96.14,112.81,115.72,102.02,10.04,1.1,99.88
4,305.488,0.92,118.37,111.19,109.86,118.47,9.91,1.0,105.32,1.03,106.13,113.1,110.62,110.94,10.06,1.04,111.97
2,305.639,0.92,102.66,102.49,113.67,106.34,10.97,1.1,111.11,0.93,106.29,101.94,105.02,111.62,10.04,1.03,98.51
4,306.039,1.02,104.04,101.74,95.98,113.72,11.24,1.14,104.9,1.01,112.76,112.64,109.83,106.66,10.08,1.12,111.97
4,306.177,0.94,118.48,111.62,103.92,118.52,10.89,1.06,104.66,0.93,104.43,104.86,110.96,108.2,11.47,1.15,115.79
4,306.343,1.02,100.43,96.93,97.88,100.86,10.78,1.1,106.93,1.05,111.44,98.36,103.64,118.63,10.06,1.14,112.27
1,306.45,1.05,102.53,101.37,108.93,108.53,10.85,1.11,114.19,1.0,102.53,112.92,112.5,97.35,11.15,1.15,101.52
3,306.684,0.94,107.86,114.64,102.14,102.72,10.78,1.02,114.55,0.97,102.6,117.16,107.37,98.22,11.77,0.98,111.43
2,306.742,1.01,98.19,108.4,107.34,110.13,10.24,1.13,109.42,1.09,108.1,106.2,107.0,112.3,9.95,0.99,98.15
2,307.208,0.93,96.94,99.43,107.22,96.63,10.99,1.1,112.41,1.03,105.34,101.2,114.82,100.97,11.1,1.16,113.39
4,307.361,1.01,101.77,95.71,107.28,107.06,11.6,1.14,102.39,1.09,114.73,111.78,110.0,102.84,11.58,1.01,112.56
3,307.477,1.05,108.34,114.14,118.4,103.72,10.25,0.98,103.68,0.94,107.36,103.3,101.7,97.32,11.21,1.03,111.43
1,308.258,0.95,105.33,98.5,108.59,106.42,11.11,1.05,97.66,1.1,106.53,98.67,116.38,101.64,10.12,0.99,97.66
4,308.32,0.94,116.33,96.97,107.41,106.38,9.79,1.1,109.39,0.93,102.74,109.81,109.59,104.29,11.45,1.01,107.27
4,309.119,0.99,100.48,105.65,103.38,107.74,11.14,1.1,107.03,0.97,106.62,96.78,109.65,116.86,10.65,1.13,103.61
2,309.429,0.97,112.47,103.89,108.56,104.04,10.59,1.15,112.09,1.06,100.13,113.03,115.13,97.44,11.3,1.1,106.86
1,309.449,1.08,99.46,106.57,105.01,107.18,10.25,1.1,107.49,0.99,99.41,102.25,116.84,112.48,10.73,1.1,103.0
3,309.572,0.95,98.08,110.13,109.84,98.02,11.29,1.07,107.97,0.98,108.9,114.86,111.86,95.86,10.76,1.13,99.24
3,309.879,0.93,101.84,100.07,102.23,99.84,10.55,1.11,113.89,1.09,97.75,101.88,104.05,104.59,10.06,1.0,113.53
2,309.962,0.92,102.78,97.3,101.64,97.73,10.41,1.09,107.22,1.08,97.49,112.61,112.12,100.97,10.66,1.14,102.6
1,309.974,1.05,107.72,104.38,117.27,111.69,11.34,1.16,96.17,1.13,99.65,99.17,108.53,106.06,11.23,1.12,100.0
1,310.165,0.98,109.66,115.96,110.67,101.01,10.17,1.09,101.79,1.06,109.48,99.28,112.78,105.91,11.24,1.11,100.34
3,310.296,1.0,102.48,100.2,115.96,107.96,11.9,1.09,109.98,1.03,103.95,118.02,114.37,98.28,10.86,1.11,105.49
1,310.335,1.12,110.07,108.33,112.03,103.32,11.02,1.09,104.52,1.03,106.99,102.41,107.14,103.98,10.44,1.09,106.23
4,310.514,1.09,108.7,108.83,95.44,118.63,10.68,1.13,112.97,0.99,111.47,104.02,95.8,111.79,10.78,1.07,116.12
1,310.623,0.97,112.36,113.67,110.88,97.17,10.22,1.16,97.49,1.05,103.82,104.28,101.18,98.15,9.71,0.99,108.3
4,310.907,1.07,113.2,97.57,101.27,112.41,11.38,1.16,104.78,1.05,107.28,97.39,109.22,105.42,10.05,1.09,106.36
4,311.186,1.08,118.1,102.08,100.26,103.17,11.24,1.14,100.24,0.92,110.35,110.05,106.95,117.91,11.43,1.09,115.93
1,311.42,1.03,115.11,99.22,105.64,99.74,10.99,1.12,109.17,1.03,99.82,113.52,101.9,100.79,11.23,1.17,101.01
1,312.673,1.0,113.26,107.55,100.8,98.26,10.98,1.0,96.74,1.05,113.96,109.37,116.34,100.78,9.71,1.04,96.4
4,312.791,1.08,107.32,101.49,111.58,111.71,9.83,1.14,111.81,0.97,100.92,111.22,109.65,100.75,10.04,1.17,100.84
3,312.877,1.03,107.94,106.81,108.13,112.57,11.39,1.01,105.18,1.08,108.59,100.07,105.17,107.87,10.45,1.09,110.23
4,313.266,1.0,111.44,109.52,104.56,113.02,10.71,1.08,100.92,1.07,109.87,111.7,103.32,109.4,10.74,1.08,99.46
4,313.579,1.07,110.94,99.56,98.55,108.06,10.6,1.02,100.94,1.08,103.58,106.89,97.88,104.22,11.38,1.15,109.15
3,313.643,0.93,94.53,112.45,103.74,110.38,10.2,1.08,105.03,1.07,102.12,117.98,104.66,110.22,11.18,1.03,103.96
1,313.753,1.0,108.13,109.28,109.26,97.72,11.31,1.17,100.19,0.97,105.11,112.78,113.68,96.96,10.54,1.07,97.11
4,313.854,0.99,116.26,104.51,112.34,117.9,11.31,1.17,115.79,0.97,108.25,111.14,111.36,104.58,11.57,1.02,115.2
2,313.858,1.08,105.74,103.98,98.07,101.56,10.33,1.17,113.32,1.08,99.28,108.87,115.8,107.39,10.47,1.13,97.14
2,313.993,1.03,104.1,97.96,99.39,109.98,10.77,1.11,106.96,1.09,110.89,110.04,113.73,108.81,9.98,0.99,99.92
1,314.081,1.12,102.41,100.11,117.56,110.62,11.02,1.06,108.9,1.12,97.64,103.58,112.82,97.3,10.74,1.08,97.99
4,314.099,0.95,107.17,102.48,109.18,110.09,11.57,1.16,101.87,1.0,115.24,110.96,95.26,101.13,10.89,1.09,105.41
3,314.577,1.04,98.54,108.32,107.67,96.04,11.28,0.98,111.12,0.96,102.97,102.41,101.62,107.19,10.29,1.1,110.16
4,314.782,1.02,105.87,103.17,110.29,107.03,10.5,1.19,117.58,1.06,113.22,98.51,98.59,114.64,10.37,1.12,101.41
3,314.802,1.09,106.68,109.14,102.17,113.4,10.37,1.04,100.97,1.0,101.09,110.89,104.21,103.14,11.89,0.98,111.08
2,314.883,0.96,112.35,109.09,106.84,104.07,10.75,1.14,103.2,0.93,104.01,101.4,102.42,97.43,11.1,1.03,101.94
2,315.173,0.93,102.36,97.3,115.23,96.59,10.58,1.1,99.55,1.09,100.94,109.51,114.25,110.56,10.66,1.08,98.6
4,316.268,0.97,108.78,95.97,101.51,117.91,9.91,1.06,99.83,1.0,110.21,102.08,94.58,115.83,10.21,1.16,100.18
3,316.404,1.08,102.72,104.89,118.45,108.12,10.66,0.98,101.0,1.05,95.9,102.21,117.24,109.35,11.28,1.01,115.16
3,316.496,0.94,96.13,114.54,112.04,101.54,10.52,1.08,113.59,1.02,100.06,117.78,106.96,100.86,10.41,1.12,111.8
4,316.598,0.93,109.62,112.65,110.44,108.14,11.14,1.17,106.11,1.0,112.08,104.61,107.41,103.3,10.38,1.06,116.3
4,316.821,1.06,112.1,96.61,100.17,100.52,9.8,1.11,100.46,1.03,116.08,106.43,97.82,105.95,10.33,1.12,101.87
2,317.046,1.01,110.54,102.91,98.78,106.19,9.88,1.02,103.98,0.98,107.15,96.76,107.93,105.26,10.4,1.17,109.11
1,317.179,0.98,110.53,111.82,110.1,109.69,10.07,1.02,98.76,1.01,107.73,99.96,117.1,100.45,9.8,1.15,107.11
3,317.807,1.0,97.22,107.33,103.46,103.0,11.85,1.02,113.14,1.02,94.7,103.61,108.26,101.37,11.03,1.05,105.26
2,318.077,1.09,99.6,96.82,107.41,95.97,10.58,0.99,101.38,1.01,112.14,101.7,106.68,103.66,11.27,1.16,104.2
3,318.354,1.09,94.02,100.2,113.09,103.13,10.5,0.97,100.35,0.97,109.69,115.3,118.81,97.06,11.72,1.0,105.26
1,318.518,1.01,114.48,98.58,100.63,102.64,10.74,1.1,106.35,0.98,101.07,105.16,99.87,105.04,10.2,1.08,100.29
3,318.528,1.06,93.88,112.16,117.44,104.93,10.5,1.11,104.2,1.06,95.5,113.19,118.71,103.35,10.82,1.14,103.02
3,318.609,0.94,101.08,114.81,101.3,103.87,11.34,1.14,111.48,1.08,109.27,116.4,104.83,104.95,11.29,1.01,101.35
4,318.733,0.95,113.03,108.09,97.25,110.94,11.37,1.15,113.03,1.08,112.44,95.95,105.71,100.78,10.38,1.18,107.27
4,319.303,1.02,112.11,104.02,106.61,106.54,11.6,1.12,99.38,1.01,118.48,110.4,106.99,104.32,11.55,1.06,108.61
1,319.327,0.96,107.18,100.21,114.92,101.82,11.27,1.07,109.99,1.07,108.08,99.96,100.27,109.75,10.95,1.01,108.29
4,319.695,1.07,107.52,108.94,101.49,115.46,11.48,1.01,104.69,1.03,102.63,97.83,96.93,101.17,10.4,1.05,109.35
3,319.831,1.02,93.88,115.28,113.88,104.17,10.2,0.98,104.94,1.0,97.28,103.19,111.45,104.78,10.54,0.99,110.34
3,319.91,1.0,93.68,101.57,102.56,107.09,10.96,1.02,106.26,1.02,102.39,105.34,108.77,102.39,10.09,1.08,106.08
1,320.273,1.06,104.61,102.25,105.2,108.37,10.02,1.1,99.27,1.13,107.66,106.39,100.46,108.15,11.24,1.12,104.67
2,320.461,0.99,103.73,110.62,98.19,106.39,10.17,1.14,99.89,1.0,106.14,105.78,116.0,105.76,11.07,1.16,108.97
1,320.817,1.11,112.95,108.88,110.94,105.03,11.15,1.04,98.44,1.04,98.44,114.63,99.45,107.08,10.16,1.04,105.5
4,320.996,0.94,119.03,112.2,107.63,102.96,9.97,1.03,111.38,0.94,110.86,108.13,107.39,102.96,10.1,1.08,102.86
1,321.101,1.0,113.28,98.52,114.88,105.2,9.68,1.02,111.63,1.06,111.65,100.31,113.54,111.75,9.6,1.11,109.94
3,321.215,1.08,110.75,106.72,109.77,100.19,11.2,0.99,100.93,1.02,93.66,116.83,103.64,101.42,11.9,1.09,114.02
3,321.29,1.07,94.42,118.43,112.0,101.42,11.06,1.04,102.31,1.09,96.82,101.21,115.7,109.73,10.57,0.99,103.25
3,321.314,1.05,103.54,100.77,112.6,111.39,10.87,1.11,112.79,1.06,93.95,114.14,107.64,101.1,11.01,1.14,113.79
1,321.541,1.06,110.19,115.09,109.16,105.05,11.17,1.17,111.65,1.09,110.56,99.88,101.61,98.46,10.18,1.02,100.75
2,321.746,0.93,104.2,101.84,107.23,111.64,10.55,1.07,110.85,1.08,100.2,108.99,108.98,103.61,11.39,1.17,109.55
2,322.09,1.02,105.34,107.95,106.06,96.59,11.01,1.08,112.07,0.95,108.68,113.08,114.0,103.1,11.23,1.07,113.51
2,322.298,1.03,109.62,98.77,99.86,106.41,10.87,1.11,110.26,1.05,99.29,112.67,99.2,100.79,11.27,0.99,99.7
3,322.489,0.99,95.74,107.92,116.13,103.73,11.81,1.09,100.11,1.02,95.85,117.77,109.47,113.35,10.56,1.14,101.16
4,322.531,1.04,117.98,107.87,112.01,114.48,9.84,1.12,116.22,1.03,102.92,98.12,102.98,118.63,10.37,1.11,100.87
1,322.96,1.02,104.88,98.64,114.38,98.93,11.15,1.03,110.06,1.01,105.31,105.16,117.1,102.42,11.3,1.04,104.39
1,322.974,0.97,116.01,110.23,99.45,113.06,9.72,1.07,102.52,1.03,104.97,113.61,112.76,107.62,9.64,1.02,98.14
1,323.097,1.07,101.49,113.96,114.22,105.15,10.34,1.17,103.69,0.96,113.1,99.05,100.9,102.64,9.68,1.14,96.35
1,323.145,1.06,104.29,99.38,100.43,107.37,9.97,1.07,111.4,0.95,105.94,113.61,108.68,110.71,10.15,1.15,113.22
2,323.181,1.0,99.8,97.28,107.44,102.37,10.27,1.09,114.42,1.04,106.29,113.03,115.81,108.04,10.46,1.04,108.5
1,323.186,1.07,108.39,102.44,109.63,102.83,10.92,1.07,100.44,1.08,101.44,112.09,101.03,114.33,10.81,1.07,107.43
4,323.255,0.93,114.65,110.43,111.98,108.92,10.88,1.06,104.08,1.05,111.36,106.46,101.43,103.56,11.35,1.08,100.27
2,323.516,1.05,99.74,107.1,115.95,111.1,10.32,1.07,103.67,1.04,105.83,108.22,110.27,103.06,9.7,1.07,108.16
4,323.82,0.96,115.63,109.56,96.56,103.91,11.29,1.13,118.14,1.05,101.85,104.8,99.8,102.46,10.69,1.06,99.43
4,324.514,1.08,118.11,103.15,111.71,112.41,10.9,1.07,100.87,1.0,111.01,98.98,94.96,107.05,10.35,1.1,114.25
3,324.727,1.01,102.12,108.34,103.25,98.48,10.61,1.1,109.21,0.96,102.89,112.58,109.28,108.5,10.09,1.14,111.51
3,325.055,1.07,97.77,105.44,112.73,110.28,10.35,0.99,114.0,1.03,96.21,107.2,112.23,108.51,10.11,1.12,109.3
1,325.12,1.07,111.32,109.59,113.5,110.51,10.9,1.13,100.31,1.01,99.09,104.78,112.12,98.13,9.55,1.02,106.36
4,325.233,1.05,100.98,110.29,105.08,102.42,11.48,1.1,103.91,0.95,102.32,110.96,110.44,109.82,11.0,1.18,111.58
2,325.924,0.99,109.96,99.18,104.97,100.87,10.31,1.03,106.92,1.09,110.08,98.57,107.34,106.36,10.36,0.99,105.07
2,325.992,0.99,101.85,112.04,111.03,106.67,11.26,1.07,110.07,1.07,110.66,111.94,103.26,107.82,10.04,1.14,110.06
1,326.337,1.07,98.78,103.16,107.64,105.22,10.1,1.0,100.44,0.96,104.25,103.3,109.08,110.73,9.89,1.12,113.35
3,326.38,0.97,93.6,102.68,114.63,100.19,10.4,1.06,110.96,1.0,103.65,106.54,100.32,99.09,11.45,1.13,97.68
3,326.597,0.96,107.45,117.47,101.71,98.42,11.03,1.1,105.19,1.09,102.16,102.5,100.61,108.12,10.69,1.01,112.59
1,326.979,1.11,105.16,106.1,100.74,105.41,10.93,1.14,111.5,0.99,107.46,111.38,107.55,99.92,10.85,1.09,114.04
1,327.082,1.05,108.63,109.47,103.27,104.85,10.09,1.16,101.52,1.08,113.08,97.89,101.86,103.23,11.14,1.03,102.56
1,327.759,1.06,100.77,108.52,103.62,104.13,10.12,1.03,103.02,1.05,99.41,102.34,114.97,112.61,10.75,1.06,100.1
3,328.015,1.01,108.91,106.94,117.32,112.94,10.25,1.08,105.4,1.05,103.56,101.17,109.2,111.8,10.67,1.03,104.62
4,328.394,0.94,115.96,99.01,94.65,104.39,11.4,1.14,99.69,1.08,103.71,106.43,102.27,110.3,10.24,1.04,110.71
1,328.4,1.04,107.85,115.77,111.51,109.65,10.55,1.17,105.97,1.04,110.98,108.81,108.14,105.22,11.32,1.02,97.83
1,328.59,1.04,103.2,97.74,110.03,100.1,9.92,1.16,102.64,1.0,99.12,106.51,103.73,109.75,10.92,1.11,99.6
3,328.988,0.96,108.95,114.41,116.52,96.81,11.36,1.09,107.72,0.98,102.43,107.75,103.08,109.88,11.33,0.99,111.78
1,329.159,1.0,101.96,100.21,101.52,106.46,9.71,1.14,96.5,1.12,111.53,99.9,99.5,103.59,9.59,1.1,97.01
4,329.495,1.03,111.62,111.22,95.88,104.49,11.18,1.01,104.8,1.02,106.08,100.78,105.1,108.36,11.06,1.15,117.78
1,329.668,1.11,98.26,108.74,112.82,104.45,11.18,1.0,113.63,1.02,101.33,100.92,102.7,100.87,11.02,1.17,111.45
2,330.333,1.1,99.06,101.26,98.98,105.61,10.25,1.01,104.08,0.99,105.01,106.12,99.26,111.46,9.72,0.99,100.72
2,330.364,1.06,105.38,98.26,115.1,110.97,9.96,1.0,113.23,0.93,110.89,106.4,103.16,98.71,9.91,1.04,111.49
1,330.624,1.04,114.9,103.98,102.82,100.77,11.1,1.0,99.33,1.07,97.77,112.03,116.42,114.4,11.25,1.07,97.94
4,330.91,1.05,116.98,98.93,104.57,109.08,11.48,1.08,102.33,1.0,114.73,96.76,102.05,103.37,10.73,1.08,114.09
4,331.604,0.96,102.23,95.89,104.75,118.54,10.02,1.01,107.12,1.02,106.79,102.22,106.84,116.34,11.47,1.14,112.05
2,331.622,1.1,110.08,105.38,109.84,96.13,11.41,1.08,98.4,0.96,108.34,107.51,106.06,101.32,10.08,1.01,110.66
1,331.633,1.04,104.38,108.92,110.78,111.03,10.88,1.0,104.0,1.07,104.16,100.74,105.16,112.03,10.03,1.12,113.62
1,331.679,0.99,102.12,109.95,109.81,114.63,10.77,1.11,106.66,1.02,105.71,106.85,112.77,102.04,11.31,1.05,111.25
2,331.698,0.96,110.85,109.51,109.19,96.59,9.84,1.02,98.09,0.94,109.08,108.67,106.22,102.41,11.41,1.0,98.7
3,331.988,1.06,100.23,117.96,105.36,97.2,11.42,1.0,106.26,1.04,95.43,115.4,110.22,99.43,11.14,1.12,105.22
3,332.131,1.01,108.78,100.15,103.94,110.27,11.42,1.11,103.7,1.03,110.68,100.78,111.3,102.58,10.64,0.99,99.33
1,332.148,0.98,114.42,113.32,101.54,112.67,10.48,1.08,110.18,1.07,99.65,107.57,108.48,114.51,10.39,1.17,104.01
4,332.165,1.08,102.4,109.6,101.61,108.94,10.06,1.03,102.6,1.04,108.48,97.99,104.19,116.07,11.12,1.02,116.08
4,332.393,0.99,110.11,109.98,108.9,117.79,10.67,1.05,116.05,0.99,111.06,97.59,108.55,113.03,10.34,1.11,112.29
2,332.635,1.0,107.72,98.53,99.6,113.31,10.2,1.0,96.73,0.97,103.2,100.22,104.15,103.29,10.07,1.12,105.74
2,332.967,0.98,110.11,110.72,106.84,96.35,10.76,1.04,100.36,1.03,101.85,103.88,99.2,107.59,10.16,1.15,96.44
1,333.131,0.97,107.04,112.79,106.45,104.83,11.24,1.05,97.1,1.01,98.37,110.6,99.9,98.86,10.83,1.07,101.96
4,333.139,0.98,113.82,102.78,107.41,108.91,10.12,1.17,112.16,0.92,110.01,106.03,109.86,110.38,11.3,1.01,100.53
4,333.33,0.96,111.51,110.11,101.74,106.28,9.8,1.03,114.86,0.99,116.39,102.77,104.14,108.14,10.37,1.06,113.28
1,333.831,0.97,98.86,108.45,107.3,96.67,9.92,1.0,97.51,1.08,108.13,104.63,113.54,105.75,9.75,1.02,97.6
2,333.968,0.96,110.72,111.74,101.07,105.62,9.72,1.01,110.31,1.05,104.82,107.58,109.57,96.59,9.72,1.08,109.57
4,334.002,1.07,116.29,107.13,110.03,111.28,10.58,1.18,101.52,0.95,100.24,110.83,103.05,109.82,11.18,1.14,106.48
4,334.039,0.98,100.25,104.96,106.04,111.95,10.05,1.06,110.59,0.97,102.23,95.7,103.43,117.08,9.92,1.03,110.18
4,334.2,1.09,113.96,109.66,107.9,115.17,10.39,1.1,111.84,1.03,102.96,107.25,98.18,110.97,10.36,1.12,106.13
2,334.249,1.04,103.02,111.96,112.34,112.78,10.83,1.04,103.5,0.98,113.34,97.96,101.36,106.92,10.53,1.07,102.42
4,334.308,1.0,118.56,111.19,108.14,111.43,10.36,1.04,101.07,1.0,112.94,102.22,97.03,107.1,11.19,1.1,109.33
3,334.358,1.07,103.45,108.73,119.11,109.47,10.85,1.12,112.66,1.07,110.29,107.9,103.18,99.08,11.56,1.01,108.9
3,334.627,1.02,107.03,111.74,107.82,109.1,11.35,0.97,109.73,1.08,106.62,111.08,115.27,98.47,10.67,0.98,113.25
2,334.959,1.0,99.02,106.1,99.85,104.57,11.4,1.03,108.22,1.1,102.98,106.22,100.45,107.64,11.25,1.17,101.56
4,335.118,0.99,104.22,98.32,108.63,114.98,11.14,1.1,115.11,1.08,110.96,97.53,106.64,112.24,10.95,1.18,106.8
3,335.605,0.96,110.62,109.12,109.95,100.63,10.65,1.11,100.51,1.09,109.4,112.3,113.5,105.06,11.27,1.07,104.96
1,335.772,1.12,110.88,101.26,103.8,99.15,10.26,1.01,109.16,1.03,109.14,113.8,108.3,102.31,10.03,1.12,101.03
4,335.866,1.0,105.82,103.05,100.62,104.53,10.43,1.15,103.2,0.99,118.72,106.33,99.26,116.48,10.34,1.17,107.85
1,336.847,1.03,109.52,98.22,105.31,102.85,10.01,1.04,99.51,1.11,108.87,98.76,107.82,102.38,10.42,1.11,99.66
1,337.025,1.12,105.03,108.19,104.45,100.52,10.21,1.11,107.95,0.96,112.36,104.93,110.45,113.05,10.5,1.04,98.36
2,337.091,1.04,97.48,98.23,99.36,107.8,9.84,1.17,103.65,1.08,101.78,99.31,100.37,96.9,10.84,1.11,112.98
1,337.098,0.99,114.46,104.15,103.64,97.58,10.66,1.1,99.92,0.98,111.2,100.68,111.93,104.51,10.38,1.03,110.24
4,337.452,0.94,113.69,99.66,108.89,102.46,10.61,1.05,110.63,1.04,104.29,106.46,99.34,103.8,11.19,1.04,106.42
3,337.765,1.01,101.29,100.7,109.96,112.57,10.36,1.03,105.76,0.93,107.23,109.48,118.78,101.8,10.66,1.1,110.96
3,337.806,1.04,106.34,102.54,105.0,105.32,10.16,1.13,99.6,0.96,104.46,103.33,114.6,97.08,10.18,1.07,106.64
4,337.81,0.98,105.92,111.65,95.45,104.39,10.04,1.12,102.08,1.0,115.27,97.25,103.39,109.77,11.03,1.02,116.3
2,338.072,1.04,110.89,112.71,104.65,102.94,10.81,1.11,106.14,0.93,110.15,109.16,115.3,100.89,9.94,1.14,101.48
1,338.127,0.96,99.79,102.71,110.84,104.2,10.25,1.14,105.97,1.07,105.14,99.27,101.42,106.74,10.53,1.11,111.08
2,338.128,1.08,108.41,103.98,106.8,99.96,10.8,1.09,110.85,1.02,97.56,102.21,102.91,112.62,11.2,1.01,112.72
1,338.153,1.06,105.56,115.54,111.66,109.96,10.49,1.04,97.12,1.01,111.86,107.21,99.52,110.63,9.92,1.05,110.23
2,338.167,1.08,107.66,109.64,107.76,107.71,9.9,1.08,103.74,1.0,109.52,106.99,104.85,107.5,11.25,1.01,111.18
2,338.54,1.06,95.61,105.68,111.03,107.28,9.89,1.02,103.96,1.05,105.61,100.1,115.67,102.19,11.04,1.1,107.47
3,339.029,1.02,103.29,117.35,117.35,111.91,11.78,1.03,100.01,1.09,97.23,117.68,104.66,102.54,10.09,1.03,104.94
1,339.035,1.08,106.24,99.88,103.89,103.64,11.17,1.0,97.93,1.04,100.69,115.79,105.68,100.08,10.98,1.1,108.81
2,339.256,1.06,104.31,112.37,105.62,103.41,9.81,1.17,101.57,1.04,98.61,99.65,102.25,97.14,10.6,1.04,105.63
2,339.586,0.97,107.8,111.74,112.52,101.47,9.88,0.99,104.02,1.08,107.04,104.8,106.51,97.16,11.2,1.15,97.25
4,339.722,1.08,101.24,108.36,110.26,103.66,11.14,1.08,116.49,0.98,114.78,102.77,96.94,111.92,11.5,1.11,110.27
3,340.309,0.94,95.48,101.63,100.74,98.46,11.27,1.07,106.87,1.01,110.78,106.07,112.71,108.77,10.12,1.13,115.0
4,340.538,1.07,115.47,105.85,94.74,101.93,9.94,1.1,104.77,1.06,118.08,101.66,95.91,105.91,11.5,1.03,112.26
2,340.67,0.98,104.24,104.97,99.89,106.85,10.18,1.14,106.62,1.09,104.24,99.6,110.02,100.09,10.66,1.01,109.57
4,340.974,1.06,100.42,101.96,103.73,103.74,11.3,1.03,104.66,1.04,104.78,110.52,98.28,107.88,10.21,1.1,110.44
2,341.246,0.96,98.69,97.7,102.74,96.58,10.15,1.03,96.58,1.07,99.42,102.96,114.11,104.73,10.07,1.04,112.09
2,341.524,1.01,108.36,101.14,104.53,103.14,11.28,1.11,99.18,1.05,98.2,107.8,106.62,103.37,10.73,1.11,101.92
4,341.557,1.04,114.35,112.68,110.62,107.45,10.15,1.1,113.27,1.02,118.87,106.56,111.84,118.03,11.18,1.17,117.84
2,341.681,1.06,104.67,98.38,107.42,99.4,11.39,1.03,111.99,0.97,108.36,110.78,98.78,105.34,11.28,1.15,113.66
3,341.684,1.03,101.84,104.31,104.48,98.03,11.02,1.05,103.3,1.09,102.24,112.99,106.79,107.74,10.95,1.14,112.94
4,341.737,1.09,107.56,100.34,99.52,104.49,10.67,1.06,105.24,1.06,116.84,97.07,104.16,115.07,10.88,1.11,100.92
4,341.81,0.96,117.1,111.88,97.51,110.8,11.31,1.02,116.94,1.1,104.32,98.61,101.47,108.69,10.21,1.07,104.8
1,341.852,1.0,104.15,114.04,117.33,107.4,11.21,1.02,104.53,1.0,98.88,104.69,109.16,109.42,9.58,1.05,106.11
3,342.089,1.05,101.03,107.18,117.35,111.27,11.8,1.09,101.3,0.94,100.34,114.86,116.93,99.53,11.33,1.06,106.26
4,342.165,0.95,113.53,98.49,95.64,113.58,9.8,1.01,107.26,0.92,109.82,107.31,104.0,114.93,10.63,1.11,115.79
3,342.207,1.04,102.31,111.05,101.39,97.0,10.16,1.09,114.78,0.94,108.9,105.06,104.05,108.49,10.68,1.04,98.8
4,342.494,1.02,102.96,96.2,107.3,107.29,10.4,1.06,117.71,1.04,107.72,111.72,102.62,115.45,10.8,1.13,112.2
2,342.498,0.93,99.17,110.33,112.4,100.33,10.48,1.03,101.94,0.96,101.88,103.3,108.09,96.32,11.52,1.05,101.37
1,342.709,1.08,112.72,115.61,111.56,109.69,10.44,1.11,97.32,1.11,99.87,99.25,107.38,101.77,10.1,1.17,106.91
3,343.039,1.0,98.52,107.49,111.04,96.78,10.03,1.13,104.3,1.04,96.44,102.76,107.46,99.09,10.12,1.02,114.78
4,343.104,1.07,111.06,98.5,106.54,106.93,10.54,1.05,109.47,0.99,103.26,105.23,107.71,104.49,10.04,1.14,110.37
1,343.2,0.96,112.84,97.69,114.86,97.9,10.44,1.06,111.26,1.06,100.1,100.55,100.6,111.69,10.72,0.99,104.52
4,343.552,1.02,118.45,111.19,109.86,109.86,10.71,1.11,109.16,0.95,117.66,98.93,98.37,104.0,10.51,1.17,111.88
3,343.552,0.95,101.6,103.19,101.38,112.64,11.29,1.15,100.47,1.07,107.94,112.06,108.62,108.24,10.56,1.12,114.89
1,344.231,1.12,113.74,107.26,100.22,103.92,10.03,1.17,97.01,1.01,101.48,108.25,108.65,109.19,10.26,1.06,103.47
4,344.778,1.04,103.95,111.35,95.09,110.7,10.66,1.01,104.05,0.98,113.87,103.69,111.46,114.37,10.45,1.04,111.02
1,344.844,0.96,100.64,115.61,112.26,112.49,10.83,1.0,114.2,1.04,108.14,115.47,108.4,96.98,11.24,1.15,98.54
2,344.92,0.96,100.49,100.37,104.85,108.9,10.43,0.99,101.73,0.93,98.3,105.2,114.25,100.19,10.8,1.13,104.71
2,345.593,1.04,99.42,109.68,103.71,110.95,10.25,1.13,98.76,1.01,106.31,107.22,100.84,105.97,11.02,1.01,104.53
1,345.633,1.02,113.66,109.42,117.25,103.93,10.86,1.01,107.96,1.08,99.75,109.5,114.86,105.44,11.02,1.1,101.7
4,345.719,0.96,114.68,111.92,111.96,117.67,10.9,1.1,113.24,0.95,105.2,101.02,106.61,101.61,11.53,1.02,107.55
2,345.947,0.93,96.66,96.57,107.22,103.71,9.93,1.04,111.37,1.0,97.18,99.59,110.43,108.44,10.22,1.11,105.6
3,346.092,0.99,97.28,108.97,109.5,106.87,11.32,1.07,107.11,0.93,103.28,112.45,106.42,108.54,10.95,1.03,112.81
3,346.24,1.08,93.43,112.32,113.42,106.34,11.07,1.04,99.97,0.99,103.22,111.32,106.39,108.86,10.42,1.14,114.46
4,346.374,0.94,109.8,110.06,97.5,102.26,10.28,1.15,113.24,1.07,108.85,108.08,97.08,102.53,9.82,1.06,102.52
3,347.28,1.1,108.65,105.82,106.44,103.14,10.56,1.08,113.19,1.05,100.75,104.32,111.78,109.51,11.52,1.06,112.09
3,347.992,1.06,101.68,106.23,113.45,100.7,11.34,1.13,97.91,1.0,99.23,100.88,117.24,97.28,10.4,1.01,110.12
1,348.471,1.09,98.96,107.36,102.42,108.49,10.34,1.17,103.81,0.96,100.14,110.86,103.82,106.42,10.38,1.11,108.11
3,348.496,1.01,104.76,100.8,114.68,110.66,10.88,1.11,106.08,1.03,93.48,107.05,113.09,104.74,10.17,1.13,113.18
4,348.58,1.01,112.76,109.28,104.0,117.72,10.24,1.11,117.71,0.92,100.7,111.71,110.83,112.4,10.57,1.18,102.37
2,348.804,0.94,97.54,104.37,100.5,113.51,10.85,1.0,99.11,0.96,113.16,106.02,99.29,109.52,11.5,1.11,114.18
1,348.959,0.99,109.53,98.17,116.51,103.37,11.14,1.13,106.16,0.95,108.1,101.1,111.56,111.35,9.92,1.04,111.08
4,349.363,1.0,114.68,112.12,101.65,117.14,10.04,1.1,110.54,1.05,104.17,107.18,112.1,100.19,10.41,1.09,113.73
3,350.032,1.06,103.45,109.77,100.28,106.85,11.87,1.12,105.45,1.07,107.97,108.91,118.45,109.37,10.89,1.04,111.63
4,350.201,0.97,117.53,96.84,102.73,100.04,9.83,1.03,111.32,1.01,115.84,106.55,98.67,104.53,11.18,1.13,116.94
4,351.046,0.94,106.72,103.42,97.77,104.79,10.54,1.04,110.02,0.96,101.7,106.98,99.92,116.72,11.21,1.01,110.17
3,351.094,0.95,98.78,100.78,113.74,110.14,10.62,1.09,97.27,1.04,103.98,113.07,107.82,101.8,11.51,1.06,115.35
4,351.695,0.99,102.15,102.31,108.14,110.11,10.04,1.16,111.84,1.03,112.99,108.59,103.0,104.08,11.03,1.14,110.12
1,352.208,1.0,112.81,99.39,103.56,102.15,10.47,1.1,112.89,1.07,115.26,98.16,101.42,102.75,10.9,1.09,101.61
2,352.439,1.08,107.34,105.0,101.1,104.01,11.43,1.05,103.06,0.98,112.3,100.22,102.06,112.83,10.3,1.11,113.93
2,352.519,0.93,102.28,105.3,111.87,104.56,10.88,1.08,99.22,1.09,112.04,110.65,100.67,108.6,11.11,1.02,105.94
2,352.792,1.0,104.05,101.2,104.85,110.56,11.4,1.03,98.17,0.93,99.69,97.96,104.12,110.33,11.28,1.01,108.91
2,352.95,0.96,107.07,110.56,111.1,96.44,10.48,1.13,104.96,0.97,108.36,96.46,110.4,100.78,10.3,1.06,102.85
2,353.183,0.96,108.91,106.38,103.26,104.65,10.2,1.06,99.35,1.01,95.44,103.41,99.36,106.66,10.73,1.1,101.98
3,353.321,1.0,107.45,117.77,116.59,98.78,11.14,1.02,105.03,1.06,96.18,104.72,111.77,105.88,10.71,0.98,98.82
3,353.756,1.05,106.23,111.28,118.41,109.35,10.42,1.0,111.1,0.96,95.17,112.88,112.53,111.47,10.72,1.15,100.74
4,353.935,1.04,103.26,95.98,97.47,110.92,10.51,1.18,99.8,0.96,107.54,105.01,98.12,108.41,10.3,1.12,116.71
2,354.004,1.01,107.71,99.26,106.12,97.73,9.76,1.04,114.22,1.07,107.88,105.71,105.93,110.7,10.95,1.15,103.03
4,354.423,1.07,118.38,102.6,112.13,105.36,11.4,1.17,109.76,1.07,101.51,95.59,106.61,100.85,10.48,1.03,116.48
1,354.565,1.09,113.38,111.13,99.98,97.05,10.93,1.02,106.16,1.05,109.33,107.84,105.68,111.26,10.41,1.13,98.14
3,354.59,0.94,98.23,101.95,113.89,113.4,10.77,1.15,112.45,0.99,95.7,109.88,107.79,109.56,11.5,1.07,99.71
1,354.783,0.96,113.23,112.54,102.56,104.2,9.6,1.08,98.4,0.99,111.34,113.32,99.94,105.2,11.25,1.0,112.22
1,354.855,1.02,115.26,101.09,107.18,102.53,10.01,1.04,106.53,1.03,101.29,102.71,113.68,97.3,10.02,1.1,108.13
1,354.961,1.06,103.87,112.24,103.42,99.6,9.76,1.14,99.93,1.09,114.96,101.42,114.88,97.8,11.05,1.02,107.32
1,354.98,1.07,105.62,99.17,111.72,105.17,9.89,1.1,109.12,1.12,98.12,110.6,114.12,109.98,11.27,1.1,109.09
1,355.079,1.08,99.53,101.29,112.15,102.04,10.14,1.02,96.92,0.96,98.33,107.52,117.34,113.02,10.56,1.04,113.05
3,355.55,0.97,109.75,107.0,109.02,107.01,10.31,1.1,105.45,0.98,102.67,110.65,109.15,106.04,10.43,1.05,107.56
4,355.865,1.06,100.35,105.24,106.7,110.93,10.53,1.11,103.65,1.08,111.33,107.42,110.0,108.46,11.56,1.11,103.86
2,356.158,1.01,95.75,97.96,105.83,110.22,11.29,1.02,104.13,0.98,97.7,101.17,99.8,111.21,10.96,1.01,111.56
1,356.228,1.01,105.44,110.35,116.03,113.62,10.23,1.05,100.36,1.02,113.98,100.5,115.91,106.28,10.37,1.09,110.67
1,356.302,1.0,109.82,99.13,112.01,109.43,11.09,1.16,108.13,1.1,106.98,114.8,116.49,101.68,10.87,1.13,101.03
3,356.312,1.08,109.42,114.55,102.88,105.89,11.72,1.05,99.69,0.96,98.15,104.24,105.46,96.0,10.74,1.1,99.9
4,356.676,0.98,103.18,109.93,111.62,100.86,9.83,1.01,109.45,1.04,114.02,108.08,111.58,115.23,11.29,1.15,111.77
1,356.686,1.06,109.42,98.62,112.7,102.41,10.53,1.15,98.39,0.96,107.57,99.39,101.59,96.58,11.13,1.02,113.35
4,356.735,0.99,115.87,106.33,104.94,116.1,10.08,1.05,115.4,1.01,117.51,99.38,101.28,113.62,10.13,1.17,102.67
3,356.763,1.03,109.47,102.02,111.05,103.94,10.09,0.98,114.95,1.07,108.59,113.32,114.74,99.89,11.06,1.03,112.3
2,356.798,1.09,96.94,107.07,113.66,98.96,11.4,1.03,114.47,1.01,98.58,95.88,113.91,105.88,10.88,1.02,101.19
2,356.842,1.06,103.0,110.72,101.03,106.45,11.52,1.15,109.41,0.97,107.63,111.03,113.44,97.09,11.02,1.08,108.26
2,357.189,1.06,104.03,112.54,98.3,106.16,10.18,1.04,103.06,0.99,106.57,96.94,110.0,105.94,11.41,1.08,100.67
4,357.228,0.98,112.65,100.97,107.59,100.47,9.98,1.07,106.33,1.02,103.9,106.38,103.0,118.59,11.17,1.03,116.34
2,357.734,0.97,95.72,96.12,101.06,102.89,11.11,1.02,108.63,1.0,110.09,106.57,100.78,111.45,10.74,1.08,112.5
4,358.315,0.98,111.85,109.6,97.5,110.48,10.67,1.13,111.08,1.03,108.12,106.6,96.34,113.74,10.63,1.14,113.35
1,358.549,0.98,101.17,105.62,114.92,96.91,9.88,0.99,113.26,1.05,114.48,114.19,103.63,97.14,10.57,1.07,106.98
2,358.557,1.05,100.62,102.65,105.22,109.96,10.83,1.05,111.26,1.0,96.43,106.5,110.13,97.73,10.11,1.14,105.58
1,358.573,1.0,110.13,106.36,115.95,114.51,10.89,1.16,98.14,1.13,100.04,112.75,99.35,106.78,9.55,0.99,105.79
3,358.69,1.06,109.62,116.63,108.06,108.79,10.81,1.0,113.14,0.94,101.13,108.0,101.21,98.15,11.21,1.09,111.23
2,358.905,0.99,97.63,110.67,109.71,97.21,9.82,1.05,99.55,1.0,104.48,104.33,103.16,105.08,10.71,1.05,104.71
2,359.298,1.05,102.13,98.23,98.07,111.23,11.14,1.07,99.31,0.97,96.32,111.01,97.79,97.54,11.52,1.09,101.9
3,359.339,0.98,99.08,115.68,103.86,97.16,11.33,1.0,102.95,1.03,104.75,110.13,100.37,104.96,11.44,1.14,109.45
3,359.446,0.99,107.41,114.86,100.92,111.25,10.84,1.04,106.93,0.98,105.76,108.58,104.17,108.72,10.86,1.0,101.3
4,359.799,1.06,115.78,102.27,107.46,118.14,10.26,1.07,118.02,0.96,110.19,99.23,99.35,101.05,10.66,1.18,107.7
3,359.841,1.05,105.24,110.83,106.43,96.43,10.79,1.14,109.75,1.09,100.42,108.42,100.37,97.05,10.82,1.08,115.18
2,359.966,0.96,97.66,108.95,99.32,104.83,11.27,1.08,111.37,0.97,95.93,110.84,107.24,107.78,9.72,1.04,103.47
3,360.039,1.06,110.04,104.32,101.3,105.97,10.74,1.13,104.01,1.09,98.77,110.47,117.96,103.16,10.23,1.13,112.11
4,360.067,1.0,108.64,105.29,108.14,101.19,11.19,1.09,111.12,1.01,107.32,103.86,97.77,110.54,10.61,1.07,102.25
1,360.258,1.04,101.27,115.0,111.93,104.29,11.12,1.06,110.25,1.07,101.81,113.41,107.69,106.25,10.83,1.04,108.78
1,360.589,1.02,111.2,100.49,104.25,98.18,10.52,1.07,102.13,0.95,106.24,100.28,113.48,98.97,10.41,1.14,103.17
1,360.714,1.04,97.87,114.97,105.16,109.74,10.69,1.09,108.88,1.0,99.31,100.64,114.06,105.27,9.71,1.12,103.92
2,360.787,0.98,99.29,109.51,115.75,97.65,10.49,1.08,102.4,1.07,108.47,107.76,101.89,96.56,10.04,1.04,98.92
1,361.908,0.98,110.66,114.08,113.31,105.05,11.17,1.04,110.66,1.08,101.4,113.73,101.9,106.15,10.44,1.12,99.53
3,362.047,1.04,105.92,108.13,117.86,103.0,10.44,1.07,98.42,1.05,97.2,107.87,118.02,111.23,11.37,0.98,102.24
4,362.473,1.0,111.3,108.04,105.6,110.05,10.79,1.06,100.87,1.08,112.05,103.08,112.13,107.1,11.1,1.04,105.26
2,362.474,1.06,110.02,96.76,105.95,96.56,11.08,1.03,106.13,1.08,100.2,111.39,113.19,102.12,10.5,1.06,111.86
1,362.899,0.97,108.33,114.49,99.94,112.15,9.6,1.07,105.56,1.02,109.52,101.3,113.03,113.78,10.7,1.03,101.77
4,363.887,1.01,116.9,110.43,102.57,109.02,9.78,1.19,104.92,0.96,118.11,97.61,100.76,107.74,10.44,1.1,109.37
3,364.415,1.0,98.25,110.91,116.01,106.46,11.52,1.15,111.7,1.0,103.28,106.66,107.32,106.01,10.56,1.05,101.15
2,364.908,0.94,108.71,105.83,114.14,99.96,10.65,1.05,112.69,0.93,110.53,113.38,101.16,103.58,10.12,1.02,100.01
1,364.998,0.99,112.72,102.68,117.58,96.73,10.94,1.05,104.95,1.0,98.3,111.47,108.23,110.81,9.67,1.08,97.8
3,365.643,1.0,104.07,101.43,111.04,112.22,11.37,1.06,114.87,1.04,99.54,111.98,118.0,100.78,10.87,1.0,108.06
2,365.669,0.94,96.55,111.74,104.81,109.29,11.24,1.07,105.74,0.98,108.15,110.54,99.86,96.83,10.76,1.0,106.75
2,366.183,0.97,97.57,112.04,100.15,104.25,10.38,1.17,114.18,1.01,97.22,109.96,110.89,104.4,10.91,1.14,112.57
1,366.327,0.98,98.02,104.83,100.3,100.18,10.13,1.06,111.13,0.96,103.6,101.27,104.45,96.68,9.89,1.14,101.96
4,367.433,0.99,108.28,96.28,101.74,116.86,9.88,1.14,101.52,1.03,117.45,95.71,98.39,117.67,11.15,1.19,105.03
4,367.447,1.01,102.92,112.27,98.29,116.73,10.45,1.02,100.84,1.08,112.3,109.01,96.38,101.76,10.9,1.18,111.27
2,367.662,1.05,112.89,102.79,111.59,107.7,10.84,1.08,106.01,1.0,99.96,100.63,106.72,103.78,10.01,1.15,105.45
2,367.678,1.03,101.11,112.08,100.67,104.66,11.42,1.06,103.44,0.93,95.61,103.4,109.39,108.56,10.47,1.14,107.34
1,367.954,1.0,115.08,115.05,105.83,100.1,10.46,0.99,100.36,1.03,104.9,114.67,112.05,100.76,10.14,1.02,105.73
1,368.285,1.1,97.71,106.66,105.01,107.75,10.05,1.13,111.39,1.02,106.43,115.53,112.51,112.35,10.01,1.12,109.62
4,368.401,0.96,114.15,101.01,106.29,101.05,10.1,1.16,116.57,1.04,100.09,106.13,111.58,110.5,10.66,1.13,113.2
1,368.48,0.98,113.72,115.79,105.34,109.75,9.71,1.17,97.75,1.12,110.52,115.09,105.14,108.59,11.14,1.02,107.51
2,368.964,0.94,109.95,102.04,98.98,109.81,9.78,1.08,110.9,1.03,108.67,109.11,113.23,99.95,10.77,1.01,102.01
4,369.041,1.06,114.46,104.07,102.51,102.65,10.62,1.07,113.7,0.94,103.26,103.28,97.78,107.02,10.36,1.15,104.92
3,369.148,1.06,108.34,112.3,115.84,104.85,11.1,1.03,101.91,1.06,109.17,109.72,117.7,97.35,10.25,1.08,105.05
1,369.869,1.13,98.39,104.99,117.07,101.39,11.03,1.01,99.64,1.03,109.52,101.79,114.54,108.68,10.9,1.05,111.78
2,370.052,1.08,107.79,98.38,113.99,109.52,10.05,1.05,102.65,1.09,102.32,110.99,109.19,105.61,11.3,1.14,107.76
3,370.609,1.02,95.49,101.54,112.45,112.94,11.77,1.11,104.62,1.01,93.88,110.3,112.13,112.35,10.46,1.12,111.61
4,370.836,1.1,100.78,103.66,99.4,107.88,9.9,1.11,111.98,1.08,116.86,113.22,110.01,105.59,10.02,1.05,116.71
3,371.155,0.96,102.92,104.08,105.46,96.7,11.84,1.04,100.93,1.01,106.98,110.03,107.97,104.93,10.81,1.02,107.48
1,371.513,1.08,110.07,97.8,113.74,101.99,10.97,1.05,105.18,0.97,113.01,102.41,101.47,98.78,10.04,1.09,112.05
2,371.662,0.99,95.54,96.23,111.51,102.24,10.14,1.06,109.55,0.99,97.22,105.21,100.75,110.14,9.9,1.03,98.2
2,371.857,1.03,105.62,112.48,115.1,105.85,10.65,1.06,104.13,1.06,109.39,99.2,105.19,111.24,10.07,1.16,114.34
2,371.871,1.02,106.12,96.6,114.15,110.19,10.92,0.99,105.94,0.99,103.73,96.64,101.51,104.98,10.17,1.05,102.6
2,372.602,0.92,102.2,110.51,102.98,110.5,11.08,1.1,97.89,0.96,95.6,112.1,111.43,106.54,9.72,1.04,102.4
2,372.662,1.04,103.54,103.22,106.24,108.42,10.91,1.15,104.36,1.02,97.56,105.19,108.38,110.68,11.38,1.01,104.85
4,373.155,0.96,106.02,112.77,104.47,116.09,10.54,1.01,102.67,1.01,118.45,108.33,103.04,110.74,10.97,1.09,116.41
2,373.369,0.93,104.98,110.12,102.96,97.95,10.08,1.06,98.22,1.08,112.47,98.27,105.72,103.1,11.4,1.14,105.74
4,373.497,1.08,102.15,107.32,103.02,111.34,10.69,1.1,111.17,0.96,114.85,110.28,104.38,107.02,10.84,1.07,104.64
4,373.563,0.96,112.94,112.01,108.12,118.62,11.4,1.03,109.27,1.02,103.32,95.2,98.11,104.86,10.9,1.03,115.81
2,373.767,1.09,111.42,106.27,105.71,105.88,9.86,1.11,107.93,1.02,95.43,110.24,104.26,109.33,10.45,1.11,102.43
3,373.854,1.01,100.91,101.63,110.05,112.22,10.82,1.06,107.15,1.04,103.56,100.77,108.12,101.0,10.05,1.01,105.05
3,374.009,1.07,95.82,104.52,102.32,112.64,10.62,0.99,103.33,1.1,93.32,105.59,107.85,111.77,11.85,0.99,97.31
4,374.079,1.07,100.35,109.72,103.09,114.02,10.69,1.1,112.03,1.07,104.87,109.0,103.72,110.09,10.24,1.01,116.48
4,374.163,0.97,109.0,97.58,100.23,100.84,11.28,1.11,103.17,1.0,115.1,102.36,102.23,108.85,9.76,1.13,111.82
2,375.453,1.08,100.35,102.39,110.56,101.06,9.9,1.16,98.23,1.0,109.26,97.58,97.92,96.72,10.58,1.15,105.32
4,375.809,1.03,101.05,96.82,107.35,103.78,10.63,1.1,105.57,1.04,114.78,104.71,110.58,111.64,10.61,1.11,105.66
1,376.17,1.1,98.52,99.9,113.5,110.91,9.57,1.11,108.08,1.05,103.71,101.63,99.74,96.77,10.94,1.05,110.62
1,376.702,1.12,103.45,106.44,109.41,110.51,10.08,1.02,98.73,0.96,100.35,114.04,105.2,106.25,10.21,1.13,97.86
4,377.02,1.07,112.25,108.28,112.23,103.99,11.28,1.01,112.94,1.05,115.42,105.66,110.49,105.81,11.36,1.12,103.33
3,377.076,0.94,105.24,118.41,110.15,110.65,10.19,0.99,103.53,1.02,109.45,113.1,107.18,97.52,11.88,0.98,108.72
3,377.077,1.03,105.48,101.03,111.12,101.16,11.41,1.06,102.66,1.04,105.91,114.53,100.51,108.86,10.64,1.04,114.92
1,377.168,0.99,106.83,104.3,111.93,102.3,9.58,1.17,106.06,1.03,98.39,100.06,109.45,100.77,10.53,1.1,112.71
4,377.358,1.01,109.36,100.18,100.69,110.99,9.78,1.04,116.11,1.01,117.91,95.59,95.22,118.13,10.58,1.16,104.49
3,377.467,1.1,93.95,110.72,106.14,112.76,10.3,1.01,113.18,0.92,97.95,100.7,104.77,113.31,11.45,1.12,106.08
4,377.768,0.94,112.91,111.23,109.08,114.27,11.48,1.17,102.2,1.08,119.03,107.11,107.19,103.94,10.04,1.19,102.25
4,377.909,1.0,111.34,100.73,109.37,113.04,10.89,1.08,113.31,1.08,117.92,105.86,100.76,103.94,10.07,1.18,104.33
4,378.141,0.98,107.52,108.34,107.01,102.72,10.7,1.11,110.47,1.01,107.54,100.76,96.81,106.78,10.5,1.16,99.57
4,378.444,0.93,102.83,107.24,107.63,116.9,11.06,1.01,109.76,0.95,107.71,96.68,102.07,108.83,10.32,1.17,102.33
1,378.666,1.1,111.71,115.97,109.63,97.44,9.74,1.15,110.11,1.06,100.38,107.21,107.96,114.4,11.0,1.12,112.05
3,378.843,1.06,93.6,109.14,110.05,109.31,11.55,1.06,98.44,1.03,104.5,112.58,117.66,111.91,11.2,1.03,114.44
1,379.082,1.06,108.0,112.24,113.72,96.65,9.76,1.17,113.36,1.07,107.85,99.9,109.55,101.49,10.26,1.02,106.16
4,379.095,0.99,108.46,110.3,98.1,103.08,10.17,1.09,117.25,0.92,114.04,111.44,105.13,110.09,10.62,1.13,101.72
4,379.214,1.05,115.59,109.92,101.73,114.01,11.07,1.13,99.41,0.92,108.32,98.01,95.66,104.29,10.62,1.04,111.17
4,379.354,1.09,102.15,109.19,101.28,114.19,11.17,1.11,110.31,0.96,102.92,102.34,102.71,103.71,9.99,1.04,109.16
3,379.386,0.93,95.92,108.38,101.73,112.34,10.55,1.04,97.86,1.02,93.34,116.19,103.16,101.42,10.55,0.98,106.68
4,379.686,1.0,116.42,110.52,97.68,114.82,10.48,1.17,103.86,1.0,114.46,97.61,99.63,118.27,9.88,1.17,114.38
4,380.278,1.08,103.74,104.04,111.84,107.46,10.86,1.08,113.66,0.93,113.66,109.48,111.67,113.91,11.22,1.11,110.27
4,381.014,0.94,111.36,106.61,101.94,117.64,10.57,1.1,117.58,0.97,112.11,98.08,101.75,110.12,11.26,1.08,117.58
4,381.02,1.06,112.71,104.08,95.19,101.28,10.45,1.08,102.2,1.06,113.98,110.92,99.74,106.28,10.02,1.16,114.98
2,381.111,1.02,101.61,110.04,116.01,105.29,11.02,1.15,113.49,1.08,101.6,108.99,109.07,110.23,10.08,1.17,98.62
4,381.282,0.93,106.88,99.13,98.29,110.78,10.48,1.18,101.23,1.09,101.97,108.24,95.97,106.93,11.14,1.03,112.05
3,381.302,1.01,109.42,101.67,108.81,97.35,11.36,0.97,112.11,0.98,109.62,106.9,104.44,106.95,10.31,1.15,98.44
1,381.752,1.03,98.57,114.53,100.0,102.37,11.05,1.0,102.13,1.03,99.36,108.22,113.94,102.29,10.46,1.11,105.67
2,381.779,1.04,96.57,99.88,99.94,108.19,11.04,1.06,109.14,1.02,96.55,113.45,116.13,108.94,9.73,1.17,99.74
3,382.103,0.99,98.55,117.07,116.26,108.77,10.92,1.01,104.89,0.95,104.35,110.37,110.34,102.02,10.85,1.05,103.79
2,382.264,1.01,106.27,104.57,103.21,97.23,10.05,1.07,99.75,1.01,110.92,96.54,113.02,96.28,10.58,1.08,100.67
2,382.314,0.95,104.98,109.24,99.9,97.27,10.27,1.07,96.51,1.0,109.64,102.6,110.52,113.59,10.77,1.04,111.1
2,382.387,0.99,113.26,102.18,111.75,107.63,9.92,1.02,105.03,1.05,95.74,100.22,107.48,101.37,10.48,1.01,110.87
4,383.235,0.95,114.46,110.19,100.93,104.39,10.63,1.15,117.52,0.93,117.27,101.9,104.95,105.42,11.52,1.07,102.32
1,383.707,0.97,109.88,102.5,117.64,110.41,10.21,1.13,103.24,1.11,109.53,108.83,103.81,111.12,9.9,1.13,105.27
2,383.745,1.01,100.22,99.06,109.45,108.36,11.36,1.14,99.47,0.96,103.58,111.34,109.96,98.03,10.52,1.1,111.81
1,384.268,0.98,111.12,113.24,116.42,108.31,10.69,1.13,102.59,1.06,101.49,101.13,115.89,106.44,11.13,1.15,111.05
3,385.279,0.99,104.82,117.85,106.65,109.23,10.63,1.09,105.43,0.99,107.68,103.52,110.29,97.96,11.78,1.02,115.28
2,385.425,0.97,98.69,112.64,108.64,101.89,11.44,1.09,105.44,0.93,105.16,104.47,110.04,110.59,11.52,1.01,109.07
2,385.502,1.0,104.65,111.86,114.92,96.48,10.43,1.16,102.87,0.95,101.69,102.8,113.46,98.9,9.81,1.11,96.45
1,385.657,1.04,104.15,106.02,105.52,104.02,10.85,1.09,112.05,1.11,103.22,115.36,108.34,109.69,9.89,1.09,110.25
2,385.667,0.99,111.42,98.47,110.36,105.15,11.3,1.16,111.88,1.06,105.72,99.41,106.25,108.78,10.25,1.14,103.33
4,386.219,1.03,110.3,100.02,105.02,113.78,11.59,1.02,103.4,0.96,113.61,95.59,95.26,103.08,9.79,1.18,99.5
2,386.488,1.1,102.72,108.6,111.32,104.16,10.97,1.14,105.05,1.05,104.1,101.62,99.18,103.54,10.53,1.12,99.66
3,386.502,1.08,100.31,113.32,104.51,97.12,10.78,1.0,101.3,1.03,109.18,118.1,111.81,95.51,10.61,1.05,101.27
4,386.58,1.08,114.34,102.58,104.38,100.19,11.32,1.1,115.66,1.03,116.53,99.23,96.01,112.39,11.42,1.11,111.12
2,386.814,0.95,96.65,104.12,102.59,100.67,11.13,1.14,105.66,1.08,100.7,105.61,109.15,113.92,11.05,1.16,111.36
1,387.062,1.1,114.31,113.92,108.4,105.41,11.12,1.11,106.34,0.97,106.41,105.86,113.6,114.56,10.4,1.0,99.24
4,387.155,1.02,108.48,109.31,103.0,102.1,11.54,1.06,112.44,0.94,101.36,103.96,95.22,106.06,10.58,1.18,109.66
1,387.171,1.12,108.3,106.02,103.92,101.28,10.57,1.13,110.5,0.98,111.2,113.3,112.05,102.31,11.09,1.02,100.29
3,387.25,1.09,108.56,107.59,114.55,97.31,11.1,1.14,106.65,0.97,100.31,111.05,102.81,96.94,11.44,0.98,114.1
4,387.622,0.95,102.15,97.18,100.22,115.46,11.58,1.06,112.81,0.98,112.87,96.79,101.49,105.99,10.51,1.17,104.88
3,388.38,1.04,106.39,108.9,108.1,107.01,11.12,1.02,109.78,1.08,104.0,108.65,109.02,112.64,11.52,1.03,99.69
4,388.927,1.02,117.53,100.79,102.71,116.86,11.24,1.16,99.95,0.94,113.08,98.51,94.51,100.23,11.23,1.01,114.88
4,389.361,1.01,110.62,104.08,98.4,105.33,10.23,1.01,115.95,1.07,105.96,96.2,104.14,117.22,10.01,1.2,102.83
1,389.499,1.1,110.88,102.04,102.48,104.19,11.32,1.06,103.1,1.11,104.67,108.2,111.99,104.63,10.19,1.0,97.49
4,389.504,1.07,117.66,105.83,95.14,112.99,10.36,1.11,103.91,0.97,107.17,102.54,101.74,108.3,10.61,1.02,117.52
4,389.86,0.99,103.22,104.86,97.5,116.28,11.18,1.17,108.55,1.02,107.06,103.52,106.59,103.68,10.96,1.05,99.4
4,389.938,1.03,101.05,96.61,95.42,101.62,9.82,1.09,105.42,0.94,100.25,101.69,97.5,107.1,10.94,1.19,111.34
1,390.203,1.1,101.17,98.76,109.93,109.79,10.18,1.09,106.99,1.07,102.44,98.03,105.37,108.04,9.95,1.17,107.68
3,390.38,0.96,103.38,113.75,111.42,97.57,10.35,0.98,106.93,1.03,102.75,115.51,116.61,97.2,10.69,1.15,99.11
2,391.16,1.03,103.36,112.38,116.0,109.54,10.22,1.1,98.72,1.06,109.34,107.61,115.44,102.38,11.35,1.1,107.82
3,391.387,1.01,103.95,106.54,113.09,109.23,10.18,1.11,102.46,0.95,96.82,101.02,110.36,98.35,10.41,1.14,98.51
4,391.875,0.94,102.74,104.04,97.77,117.22,9.82,1.16,114.63,0.96,113.49,102.13,108.48,113.43,10.48,1.15,105.29
1,391.954,1.1,115.19,106.42,115.98,106.83,10.9,1.06,109.37,1.02,97.87,100.18,100.03,103.59,10.07,1.08,111.95
1,392.34,0.96,106.27,101.73,103.42,100.73,10.12,1.1,107.63,1.06,103.92,114.91,102.2,106.76,10.58,1.07,103.66
4,392.93,0.95,116.42,97.54,95.92,117.54,10.46,1.08,103.79,1.03,108.78,95.26,108.04,104.62,11.07,1.08,102.13
2,393.52,0.97,106.25,102.96,101.31,106.56,11.28,1.11,104.68,0.99,103.17,112.06,101.02,105.31,11.45,1.08,106.83
3,394.104,1.07,110.53,112.49,117.16,113.38,11.25,1.14,105.64,1.03,104.9,101.43,109.98,103.66,11.0,1.1,112.0
1,394.599,0.98,102.16,101.09,106.52,103.24,9.58,1.08,100.42,1.05,113.72,108.43,112.96,112.95,11.22,1.09,105.26
1,395.092,1.13,102.22,114.36,99.58,106.42,9.87,1.12,97.93,1.0,99.84,115.24,105.01,110.41,11.31,1.16,109.9
1,395.103,0.95,102.51,109.97,112.15,99.91,10.05,1.1,111.25,1.06,98.29,112.79,116.21,103.88,10.52,1.0,98.19
3,395.54,1.09,104.69,106.12,109.35,107.74,11.72,1.1,104.1,0.99,107.97,117.4,105.04,112.95,11.86,1.04,112.9
2,395.57,1.04,103.22,99.18,99.6,99.71,9.71,1.01,98.73,0.93,97.67,113.78,100.77,104.76,11.41,1.01,112.39
4,395.739,1.0,109.04,103.69,111.69,110.85,10.18,1.08,105.78,1.09,118.19,105.92,100.38,111.39,10.44,1.15,114.61
4,395.895,1.08,115.85,110.06,105.47,105.71,10.98,1.06,107.56,1.08,115.86,109.79,108.16,107.45,10.17,1.12,103.18
2,396.105,0.97,100.07,99.76,111.02,107.99,10.5,1.05,103.85,1.05,98.57,96.54,102.52,106.87,10.17,1.05,109.66
3,396.435,0.98,101.7,115.51,105.74,101.66,11.45,1.1,106.49,1.09,94.1,108.69,111.07,111.72,11.05,1.06,113.04
3,396.487,0.94,107.55,116.5,111.42,98.9,11.23,1.05,100.92,1.02,96.53,109.11,113.82,104.78,11.09,1.04,97.27
3,397.081,0.95,100.31,113.73,117.95,100.99,11.1,1.14,113.48,1.04,104.12,99.82,113.66,106.92,10.99,1.05,112.45
4,397.406,0.92,110.86,103.67,112.02,112.25,11.38,1.19,117.25,1.08,102.41,97.36,111.24,111.75,10.31,1.18,115.6
1,397.461,1.12,99.57,99.88,113.48,109.19,9.61,1.08,108.07,0.97,110.07,106.28,101.42,107.59,11.24,1.08,102.62
1,397.556,1.09,102.42,110.54,113.5,103.87,10.44,1.11,106.91,0.98,105.38,103.43,111.99,103.89,9.63,1.05,104.57
1,397.941,1.04,104.29,100.45,108.3,97.64,10.14,1.11,109.94,0.96,103.09,99.2,100.6,104.95,10.31,1.13,110.84
4,397.981,1.09,101.46,100.08,95.89,117.73,9.99,1.13,112.27,1.02,106.54,108.6,107.47,115.45,9.79,1.03,101.54
2,398.338,0.97,101.41,101.47,107.93,109.31,10.0,1.13,108.77,0.95,109.68,113.63,102.96,104.44,10.19,1.03,107.06
4,398.594,0.95,110.15,103.17,102.07,99.74,11.29,1.02,104.7,1.06,104.26,105.25,103.47,118.6,10.79,1.06,103.6
2,399.044,1.01,110.67,97.11,102.43,107.28,10.5,1.17,96.93,1.0,96.57,103.63,106.03,100.67,11.42,1.05,109.86
4,399.182,1.02,102.11,97.48,95.85,103.1,10.61,1.18,112.3,1.04,113.36,111.78,95.0,108.36,10.17,1.03,117.62
3,399.928,0.96,106.54,118.33,115.64,104.77,10.05,1.14,113.82,1.06,99.71,117.47,101.35,104.36,10.2,1.09,110.7
4,400.063,0.99,117.1,110.41,109.31,99.74,10.29,1.02,113.81,1.05,109.62,96.97,100.17,117.87,9.88,1.03,112.05
3,400.18,1.0,98.8,113.62,106.36,100.58,11.87,1.0,110.38,1.09,97.22,118.14,109.89,96.09,11.34,1.05,106.33
4,400.285,1.01,106.79,100.35,101.53,114.1,10.28,1.06,105.01,0.99,115.23,102.85,100.65,112.96,11.4,1.04,105.53
1,400.938,1.01,105.44,106.44,115.45,100.41,9.74,1.13,104.0,1.07,112.1,108.74,111.01,98.87,10.93,1.07,109.12
4,401.183,1.05,118.45,102.92,95.01,110.92,10.38,1.06,104.07,1.03,117.35,108.34,106.84,110.8,10.87,1.18,116.59
2,401.629,1.07,100.13,97.3,107.23,112.78,10.44,1.04,108.63,0.96,102.31,111.86,112.94,104.66,11.16,1.06,109.14
2,402.176,0.99,98.25,101.08,101.64,101.55,10.2,1.03,99.95,1.08,101.64,108.84,109.19,109.54,11.4,1.12,107.59
2,402.289,0.96,103.96,96.94,110.77,99.28,10.52,1.13,105.74,1.0,109.64,98.8,113.44,107.59,9.94,1.17,100.68
3,402.388,1.06,109.54,102.66,108.2,109.32,11.81,1.03,104.4,1.09,109.1,103.69,114.13,99.11,11.88,1.11,112.79
2,402.413,1.05,109.72,108.32,97.94,105.43,10.47,1.11,106.94,1.05,111.23,101.48,109.15,106.61,10.18,1.15,103.65
3,402.506,0.92,108.29,108.0,110.38,103.4,10.89,0.98,113.27,1.1,101.6,110.32,108.13,106.33,11.26,1.01,112.86
3,402.703,0.94,106.82,115.9,115.39,98.12,10.66,1.01,101.83,0.94,106.24,107.9,114.06,99.07,11.51,0.97,111.01
2,403.403,1.01,101.08,97.31,98.76,112.22,9.73,1.15,103.65,1.0,107.07,102.75,108.11,101.18,11.44,1.1,105.41
4,403.759,1.07,102.52,102.26,111.04,111.54,11.53,1.08,111.73,1.07,107.5,105.8,109.62,104.0,9.79,1.17,102.51
3,403.899,1.05,105.99,115.4,108.1,99.45,10.41,1.01,113.08,0.94,93.96,106.43,111.97,96.45,10.67,1.11,100.15
2,403.927,1.01,108.73,104.33,115.97,97.76,9.94,1.14,99.19,1.0,111.4,104.94,101.11,106.07,10.52,1.03,112.63
1,403.946,1.02,111.86,109.28,114.14,99.76,9.89,1.1,106.48,1.02,103.64,103.41,104.34,105.15,9.68,1.07,112.3
2,404.153,0.98,103.71,98.79,105.61,106.36,10.93,1.1,113.66,0.94,111.48,104.89,98.31,106.45,11.14,1.03,112.26
1,404.798,0.97,101.29,106.07,116.48,111.99,9.56,1.07,114.09,0.95,102.41,114.63,99.14,100.16,11.02,1.14,109.8
3,404.81,1.09,107.45,101.36,102.72,99.78,10.66,1.0,101.2,1.04,109.67,107.53,109.44,106.34,11.34,1.13,115.22
2,405.61,1.07,101.01,107.6,113.97,97.37,11.02,1.04,98.83,1.08,100.12,111.5,107.8,105.31,10.43,1.01,99.31
1,405.797,1.09,114.8,106.16,104.88,101.0,10.25,1.0,107.61,1.08,102.61,103.04,111.0,103.96,11.1,1.1,98.83
1,406.392,1.01,109.06,97.74,107.06,112.75,11.0,1.0,111.13,1.01,102.66,110.82,103.36,113.28,10.31,1.04,114.25
2,406.688,1.06,105.22,107.3,111.97,98.97,11.33,1.14,112.73,0.94,105.16,103.57,103.17,102.04,10.62,1.14,106.38
3,406.705,1.0,108.98,116.86,102.15,95.82,11.58,1.06,97.68,1.06,95.74,112.66,108.17,98.21,11.21,1.06,101.69
1,406.739,1.12,108.3,100.3,109.78,109.82,10.88,1.15,100.55,0.98,103.15,104.09,115.03,103.61,9.92,1.1,101.52
3,406.852,0.98,93.72,101.44,108.81,108.74,10.18,1.14,112.57,1.09,101.08,117.18,117.11,108.53,11.46,1.12,106.93
3,407.05,0.97,108.65,101.58,100.61,106.05,10.09,1.15,110.22,1.09,102.1,111.73,112.29,106.75,11.2,1.02,109.88
1,407.138,1.04,102.54,100.8,100.92,107.0,10.72,1.14,112.72,1.02,105.92,100.3,102.82,105.41,10.3,1.14,100.42
4,407.447,1.04,118.5,95.59,110.24,114.1,10.33,1.18,100.72,0.95,102.93,98.76,98.41,99.87,11.29,1.16,100.92
2,407.646,0.99,111.42,108.99,105.95,110.6,11.5,1.08,107.34,1.03,102.64,111.18,111.2,113.12,10.04,1.0,98.92
1,408.254,1.13,100.06,98.91,111.09,105.69,11.0,1.03,105.73,1.07,101.39,106.21,109.63,106.08,11.13,1.09,112.18
3,408.618,1.05,102.16,101.74,118.24,111.48,10.45,1.07,101.47,1.02,98.41,114.31,110.98,98.97,10.09,1.15,100.97
2,408.684,0.94,98.92,101.8,101.95,107.92,10.17,1.12,98.26,0.96,102.82,95.94,105.95,103.72,10.96,1.06,113.89
4,408.989,0.98,100.75,104.08,99.62,104.69,11.14,1.12,115.37,0.92,102.32,109.13,99.8,109.3,11.18,1.05,104.23
2,409.074,0.96,96.38,109.54,101.56,100.96,10.99,1.01,113.33,0.94,111.42,102.02,101.07,108.29,10.26,1.12,102.04
2,409.111,0.95,105.7,100.22,100.79,111.38,10.66,1.12,106.15,1.08,97.96,105.38,109.8,100.55,11.01,1.01,110.48
4,409.349,0.93,105.04,101.49,105.62,112.05,10.54,1.1,106.28,0.95,117.56,95.89,102.88,116.47,9.97,1.12,102.97
4,409.643,1.0,111.3,95.6,97.94,117.9,10.87,1.03,108.61,0.95,111.52,96.93,106.96,102.11,9.77,1.05,102.26
1,409.65,1.06,100.53,104.1,110.67,111.34,11.17,1.01,98.08,1.08,111.67,107.65,114.96,108.0,10.21,0.99,108.78
3,409.714,1.04,108.56,114.37,102.03,103.0,10.56,1.07,108.06,1.08,107.91,106.44,116.86,106.45,11.03,1.11,110.59
4,410.289,1.07,114.27,103.05,103.0,116.73,11.53,1.13,103.61,0.98,101.23,105.74,100.29,109.84,9.88,1.06,107.91
3,411.011,0.97,102.48,105.54,117.16,96.02,11.12,1.05,104.1,1.0,94.64,110.56,100.53,107.82,11.38,1.12,113.64
1,411.218,1.0,101.67,103.36,112.0,101.21,9.88,1.0,100.02,1.05,108.13,104.08,100.91,104.83,10.94,1.09,105.29
2,411.232,0.93,109.46,104.88,104.38,99.91,10.33,1.15,106.34,0.93,108.46,109.2,99.25,104.25,11.32,1.1,106.94
4,411.319,1.1,100.92,97.6,109.76,110.8,10.2,1.02,99.47,0.94,106.62,107.84,94.71,117.22,11.42,1.15,111.24
2,411.956,1.06,99.21,101.37,101.67,105.87,10.0,1.09,110.48,1.08,109.99,112.67,111.85,107.8,11.17,1.02,109.68
2,412.039,1.03,103.05,97.61,100.55,100.19,11.01,1.13,110.78,0.94,97.91,100.12,115.58,100.52,9.74,1.0,104.71
2,412.103,0.94,101.74,108.88,111.56,107.15,11.35,1.13,113.21,1.08,112.36,101.08,115.73,103.82,10.88,1.05,104.35
3,412.237,0.97,102.43,107.59,107.02,110.66,11.67,1.12,111.77,1.01,100.25,106.09,100.43,105.82,10.55,1.06,107.97
1,412.777,0.97,112.48,113.42,100.25,114.38,10.86,1.08,102.82,1.1,102.93,101.25,102.76,105.44,10.44,1.15,107.96
1,412.873,1.06,102.52,109.17,117.41,111.21,10.57,1.01,98.34,1.11,107.92,105.32,113.76,100.34,10.51,1.05,109.56
2,413.177,1.03,105.94,104.21,107.93,108.75,11.49,1.01,99.74,1.01,111.33,104.87,98.3,100.12,11.08,1.03,96.59
1,413.555,1.06,101.02,99.96,101.04,105.75,9.98,1.05,107.13,1.0,98.62,111.95,116.48,104.36,9.68,1.08,105.76
2,413.582,1.06,113.38,107.94,109.61,111.7,10.64,1.15,98.68,1.05,108.52,98.27,111.55,102.92,10.29,1.12,103.58
1,413.614,1.02,110.13,108.8,103.73,113.05,10.08,1.02,104.62,1.1,109.68,110.22,110.71,108.31,10.26,1.13,107.68
2,413.688,1.08,96.78,105.38,104.26,103.89,10.22,1.07,114.18,1.05,110.72,105.91,111.78,112.83,10.3,1.13,107.15
2,414.398,1.03,98.58,99.0,100.4,104.13,10.32,1.06,101.97,1.05,99.21,108.23,112.4,97.41,10.83,1.07,101.25
1,414.411,1.08,110.56,100.45,105.96,108.96,10.98,1.15,108.88,1.04,101.12,100.13,102.86,107.78,11.02,1.16,114.2
2,414.517,1.09,99.66,110.52,100.84,112.68,10.41,1.1,106.4,1.06,101.0,96.71,105.57,105.56,10.27,1.07,102.3
2,414.554,0.95,103.9,101.86,112.94,111.54,11.37,1.07,101.56,0.96,103.89,98.26,100.39,112.78,10.12,0.99,97.93
2,414.916,0.99,112.52,98.74,101.24,107.8,11.19,1.12,96.79,0.93,111.16,99.38,107.64,106.66,10.19,1.11,114.32
1,414.994,0.96,97.83,98.23,112.01,113.98,10.25,1.0,111.78,1.05,105.65,113.88,109.99,97.3,10.57,1.09,108.08
2,415.325,0.94,96.42,96.06,112.3,97.06,10.16,0.99,100.67,0.97,104.95,102.2,107.48,101.67,11.11,1.08,107.01
4,415.434,1.0,117.41,105.78,102.07,115.35,11.4,1.01,116.06,1.1,104.6,110.57,101.43,100.86,11.4,1.15,110.16
4,415.685,1.08,101.28,102.89,96.29,99.84,11.53,1.0,114.06,1.04,116.59,110.83,109.92,112.74,11.44,1.11,99.55
3,415.886,1.03,110.04,105.99,108.46,110.28,10.57,1.1,112.93,0.92,102.48,111.32,109.97,106.5,11.84,1.03,103.6
4,416.581,1.0,108.87,109.71,101.09,115.05,10.46,1.11,103.5,0.98,112.41,106.52,105.61,112.34,10.5,1.05,111.84
2,416.705,1.05,98.87,110.94,108.08,97.23,10.08,1.1,99.96,1.07,99.96,102.65,103.08,107.9,9.71,1.1,109.21
1,417.181,1.03,102.85,112.5,108.68,109.65,10.58,1.15,97.31,1.08,105.08,111.95,105.07,101.45,10.07,0.99,103.6
2,417.397,0.97,101.61,99.86,112.92,103.23,10.75,1.02,105.31,0.99,95.92,97.97,98.14,96.96,11.37,1.12,96.46
3,417.444,1.05,108.08,101.4,109.35,111.25,10.37,1.1,115.41,1.03,101.39,99.93,115.83,96.3,11.61,1.0,114.46
1,417.613,1.02,101.83,112.13,112.72,112.55,10.52,1.06,104.53,1.1,115.1,106.66,107.22,112.64,10.21,1.03,96.69
1,417.737,1.02,111.4,98.63,111.56,108.68,9.74,1.17,105.63,1.08,103.05,100.38,111.23,96.55,10.88,1.06,105.12
1,417.892,1.1,104.68,105.74,103.69,105.55,10.31,1.1,104.09,1.12,108.18,112.52,100.2,104.86,10.79,1.01,111.99
2,417.926,1.09,101.76,103.84,113.91,102.24,10.65,1.14,105.31,1.04,102.94,105.99,98.99,99.79,9.95,1.03,111.42
3,418.241,1.08,104.96,103.09,105.04,107.67,10.57,1.03,112.72,0.95,107.86,108.94,105.83,102.72,11.93,0.99,99.59
2,419.16,1.02,109.73,110.21,101.02,107.39,11.25,1.15,105.43,1.0,96.43,102.44,112.13,98.17,10.43,1.15,103.03
1,419.325,1.01,108.75,103.91,104.18,98.76,10.92,1.03,102.12,0.96,102.79,99.68,108.69,96.61,10.12,1.11,112.89
2,419.357,1.03,113.16,97.65,115.2,112.62,11.07,1.04,97.42,0.99,103.0,109.11,107.23,108.84,11.52,1.06,114.18
3,419.955,1.08,102.6,101.82,110.71,108.98,11.69,1.01,99.3,0.99,103.06,101.43,107.06,96.25,11.25,1.09,113.58
4,420.184,1.04,109.89,106.24,105.58,100.48,9.86,1.03,107.94,1.04,101.36,103.93,108.03,106.9,10.04,1.12,102.3
1,420.288,1.11,104.67,114.61,104.32,100.06,10.86,1.07,100.1,0.98,101.49,115.79,111.66,103.77,10.69,1.1,99.24
1,420.394,1.12,113.39,99.36,102.46,100.1,11.33,1.01,106.02,0.99,108.99,108.43,113.16,98.74,9.56,1.03,96.5
3,420.441,1.01,109.18,114.07,105.3,104.62,10.31,1.05,101.39,1.08,106.36,107.17,107.74,106.36,11.49,1.07,112.0
1,420.482,1.07,114.9,102.14,112.72,111.64,11.16,1.0,103.58,0.96,111.89,107.36,114.97,97.81,10.18,1.09,98.57
3,420.752,0.95,103.38,117.96,100.43,106.28,10.18,1.02,97.78,0.95,107.27,112.3,109.5,106.77,11.04,1.04,100.56
2,421.552,1.0,106.74,102.49,109.95,106.41,11.4,1.02,107.26,0.98,97.56,108.99,99.72,111.84,10.25,1.03,104.13
1,421.69,0.96,113.8,101.26,103.98,111.42,10.71,1.0,102.42,1.1,109.16,104.08,108.36,98.74,11.12,1.07,97.49
1,421.765,1.0,98.52,103.14,114.26,113.43,10.86,1.04,107.64,1.0,106.72,98.77,102.82,106.28,9.82,1.14,106.25
2,422.447,1.09,112.55,113.39,99.3,111.21,10.11,1.03,105.96,1.1,100.74,110.95,106.18,108.81,9.69,1.0,109.57
3,422.464,0.95,99.11,107.9,108.81,102.98,10.29,1.08,104.36,1.08,105.44,104.19,106.74,111.61,10.71,1.06,105.99
2,422.775,1.1,96.66,100.16,111.03,100.43,11.35,1.03,99.8,1.09,100.07,102.96,107.68,111.08,10.12,1.06,108.8
2,423.129,1.02,109.64,113.52,107.82,98.06,10.04,1.09,100.38,1.09,111.23,107.35,103.58,110.05,10.57,1.09,108.03
3,423.207,1.09,102.51,114.66,103.94,107.49,10.44,1.07,99.56,1.05,100.86,113.38,107.79,106.33,10.03,0.99,112.21
1,423.49,1.11,98.32,113.01,116.05,104.36,10.96,0.99,103.5,0.99,109.4,108.41,104.88,96.96,10.02,1.09,102.66
3,423.59,1.06,104.9,116.32,110.38,100.86,10.52,1.11,113.64,0.94,110.23,112.58,108.81,104.14,11.9,1.08,98.51
3,424.531,1.0,101.2,118.33,102.29,107.23,11.72,1.11,106.08,1.05,104.06,106.41,109.82,98.61,10.08,1.07,108.07
3,424.63,1.09,96.79,108.77,109.47,109.42,10.83,1.13,112.34,1.07,100.11,109.43,100.23,106.04,10.88,1.14,109.99
1,424.715,1.05,112.94,98.59,106.73,109.42,10.34,1.05,106.69,1.05,114.31,100.06,113.78,99.34,10.9,1.05,96.93
1,424.8,0.98,115.19,108.95,102.77,108.38,9.67,1.13,109.98,1.1,110.42,115.56,116.34,106.68,9.68,1.17,104.57
1,424.889,1.01,102.89,102.15,113.5,104.68,11.35,0.99,112.86,1.08,101.81,106.81,112.5,108.58,10.99,1.15,111.96
4,425.645,0.98,101.38,109.96,98.74,114.19,10.38,1.03,115.85,0.96,119.02,102.84,109.61,113.27,10.17,1.17,101.42
3,425.669,1.08,97.23,103.09,112.05,100.58,10.09,1.14,97.78,0.93,100.23,115.48,103.26,95.82,10.38,1.1,105.67
3,425.758,0.99,93.67,102.68,100.32,95.9,11.08,1.09,110.47,0.94,101.35,116.52,104.4,99.65,11.63,1.06,110.59
3,425.859,1.01,104.35,104.04,102.83,99.88,11.45,1.01,98.92,1.07,93.32,103.44,106.9,109.32,10.17,1.1,106.69
3,425.882,0.93,105.39,106.35,104.58,98.51,10.83,1.07,110.12,1.1,107.97,112.6,104.66,101.68,11.68,1.04,114.99
4,426.415,1.08,103.95,109.36,96.89,115.38,10.24,1.02,103.03,0.98,110.25,111.12,99.5,118.62,10.74,1.19,103.56
4,426.818,1.02,116.28,106.88,100.53,105.91,10.01,1.11,100.73,1.04,114.35,99.58,104.93,112.4,10.74,1.16,106.37
4,427.175,0.97,100.9,95.99,109.43,109.26,11.18,1.16,115.85,1.08,103.76,103.66,97.8,110.45,10.42,1.14,103.57
3,427.517,0.95,95.05,116.83,108.85,109.24,11.3,1.06,115.22,1.01,97.23,106.94,116.31,111.6,10.38,1.13,105.86
3,427.665,0.96,100.82,108.38,112.04,98.67,10.73,1.03,105.19,1.0,104.07,113.4,103.48,112.69,11.87,1.01,105.49
3,427.773,1.08,94.25,118.31,101.58,101.39,11.92,1.02,101.85,0.95,98.37,117.57,104.05,98.46,10.41,1.09,98.34
4,427.875,1.03,115.63,111.7,110.49,116.73,11.31,1.05,111.05,0.98,103.96,96.75,97.89,114.53,10.06,1.15,116.18
2,428.781,1.03,104.67,98.56,115.84,113.68,9.74,1.02,111.93,1.08,104.16,106.4,114.82,102.15,11.32,1.02,110.9
1,429.204,1.05,97.64,103.33,107.27,97.8,10.61,1.01,105.43,1.08,100.82,97.89,106.23,101.15,10.64,1.13,102.74
1,429.673,1.09,110.66,112.07,114.15,112.79,10.9,1.0,105.86,1.1,114.94,104.46,103.64,105.42,10.24,1.1,99.43
1,430.136,1.02,100.23,103.62,101.41,113.92,10.9,1.0,108.5,1.05,101.13,110.03,116.46,97.12,10.14,1.08,101.95
4,430.324,0.98,102.93,107.99,102.33,106.2,10.59,1.14,116.64,0.96,111.27,100.34,111.24,100.26,10.15,1.01,108.97
3,430.735,1.02,105.71,100.6,109.97,100.53,10.3,1.0,109.97,0.98,106.98,104.25,110.31,98.28,10.12,1.08,107.15
3,431.206,1.0,107.0,115.12,109.82,112.42,10.06,1.15,113.51,1.01,103.64,113.78,102.64,111.85,11.86,1.03,101.47
2,431.361,1.08,99.59,112.1,102.17,101.52,10.25,1.05,104.7,1.05,110.72,108.0,113.71,97.65,10.73,1.1,112.66
2,431.664,1.02,99.89,109.38,111.85,110.59,10.4,1.17,101.62,1.02,100.38,112.34,101.16,96.44,10.4,1.04,107.69
3,431.74,1.05,101.66,110.47,116.59,97.25,10.74,1.11,105.23,1.07,107.36,114.06,105.26,113.06,10.52,1.1,112.33
1,431.812,0.96,113.85,102.15,99.02,107.73,10.07,1.08,99.44,1.01,108.22,98.16,104.44,103.75,9.57,1.17,106.35
2,432.071,0.99,100.42,107.49,114.15,96.61,11.38,1.08,109.41,1.02,97.97,112.72,101.9,107.89,11.1,1.14,111.49
3,432.202,1.04,107.6,109.63,105.04,111.23,11.29,1.12,112.3,1.08,104.0,117.24,100.62,107.6,10.22,1.08,100.71
4,432.401,1.0,105.33,106.46,102.47,112.37,10.7,1.17,108.42,1.01,108.46,104.17,105.92,114.01,11.21,1.06,110.0
3,432.658,0.93,95.12,103.69,109.15,112.66,10.8,1.09,103.69,1.0,97.69,112.97,111.18,98.74,11.2,1.1,105.19
2,433.361,0.99,99.06,98.77,99.83,111.23,10.35,1.02,99.85,1.05,105.22,110.88,99.83,101.13,10.57,1.02,113.66
2,433.481,1.05,101.41,113.78,104.41,96.32,9.78,1.07,99.78,0.93,111.23,108.56,102.84,109.65,11.22,1.03,100.13
3,433.523,0.98,102.6,101.56,107.37,98.21,10.58,1.11,113.56,0.99,100.67,100.07,109.58,101.09,10.19,0.99,97.88
4,433.538,0.98,105.18,108.59,100.11,107.7,10.74,1.02,110.25,1.0,114.9,109.96,98.76,112.23,11.58,1.03,117.19
3,433.639,1.02,98.64,111.74,110.04,112.1,10.31,1.15,114.95,1.08,96.96,105.05,106.14,97.94,11.53,1.08,106.33
4,434.188,0.95,118.72,95.37,107.56,110.64,10.73,1.08,99.64,0.96,108.89,98.88,98.29,116.15,10.44,1.1,106.53
2,434.466,0.96,104.49,110.84,109.11,98.15,10.65,1.08,113.21,0.93,95.48,97.06,105.17,110.87,9.83,1.12,99.6
1,434.754,1.06,109.68,115.44,109.55,112.48,9.92,1.02,108.8,0.98,114.15,103.41,112.21,100.27,10.77,1.02,104.96
3,434.94,0.96,100.84,117.03,106.3,100.33,10.47,1.0,112.67,0.93,100.05,112.65,106.45,103.72,11.88,1.03,108.92
3,435.352,1.03,103.98,101.02,116.31,107.26,11.82,1.11,111.61,1.0,105.98,111.74,106.63,112.35,11.7,1.03,103.16
3,435.569,1.01,98.66,113.29,116.14,101.32,10.66,1.06,110.81,1.04,95.93,107.64,109.83,97.48,11.51,1.1,109.03
2,435.645,1.05,101.41,96.45,106.84,109.31,11.35,1.08,101.55,1.08,101.58,97.18,101.38,101.47,10.29,1.12,110.71
3,435.685,0.93,100.58,116.88,117.38,103.4,11.21,0.99,114.46,1.01,104.21,110.23,106.5,96.74,10.41,1.02,114.02
2,435.756,1.01,105.72,111.26,106.68,112.2,10.99,1.13,107.15,0.99,97.36,100.75,113.9,101.72,11.1,1.02,111.48
4,435.806,0.98,107.78,97.07,108.9,115.9,10.24,1.11,116.06,1.03,116.54,105.25,95.19,110.36,11.48,1.06,102.12
4,436.308,0.96,106.65,107.06,109.48,112.58,10.92,1.05,114.79,0.95,102.76,109.07,96.16,117.64,11.07,1.03,111.34
3,436.323,1.0,102.6,102.8,112.99,111.64,11.24,1.04,98.75,1.03,103.62,109.08,106.44,101.68,11.16,1.01,106.14
2,436.565,1.06,104.17,98.92,110.12,98.53,11.18,1.06,105.11,0.95,103.35,101.53,110.0,112.07,11.2,1.02,108.16
3,437.232,1.0,104.08,100.59,107.02,102.74,11.16,1.03,109.24,1.0,96.48,112.53,111.05,112.76,10.52,1.02,106.76
2,437.378,1.02,99.06,111.38,115.1,107.99,11.26,1.01,109.06,1.0,107.45,113.16,99.31,112.49,9.7,1.01,100.94
1,439.023,1.09,115.69,98.6,104.18,99.14,11.3,1.15,107.64,0.99,110.95,101.71,115.89,98.76,11.11,1.01,107.75
1,440.423,1.11,112.97,115.52,114.65,103.48,11.29,1.15,102.56,1.13,109.48,106.46,115.62,109.19,9.85,1.14,100.1
3,440.619,1.04,95.58,104.08,115.95,95.97,11.29,1.09,101.05,1.03,101.67,107.33,100.67,96.74,10.16,1.03,104.89
2,440.853,1.02,105.21,112.74,103.78,108.46,10.81,1.06,107.16,1.06,106.21,107.87,113.4,102.37,10.2,1.14,96.79
1,440.895,1.0,104.69,109.59,100.03,109.69,10.93,1.07,102.76,1.11,113.91,110.97,105.33,110.41,10.12,1.16,97.94
3,440.9,1.06,97.86,100.88,107.18,104.65,11.36,1.12,113.14,0.95,97.54,99.63,108.12,102.51,10.81,1.1,97.52
1,440.982,1.13,115.91,98.22,106.4,111.52,11.34,1.15,112.27,1.03,102.44,103.53,99.74,96.79,11.0,1.0,98.92
2,441.886,1.01,103.0,97.21,112.87,102.06,11.35,1.16,104.32,0.92,102.5,98.1,114.21,97.26,10.84,1.08,109.9
3,441.918,0.93,103.81,99.94,113.33,97.74,10.94,0.98,114.72,1.07,97.89,106.09,110.0,98.16,11.53,1.14,101.47
4,442.097,0.92,109.36,98.44,99.23,115.63,11.27,1.15,111.07,1.06,108.59,107.41,108.45,100.26,10.34,1.08,111.42
3,442.177,1.03,105.39,104.89,105.68,103.83,11.92,1.13,106.08,1.08,107.95,111.71,117.95,96.38,10.22,1.07,111.53
4,442.205,1.09,114.35,108.01,97.05,109.45,9.87,1.08,111.15,1.03,117.83,110.81,101.27,111.92,11.38,1.15,117.4
4,442.427,0.94,108.89,99.93,102.26,107.86,11.24,1.09,105.87,1.04,115.71,103.49,105.22,102.1,11.52,1.03,109.05
1,442.483,1.02,108.13,112.06,108.79,113.28,9.85,1.05,100.77,1.01,98.17,103.3,113.12,112.67,10.05,1.07,111.25
3,442.666,1.07,102.65,117.94,105.8,104.96,11.67,0.98,105.83,0.98,106.23,101.68,109.74,101.02,11.72,1.1,113.86
3,442.714,1.05,110.22,101.48,119.07,97.91,11.42,1.08,104.65,1.01,107.8,112.97,115.17,100.53,10.66,1.06,100.92
3,442.781,0.94,98.55,104.33,102.15,111.1,10.55,1.0,101.59,1.0,102.41,111.58,118.06,99.88,10.13,1.02,110.73
1,443.3,1.07,111.77,113.31,101.9,112.98,11.08,1.15,105.2,1.07,114.14,108.24,116.89,113.98,10.74,1.11,99.85
4,443.466,0.95,113.96,95.51,98.37,105.59,11.42,1.08,116.71,0.98,103.07,108.19,107.69,112.58,10.94,1.12,116.33
4,443.669,1.04,117.6,111.7,106.84,114.74,11.57,1.12,111.98,1.06,105.0,108.04,106.78,103.16,10.94,1.15,116.07
1,443.852,1.03,103.05,103.39,104.88,100.18,11.25,1.03,104.39,1.04,112.24,101.09,109.18,97.02,10.13,1.07,108.5
3,444.173,1.04,108.15,106.54,100.43,105.92,10.73,1.01,97.86,0.97,107.0,110.08,101.36,108.36,10.1,1.15,105.4
2,445.554,0.93,108.54,110.47,100.03,95.94,10.17,1.02,112.7,1.1,104.05,113.29,98.3,99.68,11.4,1.11,110.65
4,445.884,0.92,112.32,103.66,98.59,100.14,10.38,1.03,110.32,0.97,109.75,110.65,107.44,102.35,10.68,1.02,107.75
4,445.895,0.92,113.03,102.13,100.93,113.13,11.43,1.06,105.87,1.04,105.33,101.81,104.2,111.34,10.94,1.05,112.89
3,445.985,1.03,108.91,109.47,102.67,100.43,10.44,1.04,115.06,1.01,99.34,114.52,111.21,106.87,11.02,1.07,99.97
4,446.108,0.99,113.53,95.93,111.58,103.74,11.05,1.08,105.74,0.98,116.91,103.88,112.34,115.89,9.77,1.08,106.79
1,446.221,0.96,112.48,102.79,104.33,101.5,10.21,1.05,109.9,0.99,114.1,109.66,109.63,101.67,9.71,1.17,98.18
1,446.339,1.01,109.87,114.05,108.35,104.2,10.37,1.11,98.65,1.03,102.47,106.85,99.61,100.84,11.27,1.11,100.34
4,446.611,1.07,109.68,104.49,99.04,116.1,10.58,1.13,111.49,1.08,100.2,103.41,109.64,115.2,10.39,1.02,116.64
4,446.699,0.97,104.43,105.78,110.82,115.12,10.35,1.18,103.24,1.03,108.64,112.22,98.33,114.36,10.25,1.09,107.66
1,447.017,1.03,115.56,98.39,105.38,103.35,10.18,1.0,108.82,0.98,112.62,106.07,108.44,99.58,10.79,1.03,99.97
1,447.028,0.98,102.79,110.54,101.75,112.07,11.23,1.01,108.46,1.11,115.87,107.63,106.4,109.42,11.01,1.02,99.03
2,447.636,1.1,107.36,104.48,115.71,107.09,10.33,1.13,97.42,1.08,106.52,102.58,98.0,96.28,11.12,1.02,112.52
1,447.661,1.1,103.78,115.09,114.96,112.33,9.57,1.15,99.23,1.12,104.61,100.33,104.88,113.88,10.21,1.0,109.94
1,447.719,1.0,111.98,101.58,100.72,108.56,10.12,1.04,99.43,1.1,98.33,107.57,111.48,102.54,11.15,1.09,114.19
3,447.836,1.0,106.86,107.11,118.43,106.28,11.79,0.98,104.54,1.04,109.03,101.58,105.0,101.22,11.43,1.14,112.93
1,447.845,0.96,98.62,106.44,106.11,101.69,11.34,1.17,99.06,1.02,97.93,104.38,108.27,100.1,10.74,1.09,106.05
1,447.97,1.11,104.42,99.96,115.06,112.72,10.39,1.11,111.78,1.12,105.89,98.22,113.46,103.96,11.05,1.17,103.47
2,448.768,1.06,102.18,109.41,108.93,107.39,11.52,1.08,109.05,0.92,108.73,107.01,100.73,109.31,10.01,1.16,98.26
1,449.018,1.08,98.55,112.44,101.54,105.04,10.99,1.11,102.63,1.01,115.99,101.07,110.89,112.07,10.17,0.99,106.59
3,449.796,0.93,94.93,103.52,100.32,103.18,10.78,0.99,98.51,1.05,103.03,100.36,111.43,104.78,10.2,1.12,105.99
4,449.83,1.04,111.01,105.76,95.85,103.7,10.07,1.1,110.0,1.05,100.7,109.01,100.14,101.16,10.69,1.03,104.23
4,449.87,1.0,117.13,110.19,96.89,115.25,10.98,1.1,102.04,0.95,104.64,103.76,97.51,103.06,10.48,1.06,110.54
2,449.986,1.04,105.24,97.68,102.15,96.02,10.52,1.05,97.9,1.01,108.6,111.92,99.98,101.89,10.01,1.14,99.85
2,450.3,1.06,112.12,105.71,100.88,105.95,10.18,1.1,101.88,1.01,107.52,98.43,112.71,95.9,10.94,1.07,107.18
1,450.388,1.0,98.78,112.61,116.08,108.41,9.7,1.08,105.76,0.98,108.37,111.03,116.78,111.94,10.25,1.14,110.1
2,450.467,0.99,99.29,108.19,98.51,110.55,10.41,1.02,98.26,1.08,109.93,97.28,101.89,99.45,10.52,1.03,107.47
2,450.521,1.03,109.08,99.86,111.76,102.0,11.11,0.99,110.17,1.0,100.81,101.8,113.94,96.78,10.2,1.14,97.73
3,450.525,0.93,94.98,109.27,107.38,102.45,10.16,0.98,111.38,1.03,104.25,117.27,107.06,104.96,11.86,1.13,112.81
4,450.612,1.0,110.83,98.91,104.88,100.75,11.33,1.11,114.25,1.0,112.86,108.94,103.47,107.88,10.33,1.15,99.55
3,450.628,1.07,107.06,111.08,103.86,109.32,11.18,1.13,114.08,1.01,107.95,110.63,110.31,96.43,10.77,1.05,107.71
1,451.264,1.01,108.7,109.17,101.18,100.08,10.43,1.15,97.97,1.04,109.31,112.32,113.46,98.22,10.18,1.17,106.41
3,451.276,0.97,108.38,103.98,101.36,107.84,10.37,1.04,110.7,0.94,100.12,118.0,107.56,104.93,10.07,1.14,108.57
3,451.299,0.98,105.32,112.13,107.71,109.37,10.05,1.06,107.79,1.09,108.34,111.28,111.56,107.14,10.79,1.15,104.79
3,451.534,1.01,94.31,101.02,102.92,108.27,10.5,1.03,110.4,1.01,105.06,110.84,113.47,109.18,10.76,1.14,98.94
2,451.787,0.93,108.74,96.71,106.1,110.7,10.48,1.03,103.47,0.98,108.91,109.41,105.96,100.21,10.0,1.09,105.92
4,452.354,0.96,106.77,106.46,95.56,114.45,11.27,1.04,109.17,0.95,117.1,107.86,107.02,106.23,10.21,1.13,107.4
4,452.381,0.98,112.44,99.73,95.81,103.42,11.54,1.09,103.36,0.93,113.69,109.26,97.95,104.4,11.26,1.03,114.32
3,452.635,0.96,100.21,112.16,115.03,105.12,10.13,0.97,103.89,0.95,110.08,105.01,110.02,99.96,10.55,1.13,106.29
2,453.119,0.93,97.16,98.47,100.84,97.58,11.2,1.08,102.85,1.05,103.96,104.43,101.13,113.99,10.95,0.99,107.95
2,453.298,0.99,105.68,105.42,100.74,112.35,11.0,1.12,101.3,0.96,108.73,97.79,107.39,97.88,10.42,1.05,109.46
4,453.499,1.02,102.3,106.96,96.99,107.99,11.16,1.02,100.37,1.06,117.35,102.56,109.38,110.86,11.35,1.12,113.28
2,453.632,0.95,110.51,101.74,98.06,101.49,10.0,1.15,99.27,0.97,101.79,104.84,105.95,111.21,11.29,1.03,105.44
4,453.638,1.03,110.97,97.86,96.68,102.87,9.87,1.12,106.43,1.03,102.77,99.05,110.49,105.94,9.96,1.19,102.04
2,453.654,1.1,106.87,112.71,112.28,102.07,11.24,1.11,102.58,1.0,103.49,105.38,105.62,105.26,10.83,1.09,112.37
2,453.799,1.0,100.56,98.95,113.74,101.22,10.99,1.02,96.53,1.0,112.36,113.72,106.8,106.17,11.44,0.99,102.86
2,454.139,1.09,96.08,103.42,111.85,113.3,9.84,1.03,97.92,0.99,96.59,110.36,108.66,103.1,9.79,1.05,101.87
3,454.432,0.94,105.66,109.42,105.17,97.47,10.05,1.1,103.78,0.93,108.26,115.02,115.94,100.03,11.74,1.14,106.65
1,454.539,1.1,102.85,99.59,106.61,103.98,9.66,1.14,112.31,1.1,107.69,109.49,102.51,105.91,9.92,1.1,97.12
1,455.009,1.13,100.87,102.76,102.64,97.05,9.6,1.12,99.07,1.01,102.44,114.56,115.24,105.13,10.9,1.08,110.12
1,455.345,1.05,109.17,105.02,101.28,112.55,10.79,1.09,98.33,0.97,116.06,100.95,104.39,106.26,10.37,1.04,103.41
2,456.02,0.99,109.63,105.99,110.33,112.08,10.17,1.02,101.88,1.08,106.11,96.39,105.78,103.75,11.42,1.08,108.45
3,456.159,0.96,102.27,99.83,104.9,106.78,11.23,1.11,110.62,1.07,102.36,102.41,112.91,99.0,10.61,1.08,108.3
3,456.16,1.03,109.27,105.82,118.68,101.32,10.63,1.05,105.71,1.01,101.45,106.12,104.48,112.34,11.57,1.1,100.78
4,456.205,0.98,106.4,110.91,99.34,102.26,9.9,1.12,108.18,0.99,100.35,109.85,111.74,111.49,9.9,1.16,106.58
4,456.527,1.01,108.25,97.38,98.97,109.51,10.67,1.14,99.83,1.1,101.24,99.5,104.62,116.84,11.39,1.19,99.61
3,456.544,1.03,104.5,102.41,104.7,102.98,11.39,1.13,110.06,1.0,101.7,109.2,114.72,98.57,11.92,1.11,107.07
4,456.785,1.04,102.28,103.83,109.96,101.12,11.09,1.02,103.34,1.01,103.29,103.34,98.12,116.05,9.83,1.06,116.18
1,457.374,0.96,102.9,107.51,100.34,106.54,9.65,1.02,110.01,1.09,115.11,107.51,109.62,112.03,10.21,1.0,102.82
3,457.434,1.04,101.39,114.94,102.03,96.66,10.19,1.14,104.98,0.97,96.13,102.5,102.91,96.94,11.45,1.08,99.78
1,457.628,1.02,102.41,104.99,102.9,99.56,10.06,1.14,106.62,1.06,99.75,115.09,111.66,103.02,10.98,1.04,104.94
2,457.739,0.95,103.78,105.72,108.03,108.42,9.85,1.15,99.49,1.1,96.8,102.31,100.96,102.52,10.78,1.09,97.36
4,458.545,1.0,109.41,106.15,101.04,113.43,9.94,1.03,104.38,1.08,109.0,111.84,96.81,104.53,10.93,1.08,109.05
4,458.637,0.92,105.83,112.2,102.26,118.31,10.77,1.08,103.2,0.98,109.2,110.83,111.67,113.03,10.27,1.13,100.9
2,458.71,0.93,95.64,111.24,111.03,113.32,10.95,1.16,106.12,1.0,96.94,100.75,98.14,113.37,9.75,1.0,112.5
4,458.891,1.04,118.79,100.97,95.44,114.91,10.79,1.12,111.34,0.96,102.05,95.37,110.74,104.23,10.45,1.01,104.88
4,459.382,0.98,106.79,95.45,110.43,100.07,10.12,1.13,109.14,1.05,105.83,111.19,100.76,100.65,10.79,1.07,115.79
4,459.429,1.02,106.42,109.52,95.01,115.68,10.28,1.1,116.57,1.03,115.42,107.42,111.36,102.16,9.91,1.01,100.79
2,459.734,1.06,109.6,111.12,100.78,112.35,11.1,1.14,100.63,1.08,104.08,104.32,108.64,100.43,11.06,1.17,109.34
4,459.785,1.04,101.86,101.43,111.16,101.61,11.48,1.14,111.62,0.96,100.85,99.64,97.25,106.66,11.57,1.09,102.66
3,460.109,1.04,100.15,118.0,103.37,97.26,11.66,1.03,107.64,1.01,105.24,108.65,105.72,106.34,10.74,1.01,99.71
2,460.116,1.07,109.62,113.79,98.58,111.28,11.36,1.05,109.24,0.99,105.24,108.47,100.56,114.02,10.96,1.03,109.46
4,460.414,1.02,112.78,95.21,98.76,116.84,10.55,1.05,109.18,1.04,107.32,107.78,112.1,99.87,11.35,1.04,115.23
4,460.84,0.93,102.3,96.28,105.61,113.83,9.94,1.07,116.18,1.02,113.66,112.82,111.24,111.92,11.41,1.08,113.2
1,460.93,1.03,106.87,102.51,116.08,106.45,9.65,1.02,108.6,0.99,97.68,112.75,106.63,102.59,9.63,1.02,110.83
1,460.943,1.01,98.06,108.17,105.41,104.96,11.27,1.04,98.28,1.01,109.58,114.91,106.52,100.21,9.93,1.13,97.15
3,460.981,1.0,103.98,100.25,111.28,104.05,10.05,1.15,98.2,1.04,96.29,104.9,109.02,99.67,10.88,0.98,104.79
2,462.592,1.04,103.5,99.62,103.45,102.82,10.84,1.11,97.32,1.03,95.72,112.87,110.33,109.31,11.3,1.02,101.9
4,463.146,1.08,112.78,106.09,111.69,106.96,11.4,1.01,115.6,0.93,108.76,110.88,102.62,112.42,10.97,1.17,116.34
3,463.601,0.93,107.6,108.54,113.58,99.57,11.26,0.97,107.22,1.05,93.68,100.37,117.6,97.28,10.42,1.09,111.75
1,464.445,1.02,101.84,111.4,111.98,102.25,10.93,1.02,101.83,1.08,108.33,100.62,105.16,110.81,9.83,1.02,107.14
1,464.489,1.03,113.96,106.25,104.39,106.08,9.6,1.04,97.1,1.08,99.65,101.26,108.25,113.86,11.15,1.01,103.14
3,464.905,0.96,100.21,108.43,105.8,105.82,11.55,1.1,103.62,0.98,98.71,117.58,102.49,104.16,10.64,1.1,103.66
2,464.988,0.97,96.32,99.03,110.35,103.98,11.12,1.05,105.25,0.96,99.28,101.2,98.48,98.41,11.41,1.1,97.66
3,465.766,1.07,101.18,117.26,107.72,107.51,11.68,1.06,108.06,0.98,108.79,108.38,104.1,99.22,10.71,1.06,112.61
2,466.338,1.03,100.02,102.88,113.53,107.89,10.8,1.05,106.38,0.95,111.4,102.16,113.31,101.99,9.75,1.04,109.23
3,466.564,1.02,96.91,105.82,103.37,101.08,10.94,1.11,100.15,0.92,105.37,104.32,114.22,105.03,11.43,1.03,111.38
1,466.707,1.04,108.37,99.49,102.75,108.37,11.11,1.02,114.22,1.07,105.44,106.28,103.8,103.81,10.55,1.11,112.85
1,467.457,1.06,114.93,99.22,109.14,112.5,10.19,0.99,104.38,1.01,99.25,111.18,112.5,112.86,10.57,1.02,114.25
2,467.686,0.94,110.11,100.41,107.93,100.32,9.82,1.17,99.55,1.04,111.71,105.38,107.34,107.25,10.57,1.15,107.24
3,467.705,1.09,104.92,105.6,110.29,101.33,11.39,1.09,110.02,1.0,102.16,101.84,102.49,106.34,11.87,1.11,101.59
2,467.906,1.07,103.02,108.22,104.07,97.02,11.44,1.0,101.88,0.98,97.66,107.35,102.24,103.78,11.02,1.17,99.8
4,468.196,0.99,112.11,97.59,96.31,110.25,10.46,1.03,106.04,1.02,105.94,102.08,100.17,115.9,11.22,1.15,114.88
2,468.401,1.03,112.23,99.76,107.39,106.67,11.42,1.0,112.98,1.0,103.35,102.6,110.77,97.73,10.75,1.09,105.07
4,468.487,1.09,117.94,101.02,109.53,114.7,11.09,1.02,115.73,1.01,111.42,103.83,98.28,109.77,10.37,1.15,105.23
3,468.538,1.04,107.31,115.51,116.13,101.88,11.8,1.04,106.68,1.05,101.31,112.99,111.26,106.33,10.8,1.08,100.93
2,469.169,1.07,111.9,97.67,113.71,98.07,10.58,1.16,112.14,0.95,97.12,112.62,99.18,110.39,10.14,1.11,100.09
2,469.746,1.04,96.32,99.87,100.31,96.33,10.08,1.08,109.5,0.97,110.75,110.6,100.32,111.5,10.86,1.09,105.99
2,469.917,1.01,103.1,113.88,104.26,110.64,10.88,1.09,100.36,1.02,98.91,96.84,104.36,110.5,10.62,0.99,112.73
4,471.619,0.93,101.43,101.77,109.15,115.7,11.19,1.04,99.59,0.94,118.37,112.27,95.31,111.76,10.22,1.12,107.0
2,471.63,0.93,112.23,112.55,105.23,106.23,11.41,1.03,106.62,1.0,111.04,109.71,98.28,111.64,10.91,1.16,105.05
3,471.735,0.93,99.39,100.3,114.86,102.23,11.06,1.12,112.57,0.99,107.76,111.47,105.33,110.71,11.81,1.15,109.03
3,472.188,1.08,109.87,115.34,110.04,108.69,11.24,0.99,106.29,0.98,104.48,108.69,110.71,99.88,11.01,1.0,101.89
2,472.2,0.95,97.12,99.41,105.57,113.24,9.73,1.06,106.4,0.96,95.6,108.97,101.02,112.55,11.17,1.13,110.59
3,472.356,1.02,109.75,115.02,102.83,96.23,11.7,1.14,100.5,0.97,96.31,116.52,104.9,107.44,10.94,1.06,114.97
4,472.407,0.94,117.56,97.24,110.62,99.94,11.6,1.08,106.99,1.08,116.15,97.83,97.94,106.38,11.41,1.15,110.25
1,472.414,0.98,104.1,108.05,109.89,112.24,11.03,1.13,110.6,0.98,106.78,108.2,104.88,100.18,10.98,1.05,108.13
3,472.419,1.0,97.23,106.28,118.1,110.57,10.74,0.99,108.24,1.04,95.79,103.42,116.32,107.93,11.82,1.07,106.66
1,472.491,1.05,102.44,106.42,112.27,112.97,10.88,1.17,100.19,1.0,107.66,113.35,108.54,102.57,11.25,1.02,107.38
4,472.615,0.92,114.88,106.55,110.32,112.34,10.34,1.16,103.91,1.02,110.38,96.75,95.19,104.67,10.95,1.11,111.05
2,472.837,1.04,101.83,107.44,105.06,99.16,11.34,0.99,109.11,0.96,103.08,112.8,100.5,100.72,11.33,1.0,114.48
1,473.298,1.0,106.77,110.59,103.42,104.32,10.7,1.04,108.14,1.02,103.38,112.92,107.14,99.37,10.75,0.99,109.9
3,474.32,1.03,94.16,107.67,106.84,108.41,11.45,1.1,112.94,0.96,93.78,110.77,109.5,99.53,10.75,1.09,109.11
3,474.53,0.98,107.97,118.49,108.81,108.59,10.68,1.14,97.31,0.97,104.97,101.8,118.02,101.93,10.61,0.97,97.74
3,474.592,0.94,97.84,108.78,118.07,105.66,11.25,1.1,99.06,1.03,100.84,102.1,102.23,101.01,10.03,0.97,113.93
4,474.973,0.96,106.17,109.88,105.71,103.99,11.3,1.06,100.29,0.99,106.02,108.86,109.61,101.02,11.61,1.11,109.4
2,475.035,1.06,109.08,109.96,109.52,111.46,11.49,1.06,97.74,1.07,96.32,102.04,109.29,98.77,10.38,1.06,105.05
2,475.134,0.97,109.53,110.72,110.17,103.3,11.41,1.11,110.65,1.08,100.49,97.31,101.81,101.49,9.93,1.14,112.33
4,475.898,1.01,114.73,112.8,102.02,106.77,10.33,1.12,113.72,1.02,113.96,108.75,107.29,102.96,10.28,1.01,117.29
2,476.5,1.08,106.53,102.65,103.89,100.87,10.41,1.1,103.99,1.0,106.52,108.62,114.96,98.17,11.03,0.99,112.97
4,476.639,0.96,109.59,105.32,98.84,102.33,11.34,1.08,108.97,0.99,101.93,104.25,103.37,114.77,10.12,1.06,102.36
1,476.781,1.05,112.95,107.44,107.92,105.89,10.23,1.09,96.17,1.06,107.75,107.44,116.74,113.02,9.97,0.99,99.52
3,476.977,0.94,102.21,107.39,102.51,104.98,11.63,1.02,103.33,1.04,103.95,117.07,105.8,102.15,11.44,1.15,102.03
1,477.522,1.12,108.84,110.59,105.34,113.05,11.25,1.05,97.83,1.03,103.65,113.03,110.84,98.07,10.5,1.07,100.34
2,478.035,1.04,105.22,101.08,108.59,108.04,11.31,0.99,106.18,0.97,112.9,101.23,101.11,97.44,10.88,1.13,104.66
1,478.514,1.07,107.99,107.14,112.23,105.1,10.38,1.09,102.66,1.08,110.51,113.73,108.24,97.12,10.64,1.0,113.7
2,478.798,1.01,101.97,103.3,114.25,108.7,10.65,1.04,107.06,1.01,109.72,109.24,99.78,97.49,10.52,1.1,108.97
2,478.87,1.1,107.5,102.91,113.41,107.11,11.03,1.09,106.62,1.0,102.02,102.55,109.37,107.56,11.24,1.06,109.72
4,478.904,0.97,104.61,100.76,101.61,108.76,9.92,1.12,113.61,1.03,108.87,104.62,95.26,117.53,11.38,1.07,106.43
2,479.239,0.97,107.42,108.33,99.88,100.26,9.93,1.14,106.74,1.0,113.14,103.3,99.85,107.8,10.8,1.01,107.78
4,479.394,0.95,116.32,103.54,108.39,108.74,10.62,1.11,112.81,0.98,113.82,99.93,97.05,110.55,10.44,1.04,110.07
1,479.704,1.06,107.75,107.84,112.66,107.73,9.91,1.16,96.26,1.11,104.67,110.83,108.41,113.72,10.61,1.09,113.76
3,480.251,0.94,98.09,118.28,101.07,112.1,11.15,1.15,114.24,1.01,95.05,104.3,109.35,107.6,11.26,1.06,98.0
1,480.31,1.02,110.81,104.76,110.67,96.58,11.11,1.09,108.78,1.09,98.81,106.96,105.14,112.34,10.27,1.04,103.17
4,480.44,0.93,110.94,95.45,107.72,99.88,11.1,1.1,100.84,1.06,110.86,112.44,101.09,99.8,10.99,1.08,116.22
3,480.667,0.96,100.82,118.07,111.86,102.36,10.14,1.05,111.61,0.93,101.0,109.86,102.26,107.85,10.66,1.06,107.84
2,481.204,1.06,106.31,111.38,105.83,103.04,11.01,1.11,100.79,1.01,100.1,98.34,106.38,97.55,10.55,1.07,101.62
4,481.291,1.08,103.18,111.14,103.77,100.85,10.89,1.09,112.04,1.01,108.89,96.73,106.64,114.48,9.98,1.17,101.54
1,481.298,1.06,112.1,100.77,109.47,101.52,10.18,1.03,106.43,0.96,111.86,99.8,107.66,101.68,9.85,0.99,104.88
3,481.384,1.06,97.59,105.44,106.22,104.05,11.53,1.07,102.28,1.0,109.67,115.76,104.58,98.74,11.93,1.05,113.48
2,481.389,0.98,96.7,103.58,115.22,111.02,10.14,0.99,98.62,1.09,109.99,104.22,115.25,106.36,10.09,1.03,110.78
3,481.887,1.09,109.95,116.18,106.5,104.16,11.14,1.12,105.28,1.06,101.8,107.88,109.75,95.86,11.87,1.03,104.94
2,481.904,1.04,108.34,98.43,104.97,106.36,11.3,1.11,106.18,1.1,109.93,107.74,116.0,100.87,11.32,1.15,110.66
1,482.176,0.95,102.89,105.18,113.26,102.15,11.27,1.11,110.1,0.98,101.06,101.27,117.59,105.89,11.2,1.16,108.63
4,482.22,1.03,115.98,107.54,102.4,102.2,10.12,1.1,103.54,0.93,103.29,111.03,98.26,108.97,10.02,1.19,107.42
2,482.223,1.05,112.83,98.89,104.84,111.5,10.96,1.04,99.49,0.93,95.74,101.53,104.69,96.78,9.76,0.99,100.99
4,482.691,1.09,118.33,98.32,102.27,108.01,10.23,1.03,112.81,1.05,103.02,109.98,104.91,106.66,10.35,1.03,104.38
2,483.218,1.08,101.72,106.13,116.1,100.69,10.34,1.08,105.6,0.96,103.0,99.18,112.63,98.22,11.41,1.01,98.72
2,483.273,1.01,105.1,99.59,102.57,101.66,9.77,1.08,113.66,1.07,98.0,105.3,99.69,96.78,11.2,1.14,110.08
3,483.347,1.01,104.52,103.87,101.06,108.06,11.0,1.04,106.08,0.98,105.74,99.83,101.49,112.95,10.31,1.06,100.46
3,483.474,1.06,100.64,111.56,114.39,101.37,10.04,1.12,108.62,1.05,99.68,109.0,114.6,109.63,11.87,1.06,115.28
3,483.981,0.96,95.58,99.82,113.74,96.23,10.36,0.99,105.97,1.03,103.98,113.74,112.71,98.46,10.1,1.1,101.99
1,484.49,0.97,109.77,115.19,105.34,100.77,10.62,1.03,105.5,1.01,109.31,115.08,114.03,103.8,10.78,1.09,104.37
1,484.537,1.08,105.97,115.18,117.23,110.63,11.34,1.15,109.86,1.12,107.85,101.82,114.33,103.91,10.15,1.12,111.69
3,484.667,1.04,93.56,117.87,103.9,101.21,11.0,1.07,104.94,1.07,100.67,110.3,109.99,105.95,10.8,1.08,100.62
1,484.867,1.03,100.77,99.5,105.72,98.67,10.17,1.02,110.77,1.05,109.9,114.19,117.08,102.72,11.34,1.1,112.27
3,484.91,1.07,95.48,110.14,115.83,100.53,11.71,1.09,109.33,1.02,103.93,105.86,117.34,95.97,10.3,1.07,109.3
3,485.101,1.06,102.5,104.02,109.75,101.42,10.14,1.09,106.29,1.06,103.65,104.56,105.7,108.36,11.01,1.01,99.66
2,485.235,0.94,98.15,106.63,113.66,109.54,11.17,1.13,107.97,1.05,97.33,98.8,108.56,107.78,11.11,1.01,100.6
2,485.485,0.96,109.6,107.3,103.99,100.93,10.8,1.04,98.96,1.02,98.69,103.51,109.07,96.73,10.96,1.14,108.51
2,485.665,1.08,110.02,97.96,98.82,96.72,11.29,1.11,105.62,0.93,106.74,111.34,98.25,109.35,11.14,1.03,108.22
3,486.459,1.03,110.93,101.11,101.19,108.74,11.6,1.09,109.3,1.02,94.16,117.16,100.32,106.2,10.09,1.03,113.13
2,486.885,1.04,100.74,99.97,107.4,99.96,10.71,1.11,101.58,0.94,113.01,107.01,112.34,104.07,11.1,1.09,99.11
4,486.948,0.96,110.5,108.13,100.68,104.32,10.61,1.02,117.52,1.03,112.26,108.14,95.01,108.72,11.22,1.17,102.46
4,487.205,1.01,108.76,97.54,106.02,99.88,11.17,1.11,107.29,1.08,105.18,112.2,103.72,115.46,11.3,1.14,117.33
3,487.647,1.08,96.04,104.36,109.38,99.89,11.93,1.04,107.8,1.06,109.18,117.17,109.82,96.96,11.32,1.15,104.65
1,487.871,0.97,102.47,112.95,100.96,108.85,10.56,1.05,110.62,0.97,108.58,105.85,108.16,102.77,9.74,1.01,109.85
4,488.334,1.04,112.03,103.0,101.04,101.79,10.28,1.15,103.12,1.03,103.9,98.61,108.74,115.4,10.12,1.08,114.75
2,488.594,0.93,110.21,103.42,105.22,102.62,10.21,1.09,103.85,0.98,107.42,107.15,114.14,106.45,10.97,1.16,105.77
2,488.905,0.94,112.36,110.77,109.46,108.36,10.34,1.14,112.82,1.08,104.93,97.61,111.9,96.59,10.44,1.15,98.62
2,489.727,1.0,103.1,110.07,104.43,113.62,10.02,1.13,98.98,1.02,107.8,112.27,114.0,112.86,10.8,1.09,111.88
1,490.08,1.12,102.36,115.54,105.1,108.83,11.27,1.03,110.26,1.01,102.01,107.09,116.88,97.02,10.75,1.16,100.39
3,490.533,1.06,105.97,113.32,101.7,98.42,10.3,1.12,113.37,0.97,98.68,107.24,108.14,97.06,10.4,1.1,114.43
1,490.688,1.04,109.9,103.95,114.56,105.32,9.92,1.05,96.9,1.03,110.76,101.34,106.11,101.3,11.24,1.08,105.4
4,490.825,0.93,106.51,110.92,107.56,111.53,10.75,1.08,103.1,0.97,106.88,110.88,108.07,107.9,11.48,1.18,106.76
2,490.905,1.05,107.98,112.94,110.32,109.09,10.7,1.13,98.14,0.93,99.74,110.51,115.51,96.26,11.17,1.04,100.16
2,491.1,0.94,105.16,97.33,103.92,106.66,10.35,1.14,96.45,1.01,107.04,111.74,100.42,98.77,9.74,1.0,103.35
2,491.434,1.03,97.36,101.94,106.03,104.26,10.58,1.16,104.91,1.01,106.31,109.88,102.45,112.22,10.57,1.03,110.07
1,491.656,1.12,97.99,114.9,114.96,107.7,9.65,1.03,110.83,0.96,111.53,106.1,116.44,101.81,11.36,1.17,108.39
3,491.748,1.07,110.22,105.05,109.9,111.8,10.28,1.13,115.41,1.04,95.82,113.83,109.84,107.84,10.16,1.02,101.03
2,491.917,1.09,99.13,106.4,116.13,107.18,10.24,1.15,102.21,1.02,97.86,108.74,104.45,110.83,10.65,1.0,111.9
1,491.981,1.05,111.15,113.61,107.01,100.34,10.58,1.06,111.26,1.1,110.7,105.58,100.55,105.69,9.6,1.0,100.28
3,492.073,1.02,102.82,114.87,111.56,99.65,10.56,1.07,112.59,0.94,102.64,101.06,102.67,107.14,10.86,1.09,110.3
4,492.188,1.04,100.37,99.72,102.0,118.48,11.43,1.05,112.38,1.09,118.56,108.32,101.83,114.02,10.86,1.08,107.28
1,492.19,0.96,110.59,115.59,103.53,100.16,10.67,1.02,108.13,1.1,111.36,114.39,111.66,106.14,9.97,1.04,100.93
4,492.768,1.02,110.49,103.11,106.7,108.33,9.91,1.07,116.33,0.97,111.3,106.39,105.53,118.13,10.89,1.02,105.33
1,492.813,1.07,98.19,108.86,111.69,110.6,9.96,1.11,99.51,0.95,100.14,99.5,117.01,108.17,9.98,1.16,114.18
4,493.076,0.96,111.82,103.86,105.56,105.48,11.42,1.07,107.65,1.03,103.15,111.87,104.49,105.95,10.08,1.13,115.52
3,493.083,1.06,99.72,110.13,107.57,105.86,11.34,1.08,112.95,0.93,101.08,103.44,109.82,110.97,11.16,1.13,104.89
1,493.249,1.05,103.03,112.07,105.01,104.68,10.23,1.08,100.55,1.09,112.32,102.34,108.14,104.48,10.84,1.05,101.49
4,493.28,1.0,112.76,104.84,108.55,111.64,11.06,1.08,102.21,1.06,110.48,105.8,99.56,102.39,11.06,1.06,106.74
2,493.482,1.07,107.35,102.39,107.23,103.45,10.09,1.08,102.85,1.0,110.21,111.5,99.4,113.94,11.17,1.09,100.38
3,493.482,0.98,98.55,112.48,102.88,109.56,10.48,1.07,108.76,1.02,103.38,107.94,117.34,107.18,10.8,1.0,113.72
1,494.125,0.96,99.41,102.14,111.01,112.64,10.44,1.16,97.14,1.05,104.01,103.9,103.05,104.13,10.04,1.07,104.2
4,494.186,0.99,102.23,104.4,97.17,116.72,9.83,1.03,115.06,0.96,116.54,107.13,103.72,115.12,10.66,1.08,102.69
1,494.206,1.01,101.87,103.16,99.01,99.6,9.6,1.07,96.91,1.02,103.22,112.44,107.22,107.76,10.96,1.1,102.13
3,495.035,1.01,98.68,106.35,117.36,108.26,10.49,1.07,108.24,1.08,104.06,107.78,114.37,106.71,11.66,1.0,109.88
2,495.196,1.08,97.0,102.84,100.1,103.94,11.2,0.99,101.48,0.92,98.78,102.84,104.26,97.28,10.95,1.16,98.98
2,495.859,0.95,100.54,111.79,109.92,110.61,10.37,1.03,101.26,0.95,96.94,108.19,107.95,103.58,10.6,1.13,113.61
2,496.172,0.96,98.81,113.32,104.04,110.93,10.09,1.17,105.24,0.99,108.31,97.74,106.24,103.73,11.21,1.16,103.27
4,496.283,1.04,111.85,99.01,110.74,117.16,10.65,1.02,112.03,1.0,117.72,99.51,96.1,109.75,11.12,1.05,105.29
2,496.521,1.1,99.24,110.56,105.25,100.66,10.02,1.08,107.76,1.0,111.54,109.87,115.8,106.25,10.71,1.1,105.07
4,497.063,1.06,118.28,102.02,111.96,114.81,10.7,1.15,102.67,1.0,104.71,108.56,110.74,113.03,10.34,1.08,100.11
3,497.075,0.95,98.34,102.25,102.93,107.09,10.3,1.11,114.44,1.03,106.23,118.0,111.09,109.11,11.36,1.14,98.55
2,497.106,0.94,101.16,106.2,105.95,110.34,10.52,1.12,107.49,0.95,96.66,113.39,101.47,110.7,9.96,1.05,114.23
2,497.147,1.02,103.08,104.48,107.68,102.7,11.04,1.06,104.02,1.0,107.8,107.6,110.4,105.44,10.49,1.1,110.26
1,497.871,1.02,102.63,111.63,110.26,97.98,9.58,1.1,109.89,1.12,115.19,99.59,102.27,106.28,10.02,1.01,108.54
2,498.068,1.09,112.34,105.47,113.66,113.68,11.16,1.08,100.86,1.1,105.78,107.31,98.82,97.16,10.15,1.14,106.16
3,498.092,0.98,97.95,107.84,105.41,102.23,10.06,1.07,109.57,0.97,97.63,111.05,101.35,104.93,10.57,1.1,115.16
3,498.533,1.03,108.34,105.79,108.05,98.5,10.17,1.0,111.25,1.08,108.66,103.91,104.0,106.42,11.51,1.06,113.48
2,499.312,0.97,98.43,100.66,109.68,99.1,9.71,1.16,104.39,1.01,97.17,97.18,105.26,113.93,9.74,1.03,105.72
4,499.632,1.06,110.48,111.43,101.73,109.91,11.48,1.12,112.44,0.92,114.46,101.29,108.62,109.54,11.39,1.15,109.69
2,500.286,0.96,113.4,103.33,109.72,97.16,11.44,1.16,103.65,1.08,105.7,104.78,113.18,101.63,11.25,1.06,109.71
4,500.365,0.97,112.9,100.79,112.23,107.89,10.02,1.07,103.16,1.05,111.48,107.84,96.94,112.82,10.42,1.04,108.65
2,500.499,1.03,106.73,105.47,114.76,106.57,10.17,1.01,113.32,0.95,101.53,96.76,109.75,108.77,10.22,1.03,106.07
3,500.678,1.05,94.1,103.09,117.72,109.76,10.32,0.99,97.31,1.06,105.93,107.24,112.05,98.46,10.39,1.02,103.42
4,501.112,0.92,102.31,99.51,98.73,107.7,10.61,1.09,117.11,1.0,102.46,107.13,100.22,113.03,11.06,1.1,100.99
2,501.556,1.06,109.36,99.44,111.9,99.72,10.45,1.07,98.63,1.06,99.49,102.65,100.27,113.93,11.52,1.04,102.18
2,502.042,0.99,102.11,112.76,112.52,107.8,9.77,1.15,109.34,1.01,111.22,110.95,100.16,99.4,9.86,1.08,96.36
1,502.155,1.06,106.45,104.95,101.74,108.12,9.85,1.16,98.58,0.98,99.09,108.26,100.34,106.42,11.35,1.0,105.26
2,503.742,0.97,99.29,107.15,100.1,107.78,11.5,1.04,110.22,0.96,112.6,108.44,103.46,103.0,10.83,1.16,107.96
3,503.952,1.04,107.91,100.25,105.58,98.51,10.2,1.13,100.74,1.01,104.78,113.67,117.02,100.92,10.91,1.08,105.56
3,504.668,1.09,99.87,118.31,100.43,110.97,11.28,1.11,105.19,0.93,99.12,105.01,102.72,103.94,10.23,1.05,107.5
3,505.157,1.06,105.08,115.99,107.92,109.9,10.27,1.03,110.28,1.06,94.93,104.59,110.36,107.26,10.73,1.04,101.87
4,505.644,1.04,110.3,97.61,108.55,107.02,11.24,1.05,104.52,1.04,101.43,105.83,104.38,101.97,11.24,1.05,112.28
4,506.194,1.02,113.96,104.85,112.28,110.94,11.57,1.06,100.27,1.05,105.82,104.84,112.1,105.16,10.68,1.16,114.16
2,506.412,1.08,106.74,100.63,111.51,101.99,9.94,1.04,110.9,0.94,96.32,108.19,102.0,106.56,10.24,1.17,105.95
3,507.275,1.03,102.78,111.25,103.99,107.63,11.72,1.08,98.44,1.07,106.21,111.58,101.45,98.11,11.34,1.09,106.36
3,508.755,1.02,96.23,109.88,105.58,106.48,10.68,1.0,112.87,0.99,103.62,115.24,101.07,111.57,10.56,0.99,101.0
3,510.251,1.04,94.02,114.02,101.67,107.82,11.36,1.09,107.13,1.0,104.43,103.87,106.22,98.13,10.11,1.09,97.88
3,511.659,1.03,106.39,115.34,106.64,111.92,11.82,1.06,114.11,0.93,98.86,99.82,116.14,100.23,10.44,1.0,106.15
3,512.691,1.04,110.78,115.81,102.08,106.34,11.4,1.09,105.06,1.08,101.6,117.63,102.33,98.21,11.38,1.05,114.7
3,513.285,1.06,107.58,100.88,110.71,112.76,11.93,1.03,104.57,1.09,106.87,117.51,107.23,103.19,11.78,1.04,110.58
3,513.828,0.94,107.94,107.0,118.81,113.14,10.28,0.99,105.99,1.0,93.62,101.83,104.9,104.32,10.68,1.05,114.97
3,513.981,0.96,109.47,104.9,118.81,101.32,10.22,1.07,101.06,0.99,98.65,117.37,110.15,104.59,10.05,1.05,112.85
3,514.259,1.05,96.79,110.94,115.95,110.01,10.13,1.1,105.45,1.07,95.81,117.82,108.73,103.35,10.2,1.07,99.52
