task_type_id,arrival_time,est_m1,est_m2,est_m3,est_m4,est_m5,est_m6,est_m7,ext_m1-1,ext_m2-1,ext_m3-1,ext_m4-1,ext_m5-1,ext_m6-1,ext_m7-1
1,0.044,103.121,102.546,9.89,105.939,112.413,11.622,11.368,110.71,106.106,9.579,105.161,98.925,10.387,11.467
2,0.104,103.489,110.89,113.961,98.518,93.824,107.845,98.657,103.84,100.369,106.912,110.337,104.265,105.445,96.137
3,0.243,101.073,103.352,1.021,99.141,100.744,1.001,107.385,104.927,94.211,0.989,112.703,93.749,1.087,96.627
4,0.292,1.009,1.126,9.791,1.074,0.925,1.096,106.708,0.992,1.126,10.771,1.054,1.048,1.013,94.804
1,0.463,114.399,110.744,9.955,100.144,98.67,11.112,10.002,107.617,101.06,10.662,101.819,104.974,10.851,11.016
4,0.465,1.065,1.118,10.765,1.104,0.987,1.164,111.046,1.118,1.077,10.801,1.005,0.927,1.054,111.046
4,0.63,1.038,1.174,10.96,0.972,0.997,1.087,97.686,0.962,1.14,9.772,1.076,1.066,1.009,99.556
1,0.663,105.434,115.353,9.656,98.92,104.54,10.373,10.489,105.694,110.816,10.187,103.515,100.434,10.476,11.032
1,1.729,111.026,112.081,9.771,105.88,101.054,11.322,10.39,114.248,114.672,10.296,105.298,115.646,11.046,10.367
1,1.786,110.48,113.67,10.333,104.629,114.06,10.7,10.104,100.874,114.615,10.299,97.549,110.939,10.755,10.436
4,2.154,1.03,1.162,10.164,1.126,0.98,1.098,96.73,1.072,1.09,9.629,1.051,1.062,1.083,102.387
4,2.177,1.08,1.065,9.717,1.047,0.924,1.176,99.747,1.006,1.143,10.073,1.102,0.979,1.055,111.061
3,2.372,115.598,104.575,1.015,107.894,100.82,0.99,103.816,105.756,101.539,1.035,112.162,105.009,1.038,110.131
3,2.914,99.546,93.798,1.01,108.807,93.999,0.959,101.722,102.013,100.772,1.016,99.565,97.183,0.938,108.68
1,3.069,112.601,114.129,10.143,95.401,103.512,10.343,10.318,109.864,101.692,9.633,106.716,114.145,11.731,11.312
3,3.537,108.577,95.776,1.09,111.711,93.948,0.937,105.782,103.988,103.161,0.988,98.713,101.763,1.077,107.283
4,3.626,0.99,1.166,10.663,1.146,1.074,1.105,110.387,0.991,1.162,10.63,1.043,1.035,1.131,98.222
2,3.757,116.285,112.556,104.412,111.769,100.625,109.871,98.077,116.285,103.504,100.699,111.868,106.905,96.014,103.069
2,3.911,117.276,101.464,100.892,102.697,107.76,97.893,107.36,115.14,108.858,104.351,99.814,100.923,99.214,105.721
1,4.454,113.925,116.472,10.028,109.951,109.141,9.919,10.268,113.457,112.626,9.633,109.291,105.977,11.556,10.887
3,4.528,97.911,94.786,0.989,98.114,92.611,1.0,107.798,98.596,101.003,1.097,109.524,101.774,0.963,112.676
2,4.549,107.293,112.692,100.753,101.087,95.593,103.826,94.575,99.606,97.813,108.737,104.399,93.632,112.478,109.927
3,4.664,99.889,107.106,1.057,109.241,96.591,0.99,101.398,106.823,96.866,0.954,104.678,94.168,0.97,107.922
2,4.668,114.571,113.867,116.243,97.685,102.108,109.152,104.286,102.997,98.383,103.239,112.14,95.213,103.799,106.299
3,4.712,110.735,107.485,0.989,103.101,107.729,1.022,106.844,97.996,104.837,1.105,114.556,99.588,0.953,99.732
4,5.18,0.973,1.044,10.054,0.974,0.981,1.089,93.975,1.046,1.052,9.56,1.112,1.003,1.031,105.487
1,5.28,112.65,111.985,10.333,97.548,101.916,11.119,10.657,99.364,100.348,10.457,96.408,98.068,11.423,10.3
4,5.435,1.075,1.162,10.295,1.083,1.076,1.076,100.023,0.962,1.009,10.146,1.041,1.08,1.062,93.97
1,5.503,103.179,104.338,10.924,110.205,109.92,10.637,10.74,97.906,110.977,10.038,110.496,100.183,11.763,11.041
1,5.548,97.6,114.676,11.025,112.33,114.696,10.573,10.1,111.433,110.556,9.815,102.504,111.647,10.467,9.979
3,5.582,105.064,97.905,1.071,111.533,107.729,0.995,102.532,105.768,97.697,1.079,100.378,93.245,1.058,107.258
3,5.639,98.91,110.213,1.001,115.92,100.842,0.952,107.525,114.965,103.965,0.979,101.337,101.023,1.079,103.926
3,6.094,102.025,98.553,1.114,114.336,107.45,1.02,110.443,104.298,107.702,1.018,105.128,98.604,0.973,98.454
2,6.411,108.254,108.768,111.622,98.69,103.266,103.554,107.64,106.709,102.628,105.998,107.027,97.428,104.574,103.097
4,6.497,1.067,1.071,10.184,1.073,1.031,1.114,109.836,1.104,1.159,9.474,1.036,0.934,1.0,109.808
2,6.53,109.156,100.453,102.555,104.38,98.909,108.357,101.295,104.306,96.657,113.173,105.798,92.225,95.822,107.633
3,6.682,100.285,106.061,1.126,101.467,108.867,1.037,98.441,106.078,93.013,0.989,101.041,104.693,1.018,111.447
3,6.823,99.266,109.484,0.984,111.961,107.711,1.002,112.14,100.51,98.071,1.11,97.567,109.178,1.078,98.059
1,6.908,102.933,109.883,9.697,111.226,104.07,10.945,10.332,112.534,104.879,10.079,106.093,99.984,11.166,10.128
1,7.513,106.761,102.312,10.307,110.057,114.039,9.98,10.548,98.495,110.539,9.725,96.509,109.877,10.571,9.762
3,8.428,100.7,100.772,1.111,113.731,93.251,1.07,108.056,98.718,108.875,1.09,112.19,95.857,0.991,112.647
4,8.429,1.13,1.056,9.602,0.99,0.927,0.999,93.783,0.963,1.056,10.694,1.141,0.95,1.075,107.685
1,8.436,105.725,103.58,10.441,108.659,98.931,11.137,11.408,113.344,102.661,10.696,98.499,103.512,11.692,10.297
3,8.502,99.254,96.341,1.069,106.784,92.716,1.039,106.996,108.029,96.341,1.04,112.187,104.988,0.99,108.237
4,8.736,1.124,1.08,10.765,1.138,0.987,1.003,108.329,1.124,1.057,10.425,0.987,1.073,1.117,104.613
1,8.841,104.363,99.963,10.041,96.485,106.281,11.53,11.092,106.695,112.471,11.145,100.442,101.916,10.199,9.837
4,9.057,1.102,1.072,9.441,1.054,1.082,1.088,106.27,1.128,1.076,10.663,1.035,0.934,1.103,104.775
2,9.119,109.714,108.422,110.839,108.577,107.566,97.752,98.0,114.134,100.675,116.243,96.604,102.631,96.095,106.195
1,9.299,110.76,111.547,10.431,108.771,114.786,10.526,10.889,99.475,103.226,10.038,101.287,115.317,10.813,10.64
2,9.46,106.016,105.663,100.231,102.884,94.246,104.688,95.292,110.981,113.913,115.696,101.087,99.49,112.401,111.301
2,9.728,107.973,97.071,108.234,98.207,95.885,105.428,108.891,109.028,106.486,114.245,98.041,93.581,105.398,101.828
4,9.88,0.963,1.091,10.976,1.135,1.025,1.063,101.172,1.033,1.021,9.794,1.0,0.919,1.117,102.237
1,9.961,104.212,102.733,10.34,106.168,98.044,10.271,10.518,110.76,111.547,10.197,111.4,109.325,11.483,10.616
2,10.245,101.148,113.864,113.019,104.754,106.484,106.313,96.393,104.705,113.097,114.137,96.445,101.619,112.261,96.844
4,10.536,1.05,1.17,10.519,1.021,0.931,1.16,96.929,1.053,1.144,10.62,1.144,1.031,1.151,102.56
4,10.588,0.987,1.065,10.649,1.022,0.918,1.164,108.495,1.05,1.053,10.203,1.113,1.02,1.022,98.353
1,10.808,111.665,116.097,9.59,111.169,102.135,11.012,11.031,104.877,102.754,9.584,103.231,111.734,11.093,10.41
3,10.811,110.557,104.2,1.101,112.733,105.41,0.949,113.098,104.558,102.773,0.974,109.724,97.509,0.937,105.31
1,10.878,110.59,110.781,11.172,96.928,107.674,11.488,9.929,103.618,111.002,10.215,103.764,109.92,10.971,11.253
1,10.906,107.854,101.054,9.724,100.329,113.632,10.043,10.025,107.854,110.559,9.812,108.169,113.123,11.323,10.518
3,11.006,104.25,94.723,1.04,115.825,100.534,1.041,114.313,106.4,103.071,1.014,100.336,104.816,1.032,101.243
2,11.102,101.722,114.074,106.392,110.742,93.641,101.967,107.483,104.13,107.772,107.477,110.517,100.911,95.205,101.697
1,11.315,100.896,110.756,11.118,111.583,112.148,11.256,10.207,98.047,113.633,10.723,108.662,100.266,9.934,10.547
4,11.557,0.997,1.071,11.123,1.122,1.007,0.992,105.233,1.025,1.169,10.904,1.09,1.03,1.106,103.16
4,11.879,1.068,1.098,10.466,1.061,0.93,1.108,97.847,1.109,1.125,11.033,1.088,0.972,1.077,105.342
2,11.955,114.134,99.443,104.484,107.475,98.633,102.687,98.737,115.64,103.497,104.181,102.847,93.976,99.584,101.291
1,12.015,102.742,114.102,10.095,96.928,100.759,11.229,10.737,98.986,104.242,10.764,111.787,105.544,9.946,10.522
3,12.071,108.482,107.451,1.046,108.081,97.587,0.947,102.808,109.397,95.242,1.098,99.222,107.127,1.031,100.894
3,12.084,105.018,105.83,1.064,115.707,107.939,0.967,105.73,100.725,105.987,0.985,104.489,95.744,1.085,109.794
1,12.213,102.662,104.523,9.811,103.959,112.824,11.773,10.137,104.455,104.297,10.818,98.527,105.856,11.569,10.744
2,12.314,117.032,106.953,100.606,109.621,92.43,104.21,104.742,111.879,100.178,116.252,108.813,103.0,106.658,101.784
1,12.32,111.183,99.803,10.593,98.769,114.932,9.988,9.984,113.141,99.658,10.557,107.801,98.116,11.522,10.226
3,12.515,100.111,98.186,0.966,107.726,99.89,0.98,98.106,108.203,103.776,1.079,106.131,97.909,1.056,110.274
1,12.769,115.674,100.801,11.04,102.029,97.612,10.647,10.107,101.965,112.431,10.896,95.97,101.48,11.285,9.94
3,12.842,101.016,98.406,1.083,104.672,108.578,1.071,103.654,104.85,108.531,1.063,110.602,93.295,1.026,99.003
4,12.874,1.098,1.167,10.054,1.054,1.071,1.05,101.386,1.041,0.997,10.99,1.141,1.088,1.014,99.531
1,13.03,103.264,114.968,9.991,106.027,106.596,10.573,11.155,99.757,105.199,9.698,98.743,99.58,11.423,10.863
3,13.117,98.554,105.649,1.007,106.566,102.089,1.054,103.794,112.274,106.43,1.086,106.784,95.179,1.079,99.299
4,13.271,0.967,1.157,9.505,1.073,0.992,1.134,110.206,1.054,1.061,10.413,0.985,0.965,1.009,109.789
2,13.466,116.761,114.158,115.696,113.116,93.218,102.631,108.157,110.63,97.594,104.241,101.715,108.253,97.225,102.03
3,13.854,113.231,105.833,1.048,108.693,100.9,0.958,97.161,99.779,93.918,1.009,99.023,98.175,1.064,108.384
3,13.887,105.417,96.628,1.05,110.229,95.32,1.019,98.312,103.847,105.419,1.084,110.811,99.29,0.999,111.135
2,14.023,106.403,106.641,102.555,97.049,95.116,96.819,94.641,100.939,98.196,100.413,101.903,97.738,107.847,104.91
3,14.192,110.796,96.796,1.048,100.123,108.824,0.98,106.199,106.058,104.117,0.99,101.642,99.679,0.95,113.92
2,14.478,106.995,105.052,106.041,112.669,106.129,100.568,95.197,112.553,102.071,99.232,101.06,98.7,108.654,102.527
2,14.566,101.756,113.599,107.563,112.738,94.54,101.352,107.755,111.879,109.731,102.336,105.75,99.756,100.131,106.517
4,14.628,0.968,1.08,10.623,1.083,0.948,1.16,106.984,0.985,1.032,10.973,1.043,0.923,1.014,96.879
4,14.633,0.965,1.063,10.314,1.058,1.083,1.029,96.771,1.02,1.102,10.866,1.011,0.945,1.058,99.935
2,14.733,105.621,105.927,116.243,111.769,102.216,95.663,100.453,111.788,98.572,106.69,106.017,103.17,109.462,109.427
2,14.814,101.403,112.6,113.398,110.074,102.05,108.051,104.627,114.957,107.591,101.386,104.813,93.818,100.023,109.617
1,15.259,104.062,103.436,9.606,107.617,107.612,10.688,11.332,101.414,116.826,10.176,102.345,104.066,10.431,11.44
1,15.282,108.69,104.523,9.47,99.822,104.127,9.917,11.332,101.66,110.609,9.978,111.757,114.706,11.122,9.993
2,15.541,106.897,103.986,108.242,109.323,93.656,99.526,107.981,108.351,113.159,106.484,109.323,105.499,99.229,100.045
4,15.912,1.017,1.016,10.454,1.015,0.962,1.004,108.495,0.966,1.034,9.532,1.067,1.071,1.094,110.981
4,15.938,1.04,1.022,10.337,1.128,1.058,1.037,106.984,1.007,1.068,9.657,1.022,0.923,1.03,95.718
1,15.975,107.169,106.524,9.512,106.543,113.62,10.286,10.827,98.272,116.09,10.987,107.415,112.076,10.657,10.935
1,16.009,100.073,111.991,10.721,101.811,102.765,11.089,11.477,101.618,104.034,11.015,106.543,107.674,11.466,10.929
3,16.085,111.789,100.62,0.998,110.479,106.279,0.987,100.734,100.371,95.847,0.994,100.165,108.177,1.005,107.806
4,16.38,1.023,1.025,9.64,1.028,1.063,1.035,93.975,1.005,1.135,9.519,1.051,0.989,1.139,111.021
1,16.389,112.297,101.742,11.097,100.147,115.691,11.523,11.032,98.334,106.274,10.156,106.612,104.587,11.487,10.075
2,16.475,112.109,108.066,115.735,108.178,100.011,96.37,106.661,114.565,109.152,112.691,95.928,106.775,107.141,110.736
4,16.565,0.963,1.168,9.528,1.108,0.932,1.063,102.653,0.977,1.17,10.894,0.979,0.996,1.071,95.985
4,16.799,1.03,1.111,9.536,0.974,1.056,1.096,100.24,1.101,1.007,10.355,1.006,0.977,1.028,96.9
3,16.801,106.143,95.788,1.017,103.922,102.926,0.993,107.832,108.899,97.276,1.075,114.505,95.136,1.011,112.249
2,16.81,104.396,103.873,104.927,98.186,97.566,103.997,98.15,103.857,99.83,113.092,110.297,102.96,108.354,94.359
1,17.446,99.988,114.322,9.645,98.561,110.939,10.83,9.714,104.445,101.962,9.623,103.254,100.145,10.878,11.028
1,17.492,113.718,111.611,9.788,105.189,108.155,9.911,11.223,105.449,102.759,9.8,100.873,104.013,10.132,11.228
1,17.541,102.736,99.781,10.685,111.195,97.828,11.487,10.889,104.451,112.78,9.818,108.488,110.174,11.721,10.613
1,17.861,114.922,110.505,10.174,108.43,98.238,10.072,10.071,110.48,101.573,10.584,96.64,101.004,11.022,10.075
4,17.884,0.963,1.084,10.908,1.073,0.932,1.126,110.725,1.029,1.077,10.908,1.107,0.951,1.035,99.997
3,18.16,98.831,103.805,1.082,115.379,92.651,0.991,108.61,115.32,100.401,1.032,110.57,103.888,1.043,107.075
2,18.205,105.695,98.606,103.38,96.312,101.029,97.756,109.668,99.63,103.382,115.416,104.192,94.245,109.108,97.901
1,18.543,108.678,114.639,10.216,111.506,104.353,10.27,10.588,111.705,112.769,9.763,101.763,100.657,11.45,11.302
3,18.566,106.536,100.717,1.054,101.762,97.86,0.944,110.677,107.318,97.717,1.085,113.085,106.564,1.03,111.413
2,18.805,112.353,112.241,111.582,99.581,97.928,97.576,110.07,115.583,104.62,108.344,107.364,101.808,95.389,105.368
2,18.891,103.883,113.097,107.164,105.842,97.614,103.901,103.938,113.082,102.15,108.82,108.864,93.189,95.844,100.137
4,18.99,1.131,1.065,9.594,1.113,0.933,1.082,110.8,1.103,1.119,10.779,1.013,1.062,1.144,110.334
1,19.14,104.573,109.506,10.215,106.106,112.294,11.015,10.67,108.033,106.545,10.717,95.997,110.134,11.115,11.26
4,19.193,1.0,1.149,10.986,1.01,1.07,1.097,104.662,0.993,1.11,10.729,1.05,0.98,1.121,106.041
3,19.235,113.901,95.798,1.089,101.1,107.711,1.002,98.036,102.298,99.361,1.043,111.796,96.29,1.006,109.502
4,19.32,1.047,1.11,10.955,1.067,0.954,1.136,104.953,1.127,1.096,10.634,1.04,0.999,1.116,98.524
1,19.357,104.451,115.598,10.974,112.55,98.219,10.529,10.676,98.885,99.149,10.697,102.21,99.786,9.927,10.01
4,19.603,1.059,1.176,10.825,0.977,0.961,1.175,102.564,0.979,1.098,10.603,1.006,1.026,1.068,110.073
4,19.92,1.012,1.136,10.976,1.09,1.068,1.011,99.202,1.033,1.178,11.12,1.104,1.045,1.015,105.612
1,20.129,103.161,113.28,10.722,103.572,112.053,11.376,10.243,112.188,101.166,10.902,101.619,98.835,10.387,10.213
4,20.368,0.997,1.044,9.718,0.986,1.029,0.999,109.447,1.124,1.184,10.566,1.148,0.944,1.124,103.147
1,20.574,112.289,112.201,10.727,111.985,115.626,10.171,10.776,104.945,108.431,11.053,96.394,102.897,11.267,10.758
3,21.032,107.101,96.382,1.109,112.945,95.68,1.037,102.691,100.839,98.781,1.005,104.11,108.522,1.092,108.264
2,21.642,101.688,108.096,100.304,96.122,105.997,107.503,104.286,98.923,110.962,102.597,102.548,108.149,101.81,100.307
3,21.811,101.21,103.087,1.101,106.244,108.502,1.077,109.368,103.827,98.406,1.086,98.559,93.733,1.068,110.025
1,21.93,98.21,99.716,9.464,113.329,104.889,9.978,9.835,100.429,104.274,9.482,102.652,109.605,10.095,10.256
4,22.115,0.969,1.017,9.481,0.975,1.053,1.038,106.173,1.112,1.156,10.314,1.013,1.076,1.065,107.556
2,22.28,113.556,98.184,100.306,110.137,95.325,98.588,109.309,100.568,99.258,115.79,111.698,104.349,105.308,95.792
3,22.334,98.495,94.843,1.09,101.07,104.838,1.032,107.726,115.099,97.178,1.056,108.783,103.585,1.078,103.969
2,22.91,111.658,104.48,102.812,107.597,94.815,99.217,102.649,112.317,113.221,105.44,112.669,108.985,96.454,100.631
2,23.044,103.677,112.091,101.725,97.466,99.506,103.36,97.644,110.285,102.659,102.539,98.304,97.495,103.408,104.731
2,23.053,103.826,99.737,114.74,99.045,93.262,102.032,99.816,104.609,106.985,114.516,107.78,95.934,99.416,101.945
2,23.23,114.895,112.687,104.307,111.391,97.955,111.367,102.726,117.324,101.981,113.682,99.909,105.157,112.871,100.397
4,23.355,0.962,1.052,9.469,1.11,0.948,1.043,107.343,1.017,1.166,11.095,0.969,0.991,1.004,96.404
3,23.357,110.674,103.531,1.032,105.984,96.587,1.022,97.671,105.448,99.305,1.031,103.991,99.637,0.957,114.137
4,23.43,1.053,1.018,9.469,1.109,0.961,1.12,100.649,0.971,1.042,10.451,0.982,0.939,1.138,103.247
3,23.742,102.731,93.003,0.966,101.383,99.325,0.999,96.384,114.743,97.299,0.957,98.559,95.364,1.022,111.083
1,23.971,104.518,111.986,11.187,110.994,103.326,10.122,11.306,102.425,104.781,10.751,111.698,102.289,11.027,10.734
2,24.01,115.403,108.555,108.002,98.672,97.962,95.887,101.742,113.152,106.509,105.376,108.877,103.968,103.475,103.892
2,24.264,111.091,110.633,109.928,97.577,91.909,110.574,98.779,105.335,109.146,100.389,110.297,105.099,104.156,102.272
2,24.379,106.511,104.397,105.044,102.054,96.623,108.708,94.706,108.302,112.061,105.938,113.103,107.107,96.819,97.963
4,24.622,1.067,1.064,9.615,1.058,1.02,1.134,107.099,1.067,1.088,10.758,1.02,0.917,1.089,94.925
4,24.665,0.992,1.08,10.247,1.023,1.07,0.994,95.579,1.007,1.096,9.469,1.048,1.06,1.037,102.844
2,24.96,115.528,97.802,102.995,97.842,99.506,96.59,99.135,113.564,103.453,99.803,101.856,94.899,102.683,111.318
3,25.133,112.891,94.993,1.118,104.402,93.917,0.991,107.966,112.918,104.801,1.073,105.417,107.527,1.07,105.277
2,25.196,108.878,113.403,104.897,111.243,100.625,96.95,96.875,105.218,109.144,102.911,96.604,95.511,102.299,104.15
4,25.582,0.986,1.113,9.864,1.025,1.002,0.999,107.146,0.962,1.016,10.287,1.05,1.084,1.058,105.142
3,25.653,112.223,101.078,0.986,114.323,94.304,0.964,100.486,103.81,110.125,0.955,103.317,102.114,1.042,104.39
4,25.907,1.085,1.152,10.384,1.016,1.004,1.097,111.257,1.018,1.136,9.773,1.136,0.937,1.165,96.612
4,26.243,1.053,1.177,9.552,1.143,1.013,0.993,109.021,1.074,1.081,10.26,1.109,0.923,1.144,97.591
2,26.385,114.457,99.957,101.546,98.186,100.085,104.765,110.061,99.924,98.39,110.934,104.666,99.506,106.272,95.318
3,26.889,113.909,95.843,0.989,105.198,103.876,0.991,98.312,103.142,95.881,1.046,115.037,101.382,1.066,99.046
1,27.249,111.792,110.744,9.902,110.968,100.203,10.173,11.482,110.398,110.92,9.606,100.311,113.143,9.978,10.485
1,27.268,115.672,99.932,9.687,112.741,114.835,11.071,11.036,104.998,106.02,10.128,99.322,113.862,11.229,10.829
1,27.311,104.827,108.367,11.045,111.718,114.669,10.469,10.932,104.101,104.313,10.899,107.003,112.344,11.687,10.356
1,27.409,102.704,102.605,10.852,110.289,104.212,10.026,9.825,115.88,104.483,10.431,95.956,110.888,11.184,10.868
4,27.652,0.994,1.104,11.067,1.058,1.07,1.168,94.16,1.03,1.09,9.762,0.986,0.969,1.0,108.989
3,28.09,107.413,110.183,1.1,106.872,95.364,1.029,107.448,102.025,105.222,1.026,109.797,100.429,0.97,96.956
1,28.344,111.949,112.643,10.334,101.838,98.495,9.959,11.355,108.973,106.202,9.8,112.12,102.347,11.321,10.959
1,28.38,99.858,104.523,11.04,103.808,97.987,10.201,10.719,105.043,100.309,9.841,95.494,109.905,9.959,10.895
4,28.396,1.074,1.011,10.894,1.021,0.949,0.999,95.971,1.068,1.033,10.777,1.1,0.977,1.172,108.983
2,28.684,111.902,97.04,105.008,109.179,103.028,96.753,95.069,115.589,96.55,99.59,100.037,100.905,103.408,106.338
4,28.69,1.062,1.177,10.104,1.064,0.931,1.122,110.764,1.119,1.099,10.085,0.983,1.042,1.025,102.737
4,28.782,1.121,1.137,11.075,1.043,1.051,1.029,99.167,1.132,1.009,11.146,1.144,0.971,1.123,98.478
1,28.812,111.379,110.747,9.707,99.627,113.688,10.599,10.124,101.66,111.537,10.879,95.674,114.837,10.89,11.164
2,28.979,101.784,100.804,100.753,101.166,92.2,104.239,94.364,107.077,106.077,113.459,104.491,107.955,103.766,100.492
2,29.148,99.316,108.907,105.777,111.769,94.297,111.773,97.232,104.696,99.754,115.792,105.452,105.92,108.176,94.706
4,29.396,1.032,1.026,10.816,1.134,0.962,1.166,110.073,1.043,1.066,11.093,1.108,1.004,1.173,102.125
1,29.624,113.516,105.517,9.689,100.817,109.877,11.736,10.082,113.099,107.34,10.08,102.433,108.645,10.419,10.904
1,29.675,111.179,107.005,9.465,102.345,114.243,11.628,11.283,102.131,105.465,10.093,100.322,111.745,11.229,10.611
2,29.75,100.733,113.741,111.071,99.304,107.797,102.171,98.077,106.812,113.521,115.933,103.88,100.029,96.692,103.22
2,29.831,106.789,101.604,102.974,96.877,100.077,101.164,98.81,105.216,103.631,114.687,97.014,102.28,107.643,103.889
1,30.183,100.642,102.332,10.54,101.11,110.174,11.654,11.069,110.139,106.968,10.638,105.717,113.3,11.232,10.206
4,30.532,1.091,1.105,9.835,1.084,0.932,1.157,102.351,1.01,1.034,10.926,1.037,1.042,1.154,96.387
1,30.622,97.726,113.777,10.118,109.951,108.435,11.084,11.257,102.484,105.072,10.008,101.851,110.488,10.919,9.973
2,30.692,112.49,108.096,111.692,100.353,107.727,99.117,101.295,104.341,108.423,114.806,105.53,96.315,104.516,97.443
2,31.011,107.045,98.97,98.487,112.848,104.452,94.963,101.291,111.696,110.805,108.819,98.514,108.529,103.98,95.371
3,31.05,114.254,100.081,0.974,102.629,95.937,1.012,103.926,110.552,104.04,1.013,106.323,109.225,0.987,101.818
4,31.294,1.01,1.095,10.272,1.076,1.056,1.12,104.38,1.038,1.029,10.608,0.98,1.021,1.034,104.493
4,31.355,1.096,1.168,10.53,1.113,0.948,1.069,95.483,1.077,1.145,9.728,1.097,0.954,1.162,107.025
1,31.445,100.896,104.704,10.17,113.084,111.714,10.657,9.888,113.273,110.078,11.004,101.769,107.61,10.04,10.962
4,31.535,1.103,1.123,10.917,1.107,1.047,1.078,106.039,1.033,1.105,11.124,1.121,0.995,1.156,107.672
4,31.565,0.987,1.071,10.306,1.056,1.068,1.052,96.183,1.067,1.004,9.741,0.973,1.083,1.14,104.775
1,31.706,106.039,107.273,10.688,99.002,98.24,10.498,10.534,115.746,104.795,11.045,110.377,106.515,10.688,10.522
4,31.725,1.051,1.105,10.662,1.033,1.008,1.044,103.231,1.067,1.004,10.631,1.054,0.931,1.072,95.357
4,31.875,1.082,1.179,9.46,1.084,0.925,1.124,100.816,1.126,1.105,10.863,1.076,1.002,1.002,95.569
3,32.184,101.037,101.572,0.956,109.79,107.824,0.95,114.312,107.033,98.217,1.073,99.469,101.608,1.016,96.892
4,32.229,0.976,1.177,10.622,1.116,0.945,1.044,109.731,0.979,1.099,9.727,1.085,0.948,1.14,109.534
4,32.607,1.099,1.103,10.032,1.11,1.009,1.025,108.691,1.012,1.107,10.236,1.13,1.081,1.015,105.769
1,32.995,107.051,110.875,9.461,102.216,105.253,10.337,9.742,102.783,105.144,10.371,95.97,115.416,11.512,10.818
1,33.053,103.179,106.877,10.607,110.216,109.216,10.006,10.499,114.821,111.119,9.958,99.254,100.162,11.522,10.17
2,33.202,108.344,104.623,101.488,113.141,97.079,109.674,105.076,114.565,99.442,104.897,108.628,108.498,109.846,106.964
4,33.356,1.046,1.099,10.212,1.048,0.925,1.135,100.093,0.955,1.121,10.135,1.014,0.963,1.173,106.876
3,33.458,103.126,106.78,1.113,103.922,99.298,0.954,113.828,98.789,98.553,1.016,105.61,106.279,1.08,106.903
3,34.008,98.707,97.085,1.062,114.262,105.499,1.028,113.828,108.03,101.975,0.983,109.663,106.02,1.04,109.751
1,34.061,99.783,115.101,9.464,98.385,98.847,10.794,9.686,113.959,107.916,9.707,101.866,115.317,11.499,11.388
3,34.208,114.684,99.9,1.094,100.411,97.379,1.053,101.588,100.366,108.742,1.036,98.004,97.186,1.057,99.93
4,34.323,1.13,1.074,10.901,1.02,0.969,1.114,107.135,1.063,1.148,10.62,1.049,1.017,1.028,106.667
1,34.356,111.296,107.571,9.421,111.695,104.954,11.33,10.691,113.482,112.483,10.978,107.731,115.317,10.306,11.099
3,34.389,99.415,98.872,1.03,100.42,107.337,1.094,100.932,99.306,93.321,1.044,101.785,96.049,0.953,101.175
3,34.672,109.079,97.939,0.956,114.505,94.191,1.046,114.386,107.826,100.983,0.997,107.894,95.664,0.945,103.926
2,34.717,100.879,114.28,110.973,96.122,107.809,100.362,94.697,114.97,102.979,106.73,108.528,93.597,106.615,110.439
2,35.069,113.202,110.596,113.868,102.198,103.372,109.237,96.863,102.958,97.368,103.389,102.369,103.021,99.729,101.505
2,35.387,111.965,109.596,115.639,114.02,106.006,100.61,110.876,99.21,98.446,106.915,104.935,107.184,107.19,104.03
2,35.499,112.57,111.486,98.878,100.155,93.189,97.837,94.789,108.679,105.228,105.376,109.918,100.934,104.121,99.762
4,35.685,1.046,1.062,10.935,1.021,1.002,1.012,100.023,1.129,1.171,11.123,1.092,1.049,1.172,98.501
2,35.709,103.127,112.941,107.133,104.464,108.193,112.75,105.402,113.202,99.902,99.309,105.895,96.195,106.061,98.182
3,35.756,104.927,95.411,1.09,98.265,99.995,1.015,104.719,108.214,100.434,0.987,105.719,103.979,1.062,97.452
2,35.839,103.055,111.698,105.999,102.059,97.599,108.069,109.428,99.519,97.526,99.695,100.681,101.422,101.666,97.607
1,36.042,99.475,109.717,9.95,100.128,111.706,10.212,11.088,99.097,112.62,10.83,112.006,110.494,10.19,10.824
3,36.34,112.201,97.592,0.969,105.547,97.909,1.033,108.501,110.091,99.83,1.03,101.325,93.842,0.98,108.063
1,36.366,104.692,109.511,9.708,95.967,99.636,9.997,11.164,106.89,99.14,10.453,107.506,114.203,11.779,10.45
3,36.374,114.743,104.324,1.05,101.562,107.801,1.094,98.847,100.154,104.516,1.067,102.32,109.052,1.02,99.218
4,36.601,0.981,1.165,10.893,1.023,1.073,1.142,99.997,1.007,1.098,10.662,1.009,1.015,1.134,104.775
3,36.64,113.099,100.061,1.031,98.817,94.355,1.08,109.255,101.526,108.704,0.987,112.671,106.69,0.947,110.083
4,36.853,1.119,0.996,10.801,1.061,0.935,1.033,98.194,1.114,1.129,10.966,1.104,1.027,1.063,105.793
2,37.059,109.684,111.8,116.264,112.432,96.83,99.978,109.547,109.684,96.454,115.927,98.511,104.202,102.631,99.083
2,37.168,107.417,104.625,103.32,105.762,95.52,99.671,108.674,113.303,106.985,98.367,112.237,94.461,95.74,95.784
1,37.185,98.676,113.384,10.879,98.198,106.212,11.376,10.896,99.517,109.673,9.916,99.119,114.686,11.263,10.971
2,37.453,111.678,112.524,103.452,96.099,100.17,100.841,97.727,116.228,108.381,113.335,104.565,94.9,112.497,99.968
4,37.493,0.959,1.118,10.621,1.011,0.943,1.018,102.125,1.024,1.139,11.11,1.051,0.989,1.108,104.138
4,37.526,1.045,1.068,10.776,1.088,1.046,1.062,108.682,1.095,1.041,9.683,1.037,0.945,1.034,94.422
3,37.567,100.482,105.433,1.021,108.439,105.676,1.089,114.322,104.706,107.652,1.107,112.097,108.587,0.964,110.537
3,37.684,97.84,94.488,1.076,109.752,106.947,1.078,96.935,110.87,99.942,0.996,107.335,98.406,0.982,109.501
3,37.823,109.079,97.237,0.981,102.541,92.224,0.944,103.39,103.904,109.332,1.04,111.392,105.597,0.987,99.482
1,37.832,107.393,104.75,9.46,108.184,110.741,10.977,11.507,103.942,104.313,10.944,105.18,115.646,10.093,10.081
3,38.193,98.033,95.427,1.061,106.323,101.784,1.008,113.821,105.039,107.192,0.985,110.57,94.636,1.062,104.506
2,38.198,98.923,100.506,109.104,98.69,96.859,101.266,97.644,111.572,99.889,104.241,110.415,96.028,111.752,110.674
1,38.216,115.423,105.199,10.838,96.424,106.051,9.935,10.327,102.678,116.272,10.296,111.982,99.424,10.836,11.028
3,38.234,99.143,105.003,1.049,101.011,94.404,0.938,100.005,105.417,100.575,0.983,111.646,108.205,0.982,107.79
1,38.311,108.755,110.581,10.168,101.043,109.686,11.295,10.061,113.457,115.514,10.959,103.056,110.637,10.469,10.623
4,38.525,1.103,1.062,9.795,1.002,1.068,1.117,98.41,1.033,1.028,10.435,1.025,0.963,1.046,102.63
3,38.575,105.039,93.535,0.979,103.762,99.183,1.01,103.687,110.7,102.18,0.967,103.625,109.3,1.094,108.476
2,38.894,109.824,104.645,102.915,108.813,107.393,99.251,110.667,117.363,104.923,113.546,107.6,104.458,99.494,110.334
2,38.909,103.482,96.477,115.39,96.468,92.333,110.365,110.017,111.867,100.24,113.849,111.506,97.371,106.046,106.146
4,39.14,1.08,1.159,9.585,1.138,1.042,1.076,94.223,1.028,1.117,9.651,1.126,1.056,1.117,105.575
1,39.231,114.534,115.435,10.988,106.417,108.899,10.785,10.914,102.518,100.341,10.725,96.328,104.654,10.645,10.904
3,39.244,100.263,96.959,1.014,102.507,94.648,0.956,108.389,107.126,98.2,1.015,97.688,108.914,0.976,105.454
4,39.339,1.073,1.062,10.236,1.074,0.964,1.112,105.317,1.105,1.002,10.623,1.0,1.05,1.077,95.971
4,39.529,1.131,1.103,10.218,0.978,0.963,1.059,96.447,1.119,1.134,10.681,1.066,0.925,1.01,104.192
1,39.534,103.689,111.472,10.607,96.485,111.363,10.945,10.34,102.855,106.752,10.215,97.23,100.089,10.754,10.653
4,39.836,1.027,1.081,9.709,1.091,1.043,1.035,107.146,1.028,1.09,10.822,1.059,0.984,0.999,100.75
2,39.934,115.631,113.217,105.615,102.562,105.188,101.666,94.228,113.846,100.395,98.866,110.254,97.316,104.516,101.711
2,39.952,99.606,108.937,98.504,101.05,93.033,107.19,103.82,106.305,96.779,112.28,112.387,92.761,95.205,109.11
4,39.973,1.11,1.119,9.561,1.017,1.039,1.093,99.935,0.969,1.001,10.152,1.029,0.936,1.102,97.847
3,40.198,108.275,104.447,0.967,115.317,100.737,1.037,101.398,103.822,103.448,1.084,106.409,95.298,1.037,110.863
4,40.409,1.055,1.081,10.699,1.124,0.929,1.004,97.54,0.973,1.143,10.171,1.001,0.973,1.011,108.177
2,40.515,107.742,105.793,113.092,105.452,103.821,96.479,102.364,106.512,112.37,102.289,110.471,108.323,103.475,103.812
3,40.9,100.802,103.531,1.109,107.193,104.348,1.03,97.951,114.977,98.684,1.049,112.069,102.114,0.98,96.453
2,40.975,99.026,106.403,100.935,98.866,101.808,95.663,106.146,110.683,98.645,99.85,110.376,91.876,103.048,107.472
4,41.009,1.06,1.134,10.889,1.016,0.993,1.154,103.378,1.031,1.099,10.152,1.049,0.938,1.141,95.294
1,41.121,113.959,99.617,10.503,109.891,111.75,10.792,9.86,105.846,115.353,10.547,100.23,106.515,10.667,10.545
1,41.203,109.017,108.282,9.655,110.441,110.008,11.359,10.366,104.96,117.515,10.688,95.4,111.745,11.011,9.94
3,41.706,107.81,98.335,0.992,99.447,105.101,1.074,112.596,108.952,109.571,0.985,104.783,102.35,1.082,108.981
4,41.751,1.013,1.083,10.402,1.012,1.074,1.13,99.487,0.988,1.12,9.434,0.986,0.987,1.029,94.14
1,42.562,97.892,107.586,10.29,109.308,101.43,11.081,10.978,111.629,115.922,10.819,97.081,104.161,10.615,10.963
1,42.714,99.097,108.416,10.492,110.679,103.212,11.322,10.718,102.218,116.13,10.334,111.985,111.573,10.059,11.114
4,42.832,1.027,1.132,10.491,1.029,0.932,1.104,98.524,0.987,1.08,9.576,1.143,1.044,0.992,103.361
1,42.979,115.462,102.127,10.517,102.283,104.037,11.053,11.389,98.089,106.986,9.906,105.964,108.903,11.338,10.087
1,43.034,106.315,105.061,9.75,106.619,110.437,11.642,9.714,105.005,100.882,11.053,107.87,105.498,11.311,10.537
4,43.269,1.041,1.067,10.825,1.073,0.943,1.072,108.899,1.063,1.031,10.143,1.028,0.957,1.145,107.548
2,43.311,109.028,97.126,104.425,102.977,100.115,112.366,111.45,107.3,111.274,105.443,100.056,94.245,100.553,110.736
1,43.629,105.316,102.085,9.742,101.763,101.807,11.615,9.966,108.965,100.727,10.731,103.911,108.751,10.502,11.409
1,43.631,99.081,109.04,10.636,102.801,107.104,11.687,10.283,112.883,113.959,9.707,107.738,106.773,11.546,11.093
1,43.878,113.934,111.594,10.88,95.378,112.539,11.348,10.899,106.152,113.201,9.851,111.891,99.712,11.512,11.169
3,44.067,113.203,107.898,1.041,102.521,107.053,0.949,106.544,106.4,95.5,1.12,108.881,108.023,1.095,108.372
1,44.106,111.533,107.003,10.728,100.55,103.417,10.573,10.025,106.775,99.228,10.189,107.583,101.646,10.423,10.863
1,44.13,111.018,104.523,9.822,102.92,109.549,10.95,10.824,111.705,107.169,11.04,102.801,98.559,10.155,9.887
4,44.164,1.11,1.065,11.125,0.978,1.006,1.16,100.588,1.066,1.09,10.314,1.021,0.964,1.043,98.209
2,44.799,109.034,111.654,104.656,109.439,101.485,111.327,103.644,106.681,106.777,109.002,103.127,100.275,101.101,94.772
3,44.813,114.891,107.426,1.065,110.791,105.723,1.065,102.817,98.405,103.355,1.067,98.032,93.867,1.047,108.412
3,44.931,105.728,106.635,1.048,112.509,98.5,1.001,106.986,108.658,102.956,1.058,106.951,103.759,0.953,108.828
1,44.958,99.632,104.662,11.079,108.379,114.799,11.206,10.359,104.047,106.814,10.405,101.631,113.229,10.423,10.887
3,44.978,109.542,94.896,0.984,109.659,98.364,1.03,99.941,98.658,106.812,1.126,110.031,94.264,0.945,107.42
2,45.012,104.813,109.058,114.04,112.677,97.928,98.121,97.412,111.702,97.26,99.652,97.136,97.109,108.013,111.007
3,45.044,103.675,106.976,0.992,104.751,105.449,0.933,100.566,106.941,99.018,0.984,101.75,93.119,0.953,103.687
3,45.051,106.432,97.411,1.02,109.808,105.021,0.927,101.36,106.078,102.793,1.094,101.325,93.361,1.03,96.956
3,45.25,99.632,109.406,1.1,103.42,93.621,0.976,108.372,110.557,104.473,1.006,98.081,95.563,1.09,110.886
2,45.422,110.86,112.687,111.632,102.548,99.19,109.129,94.063,106.247,97.787,104.423,103.237,94.245,107.969,106.536
2,45.779,111.456,103.007,103.314,110.72,91.783,111.271,105.937,113.392,112.927,107.878,99.265,108.047,107.379,95.441
2,45.797,105.352,110.633,102.152,104.62,99.506,112.331,95.172,112.71,108.422,116.314,102.285,100.861,98.0,105.769
1,46.193,108.156,116.498,9.465,98.497,104.07,11.232,10.758,104.945,112.935,9.734,109.711,110.625,10.658,11.332
1,46.398,114.69,107.86,10.392,99.627,110.907,10.436,10.691,108.375,110.92,11.109,111.169,100.685,10.525,10.025
4,46.616,1.05,1.015,9.509,0.988,1.021,1.079,98.852,1.131,1.149,11.202,1.041,0.917,1.113,104.853
3,46.728,107.417,101.541,1.077,111.909,106.295,0.971,106.702,104.068,101.078,1.015,112.237,104.455,1.015,101.874
4,46.857,1.009,1.159,9.639,1.04,1.044,1.089,96.129,0.987,1.058,10.866,1.13,0.918,1.106,109.758
4,46.874,1.122,0.996,10.002,0.974,0.948,1.124,107.995,1.079,1.037,10.552,1.01,0.953,1.102,109.995
2,47.067,104.558,102.628,110.414,97.668,95.633,107.379,102.092,100.246,108.544,100.481,112.231,108.031,99.756,106.77
4,47.105,1.086,1.102,11.068,1.036,0.937,1.044,97.935,1.013,1.134,11.015,1.145,0.97,1.087,99.777
2,47.315,114.55,113.405,113.961,105.609,97.079,97.73,97.901,104.139,109.72,113.087,102.325,106.381,111.285,109.159
3,47.398,110.648,102.013,1.037,97.638,92.529,1.037,97.975,101.53,101.857,0.955,115.676,94.277,0.966,98.78
2,47.503,108.597,105.925,102.462,98.738,107.612,95.141,97.788,113.805,97.714,99.569,112.711,101.377,98.909,106.322
3,47.569,98.469,103.346,1.097,108.814,105.123,0.929,105.277,110.653,106.931,1.054,112.237,97.317,1.055,109.983
1,47.663,114.192,114.204,10.421,97.847,110.94,11.432,11.165,106.079,113.6,11.109,104.831,115.574,10.347,10.069
2,47.696,113.078,104.38,109.399,109.864,106.393,106.163,98.922,108.483,105.18,101.502,112.692,100.33,96.37,95.242
1,47.937,111.433,109.808,10.504,108.942,110.979,10.699,10.327,114.893,107.273,9.818,96.285,111.269,10.365,10.83
4,48.264,1.067,1.135,10.258,1.074,0.92,1.093,107.791,1.058,1.03,10.516,1.104,1.065,1.17,101.392
4,48.444,1.092,1.065,10.62,1.043,0.996,1.059,103.361,1.051,1.012,9.753,1.126,1.073,1.118,104.108
3,48.683,110.878,105.137,1.099,100.588,102.556,0.932,109.227,112.571,101.442,1.067,101.316,107.738,0.963,110.886
1,48.825,111.093,104.82,10.159,108.04,99.636,11.256,10.604,102.926,107.395,9.668,105.717,111.613,11.489,10.87
1,48.925,99.06,115.906,9.422,108.659,114.235,10.607,10.806,98.473,115.686,9.421,110.184,110.78,10.525,10.723
4,48.972,1.061,1.078,10.801,1.091,1.015,1.131,94.682,1.066,1.146,10.487,1.052,1.021,1.014,95.008
2,49.156,110.373,113.698,113.379,104.746,100.085,95.154,101.648,112.803,113.599,102.766,99.068,98.098,109.653,95.65
2,49.697,99.519,98.665,115.696,111.26,107.067,111.284,111.529,99.189,112.794,114.888,97.818,98.548,103.605,110.032
3,49.716,109.372,104.825,1.12,105.119,102.313,0.944,96.742,100.596,95.277,0.994,110.976,102.22,0.939,109.812
4,50.499,1.015,1.109,11.173,1.015,0.915,1.117,107.995,1.098,1.169,9.721,1.123,0.941,1.045,97.981
3,50.517,108.626,94.532,0.971,101.286,93.261,0.972,102.036,105.542,109.933,0.951,104.36,94.648,1.021,102.282
1,50.548,104.95,115.933,10.977,95.461,100.264,10.081,11.236,109.381,109.774,10.576,99.866,108.751,11.606,9.905
2,50.549,99.095,104.547,102.652,110.978,104.458,98.156,96.592,106.709,109.629,106.335,113.019,99.31,109.293,102.687
2,50.552,111.71,111.567,99.525,97.286,105.142,95.733,111.537,108.274,107.859,105.562,111.677,94.799,103.242,96.142
3,50.574,112.777,97.747,0.994,103.419,93.552,1.058,111.889,98.522,109.011,1.062,110.992,99.302,1.041,102.109
1,50.967,100.134,117.304,10.959,101.631,103.761,11.604,10.176,100.119,108.282,10.893,100.144,99.032,11.61,11.244
2,50.973,106.978,108.947,109.805,98.946,99.584,104.773,100.997,103.1,108.755,113.849,112.059,104.469,105.398,96.137
1,51.148,99.299,101.86,9.869,111.406,111.62,11.234,10.546,108.438,105.144,10.103,110.018,114.904,10.933,10.484
2,51.235,104.865,111.462,102.191,99.712,97.613,97.36,105.173,111.018,99.184,106.602,109.883,92.202,108.657,96.679
4,51.34,0.979,1.137,10.588,1.009,0.997,1.112,106.635,1.124,1.012,10.062,1.032,1.029,1.077,93.669
2,51.633,107.353,108.834,114.952,106.154,102.755,98.207,101.392,109.13,114.102,108.167,97.379,104.202,105.864,99.569
1,51.741,100.688,109.801,10.516,100.27,115.457,11.707,10.805,101.793,101.84,9.609,105.303,104.07,10.48,10.433
2,52.113,101.727,102.477,105.837,101.527,102.135,97.183,108.674,112.383,104.655,99.309,97.591,93.467,96.95,107.412
2,52.115,109.89,96.908,108.242,102.932,107.957,101.917,110.907,99.63,97.368,116.077,97.818,96.24,99.082,110.114
3,52.137,106.143,106.287,1.054,112.123,94.158,1.014,104.94,108.903,110.303,1.056,101.157,100.202,0.925,101.617
4,52.259,0.97,1.097,9.679,1.071,0.919,1.073,102.297,1.068,1.049,11.113,1.021,1.071,1.145,96.929
4,52.393,1.068,1.135,11.181,1.035,0.928,1.033,104.234,1.078,1.027,10.986,1.01,1.052,1.098,106.573
2,52.491,107.515,101.013,105.428,104.002,98.613,97.726,107.983,102.201,108.286,107.563,100.353,107.067,96.014,108.663
3,52.526,97.693,99.86,0.994,113.348,105.021,1.064,113.798,115.478,96.534,1.123,104.106,95.925,1.082,101.746
4,52.676,1.074,1.127,10.825,0.995,0.973,1.123,99.531,1.0,1.1,9.994,1.104,1.08,1.144,110.701
2,53.101,109.194,112.941,106.69,107.495,99.229,97.02,104.504,107.341,105.605,98.438,97.313,94.302,98.605,101.392
2,53.64,103.662,101.498,116.586,113.02,103.835,98.57,104.225,101.505,105.608,101.245,112.62,103.238,98.753,109.152
4,53.688,1.098,1.071,10.903,1.091,1.0,1.173,102.682,0.975,1.108,10.642,1.071,0.927,1.171,109.722
4,53.757,1.024,1.003,9.563,1.147,1.064,1.102,102.627,1.027,1.01,10.559,1.095,1.079,1.122,104.445
1,53.766,100.429,100.97,9.695,99.001,115.29,11.642,10.95,102.682,101.646,10.012,112.661,108.846,9.982,10.664
3,53.96,104.636,101.539,0.958,115.718,103.303,0.951,98.735,107.859,99.571,1.005,115.92,93.252,0.938,108.036
1,54.087,109.673,108.166,10.639,101.007,110.134,11.035,10.794,111.334,112.935,10.066,101.866,113.379,10.315,11.043
1,54.115,115.193,111.932,10.35,111.465,110.069,11.612,9.687,103.771,110.49,10.067,106.869,111.18,10.994,10.481
4,54.273,0.994,1.088,10.69,1.005,1.052,1.023,103.16,1.05,1.054,10.589,1.061,0.926,1.028,110.649
1,54.317,113.516,106.877,11.192,103.231,113.577,10.757,11.455,107.854,102.477,11.121,110.268,97.612,11.527,9.949
3,54.353,103.764,101.15,0.981,97.707,98.848,1.088,103.817,110.043,95.581,0.952,114.752,100.259,1.065,107.336
2,54.484,117.414,107.591,106.895,110.206,105.804,110.001,102.395,105.468,113.829,115.434,99.265,95.821,109.462,102.161
3,54.525,113.843,104.794,1.004,109.663,102.733,1.064,104.856,108.781,107.446,1.03,107.588,92.865,0.972,96.506
1,54.8,106.952,107.1,10.999,111.718,112.45,11.601,10.071,105.812,103.85,10.338,103.764,98.063,10.557,11.159
2,55.081,108.344,100.32,99.697,99.955,103.237,99.036,104.459,106.847,113.038,115.591,109.308,104.464,102.589,111.402
2,55.246,116.199,107.859,112.437,111.961,106.308,105.371,110.061,106.709,98.965,112.242,103.47,103.424,99.709,98.773
1,55.348,115.588,101.057,9.473,108.942,114.377,11.631,10.818,110.365,101.501,9.707,100.855,101.705,11.524,10.3
2,55.437,106.099,112.985,100.264,100.891,96.31,107.379,98.534,106.812,110.789,108.242,102.068,95.1,97.082,105.594
2,55.515,100.636,100.781,110.073,113.678,107.071,102.683,110.654,101.536,113.864,108.822,112.429,98.308,96.777,110.297
2,55.777,115.631,103.986,100.845,105.932,106.381,102.589,107.64,114.387,97.42,99.011,100.281,104.011,109.44,110.376
1,56.372,115.93,116.376,11.141,101.153,100.685,11.181,10.168,108.976,109.883,9.582,112.154,109.069,10.283,10.472
1,56.469,105.87,107.311,9.869,104.765,108.984,11.442,11.384,104.658,100.882,10.256,104.029,110.475,10.814,11.001
4,56.489,1.078,1.021,11.12,1.112,0.955,1.077,106.744,0.967,1.105,10.229,1.082,1.049,1.089,98.21
4,56.556,0.976,1.051,10.137,1.012,1.021,1.054,102.351,1.079,1.087,10.939,0.971,0.987,1.126,101.487
4,56.705,1.097,1.136,10.903,0.996,0.935,1.067,94.189,1.119,1.07,10.974,1.137,1.048,1.073,106.058
1,56.845,97.602,108.132,11.035,109.711,104.127,10.505,9.972,99.462,110.875,9.991,99.181,106.046,10.423,9.775
3,57.204,113.901,101.003,1.063,106.517,93.299,0.998,97.11,100.27,104.794,1.058,98.447,92.191,0.978,99.684
2,57.281,117.123,97.021,112.587,104.882,99.288,110.37,106.274,106.247,97.526,114.326,105.479,92.225,111.17,109.919
3,57.33,98.076,94.881,0.948,115.718,97.422,0.997,97.191,102.931,99.305,1.125,109.812,109.357,0.973,99.071
2,57.586,101.904,112.687,116.494,109.695,101.535,103.562,93.823,111.37,108.862,115.603,98.969,101.297,103.554,97.644
2,57.767,107.745,104.001,103.168,112.701,92.761,104.936,107.879,108.254,114.126,106.388,110.297,101.875,97.671,101.533
1,57.772,115.49,108.166,11.185,100.704,98.477,10.396,10.914,110.244,99.149,10.54,103.107,106.194,11.136,10.41
4,57.876,1.0,1.008,9.585,1.108,1.0,1.156,109.493,1.125,1.09,10.014,1.103,1.061,1.117,103.962
4,58.083,1.015,1.028,10.337,1.124,1.002,1.049,104.093,0.979,1.054,10.309,0.99,0.973,1.16,96.404
1,58.086,110.315,101.311,10.439,102.154,98.363,10.155,11.152,99.05,99.722,9.47,104.328,108.233,10.905,10.412
1,58.13,106.28,110.101,11.112,98.73,103.916,11.664,10.131,103.318,114.92,10.032,107.779,114.296,11.254,9.892
2,58.168,111.332,99.922,114.671,103.923,95.034,98.988,95.441,102.391,112.687,99.697,109.152,97.928,103.626,104.054
1,58.217,105.449,100.095,10.546,106.027,102.373,11.082,10.461,112.188,112.601,10.921,97.873,107.61,10.386,10.424
1,58.281,100.801,107.984,9.965,110.539,99.905,10.012,9.912,106.98,99.141,10.498,107.917,98.23,10.329,10.076
4,58.362,1.017,1.007,10.125,1.102,0.929,1.037,95.483,1.093,1.169,10.974,1.002,0.954,1.121,103.796
4,58.38,1.0,1.014,10.766,1.002,0.977,1.092,101.746,1.12,1.026,9.637,1.091,1.037,1.176,102.378
1,58.415,109.381,116.823,10.607,111.485,106.406,10.377,10.792,115.682,104.063,9.958,103.515,107.95,9.922,9.771
2,58.57,117.414,113.365,112.669,105.804,96.592,98.396,97.727,108.295,103.453,101.753,96.338,98.435,96.028,97.448
4,58.679,1.068,1.052,9.75,0.985,0.961,1.094,99.346,1.07,0.998,11.15,1.099,0.967,0.992,110.084
4,58.791,1.05,1.017,10.885,1.112,1.054,1.121,93.609,1.107,1.07,9.728,1.07,0.956,1.061,98.194
1,58.812,114.676,103.485,10.869,105.919,99.902,11.089,10.635,98.222,106.343,10.44,107.731,99.712,10.169,10.389
2,58.968,110.452,105.608,104.148,110.981,95.885,98.654,107.793,107.782,97.126,102.166,98.618,102.426,102.687,106.224
1,58.978,115.487,109.979,10.033,98.499,99.044,11.572,10.159,107.051,107.639,9.614,100.192,114.272,11.622,10.41
1,59.078,103.839,115.547,10.006,105.067,109.079,10.878,10.203,106.829,104.242,10.097,107.676,109.08,10.373,9.799
4,59.263,1.102,1.075,9.64,1.024,1.048,1.044,105.552,0.961,1.074,10.132,1.034,1.006,1.02,100.093
1,59.299,99.05,116.568,11.145,105.772,111.573,10.423,9.954,114.639,112.483,9.555,103.715,103.129,10.46,11.47
3,59.462,110.107,96.85,0.983,102.094,98.19,1.06,111.15,114.915,109.516,1.028,112.099,92.218,1.001,113.117
4,59.465,1.034,1.008,11.182,1.134,1.068,1.114,105.854,1.056,1.081,10.425,1.041,1.047,1.171,110.315
3,59.498,101.913,108.535,1.106,100.405,96.633,1.037,103.969,115.077,100.688,0.951,113.006,93.429,1.04,100.856
3,59.588,112.259,106.554,1.085,104.751,104.266,1.072,98.492,104.948,101.507,1.124,103.762,95.19,0.961,107.845
1,59.588,103.818,99.304,10.29,95.989,113.123,10.287,10.034,110.917,99.702,10.368,105.48,105.365,10.367,9.854
4,60.14,1.074,1.132,10.063,1.011,1.0,1.144,95.946,0.989,1.162,9.932,1.031,0.942,1.151,106.582
3,60.792,107.826,106.195,1.127,107.047,97.449,1.043,100.866,103.627,97.472,0.986,101.783,107.737,0.947,103.682
4,61.106,1.098,1.097,10.718,1.144,1.067,1.058,94.223,1.066,1.166,11.116,0.996,1.007,1.035,103.281
4,61.114,0.994,1.157,11.179,1.002,1.079,1.112,106.957,0.955,1.015,10.815,1.006,0.952,1.114,105.892
2,61.141,114.774,113.864,116.283,96.341,99.544,95.099,108.159,115.88,103.986,105.322,104.886,94.245,104.321,110.067
4,61.76,1.085,1.127,9.607,0.983,0.927,1.097,110.192,0.985,1.11,10.073,1.079,0.934,1.175,100.097
1,62.13,114.434,100.43,10.38,109.96,108.023,10.647,10.986,112.829,115.659,10.392,99.801,105.696,10.511,10.412
3,62.304,114.117,106.718,1.086,99.21,97.591,0.996,110.424,108.03,106.591,1.003,114.245,104.396,1.049,99.755
4,62.386,1.063,1.129,10.204,1.116,0.953,1.099,98.852,0.966,1.107,10.002,1.095,1.067,1.154,107.616
3,62.43,107.417,97.717,1.07,102.172,100.197,0.95,104.75,108.591,104.253,1.046,111.368,94.053,1.061,106.544
2,62.552,108.904,103.375,107.368,98.873,107.691,100.806,96.651,101.636,97.518,98.756,100.581,107.462,100.878,111.318
3,62.607,103.439,100.332,1.054,106.431,103.988,0.97,102.672,112.789,104.018,1.064,112.162,98.981,0.942,107.674
2,62.68,99.026,107.864,112.707,111.26,95.426,102.665,100.98,101.334,98.144,103.551,111.098,98.941,95.846,102.759
1,62.82,99.517,112.792,11.142,103.409,109.539,11.45,10.049,102.425,115.479,9.942,111.465,100.334,11.046,10.051
1,62.872,100.007,112.181,9.594,105.48,100.162,10.44,10.075,101.589,107.001,10.003,110.985,115.598,9.947,10.023
4,62.986,1.024,1.169,10.088,0.98,1.033,1.139,104.798,1.046,1.079,10.622,1.017,0.957,1.028,99.467
2,63.02,106.722,96.764,105.942,108.813,92.225,111.175,97.996,104.703,108.594,111.835,108.085,101.586,103.766,106.536
1,63.222,113.986,115.592,9.784,95.87,100.334,11.137,10.073,112.243,116.237,10.251,113.015,99.986,10.906,10.35
4,63.768,1.017,1.111,10.018,0.998,0.974,1.073,108.772,1.016,1.034,10.193,1.146,0.924,1.027,110.315
2,63.772,112.553,110.604,103.661,97.151,100.085,97.122,105.532,112.137,108.951,101.591,105.316,91.642,101.384,95.98
2,63.918,113.714,101.4,107.223,97.499,103.372,105.833,105.376,101.904,111.674,105.23,112.049,98.098,97.626,110.736
4,64.059,0.953,1.015,11.103,1.072,0.922,1.027,110.579,1.1,1.17,11.106,1.038,0.947,1.097,97.847
4,64.228,1.003,1.022,9.517,1.088,1.045,1.162,105.287,0.978,1.027,9.994,1.038,0.933,1.137,101.392
1,64.718,99.289,101.244,10.325,107.315,101.247,10.554,11.005,98.254,116.914,10.727,109.292,101.216,10.778,9.939
3,64.769,103.678,96.899,0.978,108.814,104.96,1.075,100.391,111.616,100.075,1.027,106.751,95.265,0.947,96.478
3,64.772,111.119,110.065,1.021,107.126,99.597,0.951,112.313,105.828,107.16,1.124,110.992,107.053,1.008,105.31
2,64.948,105.559,105.556,107.72,97.787,101.481,104.341,99.968,110.86,100.158,99.182,109.921,97.962,104.551,110.427
2,64.999,105.485,110.633,99.525,113.852,97.955,95.569,100.315,104.474,100.33,110.254,105.004,103.939,98.57,110.716
1,65.168,110.12,103.742,10.72,95.461,97.691,11.729,11.111,109.376,115.495,10.187,105.161,104.161,10.813,10.243
2,65.227,114.853,97.357,101.004,105.52,105.796,100.325,97.229,101.43,113.829,104.915,113.431,93.37,95.74,100.492
3,65.362,104.617,94.744,1.036,110.363,102.624,1.019,101.829,98.357,101.492,1.076,104.11,108.938,1.041,108.214
1,65.511,108.096,103.828,10.529,96.509,106.399,11.541,11.105,99.783,101.742,9.67,112.341,115.166,10.036,10.646
3,65.555,105.039,93.834,0.996,104.19,103.264,1.091,96.634,105.956,95.364,0.995,115.54,102.154,1.041,110.695
2,65.645,109.971,99.759,113.178,98.997,107.261,96.028,98.13,108.829,102.568,115.603,100.155,92.98,101.95,97.233
4,65.664,1.105,1.119,9.44,1.046,0.974,1.157,99.205,0.993,1.052,9.773,1.141,0.993,1.02,99.806
2,65.792,101.938,104.409,114.321,102.325,96.011,96.999,109.151,107.535,111.179,98.453,101.111,104.163,111.867,110.156
1,65.975,100.814,108.436,10.457,102.247,110.977,10.005,10.283,108.171,116.13,10.893,109.809,103.504,11.009,9.689
4,66.28,1.015,1.061,9.945,1.077,1.06,0.993,96.183,1.102,1.094,9.828,0.975,0.984,0.992,109.46
2,66.346,99.37,111.063,101.141,98.969,93.824,103.992,110.16,113.574,108.93,110.582,99.914,93.709,97.36,96.923
1,66.349,106.123,100.716,9.689,95.294,115.576,11.417,11.353,113.278,104.313,9.924,108.402,107.51,11.015,10.037
3,66.571,97.911,98.04,1.037,98.713,92.298,0.937,106.986,97.561,102.749,1.07,109.954,97.513,1.014,107.194
2,66.822,114.489,105.44,115.518,113.045,96.31,108.136,96.007,108.829,99.701,102.626,110.308,99.96,95.051,105.503
2,66.878,117.018,102.398,116.58,104.813,100.767,96.58,107.26,104.13,103.621,114.742,104.385,108.604,103.242,98.31
4,67.066,1.053,1.013,9.934,1.076,1.059,1.139,97.409,1.093,1.088,10.33,1.045,0.97,1.116,105.317
2,67.289,117.374,112.684,100.369,110.672,95.34,106.647,106.195,104.558,101.654,107.81,105.191,102.696,101.949,109.249
4,67.297,1.101,1.062,9.709,0.982,1.088,1.163,107.444,1.131,1.053,10.696,0.973,1.041,1.108,98.405
3,67.301,103.661,108.603,0.949,115.269,106.945,0.956,100.786,109.669,95.765,0.952,110.329,107.196,0.959,107.509
3,67.372,102.355,101.975,0.993,114.326,98.47,1.043,100.7,110.612,97.178,1.104,105.281,95.461,0.996,107.124
4,67.412,1.047,1.177,9.838,1.039,1.023,1.131,98.403,1.059,1.037,9.585,1.012,1.043,1.046,102.335
4,67.675,1.077,1.114,10.126,1.056,0.968,1.013,95.293,1.07,1.046,10.747,1.046,1.041,1.127,98.41
2,67.772,99.37,114.154,104.423,96.092,99.985,98.554,105.041,103.884,105.367,109.805,103.937,107.975,97.576,94.111
2,67.893,104.412,98.896,111.523,103.104,93.976,103.755,101.478,111.774,99.902,108.787,100.353,108.206,95.823,100.636
4,67.956,1.057,1.104,10.727,1.039,1.021,1.015,96.358,0.957,1.114,10.928,1.014,1.056,1.009,110.579
4,68.188,1.104,1.159,10.317,1.003,0.986,1.106,106.417,1.02,1.041,10.885,1.131,0.921,1.135,99.21
3,68.281,97.652,97.594,1.078,110.605,107.614,0.966,110.932,104.293,104.25,0.984,99.565,96.066,0.945,99.312
2,68.464,102.16,105.228,99.031,108.274,95.102,99.217,98.451,108.157,114.454,104.612,106.398,103.263,98.649,102.104
3,68.641,99.254,97.896,1.009,104.721,102.818,1.084,106.139,107.271,109.633,1.049,115.317,97.909,1.019,111.744
4,68.871,0.98,1.073,11.094,1.129,1.022,1.089,109.428,1.129,1.032,9.471,1.058,0.92,1.117,104.155
2,68.872,108.329,102.72,101.831,105.75,97.543,103.869,94.613,101.223,108.745,113.36,103.043,93.398,109.39,95.74
3,68.909,111.65,104.074,0.969,108.053,109.438,1.046,112.566,99.286,109.332,1.126,105.685,95.438,0.983,110.031
1,69.082,113.188,105.875,9.916,107.28,99.442,11.128,10.123,100.285,101.951,9.714,97.813,104.037,10.83,11.408
3,69.272,107.084,95.721,1.069,99.704,92.651,1.089,107.124,111.789,99.055,1.035,115.676,106.124,1.04,103.086
2,69.341,111.774,99.737,98.49,112.117,100.476,101.236,104.459,102.304,113.289,105.194,96.105,96.24,98.063,94.575
3,69.445,99.313,100.673,0.976,106.483,102.556,0.975,113.388,106.143,109.638,0.963,108.949,104.807,1.026,114.476
1,69.577,112.946,107.1,9.722,109.551,97.691,10.012,11.306,102.682,109.524,10.599,102.689,108.419,10.429,10.499
2,70.231,104.884,112.491,112.669,99.304,105.421,109.922,106.425,114.489,110.596,99.602,97.842,108.982,102.862,105.82
2,70.363,108.461,103.815,103.541,105.279,105.391,112.853,111.062,104.848,109.759,108.344,96.518,100.849,106.518,109.668
4,70.456,1.129,1.14,10.158,1.007,1.031,1.123,104.515,1.012,1.016,10.435,0.98,1.056,1.065,107.146
1,70.836,109.465,110.756,10.437,113.256,113.804,9.942,11.258,108.755,108.53,10.152,107.617,112.74,11.354,9.912
3,70.896,109.222,98.068,1.056,107.602,94.603,0.987,113.388,113.964,96.997,1.116,103.76,106.918,1.081,110.086
3,70.977,113.233,96.628,1.057,115.351,94.155,1.065,110.948,98.91,102.843,1.096,109.26,105.935,1.052,96.952
2,70.996,110.129,106.499,104.964,97.466,100.973,96.167,105.276,99.656,105.214,104.148,109.56,92.981,109.897,106.269
2,71.088,107.375,100.985,104.947,105.084,108.262,110.574,107.983,111.623,96.454,110.957,111.883,100.94,110.447,99.168
4,71.278,1.072,1.143,9.865,0.977,1.043,1.151,101.734,1.016,1.179,10.793,0.998,0.925,1.117,105.871
3,71.379,113.276,96.866,1.047,99.747,93.749,0.944,103.861,113.982,102.928,0.959,100.378,104.795,0.965,103.978
4,71.38,1.131,1.071,10.834,0.999,0.952,1.172,109.266,1.036,1.105,10.605,1.11,1.015,1.118,110.8
4,71.473,1.092,1.08,10.491,0.996,0.989,1.055,103.413,1.014,1.032,9.643,0.994,0.916,1.144,100.402
2,71.686,101.891,113.1,103.575,99.96,100.923,110.012,93.984,99.728,107.77,104.442,112.785,102.378,103.851,110.114
2,71.805,109.89,113.423,116.073,106.806,98.487,96.514,110.376,101.805,106.186,103.621,109.128,98.202,112.664,96.108
4,71.836,1.127,1.018,10.812,1.014,1.0,1.057,95.629,0.986,1.179,11.099,1.05,0.99,1.133,99.619
3,71.873,111.792,95.929,0.978,98.175,94.341,1.072,114.557,105.236,96.28,0.965,102.523,92.873,0.946,112.638
3,72.219,112.148,98.071,1.039,105.685,107.305,1.005,96.618,109.357,100.19,1.052,100.323,105.236,1.032,103.144
1,72.23,97.67,112.061,10.65,105.657,101.842,11.669,10.486,103.596,113.547,10.363,108.402,104.53,11.59,11.332
1,72.4,108.759,117.113,10.689,99.895,103.568,11.251,10.368,105.635,116.376,10.999,108.169,114.982,9.943,11.111
4,72.758,1.09,1.033,9.655,1.013,1.08,1.146,102.277,1.035,1.162,9.932,0.992,0.947,1.155,99.637
2,72.799,108.157,98.564,107.766,103.022,96.315,98.207,106.7,107.369,108.544,111.622,95.966,104.046,98.115,93.823
2,73.202,104.758,112.086,107.297,96.604,108.031,107.97,102.149,117.369,105.522,98.303,98.464,96.31,103.232,99.816
4,73.4,0.962,1.105,9.46,1.119,1.034,1.157,99.691,1.071,1.1,10.611,1.016,1.02,1.101,104.292
4,73.65,1.024,1.004,10.352,1.113,1.033,1.025,108.184,1.038,1.08,10.919,1.122,1.01,1.091,102.749
4,73.66,1.128,1.135,10.151,0.991,0.923,1.1,108.689,1.011,1.13,10.276,1.115,1.088,1.097,98.43
4,73.793,1.057,1.102,9.95,1.056,1.05,1.146,95.294,0.976,1.092,10.208,1.021,0.987,1.064,99.636
3,74.042,97.702,102.554,1.12,100.336,104.934,0.958,104.172,114.849,103.675,1.054,103.263,92.218,0.978,99.755
4,74.421,0.959,1.039,10.623,1.003,1.001,1.096,106.055,1.122,1.09,10.449,1.106,0.991,1.069,102.481
1,74.707,112.206,112.813,9.83,100.23,105.696,11.119,10.702,108.883,103.808,11.0,110.314,115.764,10.075,10.552
3,74.922,100.51,107.992,1.097,105.63,96.587,1.008,107.224,108.481,99.371,1.084,111.894,95.768,0.953,103.372
4,74.955,1.038,1.086,10.024,1.017,1.066,1.07,97.252,1.03,1.163,10.901,1.086,0.955,1.171,108.845
4,75.163,0.994,1.066,10.974,1.088,0.957,1.085,102.745,1.028,1.074,10.939,1.089,0.927,1.145,94.321
2,75.207,109.582,103.054,99.38,109.621,101.888,98.21,105.373,114.893,112.107,110.698,99.417,96.99,112.016,96.137
1,75.24,112.335,115.1,9.576,106.829,102.759,11.657,11.26,108.429,106.343,10.54,112.911,110.94,9.963,10.499
3,75.325,114.225,93.513,1.006,111.897,107.164,0.962,113.954,109.396,108.426,1.096,112.788,105.676,1.056,102.674
2,75.536,101.696,101.238,104.09,101.441,98.941,97.278,108.23,103.662,106.682,105.905,111.811,96.459,100.288,101.529
2,75.744,113.334,112.91,105.073,104.002,94.245,108.036,106.476,111.456,111.023,105.428,113.932,95.894,108.524,105.368
1,76.162,111.183,114.763,9.811,97.537,99.055,10.619,10.606,97.926,99.025,9.484,99.761,100.785,11.467,9.792
3,76.906,97.656,94.727,0.982,104.039,107.798,1.058,96.892,105.762,105.433,0.977,113.02,106.159,1.045,106.53
3,77.09,115.225,94.474,1.101,102.815,100.955,1.019,99.482,112.571,92.947,1.021,98.593,102.624,1.051,106.71
3,77.193,101.292,100.343,1.085,113.731,103.468,1.057,108.212,105.819,98.616,1.07,112.235,94.053,1.006,108.138
3,77.544,99.334,93.069,1.11,113.085,99.984,1.096,113.891,112.468,109.549,1.011,104.591,101.285,1.055,109.06
3,77.71,99.285,99.898,1.081,114.976,107.543,1.097,96.453,106.432,100.439,0.958,98.849,98.5,1.007,99.21
2,77.711,101.013,109.72,112.376,106.142,92.356,102.778,105.956,99.899,107.18,103.314,96.405,95.257,107.662,108.259
4,77.742,1.02,1.108,9.582,0.974,1.042,1.076,96.799,1.003,1.111,10.511,0.985,0.995,1.079,98.34
3,77.752,100.802,109.294,1.114,101.467,102.591,1.028,109.359,110.064,107.843,1.087,105.247,103.563,1.016,114.312
2,78.058,101.536,113.467,100.515,110.423,96.736,104.486,95.134,111.788,108.06,104.656,108.214,105.202,107.485,108.53
2,78.327,104.954,96.748,110.798,105.932,100.905,102.631,95.839,105.272,98.564,114.267,111.386,104.452,100.802,108.499
3,78.785,109.36,104.139,1.108,100.003,92.289,1.025,103.861,114.813,99.793,1.068,110.913,105.636,1.055,100.681
1,79.219,111.259,115.542,10.283,100.02,112.177,11.052,11.467,97.951,107.001,10.54,108.815,114.989,10.881,11.236
3,79.371,97.49,101.915,1.087,112.235,99.084,1.058,111.875,104.123,105.222,1.071,103.76,95.364,1.053,105.365
1,79.439,108.461,115.845,10.966,96.763,102.373,10.564,10.243,97.595,101.04,10.294,96.424,107.612,10.147,10.995
3,79.685,99.889,98.681,0.951,98.223,97.134,0.925,103.654,110.752,110.066,1.064,99.113,101.528,0.988,108.695
3,79.958,113.017,102.571,0.965,99.336,103.505,1.083,99.749,98.125,106.314,0.956,103.113,93.552,1.006,100.866
4,80.072,1.008,1.139,9.572,1.01,0.922,1.171,109.758,1.024,1.081,11.113,0.966,1.073,1.144,94.29
3,80.329,115.867,103.402,1.039,109.752,99.66,1.071,114.176,98.923,106.961,0.981,100.031,99.144,0.965,96.705
3,80.466,108.577,99.074,0.952,113.144,102.037,1.093,114.281,104.85,105.085,0.981,108.952,95.879,0.953,112.249
3,80.522,115.225,93.468,1.101,114.262,98.013,1.016,97.957,100.392,94.302,1.057,109.974,92.734,1.088,106.315
3,80.563,101.966,94.12,1.1,103.113,93.842,1.064,109.729,115.099,97.338,0.948,109.423,94.643,1.052,110.025
3,80.9,109.372,108.704,0.996,98.622,106.805,0.976,108.264,114.632,99.95,1.085,113.945,92.801,1.002,113.057
4,81.227,1.04,1.145,11.029,1.001,1.004,1.074,108.224,1.085,1.108,9.459,1.014,0.992,1.17,108.924
2,81.47,103.15,105.586,108.518,103.058,93.818,95.244,95.25,107.472,111.462,109.151,98.514,94.673,97.589,106.243
1,81.602,106.28,109.885,9.84,96.424,109.686,10.517,9.804,105.053,115.893,9.838,112.55,103.733,10.388,9.918
4,81.935,1.111,1.08,10.107,1.004,0.973,1.0,105.287,1.066,1.032,10.681,1.046,1.033,1.073,109.995
3,82.376,111.94,99.042,0.994,107.515,93.867,1.008,101.849,109.322,106.779,0.949,111.22,96.32,1.071,101.175
4,82.541,0.97,1.115,10.276,1.029,0.919,1.014,96.651,1.117,1.022,10.343,1.09,1.084,1.119,107.213
2,82.67,105.599,102.258,116.252,108.214,105.099,110.896,102.993,100.345,101.705,110.963,107.954,100.696,95.962,111.382
1,82.957,107.854,111.472,10.115,103.107,99.58,11.047,9.687,99.517,105.517,11.148,111.427,104.212,11.288,9.918
4,83.096,1.092,1.13,9.495,0.973,0.92,1.013,96.913,0.971,1.133,9.575,1.064,1.059,1.023,108.224
4,83.196,1.031,1.016,9.92,1.108,0.94,1.12,102.373,1.068,1.16,9.474,1.116,0.945,1.004,98.34
1,83.496,107.854,100.888,10.134,100.663,106.341,10.138,10.348,108.666,115.39,9.674,102.102,105.303,11.447,11.257
1,83.729,114.399,105.33,10.193,100.223,107.154,10.947,9.944,113.023,105.368,10.849,99.301,101.43,11.096,10.06
2,84.218,99.945,113.067,99.874,96.668,108.75,111.327,108.663,117.414,106.984,114.241,105.53,92.761,106.152,100.573
3,84.251,114.912,105.003,1.003,101.185,92.218,0.978,111.274,105.542,96.247,1.031,97.688,94.355,1.086,108.828
3,84.569,100.286,107.514,1.058,102.277,97.317,0.985,104.304,105.07,106.522,0.993,110.992,100.265,1.055,107.798
3,84.584,101.552,107.125,1.125,113.731,94.685,1.036,111.24,108.962,95.682,1.018,112.318,106.95,1.088,98.605
4,84.71,1.016,1.084,10.608,1.027,0.983,1.071,107.233,1.047,1.174,9.704,1.025,1.048,1.136,103.796
4,84.822,0.991,1.128,10.57,1.036,0.962,0.994,97.548,0.98,1.139,10.894,1.11,0.924,1.045,99.754
1,84.893,114.447,115.76,10.415,99.9,107.471,10.136,10.176,115.854,102.186,10.486,104.04,104.907,11.603,9.905
1,84.931,115.458,117.552,10.661,107.095,110.977,10.692,11.416,102.77,110.103,9.993,95.585,99.83,11.335,9.905
1,85.015,97.972,105.33,9.812,96.948,106.007,10.661,10.122,106.152,107.99,10.158,110.441,109.386,10.502,10.028
4,85.063,1.113,1.023,10.017,1.096,1.051,1.059,103.193,1.12,1.177,10.935,1.022,0.937,1.169,108.492
1,85.287,99.452,107.393,10.708,110.431,103.587,11.778,11.031,98.279,111.41,10.028,107.241,110.888,10.688,9.918
3,85.673,98.011,95.986,1.093,111.678,94.286,0.929,111.345,114.294,104.558,0.957,112.703,93.513,1.086,104.121
2,85.953,107.627,107.579,114.403,102.697,101.598,111.137,95.959,105.794,111.921,113.562,107.677,97.316,97.312,110.375
3,86.081,114.937,96.128,1.08,99.06,106.799,1.088,99.998,100.068,110.239,0.973,112.339,93.252,0.953,110.812
4,86.094,0.973,1.144,10.718,1.134,1.065,1.031,107.885,0.983,1.014,10.221,1.051,0.985,0.993,97.302
2,86.235,104.929,102.455,98.242,106.283,107.221,102.511,94.737,109.374,105.545,106.787,101.996,105.313,103.024,106.045
1,86.3,114.639,114.88,9.998,96.509,111.261,9.905,9.705,103.497,99.891,9.803,106.939,106.987,10.814,11.032
2,86.309,114.747,100.985,103.32,96.238,100.161,98.588,95.039,115.062,101.044,111.23,109.25,103.0,106.552,107.958
1,86.312,114.434,103.078,11.058,104.243,114.51,10.439,11.374,111.0,107.264,9.461,112.469,97.94,11.309,11.16
1,86.405,113.251,117.218,10.704,103.409,101.614,11.133,10.355,106.011,104.034,11.092,100.394,107.261,10.645,9.887
1,86.806,112.035,111.318,10.245,106.523,112.837,11.57,10.552,114.282,104.242,10.641,104.243,110.535,11.628,11.47
3,86.86,106.279,104.04,1.084,112.237,96.877,0.964,105.251,111.414,99.824,1.084,101.744,97.553,0.925,106.986
2,86.923,104.609,107.111,112.51,113.762,91.941,110.365,99.261,109.775,108.381,109.145,113.152,96.794,95.101,101.416
1,87.044,111.516,103.979,10.824,96.08,115.29,11.403,9.692,102.301,99.643,9.798,99.759,115.777,11.231,9.954
4,87.367,1.073,1.023,11.028,1.095,1.052,1.118,101.201,0.982,1.022,10.085,0.975,0.993,1.175,108.779
2,87.457,103.527,101.522,116.374,110.006,98.667,106.172,98.077,104.954,99.258,103.452,97.464,103.238,110.113,93.926
1,87.459,101.804,112.18,11.143,101.54,114.086,10.067,9.912,108.273,102.502,10.935,107.917,99.588,10.329,9.828
1,87.498,107.425,114.614,10.321,103.648,114.674,10.075,10.574,102.054,116.823,10.039,99.41,115.106,10.364,10.289
3,87.739,99.808,104.0,0.99,102.174,109.585,1.022,109.364,108.013,102.544,1.105,114.366,92.571,1.085,114.427
1,87.768,113.746,115.716,9.614,106.912,100.083,11.387,10.518,115.203,108.442,10.514,100.056,111.184,10.526,11.452
2,87.998,106.775,114.218,101.259,99.265,103.41,100.016,105.109,117.104,98.965,116.468,99.934,105.92,112.664,99.075
4,88.245,1.104,1.17,10.141,1.073,1.059,1.109,107.616,1.015,1.032,10.935,1.039,0.964,1.106,103.023
2,88.385,103.183,107.933,113.379,113.103,92.09,102.665,103.103,101.805,96.62,106.447,110.263,92.125,100.329,104.03
3,88.393,112.418,99.972,1.05,104.737,107.547,1.001,110.547,111.449,97.888,0.978,98.067,99.486,1.075,109.81
2,88.441,105.418,107.859,101.544,96.468,96.555,108.254,110.24,109.837,113.455,110.428,107.78,101.241,97.384,95.513
2,88.521,108.679,98.724,103.389,106.567,98.819,111.379,96.142,117.101,107.957,112.093,106.805,102.987,106.946,108.369
1,88.586,105.789,99.304,10.256,108.457,104.278,10.197,10.547,99.05,104.622,9.681,104.243,100.346,11.557,11.351
3,88.673,109.351,107.849,0.964,113.536,108.038,1.09,100.566,104.174,104.555,0.954,109.872,103.026,0.953,98.918
4,88.825,0.968,1.1,10.546,1.105,1.026,1.092,101.481,1.053,1.008,9.582,1.014,0.965,1.142,102.653
4,88.88,1.061,1.099,9.808,1.094,1.033,1.057,111.031,1.07,1.065,10.907,0.972,1.006,1.019,105.843
3,88.966,108.505,103.965,1.107,110.806,109.251,0.978,99.388,101.77,106.575,1.106,115.418,92.186,1.062,107.385
4,89.238,1.075,1.155,10.23,1.032,1.078,1.093,103.802,1.046,1.147,10.919,0.994,1.076,1.028,95.02
4,89.386,0.992,1.076,9.551,1.012,0.974,1.009,98.632,1.067,1.172,9.934,1.143,0.963,1.014,102.327
1,89.549,105.416,112.483,10.048,101.631,110.964,11.535,10.331,110.965,108.869,9.717,103.592,106.949,10.072,10.203
1,89.552,115.831,111.311,10.385,108.402,113.623,10.606,11.228,103.938,99.055,10.876,104.337,104.729,10.513,9.967
4,89.818,0.967,1.143,11.043,1.134,1.002,1.172,100.648,1.127,1.013,10.377,0.976,1.004,1.008,98.482
4,89.874,1.126,1.166,10.143,1.063,0.927,1.068,98.852,1.06,1.064,10.573,1.001,1.042,1.056,100.294
3,90.075,105.345,95.822,1.077,101.833,102.86,1.058,108.734,104.097,106.585,1.083,108.92,101.493,0.926,100.486
3,90.224,110.943,95.889,1.067,113.458,101.557,1.008,99.071,109.917,106.17,1.001,98.713,107.119,1.026,108.562
1,90.408,102.594,116.595,10.283,105.203,99.055,11.738,10.641,104.133,115.057,10.005,97.91,104.709,10.517,11.396
1,90.825,109.472,99.774,9.448,106.523,112.101,9.996,9.932,113.62,110.22,9.753,100.313,109.069,10.128,11.47
2,90.834,108.408,110.789,110.086,105.932,101.094,110.896,107.371,110.927,103.68,102.969,101.515,98.315,106.653,95.893
2,90.835,105.208,97.875,101.245,106.996,96.24,97.135,111.44,112.417,106.697,107.639,107.338,92.483,106.204,97.581
3,91.081,103.326,105.815,1.108,113.945,98.405,0.972,98.918,101.57,100.62,1.055,105.872,107.312,1.078,109.021
2,91.358,113.007,114.155,99.282,112.14,99.381,110.884,103.614,105.182,106.509,112.724,104.419,106.944,105.444,105.602
4,91.404,0.962,1.177,10.806,1.073,0.924,1.17,97.28,1.129,1.021,10.557,0.97,1.013,1.064,96.879
4,91.48,1.017,1.179,9.497,1.074,0.994,1.129,93.839,1.057,1.109,11.082,0.997,1.044,1.141,105.552
4,91.591,1.13,1.176,10.596,1.043,1.036,1.118,102.237,1.052,1.131,10.153,1.076,1.013,1.141,95.843
3,91.828,106.772,95.078,1.101,109.658,97.505,0.94,106.903,98.832,99.793,1.12,109.452,103.759,0.929,100.325
3,92.001,109.731,94.843,1.045,105.822,105.57,1.05,105.002,104.752,108.73,1.098,99.191,93.798,0.931,96.892
4,92.202,1.077,1.073,9.551,1.033,0.984,1.047,99.467,1.053,1.17,10.906,1.018,1.03,1.005,98.04
1,92.626,99.757,108.436,10.002,98.345,110.481,11.498,9.772,97.729,114.28,9.717,100.313,113.449,11.508,10.436
3,92.708,106.063,107.085,1.041,101.694,92.186,1.028,111.297,110.648,101.737,1.12,109.811,97.413,1.08,105.995
1,92.931,107.251,104.753,10.661,112.891,115.711,10.838,11.089,104.464,115.626,10.727,109.587,106.338,11.019,11.32
4,93.048,1.129,1.16,10.699,1.04,0.983,1.161,102.091,1.048,1.107,10.295,1.126,1.036,1.074,100.378
3,93.141,103.326,96.997,1.09,99.42,105.401,0.929,114.565,101.636,109.571,1.064,105.262,105.696,1.088,109.419
4,93.185,1.032,0.996,10.725,1.079,0.927,1.02,96.358,0.989,1.035,9.914,1.096,0.972,1.174,103.245
3,93.242,105.127,101.857,1.026,105.872,93.7,0.961,96.384,104.419,104.253,1.005,102.034,103.57,1.001,101.277
1,93.443,105.566,111.491,10.521,99.247,99.986,10.429,9.888,104.96,108.935,10.643,111.095,101.299,9.922,11.222
1,93.58,104.456,110.593,10.727,109.922,110.716,11.136,9.887,100.416,117.096,10.492,106.934,106.39,9.931,10.93
2,93.862,107.28,112.794,100.413,97.756,91.618,96.454,96.122,116.347,100.572,103.458,104.192,93.515,112.819,104.507
4,93.885,0.979,1.114,9.853,1.129,1.041,1.055,94.984,1.105,1.173,10.727,1.036,1.07,1.106,110.315
4,94.086,0.967,1.085,9.994,1.133,0.936,1.022,103.962,0.965,1.158,10.509,1.134,0.953,1.087,110.192
1,94.589,102.014,117.515,9.606,96.682,105.869,11.689,9.799,101.66,107.16,11.164,100.817,111.504,10.769,10.256
2,94.723,111.456,111.074,105.056,107.135,98.308,109.027,100.997,101.223,109.527,106.771,97.136,107.15,100.494,111.035
4,94.805,1.04,1.131,11.208,1.083,0.974,1.149,103.247,1.024,1.015,9.689,1.123,1.067,1.142,109.297
2,95.06,107.102,101.396,114.888,101.478,105.431,100.419,106.994,100.832,111.674,100.413,101.798,108.047,97.007,102.891
4,95.09,1.028,1.168,11.172,1.049,0.986,1.01,94.501,0.994,1.153,10.745,1.113,1.007,1.072,100.432
2,95.105,111.973,114.343,104.205,108.178,105.701,107.622,108.157,115.937,112.91,111.735,100.407,96.893,106.272,109.668
4,95.215,1.005,1.18,9.44,1.064,0.939,1.128,94.962,1.094,1.099,10.589,1.059,0.971,1.004,98.482
3,95.371,114.796,94.702,1.044,101.727,108.777,0.977,113.183,114.759,95.875,1.01,105.235,109.021,1.015,96.523
3,95.403,114.937,107.18,1.005,112.305,96.32,0.964,111.15,104.097,107.507,1.054,101.916,94.412,1.075,105.277
4,95.499,1.037,1.177,9.728,1.133,0.918,1.104,96.602,0.956,1.182,9.98,1.09,1.043,1.14,101.98
4,95.516,1.092,1.003,9.9,1.054,0.97,1.126,109.076,0.966,1.001,10.729,1.004,1.002,1.131,95.318
1,95.523,112.996,104.323,9.815,109.583,103.411,10.943,10.321,98.795,99.456,10.34,105.372,115.052,10.719,10.505
3,95.777,101.074,106.812,1.1,105.637,96.436,1.097,112.676,113.285,110.136,0.955,100.031,94.341,1.014,111.544
2,95.965,101.971,99.157,113.23,109.439,98.661,109.899,109.308,98.777,103.043,115.531,110.378,107.353,98.733,100.388
4,96.099,1.029,1.009,9.658,0.986,1.042,1.174,105.778,0.978,1.135,10.907,1.063,0.95,1.012,110.533
3,96.279,100.998,96.959,1.028,98.474,97.649,1.076,112.368,110.442,95.306,1.092,107.502,103.794,0.973,99.68
4,96.295,1.015,1.015,10.715,0.986,1.078,1.037,110.294,0.968,1.015,10.193,1.143,0.964,1.139,106.012
2,96.555,113.574,98.202,104.915,97.014,94.461,110.628,94.957,113.334,103.177,100.226,97.967,108.473,109.471,109.424
4,96.563,0.966,1.08,10.683,1.047,1.021,1.173,103.615,1.055,1.184,10.208,1.089,0.944,1.103,109.944
2,96.653,105.366,104.48,99.697,96.896,101.571,103.789,106.7,99.21,104.595,110.078,97.813,98.626,107.413,106.269
2,97.038,101.62,112.684,109.154,96.991,96.268,109.295,111.173,115.888,99.641,113.459,97.627,106.006,106.647,97.443
4,97.192,1.068,1.169,9.504,0.991,0.945,1.152,111.229,1.025,1.082,10.799,1.109,1.002,1.044,102.008
4,97.347,1.12,1.158,10.137,1.004,0.919,1.091,102.627,1.028,1.053,11.109,1.117,1.03,1.008,105.778
1,97.348,100.433,112.907,10.852,108.43,109.859,11.234,10.243,114.275,107.655,11.184,106.912,103.664,10.26,9.95
1,97.991,114.712,114.614,9.944,106.569,111.706,10.814,10.109,107.251,101.218,10.473,101.037,100.145,10.908,10.363
3,98.357,114.684,107.426,1.08,113.264,92.866,1.078,102.294,113.344,100.778,1.075,103.922,97.504,0.935,104.393
4,98.363,1.04,1.011,9.66,1.026,1.042,1.131,94.461,1.034,1.125,10.812,1.075,0.918,1.029,106.692
4,98.437,1.061,0.996,10.777,1.081,1.073,1.137,108.598,1.002,1.001,10.451,1.03,1.013,1.15,94.627
4,98.504,1.067,1.12,10.96,1.136,1.071,1.004,103.61,0.989,1.057,10.863,0.977,1.088,1.06,100.514
4,98.51,1.032,1.083,11.205,1.126,0.984,1.005,106.383,0.963,1.055,10.972,0.977,1.043,1.042,95.578
1,98.523,111.729,111.318,11.068,107.634,105.695,11.354,11.277,113.344,116.498,10.289,105.072,105.253,11.461,9.819
3,98.691,115.337,101.132,1.058,105.719,93.492,1.097,106.885,110.825,99.651,1.081,108.357,99.566,0.988,113.266
2,98.913,99.945,97.869,99.962,96.099,103.675,112.819,93.804,114.066,97.518,110.437,112.983,98.965,109.243,94.348
3,99.383,98.125,102.59,1.121,113.119,104.162,1.078,113.145,107.144,98.736,1.052,110.236,93.104,0.943,113.402
2,99.819,104.041,109.058,116.309,98.464,95.995,111.379,93.927,110.843,103.154,109.931,96.014,92.43,95.822,106.631
4,99.944,1.092,1.182,11.093,0.985,0.954,1.154,99.132,1.016,1.083,10.125,1.09,1.004,1.0,111.233
4,99.952,1.131,1.117,10.051,0.995,1.036,1.142,96.974,1.099,1.0,10.05,1.148,0.962,1.02,101.386
1,99.955,101.757,107.561,10.43,99.41,115.598,10.807,10.758,97.818,101.986,10.767,97.172,105.498,11.456,11.242
2,100.079,98.817,105.605,110.328,110.784,96.15,106.165,106.517,107.369,113.467,106.43,100.333,96.175,94.925,107.079
2,100.145,99.728,102.728,115.642,105.797,98.305,109.081,106.417,115.067,101.393,103.239,100.339,97.495,98.34,94.309
4,100.162,1.003,1.015,10.314,1.097,0.964,1.065,95.7,1.086,1.149,9.791,1.042,1.013,1.053,94.649
3,100.809,104.816,95.875,1.092,111.483,100.718,0.964,100.338,103.557,98.068,1.063,113.945,93.119,1.073,102.764
3,100.936,111.595,102.805,1.024,104.285,106.787,1.002,102.065,103.203,100.575,1.116,108.783,93.414,1.044,106.53
2,101.301,101.047,107.351,104.77,105.39,107.393,95.141,96.27,106.313,104.256,106.69,106.974,102.388,95.469,96.007
1,101.355,103.649,100.727,9.96,112.219,100.657,10.654,11.014,101.813,104.185,9.872,98.159,98.156,9.971,11.498
4,101.376,1.056,1.156,9.542,1.029,0.915,1.105,100.307,1.082,1.104,10.218,1.112,0.932,1.1,94.67
2,101.393,115.006,103.375,99.862,108.153,100.71,110.628,105.109,105.589,97.869,116.586,96.622,98.85,104.289,101.518
4,101.454,1.098,1.178,9.945,1.089,0.963,1.044,97.667,0.966,1.105,9.872,1.051,0.988,1.052,110.146
3,101.625,105.999,95.306,1.091,105.22,107.032,0.947,96.453,102.303,100.688,1.001,109.423,100.534,1.009,101.053
1,101.688,112.765,110.129,11.021,95.309,113.148,10.091,10.792,113.363,100.421,10.404,113.217,113.182,11.546,11.399
3,101.76,109.252,94.482,0.956,106.647,101.009,0.938,110.655,102.847,107.738,1.109,109.811,107.032,0.956,103.085
3,102.132,97.645,97.285,1.029,109.954,98.254,1.077,100.834,106.973,97.594,1.125,112.086,99.29,1.076,96.953
1,102.153,112.69,112.169,10.313,96.323,105.559,9.994,11.421,98.709,100.793,10.666,104.358,114.904,11.522,11.188
2,102.222,98.936,107.176,100.226,101.876,91.953,100.872,110.876,102.912,104.976,98.206,107.755,105.313,112.664,108.53
4,102.502,0.979,1.141,10.118,1.046,1.0,1.165,102.56,1.093,1.068,11.049,1.063,1.043,1.076,95.412
3,102.673,110.132,96.205,0.996,99.337,93.806,1.088,104.132,97.771,108.644,1.067,100.915,93.864,0.986,111.989
3,102.809,102.295,102.578,1.084,111.533,98.013,1.041,101.824,106.162,96.454,1.073,102.509,93.833,0.98,109.422
2,102.825,108.295,96.908,99.232,106.225,95.1,97.219,105.049,116.789,113.067,103.621,98.511,91.689,98.291,108.666
2,102.837,113.189,106.186,98.974,107.27,96.961,96.59,105.503,113.937,111.622,113.692,107.135,97.966,107.485,94.706
1,102.876,100.569,114.129,10.711,103.636,101.054,11.499,9.998,97.74,99.371,11.005,107.221,112.837,10.778,10.025
4,103.312,1.016,1.183,10.31,1.109,0.96,1.11,97.197,0.97,1.001,10.728,0.985,1.035,1.039,96.274
4,103.355,1.008,1.026,10.314,1.031,1.07,0.993,103.245,0.983,1.133,10.642,1.059,0.964,1.13,98.69
1,103.402,104.383,109.583,10.103,110.386,105.778,10.212,10.161,99.517,113.45,9.979,101.419,114.243,10.771,11.16
1,103.52,107.283,109.819,10.919,109.18,111.707,11.097,10.283,108.503,116.531,10.135,96.408,112.988,11.29,9.819
2,103.697,110.399,112.527,107.297,113.971,103.255,105.833,110.581,111.283,111.069,107.23,97.262,92.761,97.105,110.737
4,103.749,0.954,1.115,10.006,0.98,0.934,1.073,98.833,0.953,1.107,10.182,1.062,1.024,0.998,95.11
3,103.75,107.729,100.075,0.972,101.818,96.116,1.031,110.402,103.059,99.651,0.959,101.785,105.091,1.0,102.473
1,103.807,113.516,109.622,10.728,101.394,98.477,10.209,11.26,108.461,99.025,10.554,103.839,113.923,10.881,10.737
4,103.884,0.979,1.087,9.84,0.972,1.067,1.001,97.848,1.061,1.082,10.825,1.036,1.086,1.152,108.549
2,104.448,100.951,97.802,114.377,111.868,107.762,108.709,100.447,111.023,101.21,107.938,104.844,94.549,109.364,99.626
3,105.317,106.703,109.011,1.103,101.437,97.498,0.967,103.39,98.358,109.857,1.084,109.752,97.646,1.08,97.904
3,105.606,97.709,104.746,1.127,105.547,108.93,0.926,110.812,107.672,100.902,0.96,115.005,100.306,0.984,97.729
1,105.827,103.483,109.111,10.334,98.769,99.156,11.62,9.94,102.919,99.716,9.418,107.35,107.988,11.273,9.926
1,105.86,97.726,110.378,11.17,112.206,114.904,11.389,11.306,112.333,116.498,10.189,110.268,105.253,10.573,10.819
1,105.965,98.986,110.73,9.841,112.003,109.381,10.757,9.887,113.278,110.033,10.806,112.356,105.597,10.991,10.949
4,106.175,1.104,1.016,9.594,1.019,0.955,1.027,99.845,0.958,1.068,10.729,1.065,1.001,1.154,106.745
4,106.21,0.954,1.111,10.104,1.0,1.014,0.992,100.097,1.119,1.047,10.885,1.06,1.071,1.072,104.652
1,106.474,100.146,116.531,9.484,98.268,105.216,10.19,11.159,113.521,114.901,11.187,101.811,113.804,11.28,10.17
1,106.476,98.272,100.97,10.969,112.295,104.013,11.019,11.305,102.016,107.582,10.778,96.028,108.645,11.651,9.824
3,106.578,103.905,97.072,1.088,104.548,105.123,0.968,105.232,103.761,109.406,1.04,109.023,92.694,1.01,104.34
1,106.827,115.034,103.808,10.573,107.023,97.657,11.322,11.399,108.261,113.45,9.883,99.435,109.2,10.576,10.081
2,107.178,106.016,97.594,114.029,100.77,108.296,111.379,97.596,108.351,98.965,106.793,109.132,100.258,98.63,105.377
4,107.559,0.98,1.053,9.717,0.965,0.964,1.154,99.61,1.053,1.086,9.561,1.102,0.983,1.078,105.233
4,107.577,1.107,1.042,10.09,1.016,0.986,1.168,100.588,0.979,1.144,10.197,1.135,1.053,0.994,101.843
4,107.623,0.955,1.125,10.481,1.138,1.059,1.154,95.579,1.079,1.006,10.554,0.967,1.017,1.092,95.241
1,107.644,99.364,115.353,11.011,107.268,114.577,11.129,9.713,109.165,111.526,9.599,104.644,111.528,11.137,11.175
3,107.796,113.389,106.939,1.031,114.089,96.946,1.011,110.85,99.28,95.847,0.976,113.758,109.438,0.932,111.744
1,108.135,108.433,111.871,9.567,113.186,108.217,11.051,11.111,114.777,114.383,10.445,99.806,97.741,10.52,9.95
4,108.198,1.042,1.106,10.988,1.042,1.023,1.004,94.29,1.027,1.105,10.101,1.083,1.082,1.146,104.434
1,108.225,110.396,112.906,10.097,104.656,106.982,10.669,10.819,100.642,109.175,10.462,97.208,111.742,11.104,10.657
1,108.269,101.764,114.382,9.473,102.72,97.945,10.226,11.059,98.495,109.524,9.45,105.596,104.889,10.275,10.657
2,108.514,111.678,101.272,110.651,113.356,107.525,103.117,97.845,110.833,102.96,112.691,113.753,93.646,105.475,105.755
2,108.821,99.189,104.101,101.424,105.165,103.821,95.663,95.782,106.897,99.754,107.242,113.019,107.357,97.135,105.594
4,108.87,0.967,1.077,10.683,1.109,0.92,1.075,101.343,1.081,1.062,10.375,1.108,0.969,1.049,109.415
2,109.033,98.801,105.302,109.971,103.594,95.511,95.74,100.136,115.101,99.83,102.911,113.932,102.274,102.862,111.32
4,109.1,1.041,1.125,10.491,1.131,0.926,1.046,109.502,1.012,1.116,10.93,1.126,1.011,1.077,101.392
4,109.334,1.128,1.161,10.519,1.108,1.069,1.12,111.05,0.98,1.098,9.542,1.117,1.06,1.088,111.181
1,109.426,112.289,107.678,11.131,111.591,106.967,10.062,11.093,102.594,116.237,10.012,108.368,98.129,10.497,11.448
2,109.432,104.203,103.181,115.639,101.468,105.981,105.079,94.111,111.623,113.864,100.369,105.895,108.149,103.743,103.398
3,109.858,103.905,107.125,1.109,103.225,93.7,1.083,100.81,104.927,108.469,0.996,102.766,94.603,0.973,108.036
3,109.906,98.255,103.303,1.001,105.263,105.662,1.065,112.638,113.563,101.507,1.086,99.514,105.696,1.011,104.598
3,109.999,104.707,102.839,1.049,112.509,96.186,0.975,111.297,100.27,95.458,1.066,99.878,96.723,0.995,100.322
3,110.128,113.841,98.796,1.021,102.629,93.867,1.023,113.085,115.133,107.626,1.12,101.535,94.811,0.946,98.796
1,110.162,101.331,112.915,9.792,97.147,107.758,11.121,11.282,101.764,112.907,10.411,105.717,109.92,10.364,11.016
2,110.312,104.923,101.465,115.639,101.798,98.318,96.244,104.507,104.86,105.664,105.249,100.27,104.574,100.861,98.922
4,110.376,1.079,1.165,10.259,0.996,0.932,1.174,109.053,1.116,1.174,9.446,1.145,1.042,1.118,98.482
2,110.927,113.354,111.565,99.282,110.837,101.966,101.015,106.949,104.412,110.412,112.362,97.888,103.424,106.647,104.171
4,111.044,1.0,1.119,10.002,1.109,1.06,1.039,106.984,1.112,1.179,11.208,1.106,1.053,1.097,106.667
1,111.082,115.429,115.143,10.309,98.385,108.906,10.073,9.918,104.573,100.523,10.473,108.11,99.302,11.735,11.039
3,111.133,98.255,93.321,1.003,104.429,108.241,1.016,107.258,111.641,103.448,1.061,99.471,92.84,0.954,112.489
1,111.717,103.485,112.015,10.927,95.471,113.115,11.566,10.935,101.793,112.1,10.29,109.292,113.003,11.269,10.486
2,111.939,106.305,112.503,111.07,96.312,93.863,98.668,94.436,103.857,96.407,108.002,111.769,97.966,108.214,95.947
2,112.171,111.477,98.196,114.291,102.218,105.452,108.069,109.265,105.76,114.071,104.442,101.387,99.124,104.825,100.997
1,113.045,108.247,111.491,10.698,106.829,100.765,10.132,10.075,102.067,99.774,10.364,95.848,112.531,11.317,11.257
3,113.176,102.677,98.553,1.071,103.229,93.505,1.036,98.888,98.469,110.183,0.988,103.2,95.879,1.021,97.043
4,113.382,1.093,1.156,9.828,1.141,0.967,1.1,97.591,1.052,1.002,10.546,0.991,1.033,1.093,109.509
1,113.477,105.846,115.478,10.576,111.718,112.996,11.566,10.824,108.273,102.767,11.142,110.916,98.901,10.095,10.311
2,113.715,109.25,107.035,102.191,103.47,99.229,110.853,106.733,102.503,109.784,104.247,102.595,107.751,100.96,99.135
4,113.768,0.99,1.076,10.079,1.025,1.045,1.092,101.547,0.987,1.105,9.658,1.139,0.953,1.121,103.361
2,113.989,116.203,97.567,102.049,98.041,97.702,96.586,99.565,111.041,109.122,100.065,109.708,93.467,112.478,109.937
1,115.239,105.416,99.618,9.896,100.322,98.129,11.523,10.092,113.273,99.66,10.862,101.879,108.192,10.449,10.723
2,115.291,115.97,111.775,112.587,113.678,94.9,97.698,98.773,100.612,107.406,106.332,105.683,97.495,109.897,95.039
1,115.573,102.855,104.74,10.696,99.322,97.987,11.522,10.98,98.885,115.626,10.498,103.583,105.695,11.267,9.924
1,115.864,106.967,102.209,11.021,100.394,104.791,10.045,10.129,112.665,104.938,9.991,97.603,108.305,10.78,10.479
4,115.954,1.029,1.085,10.05,1.11,1.026,1.004,97.858,1.092,1.165,10.988,1.137,0.973,1.054,95.483
4,116.105,0.979,1.087,11.167,1.002,1.023,1.132,108.445,0.953,1.178,9.708,1.002,1.061,1.172,102.745
2,116.125,105.618,102.455,105.459,113.173,93.564,100.802,100.404,108.151,99.184,105.926,112.629,100.22,104.0,95.25
2,116.312,100.208,97.703,98.303,97.562,96.546,110.114,103.808,113.418,103.631,103.39,104.446,106.67,99.331,108.128
4,116.481,1.08,1.033,9.639,1.024,0.964,1.067,93.765,1.082,1.086,11.181,1.077,0.999,1.028,105.71
1,116.504,115.844,117.409,10.431,104.831,99.941,10.599,9.779,101.697,109.808,10.383,99.369,104.39,11.276,10.305
3,116.553,99.313,108.75,1.027,98.771,105.772,1.072,106.774,102.642,100.061,1.021,98.8,106.78,1.061,101.062
1,116.812,103.327,114.204,9.48,112.866,100.803,10.091,11.478,102.299,105.199,9.665,101.316,108.73,11.252,10.917
4,117.436,1.09,1.061,10.537,1.066,1.044,1.109,98.933,1.092,1.142,9.49,1.016,1.008,1.01,108.289
2,117.469,116.826,110.098,99.764,111.297,103.237,98.753,95.084,116.789,113.496,104.991,97.818,108.807,108.639,106.269
2,117.629,108.461,97.518,116.179,96.468,98.941,108.651,102.064,113.564,114.158,115.832,101.584,100.414,109.129,95.792
3,117.638,107.886,95.328,1.012,110.229,96.436,0.942,108.229,105.921,101.611,1.059,110.091,104.402,1.005,102.519
2,117.695,115.138,96.842,107.621,100.333,98.911,103.789,101.633,101.713,96.326,104.668,97.72,108.262,112.047,110.449
2,117.851,104.656,107.267,108.208,110.028,95.389,97.186,98.779,101.476,113.267,100.038,110.124,94.027,110.447,105.1
1,117.867,98.479,103.827,11.145,103.412,111.75,10.525,10.395,104.402,107.639,9.626,101.951,113.923,11.229,10.949
2,118.502,106.378,103.189,104.307,96.634,106.947,109.027,102.736,102.634,99.902,98.894,97.969,93.065,95.663,93.804
2,118.504,107.466,109.146,106.484,96.341,93.756,109.027,101.551,114.565,100.675,106.989,106.44,91.996,110.716,102.687
3,118.856,112.785,96.997,1.013,106.765,108.023,0.977,102.036,106.599,95.078,1.097,101.011,104.346,0.967,100.519
1,119.182,100.056,105.938,10.673,109.891,114.584,11.448,10.123,99.757,110.593,9.554,112.003,97.657,10.739,11.05
3,119.26,114.44,96.796,1.108,105.198,98.026,1.062,101.097,102.454,101.003,0.968,113.464,104.963,1.039,113.818
1,119.282,115.674,112.915,9.431,108.169,106.355,10.854,11.164,98.785,107.294,9.687,98.061,111.221,10.428,9.936
4,119.461,1.046,1.088,10.893,1.146,1.075,1.161,109.262,0.964,1.098,10.347,1.056,1.052,1.106,101.245
2,119.829,101.632,102.568,106.146,107.36,107.071,99.39,110.436,106.709,98.965,108.82,99.826,100.456,108.493,108.441
1,119.948,115.487,107.208,9.978,107.558,110.162,11.415,11.387,107.283,107.984,9.526,104.426,112.829,9.982,10.83
1,120.223,103.818,108.356,10.048,110.686,113.473,11.501,9.977,113.005,113.795,11.021,111.692,106.845,11.499,11.423
3,120.283,104.927,103.693,1.063,101.383,109.369,0.946,99.732,115.257,100.898,1.091,115.903,95.651,1.08,110.461
3,120.316,112.181,101.509,0.983,98.193,92.354,0.98,109.262,112.487,107.918,1.083,104.001,98.179,0.95,113.546
3,120.326,114.339,94.44,1.102,108.68,103.303,0.987,103.158,106.973,95.519,1.043,103.101,98.029,0.927,97.681
3,120.412,115.702,107.336,1.01,99.514,97.315,1.084,110.086,114.49,94.38,0.975,107.958,94.925,1.057,110.436
3,120.731,108.034,99.055,0.977,112.733,103.759,0.947,114.538,102.517,103.261,1.042,99.764,109.533,1.086,110.975
4,120.942,1.06,1.127,10.659,1.138,1.007,1.056,98.277,0.968,1.162,10.631,1.058,1.02,1.04,107.146
4,120.953,1.098,1.087,11.042,1.077,1.066,1.008,96.174,1.022,1.133,10.414,1.049,0.963,1.025,101.245
1,120.999,101.667,100.4,9.998,96.356,97.92,11.053,10.647,100.546,113.814,11.092,96.212,97.71,10.947,9.984
3,122.255,112.418,98.457,1.102,114.854,92.412,0.987,105.423,101.265,96.108,1.067,111.493,95.783,1.086,111.135
2,122.56,104.572,108.858,110.699,105.804,107.371,100.377,107.412,101.92,113.423,112.585,97.781,108.047,104.341,104.016
1,122.631,101.237,108.4,9.65,96.285,115.354,11.754,11.472,114.439,107.1,9.942,99.822,107.823,10.074,11.306
4,122.737,1.047,1.042,10.293,1.095,0.957,1.065,94.791,1.029,1.096,10.77,1.022,1.014,1.139,97.14
1,123.027,103.771,113.005,10.216,110.497,104.954,11.053,10.881,101.506,107.16,10.223,104.092,104.213,11.064,9.816
3,123.06,100.889,101.282,1.013,113.168,98.588,0.968,107.968,107.07,97.194,1.093,109.86,95.569,0.946,110.863
4,123.188,1.007,1.152,10.398,1.11,1.033,1.091,106.908,1.108,1.052,9.587,0.986,1.059,1.09,106.41
3,123.215,114.915,94.164,1.041,98.112,102.818,1.057,105.995,114.788,97.592,0.948,107.726,99.099,0.99,99.781
1,123.232,98.479,114.204,10.521,105.657,111.241,10.439,11.478,98.006,110.744,10.162,95.864,99.32,9.966,11.087
4,123.278,0.98,1.067,10.475,0.996,1.026,1.176,99.124,0.963,1.052,10.102,1.002,0.925,1.068,96.651
4,123.431,1.082,1.157,11.033,1.014,0.985,1.004,103.957,0.962,1.125,10.974,1.082,0.919,1.1,106.519
3,123.488,101.526,103.897,1.043,100.649,108.606,1.062,105.31,104.636,98.04,0.951,114.353,109.107,1.088,97.869
4,123.602,1.048,1.013,9.563,1.088,0.975,1.017,100.648,0.971,1.001,9.594,1.102,0.934,0.996,104.505
2,123.801,111.788,106.331,106.267,101.903,102.631,102.589,108.296,108.669,103.575,105.133,109.308,98.726,100.273,103.35
4,124.109,0.993,1.08,9.569,1.025,1.038,1.026,102.082,0.971,1.133,9.528,1.073,1.04,1.031,105.036
3,124.121,110.56,99.436,1.078,97.942,103.604,0.94,96.523,101.552,104.36,1.116,98.771,97.117,0.963,97.253
1,124.342,113.243,115.922,10.775,101.256,111.18,10.109,11.338,99.07,99.975,10.81,101.007,97.491,11.601,9.766
1,124.531,105.005,111.594,9.472,110.589,112.824,11.364,11.47,106.98,102.085,10.256,97.155,115.757,11.099,10.806
4,124.546,0.981,1.161,10.93,1.116,0.964,1.152,100.886,0.959,1.157,11.199,1.129,1.071,1.062,104.585
3,125.214,102.931,105.294,1.022,103.768,107.714,1.006,103.158,109.355,105.222,1.087,110.229,102.926,1.073,108.68
4,125.464,0.967,1.165,10.399,1.088,0.926,1.001,109.097,1.124,1.119,11.031,1.075,0.916,1.132,108.845
4,125.491,1.098,1.08,10.127,1.089,1.021,0.997,95.023,0.971,1.071,11.115,1.104,1.067,1.068,104.777
2,125.645,104.923,112.692,110.839,107.36,93.373,107.141,102.204,113.737,110.855,100.935,96.297,104.146,112.838,94.543
4,125.713,1.119,1.18,10.289,1.105,0.95,1.029,108.33,0.983,1.076,9.432,1.04,0.923,1.132,102.911
2,125.784,117.435,101.587,98.582,101.053,106.223,105.388,102.891,99.519,110.89,106.447,104.332,98.955,106.615,100.283
4,125.91,0.955,1.108,10.556,1.079,0.967,0.997,98.136,1.101,1.176,10.683,1.107,1.071,1.161,110.537
4,126.196,0.97,1.022,10.226,1.064,0.963,1.074,102.188,0.987,1.182,10.947,1.115,0.964,1.126,103.81
2,126.236,105.352,103.497,116.494,104.565,107.357,99.39,105.115,107.3,111.353,111.264,100.446,91.783,98.207,106.96
4,126.329,0.976,1.136,10.143,1.056,0.994,1.063,109.54,1.053,1.012,10.559,1.002,1.065,1.156,101.106
1,126.455,102.127,116.379,10.828,96.244,104.125,11.447,10.929,113.053,107.987,10.455,96.852,104.67,11.04,9.734
1,126.604,100.688,103.848,10.135,96.925,103.916,10.881,11.396,99.549,105.952,10.394,102.283,106.338,10.414,10.931
1,126.616,114.004,102.085,9.817,108.04,99.265,10.888,9.799,113.011,106.845,11.096,105.637,105.695,10.307,10.218
1,126.787,115.564,111.299,9.465,107.524,102.57,9.983,10.442,98.625,116.513,11.012,104.765,100.811,11.128,11.116
1,127.089,98.219,108.13,10.321,111.245,99.41,11.622,10.213,110.774,115.542,9.45,111.223,100.737,11.779,10.442
2,127.305,104.16,112.756,106.284,111.711,102.837,98.58,98.81,99.814,110.569,102.166,102.893,91.996,107.413,105.1
3,127.353,114.632,107.324,1.037,110.913,98.583,1.011,113.816,103.833,93.513,1.045,109.423,107.715,1.015,107.474
1,127.409,103.14,103.363,11.06,111.757,112.539,11.267,10.322,98.971,103.949,10.208,107.599,109.798,11.216,10.96
2,127.569,108.353,105.498,114.742,110.35,91.79,108.361,110.628,100.502,109.208,110.575,112.056,99.924,102.727,94.31
3,127.65,104.746,108.347,1.024,109.422,94.063,0.941,100.106,98.348,109.942,1.12,102.366,94.555,0.934,112.328
2,127.745,107.232,107.624,108.833,98.819,101.966,110.001,110.334,101.134,102.445,99.508,111.587,105.252,103.242,106.322
4,128.629,1.107,1.082,9.679,1.113,1.039,1.075,94.396,1.066,1.002,10.139,1.089,0.993,1.046,103.344
1,128.667,112.027,111.299,9.766,97.09,113.886,11.455,11.467,110.5,114.676,9.84,110.236,115.54,11.0,9.75
1,129.095,105.418,104.375,9.89,101.352,113.483,10.345,9.787,106.875,114.23,9.456,108.072,115.885,10.754,9.771
4,129.133,1.082,1.106,10.399,1.114,1.06,1.172,104.656,1.085,1.174,11.072,1.108,0.932,1.082,104.445
4,129.269,1.016,1.1,11.073,1.003,1.037,1.073,94.461,1.015,1.183,10.997,1.07,1.067,1.076,110.804
1,129.319,110.157,101.383,10.393,96.08,100.185,10.107,11.32,99.07,99.722,10.189,102.72,111.528,11.69,10.818
2,129.645,117.262,112.91,105.428,113.209,107.762,107.485,98.164,113.172,110.038,112.168,97.703,99.847,95.244,110.221
1,129.791,106.903,106.9,11.049,108.072,108.387,11.523,9.71,100.691,103.678,11.068,96.285,110.488,9.995,10.409
1,130.219,107.364,100.717,10.716,101.169,97.51,10.411,10.454,103.483,105.282,10.29,111.427,112.791,10.626,11.307
1,130.331,115.487,104.45,10.028,112.661,114.916,10.388,11.216,105.328,112.061,10.827,98.687,107.182,10.794,9.774
3,130.578,106.401,109.453,1.123,108.032,100.16,0.975,106.083,115.077,98.88,1.006,106.429,103.545,1.065,104.995
4,130.742,1.121,1.065,10.385,1.082,1.02,1.168,103.64,0.999,0.998,11.172,1.132,0.948,1.075,95.912
1,130.92,114.683,99.803,11.109,97.478,104.226,10.331,11.384,110.398,110.564,9.533,98.574,107.791,10.644,10.223
2,131.032,109.667,103.181,101.355,107.597,98.85,102.403,94.522,107.375,111.769,111.552,96.612,102.204,99.504,94.74
3,131.068,103.988,103.779,1.021,102.024,108.419,0.974,114.162,97.543,104.706,1.046,100.649,93.26,0.956,103.969
1,131.09,100.771,108.869,9.929,109.887,108.899,10.786,10.841,101.17,105.964,10.439,107.154,114.916,10.315,10.246
1,131.391,111.123,111.034,9.966,100.223,107.262,11.428,10.004,104.827,111.526,11.035,101.316,110.34,10.534,10.299
3,131.536,114.26,102.749,1.085,100.003,108.402,0.997,114.557,106.718,104.796,1.012,105.901,104.197,1.039,114.195
4,131.76,1.13,1.05,11.107,1.132,0.993,1.016,106.906,1.046,1.079,11.11,1.039,1.066,1.029,98.511
1,131.885,102.319,107.264,10.815,99.002,100.476,10.623,9.918,108.191,101.054,10.193,110.057,104.343,11.716,10.552
4,132.081,1.053,1.094,10.218,1.082,0.986,1.077,106.364,1.109,1.14,9.88,1.061,1.059,1.106,105.293
2,132.437,111.967,105.664,107.938,97.577,91.916,97.219,102.649,114.48,102.845,110.704,104.427,97.096,106.596,100.189
1,132.873,110.398,112.893,9.69,104.128,101.111,10.011,10.025,101.66,99.975,10.977,108.766,115.224,10.903,9.762
3,133.091,106.718,100.576,0.975,105.627,96.56,1.058,102.191,101.941,107.009,1.044,97.535,102.297,1.024,103.372
1,133.18,97.689,106.389,11.125,108.11,102.759,11.118,11.039,104.877,108.431,10.218,111.095,104.127,11.488,10.387
3,133.295,109.419,94.178,0.954,101.011,93.251,0.927,106.657,102.355,98.244,1.003,101.818,97.186,1.059,106.875
2,133.366,108.692,103.651,113.983,96.669,92.854,96.452,98.266,110.981,113.495,106.567,108.1,99.409,110.061,100.361
3,133.703,103.678,107.597,1.089,101.663,99.921,1.082,108.041,104.293,106.342,1.052,115.179,104.842,0.943,100.381
3,134.011,97.965,102.554,1.103,111.22,107.985,1.084,103.531,99.632,102.578,1.085,101.521,99.789,0.973,105.454
3,134.169,114.322,104.704,1.024,111.491,96.587,0.985,111.362,110.909,93.424,1.124,110.205,101.272,0.988,111.466
4,134.253,0.985,1.111,10.012,1.013,1.078,1.004,102.914,1.038,1.041,10.694,1.077,0.919,1.001,104.108
1,134.321,101.029,117.186,9.681,108.668,111.91,10.813,9.932,104.19,112.778,10.002,112.145,102.57,10.467,9.929
1,134.608,100.134,106.528,9.896,108.646,112.513,10.553,11.382,103.338,99.325,10.168,95.846,111.261,11.643,10.741
4,134.818,1.045,1.125,11.202,1.014,1.022,1.019,109.434,0.98,1.036,10.986,1.147,1.029,1.075,95.02
1,134.831,110.945,111.119,10.905,104.418,107.953,11.081,10.653,98.986,115.101,10.032,101.037,110.131,10.842,11.284
4,134.863,1.058,1.121,10.487,1.011,0.922,1.116,100.271,1.053,1.168,10.371,1.014,0.929,1.096,110.315
4,135.203,0.97,1.155,10.728,0.985,0.938,1.096,106.684,1.096,1.149,10.573,0.969,0.962,1.012,96.129
2,136.138,107.291,99.501,115.153,98.593,91.83,103.75,108.369,103.511,104.929,105.752,104.276,91.783,99.635,99.539
1,136.182,108.461,103.986,10.818,95.585,102.15,10.192,10.289,98.519,114.061,10.236,106.612,107.53,10.171,10.581
2,136.207,98.817,99.026,106.648,97.499,107.462,111.462,94.918,104.859,107.632,106.561,112.117,103.727,106.652,111.537
3,136.229,107.417,97.294,0.964,104.274,94.925,1.009,107.075,104.391,105.733,1.11,104.591,98.256,1.089,106.039
3,136.394,101.96,95.978,1.035,98.175,93.429,0.976,96.789,105.448,102.805,1.041,113.766,106.558,1.066,108.223
1,136.615,107.633,113.005,11.185,107.599,99.302,10.878,10.162,110.716,101.692,11.096,96.702,113.464,11.761,10.129
3,136.692,112.704,109.805,0.999,103.929,93.733,1.034,114.488,104.353,103.931,1.118,111.894,92.179,0.935,112.931
1,136.992,105.248,111.52,10.294,102.008,100.334,10.751,11.401,98.098,117.267,10.226,99.864,111.319,11.589,9.86
1,137.005,114.554,117.239,11.187,113.084,111.607,11.025,10.449,100.321,105.691,9.86,101.619,106.791,10.587,10.971
2,137.107,100.263,106.34,110.193,110.029,98.305,97.124,108.61,100.071,109.69,102.349,98.464,103.17,103.131,100.98
1,137.18,113.737,110.49,10.34,101.562,100.712,11.527,10.673,104.451,101.438,9.782,105.625,107.044,10.672,10.195
1,137.518,114.922,106.367,9.832,113.217,99.552,10.049,11.32,100.275,110.874,10.724,111.204,104.343,10.448,10.479
3,137.748,112.891,96.65,1.093,99.55,101.307,1.039,96.705,115.012,98.04,0.969,115.713,99.622,1.008,114.274
4,137.798,1.063,1.092,10.62,1.143,1.037,1.05,98.43,1.093,1.046,10.559,1.052,1.004,1.112,105.355
3,137.83,105.398,106.291,1.008,110.479,103.303,1.088,107.485,107.373,105.433,1.047,97.707,103.57,1.065,96.618
4,137.859,0.986,0.998,10.153,1.146,0.983,1.089,111.181,1.007,1.172,9.46,1.074,0.981,1.062,96.193
1,137.901,105.053,117.113,9.614,110.377,99.476,10.897,10.39,99.06,99.963,10.327,104.403,106.038,11.513,10.71
3,137.922,98.264,100.465,1.112,109.224,103.487,0.929,98.492,103.592,106.347,1.053,109.422,107.8,0.955,114.313
3,138.143,102.549,109.49,1.118,103.263,109.052,1.085,100.378,110.648,94.254,0.999,114.323,99.345,1.069,98.235
4,138.243,1.069,1.046,9.56,1.058,0.926,1.154,97.832,0.968,1.054,9.733,1.003,1.045,0.993,102.008
4,138.378,1.109,1.103,9.766,1.032,0.948,1.111,105.133,0.959,1.124,11.093,1.016,1.023,1.008,98.511
1,138.39,112.697,114.056,9.495,112.003,113.62,10.771,10.703,111.646,103.235,10.517,105.863,101.068,11.218,10.758
2,138.532,103.704,97.013,113.757,108.125,100.077,100.207,108.499,103.951,103.128,105.942,111.179,108.748,100.706,99.348
3,138.898,106.536,108.75,1.109,98.465,93.749,1.063,108.164,113.841,101.57,1.114,110.909,92.716,0.941,104.737
3,139.302,105.147,107.656,1.067,109.025,105.441,1.003,103.654,107.373,100.332,1.054,109.739,107.738,1.09,101.883
3,139.358,105.345,93.958,1.045,97.996,108.842,1.049,113.27,111.231,97.568,0.992,105.61,106.805,0.938,104.405
4,139.383,1.104,1.067,10.592,1.104,0.994,1.017,106.625,1.119,1.064,10.347,1.071,1.009,1.094,102.315
3,139.529,102.357,97.411,1.084,110.366,100.429,0.935,105.49,102.685,102.344,0.994,113.037,92.788,1.075,107.983
3,139.706,112.621,97.691,1.07,110.992,107.716,1.077,114.427,107.413,109.484,1.067,112.162,95.114,0.938,99.081
2,139.948,101.727,108.621,98.263,96.908,94.9,95.312,101.817,109.714,96.657,112.376,110.657,98.349,110.534,98.816
3,140.018,103.517,94.403,1.09,99.469,99.697,1.031,110.932,97.709,105.833,0.986,107.676,100.82,1.027,96.751
1,140.129,102.919,102.92,10.505,109.034,115.54,10.197,9.906,102.175,109.619,9.612,96.991,102.168,11.613,10.109
1,140.305,108.965,108.91,10.319,95.4,113.148,10.31,11.143,111.026,99.149,10.197,95.87,115.133,11.611,11.203
4,140.381,1.121,1.13,10.371,1.09,0.97,1.175,108.078,1.069,1.006,10.49,0.999,0.931,1.01,108.772
2,140.743,104.758,101.705,104.888,107.755,105.71,104.131,95.893,101.696,114.28,110.928,97.073,106.536,105.985,106.619
1,141.015,98.677,107.855,9.871,111.695,99.984,11.69,11.375,104.065,104.45,10.243,98.88,100.657,11.54,11.1
2,141.199,113.027,110.874,101.118,98.138,96.719,106.138,102.74,106.847,109.176,103.458,100.612,106.905,112.014,101.212
2,141.734,100.138,98.695,113.562,99.001,100.696,112.838,104.824,116.206,106.474,115.048,104.326,92.17,111.221,110.055
1,141.829,102.654,106.389,10.554,96.244,107.341,10.576,10.655,106.101,116.531,10.575,100.322,100.604,11.637,10.552
3,141.887,110.409,107.672,1.001,98.021,93.737,0.988,100.722,101.526,108.515,0.985,103.956,102.343,0.977,111.466
1,142.093,107.169,100.123,10.325,100.394,113.862,10.468,10.409,97.687,113.9,9.579,109.951,100.798,10.353,9.771
4,142.219,1.019,1.031,10.171,1.041,0.932,1.113,103.796,0.968,1.117,9.64,1.043,0.995,1.014,94.282
2,142.308,109.194,101.498,106.041,107.553,92.305,98.359,100.589,114.853,106.011,108.964,97.781,98.453,98.988,93.942
4,142.36,1.093,1.177,10.165,1.072,1.002,1.072,99.795,1.097,1.111,10.866,1.068,0.957,1.005,106.057
4,142.406,1.045,1.077,11.113,1.095,1.026,1.041,100.006,1.088,1.047,9.652,0.974,1.013,1.071,109.46
3,142.481,106.422,93.53,1.076,103.533,97.021,0.997,104.026,102.231,110.171,1.021,109.017,95.68,0.934,100.557
2,142.791,111.288,109.152,108.229,111.811,95.426,105.606,104.726,102.844,98.04,112.973,101.894,93.656,101.315,111.155
3,142.825,110.215,99.637,1.107,110.34,106.564,1.087,101.588,112.181,100.434,1.089,113.144,107.887,0.924,103.372
4,142.869,1.074,1.004,10.942,1.089,0.925,1.073,96.645,1.031,1.172,10.062,1.115,0.972,1.102,109.021
4,143.062,1.016,1.062,9.993,1.022,0.926,1.156,106.615,1.047,1.16,9.474,1.027,1.069,1.1,105.691
2,143.47,104.322,106.708,99.103,107.957,103.968,105.755,105.788,113.886,102.258,110.311,104.419,96.575,106.226,98.0
1,143.489,113.737,114.462,9.576,102.426,101.844,9.982,10.037,104.774,116.118,10.936,101.612,98.673,10.564,10.093
2,143.642,106.135,107.632,108.586,104.682,102.274,107.141,110.667,103.884,101.609,110.165,106.694,96.203,96.442,100.573
4,144.433,1.031,1.022,11.097,1.037,1.015,1.026,109.46,1.05,1.153,11.131,1.11,0.964,1.088,101.455
1,144.72,102.218,111.547,10.852,95.626,100.089,11.237,10.369,111.128,107.099,9.652,106.687,113.127,10.769,10.621
2,144.758,104.322,100.888,98.681,100.681,93.321,96.177,93.927,106.43,112.91,112.988,113.678,96.104,99.294,100.744
3,144.834,103.94,98.864,1.005,110.976,101.093,1.073,110.436,103.326,98.008,0.984,98.631,100.534,0.984,104.314
1,145.295,101.884,116.823,11.107,110.854,103.817,10.081,10.664,100.433,114.195,9.978,110.441,102.004,11.374,9.848
3,145.379,97.47,101.394,1.041,103.435,92.772,1.015,106.71,105.245,101.507,1.011,109.86,99.363,1.024,103.073
2,145.474,112.289,98.906,109.284,99.008,98.037,107.714,110.536,117.032,105.522,100.231,104.993,92.052,96.202,105.076
2,145.523,101.555,109.329,111.632,107.631,102.216,102.032,111.326,114.641,103.802,107.588,113.045,94.666,97.225,108.204
2,145.53,108.838,97.869,100.362,97.57,105.431,97.059,96.937,111.36,98.228,112.362,110.784,95.386,102.359,106.189
1,145.724,106.239,101.692,11.118,106.919,109.544,9.978,11.049,110.48,100.348,10.685,95.401,103.587,10.124,9.681
1,145.996,114.709,115.071,11.007,108.415,101.638,10.228,10.025,101.832,112.86,9.449,111.204,97.731,9.922,10.733
1,146.141,99.06,100.647,10.457,97.847,98.174,9.927,10.707,101.667,101.054,10.162,106.212,102.269,11.763,10.479
3,146.156,106.837,103.69,1.107,112.099,94.51,0.965,106.139,99.413,105.787,1.041,105.299,106.191,0.962,113.821
2,146.161,104.136,104.089,99.799,100.779,94.918,107.345,110.007,99.698,96.47,101.373,111.243,92.335,99.229,109.27
4,146.183,1.128,1.071,10.889,1.098,0.926,1.161,110.03,0.979,1.068,10.99,1.127,0.918,1.069,95.008
3,146.497,110.653,96.796,0.969,107.304,107.287,0.994,114.435,104.561,95.581,1.119,99.469,97.379,0.949,102.055
4,146.636,1.006,1.083,9.594,1.082,0.945,1.095,95.331,0.982,1.09,10.919,1.084,1.045,1.135,95.008
3,146.73,113.397,102.838,1.033,115.713,104.04,0.954,109.255,113.868,96.325,1.029,115.76,96.52,1.032,99.217
2,146.85,99.271,99.501,114.671,107.065,104.064,100.297,100.108,98.783,97.802,106.561,112.575,106.223,109.767,94.087
3,146.864,108.034,106.195,1.004,100.888,102.524,1.054,96.792,115.225,101.796,0.968,113.8,100.489,0.961,109.34
3,147.129,98.01,104.842,0.976,111.876,106.622,0.958,104.34,111.449,94.12,0.956,97.734,105.735,1.009,113.202
4,147.13,1.082,1.02,9.801,1.084,1.049,1.148,102.682,1.063,1.077,11.15,1.017,0.958,1.139,106.383
4,147.168,1.13,1.085,10.924,0.975,1.056,0.992,99.557,1.042,1.159,11.073,1.089,1.062,0.997,98.253
1,147.218,109.376,107.855,10.29,107.35,110.282,10.418,9.906,99.378,99.456,11.118,100.192,102.586,9.936,9.907
3,147.377,104.969,101.394,1.014,110.126,103.759,0.925,106.396,99.286,99.824,0.978,114.895,106.707,0.984,110.14
1,147.556,100.529,109.849,9.954,95.461,99.63,11.741,11.44,102.301,112.875,9.45,96.244,99.809,10.093,10.931
2,148.049,113.774,100.853,104.996,106.332,108.694,97.291,97.729,101.331,97.42,110.153,110.376,101.034,95.205,105.215
2,148.135,113.161,109.817,106.255,111.42,106.905,103.408,100.269,100.875,107.422,113.987,105.316,97.407,110.582,97.859
3,148.21,109.691,101.132,1.028,114.909,92.164,1.044,102.057,109.079,98.796,1.109,103.412,95.438,0.95,106.999
1,148.313,102.054,105.274,11.088,111.39,115.907,11.657,11.489,108.583,112.813,10.959,112.158,99.055,11.721,11.116
4,148.481,1.116,1.11,10.835,1.108,1.011,1.129,94.282,0.99,1.029,9.597,1.128,1.083,1.026,95.02
4,148.518,0.987,1.146,11.061,1.065,0.919,1.133,109.3,0.977,1.109,9.834,1.054,0.992,1.118,93.822
1,148.722,103.402,106.367,10.819,106.106,112.215,11.741,10.449,103.121,107.934,11.117,111.03,111.363,10.232,11.465
3,148.95,104.442,100.633,1.03,101.75,106.262,1.075,111.715,109.034,107.302,1.095,112.733,100.23,0.959,107.82
4,148.959,1.083,1.06,10.115,1.062,0.997,1.17,99.747,1.0,1.177,9.704,1.112,0.955,1.167,99.205
1,149.064,108.976,116.873,9.95,105.188,103.899,10.122,10.157,108.334,99.004,10.664,111.169,105.326,9.983,10.74
2,149.181,112.383,97.058,103.187,101.111,108.863,98.675,105.961,112.308,97.703,107.938,113.045,107.994,109.419,93.929
2,149.365,108.353,110.962,108.934,109.757,97.993,101.105,103.494,115.013,100.61,100.921,100.739,100.911,95.462,98.247
4,149.473,1.079,1.042,10.211,1.102,0.966,1.055,110.846,1.098,1.067,10.295,1.042,1.043,1.056,105.3
2,149.654,100.612,112.023,103.551,111.311,107.371,97.016,94.02,102.201,98.277,110.575,103.44,96.893,96.783,101.133
3,149.942,108.952,94.948,1.023,101.467,92.256,1.056,114.564,99.13,95.395,1.044,103.263,108.074,1.059,113.183
3,150.062,113.781,99.28,1.088,98.193,102.05,1.073,107.221,102.983,104.678,1.045,111.909,96.385,0.927,113.66
3,150.139,113.195,108.43,1.087,115.76,103.487,0.932,104.75,112.223,102.029,1.083,106.363,100.404,1.053,108.476
1,150.341,113.349,111.268,11.159,104.92,111.613,10.667,11.116,112.679,109.354,9.567,100.32,106.924,10.955,10.394
1,150.417,102.054,113.222,10.926,105.717,108.401,11.631,9.924,100.358,115.936,10.308,109.809,99.83,10.155,10.641
3,150.568,108.619,104.597,1.021,109.236,98.19,0.964,113.157,108.908,108.739,1.124,115.157,106.626,1.091,97.957
1,150.601,112.609,104.063,10.661,109.734,97.585,10.093,10.765,102.362,100.192,9.712,97.877,98.847,10.455,11.059
4,150.738,0.975,1.152,10.276,1.002,1.042,1.063,98.888,1.061,1.116,11.172,0.983,1.088,1.156,95.11
3,151.171,98.522,101.355,1.106,105.128,105.41,1.048,102.837,100.139,101.761,1.081,102.325,106.007,1.075,104.668
4,151.367,1.036,1.094,10.699,1.054,0.93,1.016,105.371,1.111,1.133,9.921,1.037,1.008,1.031,106.984
4,151.399,1.047,1.073,9.712,1.133,0.952,1.118,99.556,1.057,1.098,11.14,1.027,1.036,1.049,105.55
2,151.533,115.638,105.574,99.282,112.045,104.357,104.0,107.793,111.949,108.778,114.633,105.848,102.256,98.0,95.042
1,151.75,99.462,104.662,10.159,109.96,101.705,11.687,10.644,113.931,108.53,9.872,101.191,106.281,11.137,10.722
2,151.973,107.369,108.617,111.23,100.779,105.804,111.202,93.948,113.564,107.565,113.795,113.152,92.093,102.862,107.488
3,151.992,101.236,100.296,1.063,115.483,94.155,1.015,106.789,105.828,98.156,0.958,98.305,105.581,0.98,113.388
4,152.242,1.046,1.06,10.032,1.003,1.02,1.128,97.69,1.027,1.025,10.684,1.128,1.006,1.03,98.505
1,152.272,100.477,107.934,9.784,109.96,98.835,9.911,10.025,111.058,114.14,9.64,95.848,105.253,10.911,10.734
2,152.357,106.539,110.702,107.494,100.407,107.792,97.02,94.555,100.56,97.714,112.898,97.197,104.183,112.447,107.983
3,152.583,110.808,109.105,1.12,115.418,94.53,0.96,103.56,112.416,92.853,1.084,112.333,100.839,1.092,107.13
1,152.662,113.604,111.311,11.108,110.131,100.657,11.015,9.881,110.136,114.799,9.497,98.98,99.988,9.932,10.646
4,152.714,1.091,0.996,11.192,1.133,0.964,1.137,104.279,1.054,1.177,11.205,0.986,1.083,0.997,107.642
3,152.888,106.143,98.348,1.037,102.366,100.847,0.957,103.055,100.449,103.805,1.113,110.205,98.848,0.952,113.546
4,152.999,1.128,1.124,9.539,1.075,1.084,1.028,96.645,1.055,1.102,10.385,1.126,0.972,1.017,103.615
3,153.038,113.868,107.676,0.949,106.809,94.662,1.058,104.104,110.064,96.108,1.08,105.465,102.225,1.078,113.283
4,153.04,1.008,1.159,10.387,1.049,0.973,1.058,94.223,1.032,1.098,9.528,1.09,1.067,1.158,109.203
4,153.049,1.078,1.134,10.659,0.994,0.936,1.031,97.667,0.999,1.077,10.816,1.13,0.942,1.054,107.246
2,153.093,103.422,109.243,98.681,100.779,96.412,98.34,105.532,112.964,112.527,106.622,104.276,92.491,97.759,108.791
3,153.382,110.118,108.259,0.955,104.223,101.773,1.035,102.055,105.791,95.583,1.097,110.919,105.149,0.959,101.467
4,153.399,1.058,1.125,9.678,1.063,0.928,1.0,101.144,1.007,1.096,11.136,1.077,1.088,1.072,99.132
3,153.536,103.822,109.314,1.093,114.873,97.587,0.98,109.983,114.965,100.465,1.12,106.872,100.847,1.045,103.085
4,153.609,0.997,1.009,10.859,1.09,0.919,1.004,106.374,0.963,1.144,9.66,0.977,0.953,1.093,100.095
1,153.686,110.494,106.524,10.692,107.61,99.552,10.265,11.277,110.551,113.455,11.021,96.588,108.645,11.757,10.684
4,153.694,1.056,1.084,10.906,1.064,0.982,1.072,99.314,0.954,1.084,10.815,1.109,1.084,1.097,108.691
3,153.935,108.19,108.797,1.085,99.454,93.962,1.079,114.424,103.678,102.581,1.125,113.999,93.865,0.978,114.121
3,154.025,102.847,99.192,1.013,104.914,94.355,0.946,101.673,114.222,103.128,0.962,104.569,95.298,0.956,114.312
3,154.31,107.954,109.571,1.003,102.366,98.206,0.962,112.365,98.246,94.474,1.124,100.237,104.212,1.034,110.475
4,154.373,0.979,1.092,9.639,1.013,0.936,0.999,94.14,1.061,1.042,10.05,1.101,0.926,1.108,99.556
1,154.539,100.275,107.861,9.597,103.162,99.58,10.327,10.219,100.326,109.673,11.106,105.657,101.905,11.217,11.351
1,154.636,98.971,106.181,10.711,110.642,106.707,10.864,10.489,112.036,104.679,10.422,96.117,114.235,10.779,9.729
4,154.832,1.022,1.161,10.644,1.04,1.025,1.132,99.997,1.105,1.158,10.137,1.063,0.964,1.139,99.167
2,155.309,114.929,98.584,102.336,104.399,102.28,109.46,111.46,99.635,106.349,111.648,111.596,103.028,100.158,101.621
3,155.598,99.889,97.305,0.956,115.317,92.165,0.961,112.313,104.561,96.681,1.093,98.553,93.917,1.073,107.855
4,155.757,1.024,1.062,10.866,1.097,1.037,1.089,109.379,0.992,1.048,10.554,1.04,0.995,1.129,111.232
3,155.875,113.252,100.983,0.955,109.752,103.595,0.978,99.41,100.792,100.983,1.036,99.569,102.22,1.019,103.593
3,156.278,108.704,96.054,0.984,114.925,93.552,1.079,108.165,115.128,104.706,1.107,109.135,94.147,1.008,113.677
3,156.328,110.386,104.723,0.967,115.7,100.822,0.923,107.226,100.51,101.761,1.049,113.096,100.365,0.931,98.842
4,156.483,0.981,1.089,9.709,1.098,1.042,1.076,93.952,1.084,1.083,10.125,1.052,0.969,1.064,110.139
1,156.589,102.285,114.033,9.84,101.256,105.824,10.282,11.396,111.058,117.314,10.256,104.403,110.61,11.322,11.291
2,156.914,101.784,106.953,107.038,106.479,95.975,107.636,97.229,117.254,111.486,105.693,99.514,103.423,111.482,110.48
3,157.299,102.298,104.678,0.999,111.961,101.879,1.093,107.226,99.045,97.433,0.97,103.419,109.535,0.995,100.932
2,157.369,104.341,98.153,113.546,108.482,103.17,98.207,103.238,113.578,109.72,108.551,97.685,99.101,105.648,101.518
2,157.484,110.631,101.238,113.562,105.895,96.845,97.219,95.861,101.044,101.471,103.25,96.563,102.237,105.365,101.742
1,157.521,105.418,113.789,10.843,96.586,113.082,11.254,9.857,108.548,102.767,9.777,110.447,114.51,10.306,11.296
1,157.57,110.398,110.49,10.018,95.552,108.419,10.089,9.71,100.695,116.639,10.313,97.666,106.338,11.012,10.734
4,157.623,1.014,1.17,10.621,1.002,0.969,1.039,109.548,1.126,1.029,9.683,1.0,1.047,1.149,94.252
4,157.738,1.061,1.022,10.466,1.075,1.015,1.058,102.003,1.105,1.045,10.894,0.978,0.93,1.085,110.901
1,158.299,109.588,104.428,10.482,111.718,106.987,10.544,10.229,102.678,110.064,10.371,104.189,106.398,11.516,10.2
1,158.489,109.307,103.145,10.906,99.933,108.136,11.627,10.97,98.885,116.595,10.748,112.741,106.399,10.126,11.263
3,158.491,97.693,93.817,0.999,113.428,107.305,1.039,107.152,115.012,99.904,1.0,101.157,104.266,0.929,106.498
4,158.527,1.005,1.168,10.095,1.081,1.02,1.015,95.211,0.967,1.135,9.893,1.042,0.959,1.004,109.475
1,158.594,101.426,101.791,9.942,103.979,108.499,10.568,9.705,109.857,115.479,10.846,112.154,109.381,10.525,10.034
2,159.233,111.774,97.826,106.731,97.967,106.909,108.493,104.684,102.468,109.683,108.823,113.793,100.917,104.628,111.32
1,159.315,99.73,107.586,11.106,102.22,110.481,10.423,10.83,104.19,102.106,11.096,95.769,106.982,9.982,11.003
2,159.324,109.812,105.556,104.991,111.608,91.783,102.206,95.172,102.24,97.875,115.048,111.748,95.694,96.723,101.38
1,159.455,106.755,115.39,10.556,106.829,100.672,10.968,10.908,107.82,106.854,11.17,106.301,112.143,11.721,11.466
3,159.816,98.58,100.507,1.044,103.376,96.148,1.065,105.365,105.791,97.896,0.98,109.954,103.468,1.053,107.503
1,159.89,105.179,117.419,10.846,113.217,103.073,10.779,11.271,102.127,109.759,11.168,99.547,106.707,10.125,10.9
1,160.226,105.449,108.356,9.465,109.329,105.642,11.514,10.746,100.856,116.826,10.006,106.937,102.353,10.587,9.912
2,160.493,115.03,108.617,99.85,101.029,102.716,112.763,93.905,107.258,111.223,103.134,107.745,96.017,112.598,97.722
2,160.616,104.614,102.72,105.163,96.468,95.633,107.889,100.997,104.073,99.598,103.539,101.23,100.944,95.157,109.576
3,160.886,107.947,109.453,1.0,107.502,102.221,1.046,98.926,105.544,99.202,0.961,101.991,108.241,0.964,101.243
4,161.074,1.024,1.053,10.032,0.985,0.951,1.116,96.799,1.092,1.158,9.681,1.045,0.959,1.116,101.284
4,161.157,1.07,1.024,11.031,1.134,0.986,1.142,102.749,1.047,1.052,9.738,1.019,1.004,1.173,108.289
4,161.302,0.992,1.002,9.432,1.092,0.993,1.031,93.97,1.095,1.131,9.563,1.126,0.973,1.141,109.704
1,161.363,108.372,117.096,11.096,108.946,109.975,11.467,11.416,102.654,113.611,9.724,102.099,114.389,11.374,10.849
4,161.626,1.02,1.088,9.602,1.076,0.945,1.176,107.355,0.993,1.052,10.024,0.985,1.059,1.09,108.416
2,161.757,111.018,98.708,101.282,112.045,107.957,108.596,108.53,104.96,104.256,107.621,102.832,105.796,110.802,106.414
1,161.788,100.581,113.914,10.692,95.732,107.168,9.959,11.001,110.945,114.195,11.049,100.544,108.751,10.977,10.296
2,161.932,107.535,105.793,113.961,109.708,91.656,97.671,109.937,104.705,99.974,106.771,111.521,107.76,109.372,105.041
4,162.014,1.053,1.07,10.338,1.147,0.92,1.174,97.226,1.014,1.17,10.975,1.067,1.081,1.025,110.237
4,162.108,1.107,1.177,10.086,1.078,0.937,1.076,103.939,1.018,1.041,9.819,1.088,0.957,1.042,105.584
4,162.125,1.047,1.081,10.221,1.048,1.031,1.12,95.214,0.977,1.07,10.093,1.025,1.082,1.033,95.241
1,162.665,109.864,100.452,10.118,105.658,100.803,10.513,11.399,112.811,110.875,10.217,109.58,100.845,10.343,10.827
2,162.922,109.156,105.498,109.812,96.122,107.299,105.233,110.679,108.622,99.346,100.892,101.996,96.592,94.942,107.552
1,163.382,108.256,105.938,9.606,107.801,113.123,9.932,10.765,114.67,104.323,9.753,100.435,99.552,10.165,9.762
4,163.421,1.032,1.002,10.613,1.143,0.951,1.045,105.341,1.053,1.152,11.143,0.986,1.071,1.065,104.725
3,163.547,98.573,97.491,1.103,101.325,100.16,0.95,108.98,107.476,104.278,1.117,107.25,100.066,1.01,100.322
2,163.579,114.97,99.974,110.494,106.996,108.75,109.081,110.017,104.337,108.829,98.267,97.48,92.305,106.496,111.309
2,163.731,108.829,112.241,109.594,97.464,105.783,109.364,96.389,114.869,100.277,102.346,100.438,106.924,100.131,107.937
4,163.756,0.971,1.065,9.629,1.001,0.937,1.059,107.099,1.115,1.158,10.62,1.112,0.95,1.085,99.777
3,163.968,106.178,103.72,1.047,112.538,93.767,1.026,102.406,114.965,95.242,0.963,100.688,92.418,0.949,103.743
1,164.001,98.334,115.9,9.768,101.809,109.001,11.594,10.889,102.765,107.561,10.214,101.851,99.044,10.574,11.466
3,164.002,102.23,98.811,1.098,109.589,98.987,0.993,112.495,107.527,107.485,1.06,111.274,92.412,0.957,103.085
4,164.351,0.964,1.041,11.073,0.981,1.049,1.135,109.948,1.08,1.109,10.09,0.998,1.01,1.163,102.911
1,164.383,113.349,109.801,10.008,100.329,98.184,10.89,10.439,100.275,108.935,10.927,104.553,100.847,10.903,10.025
1,164.475,99.632,112.748,9.932,102.025,100.35,10.073,9.805,106.152,110.415,10.77,104.377,106.425,10.806,10.472
4,164.499,1.048,1.148,9.573,1.104,1.072,1.136,94.381,1.042,1.06,11.115,1.082,0.995,1.054,106.876
2,164.572,101.938,109.192,115.518,105.797,105.981,108.651,109.846,113.012,100.781,104.726,96.116,99.292,104.575,99.983
3,164.751,112.477,93.528,1.114,100.936,92.84,1.084,99.465,99.41,103.308,1.124,112.483,106.707,0.999,111.466
2,164.914,117.019,99.619,98.972,101.931,103.9,106.496,110.114,107.102,106.92,104.351,96.869,92.55,109.529,94.957
4,165.034,1.123,1.029,11.029,1.049,0.971,1.073,107.791,1.097,1.073,10.718,0.979,0.993,1.111,108.737
3,165.065,110.251,100.015,1.126,106.789,106.195,1.064,101.66,114.478,99.091,1.099,111.384,99.219,1.033,98.756
3,165.071,99.334,104.205,1.11,105.086,108.126,0.998,110.083,99.445,98.88,1.06,99.565,106.124,1.032,107.389
2,165.162,105.76,102.954,107.164,108.864,103.76,99.7,108.293,114.587,97.567,111.362,102.548,94.549,108.234,100.307
4,165.175,1.043,1.024,9.701,1.024,0.955,1.03,104.652,1.011,1.041,9.927,1.133,0.944,1.026,95.241
4,165.706,1.095,0.996,9.793,0.983,1.067,1.075,106.684,0.967,1.086,9.843,0.999,0.93,1.014,110.073
3,165.716,109.883,109.933,1.006,104.588,105.349,1.09,111.514,113.276,106.326,0.992,101.467,99.298,0.987,114.274
4,165.729,1.0,1.16,10.898,1.051,0.938,0.991,101.843,1.014,1.13,10.802,1.063,0.964,1.062,99.202
2,165.812,105.237,101.238,106.648,103.081,92.552,110.749,96.142,110.866,108.778,107.563,101.515,95.315,107.197,101.874
4,165.962,0.996,1.043,10.435,1.07,0.926,1.043,105.926,1.011,1.023,10.288,1.137,1.079,1.148,94.805
4,166.02,1.119,1.045,11.12,0.985,1.085,1.096,108.447,1.131,1.118,9.893,1.073,0.994,0.993,99.514
4,166.126,0.976,1.082,10.519,1.006,1.027,1.027,110.892,0.965,1.065,11.067,1.068,1.053,1.005,94.276
3,166.489,106.496,109.406,0.991,114.671,99.703,0.959,99.83,110.695,96.247,1.101,109.612,102.96,1.09,105.171
2,166.648,103.152,97.957,103.111,109.34,105.92,104.321,101.984,100.263,109.367,105.641,102.385,103.835,95.962,104.361
3,166.756,100.792,107.962,1.093,113.264,98.47,1.073,114.488,113.017,97.585,1.086,107.366,108.618,1.039,102.824
3,166.858,99.889,98.04,0.955,103.435,95.293,1.09,106.599,106.079,104.059,1.061,98.223,103.009,1.064,112.312
4,166.878,1.105,1.127,10.661,1.097,1.048,1.112,96.801,1.045,1.065,10.717,1.082,1.002,1.046,93.916
4,166.951,1.082,1.07,10.825,1.081,0.952,1.023,106.041,1.061,1.182,11.208,0.994,1.075,1.081,105.123
1,167.199,110.86,115.542,10.529,105.637,107.182,11.61,10.343,104.363,109.175,11.125,100.518,108.984,10.878,10.87
1,167.432,100.822,113.914,9.967,100.639,112.513,11.408,10.084,109.968,109.583,10.079,97.081,115.646,11.524,10.442
1,167.478,106.068,101.166,10.731,110.053,109.503,11.429,11.351,97.729,108.815,10.599,102.891,111.865,11.026,11.091
1,167.481,108.977,112.875,10.966,102.112,112.824,11.052,9.977,115.034,107.015,9.724,111.718,99.332,10.209,10.421
3,167.592,103.111,97.411,0.975,104.737,106.558,0.974,107.798,106.772,105.732,1.073,105.861,93.119,1.074,106.396
4,167.667,1.05,1.121,10.549,1.128,0.924,1.173,94.99,1.066,1.082,10.014,1.131,1.03,1.036,104.125
4,167.909,1.12,0.998,10.449,0.987,1.063,1.129,103.126,1.124,1.013,9.501,1.008,0.977,1.027,98.99
2,168.407,103.15,99.6,112.587,103.594,97.993,108.509,110.679,117.104,112.45,110.437,110.784,96.321,103.809,104.708
1,169.126,110.572,101.166,9.965,99.281,110.481,11.513,10.498,113.973,103.419,9.916,112.943,106.051,10.776,9.681
4,169.449,1.059,1.134,10.938,1.029,1.034,1.107,96.274,1.08,1.133,10.158,1.077,1.052,1.029,109.421
4,169.465,1.01,1.057,10.947,0.974,1.071,0.992,93.952,1.088,1.101,10.919,0.985,0.971,1.156,105.3
2,169.706,115.137,98.606,101.753,99.001,108.903,108.809,100.516,106.26,103.453,102.988,101.499,99.694,101.912,102.196
2,169.747,108.274,107.598,106.484,96.877,95.511,109.653,97.251,104.758,106.067,116.309,113.431,98.487,103.901,105.965
2,169.96,110.927,100.609,109.148,109.814,92.225,94.963,95.83,115.445,98.572,114.326,105.894,94.245,97.497,108.23
4,170.073,1.003,1.143,10.113,1.111,1.045,1.178,96.183,1.05,1.052,9.517,1.095,0.983,1.087,109.995
4,170.144,1.016,1.068,10.09,1.123,1.0,1.073,109.983,1.025,1.121,10.275,1.097,1.059,1.107,106.744
2,170.407,98.783,97.234,105.562,113.45,94.965,96.794,95.371,115.137,110.891,116.434,97.466,108.286,99.082,106.8
1,170.805,106.477,109.524,10.277,109.292,115.388,10.679,10.243,112.589,111.289,10.708,103.162,101.06,11.622,9.935
2,171.388,115.067,106.526,104.058,100.891,95.949,108.069,101.505,115.14,113.829,102.191,98.137,101.297,98.825,105.961
1,171.92,114.275,105.685,10.404,108.368,103.733,10.925,10.886,109.815,105.072,11.185,112.661,102.009,10.343,11.067
3,172.127,111.095,109.697,0.998,104.591,106.943,0.941,113.056,102.642,108.536,1.114,109.423,98.026,1.079,100.622
2,172.211,101.722,104.256,110.469,103.473,99.823,111.379,107.917,113.805,108.553,100.482,98.866,91.644,101.4,111.204
2,172.329,115.656,109.685,107.878,104.364,107.023,112.487,105.908,108.552,113.087,104.656,108.337,92.302,103.36,94.452
4,172.421,1.126,1.076,10.611,1.022,1.049,1.098,100.608,1.103,0.999,10.032,0.987,1.019,1.077,96.974
4,172.438,1.112,1.006,9.893,0.992,0.976,1.164,95.64,1.126,1.138,9.939,1.041,1.071,1.033,109.295
4,172.811,1.117,1.097,10.975,1.041,1.039,1.161,109.704,1.069,1.105,11.013,1.075,0.974,1.047,99.295
1,172.843,112.996,106.404,10.969,109.748,112.513,10.997,11.088,108.171,106.893,10.648,100.475,112.982,10.647,10.206
1,172.971,106.499,112.034,10.228,95.745,100.185,10.669,11.074,107.617,101.951,9.75,102.563,100.811,10.448,11.308
2,173.407,101.013,114.37,102.652,96.468,108.978,106.052,94.348,101.837,114.448,115.591,105.624,100.203,102.778,103.889
4,173.558,1.128,1.164,10.771,1.088,1.014,1.076,109.36,1.024,1.021,10.57,1.037,1.059,1.165,104.312
3,173.611,100.231,101.58,1.109,112.347,102.236,0.942,102.691,103.349,103.589,0.983,98.962,107.541,1.029,99.145
2,173.617,106.007,106.557,114.267,113.971,96.095,101.266,93.926,109.675,112.241,98.105,102.595,108.694,108.809,108.157
3,173.685,105.764,104.555,1.037,106.951,109.473,1.008,114.456,104.842,101.138,1.043,101.358,92.821,1.001,111.363
3,173.734,106.953,108.85,1.021,115.837,106.564,1.008,110.212,114.732,96.254,1.075,115.701,97.536,1.023,105.84
4,174.011,1.118,1.13,10.171,1.011,1.064,1.064,101.865,1.02,1.038,10.684,1.075,0.919,1.097,107.685
3,174.016,99.045,99.721,0.984,104.223,109.438,0.97,99.012,108.029,102.544,0.999,115.289,94.266,1.088,113.625
2,174.09,111.477,111.063,110.582,104.935,107.978,98.162,98.657,109.667,99.258,100.369,106.007,107.443,104.289,94.555
3,174.328,109.134,93.267,0.983,115.187,94.774,0.999,100.932,113.843,103.779,1.073,97.688,99.174,0.981,109.713
2,174.468,101.286,100.33,98.141,110.262,100.077,95.823,95.25,112.49,97.538,98.141,111.479,100.698,107.311,101.784
1,174.481,113.053,111.339,9.789,97.325,113.097,11.637,10.405,102.536,103.21,10.197,102.493,105.977,10.171,10.777
4,174.545,0.957,1.145,11.028,1.028,0.942,1.135,95.885,1.105,1.122,10.762,1.031,1.013,1.142,102.864
3,174.759,103.864,95.682,1.124,106.094,101.107,1.056,107.922,115.867,97.781,1.068,98.871,102.297,1.028,102.055
2,174.85,115.631,100.178,111.068,103.489,99.544,110.896,100.807,111.635,105.367,110.792,105.52,106.242,108.713,110.876
1,174.953,104.19,99.14,10.673,103.196,97.731,11.295,9.912,101.426,111.472,10.612,102.508,102.286,11.687,10.226
4,175.039,1.067,1.136,10.285,1.101,1.083,1.102,110.703,1.124,1.095,11.208,1.016,1.075,1.075,107.107
1,175.064,106.302,114.676,9.888,103.887,100.35,10.867,11.222,100.354,109.354,9.597,113.2,111.281,10.377,10.129
3,175.272,102.126,105.137,1.003,115.795,102.313,1.057,109.021,105.018,101.481,0.99,112.483,107.372,1.017,103.067
2,175.685,111.332,106.645,99.362,108.351,102.696,96.068,105.02,99.783,99.061,105.615,100.571,105.545,107.626,100.463
3,175.69,100.405,97.299,1.064,99.455,98.47,1.032,108.828,112.964,104.735,1.005,106.363,104.666,0.986,99.299
2,175.822,116.735,99.28,98.207,98.709,98.7,105.275,108.076,102.674,112.92,112.995,102.832,95.576,99.978,94.743
4,175.91,1.108,1.02,10.085,1.053,1.021,1.175,106.876,1.053,1.134,11.017,1.049,1.015,1.0,97.648
2,175.955,105.622,108.755,99.468,108.461,106.247,109.393,95.932,102.423,107.963,102.464,113.141,97.738,99.84,111.426
3,176.111,113.781,105.482,1.095,115.713,109.251,0.949,110.183,110.091,98.695,1.012,107.449,105.965,1.065,101.398
3,176.287,103.439,97.896,1.085,111.406,93.498,0.939,103.817,108.797,108.43,1.101,107.326,105.379,1.078,100.516
2,176.373,105.418,106.067,98.242,108.633,95.513,110.012,111.382,103.089,104.157,111.77,107.6,105.283,104.21,108.666
3,176.705,115.077,99.249,1.044,99.508,97.513,0.961,103.226,107.392,94.136,1.005,111.796,103.023,0.977,99.416
1,176.712,113.737,110.875,9.73,95.788,111.363,11.54,10.691,111.098,107.61,10.704,110.184,113.972,10.043,10.64
1,177.152,101.415,106.075,9.929,107.908,105.326,10.945,10.931,109.376,102.28,11.053,107.075,98.156,10.007,10.655
1,177.162,110.957,107.679,10.277,97.185,114.354,10.771,10.676,105.594,116.09,10.025,98.487,100.137,10.511,10.758
1,177.191,106.957,114.145,11.143,102.22,100.959,11.546,9.977,113.457,105.282,10.393,97.813,112.404,10.517,10.283
2,177.254,106.055,101.705,110.04,103.367,108.978,102.359,107.915,104.813,104.625,103.275,100.41,102.06,109.748,106.195
1,177.298,115.831,105.293,10.05,111.632,107.791,11.236,11.374,108.171,109.254,9.523,99.967,104.367,10.952,9.695
1,177.33,102.536,114.382,10.349,101.769,104.453,10.012,10.863,101.942,107.017,10.328,109.228,110.354,10.284,10.184
3,177.433,100.285,94.254,1.088,104.274,98.848,1.055,112.298,105.827,102.415,1.124,106.3,106.02,0.96,107.163
3,177.492,114.379,104.36,1.089,115.002,105.677,1.018,114.121,107.033,107.898,0.954,115.676,102.114,0.99,114.384
4,177.493,1.02,1.169,10.258,1.034,0.922,1.042,93.806,1.01,1.184,10.576,1.09,0.949,1.103,104.344
2,177.573,108.954,97.964,109.928,104.193,97.927,106.204,103.22,108.878,114.343,115.108,96.563,97.096,105.205,96.844
3,177.672,113.252,106.17,1.095,111.494,98.987,1.067,105.859,114.574,107.644,1.108,105.442,104.96,0.964,99.907
4,177.682,0.966,1.078,10.048,1.082,1.066,1.121,99.118,0.961,1.173,10.556,1.087,0.995,1.085,103.458
2,177.81,103.099,113.864,99.764,104.399,95.55,112.643,107.845,110.896,99.889,110.086,96.153,93.283,98.988,95.292
1,177.865,102.919,114.756,10.684,108.318,104.133,11.26,11.092,97.926,111.268,10.394,104.058,113.412,10.019,10.705
1,178.055,102.834,116.237,10.253,95.967,110.741,10.359,10.529,112.152,117.537,10.338,95.848,103.315,11.234,10.071
1,178.151,109.605,115.551,10.457,103.592,114.658,10.794,11.332,113.778,100.421,9.652,103.454,107.53,11.683,10.534
1,179.004,102.933,116.278,10.422,105.342,103.82,10.017,9.935,105.981,101.089,10.433,106.266,99.902,11.417,10.218
3,179.111,105.756,104.555,1.007,99.55,93.638,1.058,100.307,108.951,95.167,1.125,107.614,107.406,1.085,106.919
4,179.373,0.971,1.064,11.013,0.97,0.991,1.052,109.447,1.053,1.139,10.945,1.051,1.038,1.175,98.653
3,179.432,97.744,108.536,0.959,115.11,92.694,0.943,96.927,112.418,98.811,1.092,104.172,101.608,1.035,96.506
2,180.215,100.338,100.781,113.546,102.072,106.471,103.117,107.879,113.303,97.703,110.58,112.18,93.55,105.856,105.373
4,180.337,1.063,1.127,10.132,1.008,1.08,1.112,108.899,1.046,1.052,10.935,1.051,1.082,1.077,97.667
3,180.625,114.476,106.433,0.97,98.687,104.823,1.093,102.058,99.045,107.898,1.04,113.671,106.191,1.082,110.975
4,180.91,1.08,1.183,10.313,0.996,0.989,1.04,108.682,1.114,1.098,10.908,0.985,0.938,1.1,105.811
2,181.147,100.346,114.059,116.226,98.195,98.7,106.496,100.253,110.302,97.787,99.442,97.094,93.632,108.596,94.879
1,181.202,105.15,114.88,10.053,98.461,98.063,9.959,10.075,100.874,104.75,11.188,109.139,107.261,10.517,10.673
1,181.378,102.568,110.875,10.893,109.059,113.123,10.207,11.369,102.783,107.005,10.039,105.18,100.798,10.662,10.207
3,181.603,114.065,98.908,1.093,101.787,93.621,0.927,99.755,114.674,106.894,1.101,102.873,99.486,0.937,99.608
3,181.613,104.561,99.83,1.026,115.804,97.733,0.974,102.674,102.355,104.837,0.978,102.092,105.723,0.995,99.81
4,181.649,1.038,1.095,10.514,1.091,1.048,0.998,97.27,1.02,1.082,10.927,0.967,1.053,1.17,108.362
3,181.904,99.413,93.958,1.052,103.34,107.032,0.976,104.405,100.958,106.287,1.11,101.787,98.816,0.99,108.981
3,182.063,114.99,95.078,0.993,113.315,98.724,1.081,112.298,105.219,105.638,0.998,100.323,92.289,0.996,109.194
1,182.199,104.886,107.582,10.545,101.342,114.086,10.105,9.954,103.264,117.13,9.974,109.241,101.06,9.959,11.308
4,182.658,1.022,1.136,9.766,1.069,0.919,1.007,100.162,1.017,1.01,9.706,1.105,0.996,1.154,111.138
3,182.726,110.409,94.386,1.116,98.49,96.464,0.953,111.97,113.686,106.647,1.102,112.733,98.5,0.975,105.056
3,182.957,100.366,102.752,1.059,99.878,108.408,0.97,96.851,101.636,104.36,0.966,100.371,108.417,0.999,110.025
1,183.377,106.875,109.19,9.815,108.257,115.598,10.264,10.571,101.606,99.025,9.773,105.021,104.161,10.307,10.073
3,183.744,109.419,98.553,0.956,112.35,105.965,0.951,101.36,104.969,108.207,1.075,111.166,95.889,0.932,111.309
1,183.79,102.853,110.559,10.328,101.385,99.285,11.293,10.932,114.75,110.744,9.942,100.311,98.036,11.561,10.886
2,184.224,99.209,110.042,111.314,113.561,94.422,106.803,94.02,103.883,103.177,98.958,104.993,93.651,99.331,97.687
3,184.829,113.072,101.355,1.095,97.99,97.513,0.944,97.641,105.171,110.322,1.085,114.88,101.107,0.954,98.501
4,185.001,1.124,1.077,9.651,1.114,0.972,1.032,100.861,1.029,1.131,11.217,1.025,1.028,1.089,107.233
4,185.064,1.084,1.11,9.619,1.119,1.052,1.068,93.914,1.124,1.094,9.762,1.061,1.067,1.062,108.924
1,185.132,101.331,113.345,10.217,110.236,115.166,10.791,10.64,114.118,102.588,11.158,101.508,115.699,11.754,9.893
3,185.307,102.505,106.083,1.018,113.999,106.447,0.941,100.307,113.843,106.554,0.954,111.392,108.914,1.028,113.172
4,185.314,1.022,1.1,10.816,1.124,1.021,1.079,93.941,1.105,1.174,9.484,0.974,1.017,1.172,105.153
3,185.358,105.417,102.08,1.096,115.131,99.878,0.924,103.38,103.827,95.435,0.954,103.561,108.735,0.95,105.29
2,185.42,113.334,98.76,103.458,112.863,99.101,105.985,99.719,101.727,106.941,116.169,111.842,97.98,106.856,102.687
2,185.547,100.502,107.808,106.388,111.596,99.663,109.846,97.953,104.865,109.329,100.201,112.711,106.014,100.568,107.017
1,185.703,101.175,108.227,10.843,103.056,101.004,11.414,10.048,106.957,115.855,11.078,95.549,102.286,11.527,11.231
2,185.748,107.745,107.473,99.602,97.063,98.275,106.803,95.932,114.881,113.829,111.812,100.529,93.976,101.985,97.859
3,185.961,105.448,105.563,1.126,109.711,93.925,0.982,97.236,110.796,98.283,0.963,105.696,99.888,1.033,112.662
3,186.605,104.706,105.155,1.098,110.141,103.794,0.978,103.073,114.684,102.324,0.994,110.316,99.374,1.024,109.458
4,186.715,0.987,1.132,9.975,1.022,0.956,1.03,110.725,1.13,1.184,9.725,1.077,0.926,1.137,99.141
2,186.969,99.784,102.5,114.029,103.228,105.099,96.929,96.966,101.696,111.46,99.508,113.173,91.907,109.027,101.442
3,187.009,100.182,100.434,1.049,109.872,92.354,1.031,99.19,113.277,95.547,1.093,104.489,108.917,1.059,105.782
4,187.166,0.976,1.05,10.016,1.072,1.067,1.121,98.653,0.954,1.14,10.965,1.042,1.03,1.073,102.042
1,187.226,105.328,111.337,9.612,106.569,113.632,11.267,10.644,115.429,112.78,10.816,97.877,102.347,9.932,11.421
4,187.271,1.024,1.001,10.348,0.975,1.02,1.078,110.701,0.959,1.018,10.546,1.035,0.977,1.178,95.008
2,187.307,115.369,107.136,110.582,107.956,101.422,98.063,97.763,104.96,99.759,105.459,97.703,107.502,97.629,110.597
1,187.38,113.243,102.208,11.101,110.236,110.635,10.532,11.242,111.602,100.774,11.078,111.718,100.959,10.785,9.986
1,187.54,105.757,99.831,9.682,97.936,101.171,11.269,10.561,97.689,115.639,10.905,110.684,104.219,10.192,10.467
2,187.623,100.239,105.927,113.173,101.512,92.028,101.683,99.03,111.739,102.96,115.513,110.011,103.931,98.497,108.791
4,187.66,1.087,1.089,9.673,1.081,0.937,1.176,95.678,0.991,1.157,9.745,1.076,0.967,1.106,105.657
3,187.876,108.969,107.514,0.98,113.699,99.404,0.979,108.412,114.587,97.717,0.983,99.988,104.02,1.054,97.686
1,188.559,109.974,100.801,10.274,103.583,114.753,10.459,10.255,105.089,108.736,10.65,105.298,100.387,11.763,10.149
2,188.775,108.597,108.979,102.373,109.428,106.924,110.327,94.789,102.948,99.619,112.669,111.179,107.261,102.78,102.455
4,188.881,1.119,1.087,11.093,1.052,0.959,1.065,94.108,0.954,1.061,11.068,0.98,0.984,1.029,105.142
3,189.174,113.909,108.849,0.949,115.418,95.651,1.068,99.941,114.891,110.017,0.996,115.149,104.673,0.984,107.807
4,189.215,1.024,1.131,9.678,0.998,1.021,1.042,98.194,0.957,1.031,9.591,1.096,1.081,1.127,98.554
1,189.573,105.005,103.356,10.697,96.028,113.379,11.324,10.332,108.171,101.677,10.582,112.006,104.978,10.724,10.157
2,189.61,105.76,100.8,106.041,97.914,92.183,107.969,101.742,106.701,110.01,113.275,109.34,92.225,112.634,108.128
2,189.65,110.927,101.464,98.954,109.31,100.123,110.434,98.134,102.629,109.208,112.312,110.618,96.304,106.645,102.493
1,189.938,105.159,108.53,9.75,102.604,98.837,11.117,10.829,100.267,114.968,9.978,95.97,98.549,10.504,10.45
1,190.493,107.995,115.592,10.515,99.128,108.598,11.61,10.931,110.699,115.639,10.999,98.061,108.595,10.406,11.165
4,190.522,1.094,1.13,11.131,1.103,0.947,1.144,93.839,1.075,1.074,11.103,0.974,1.07,1.003,93.941
1,190.631,109.404,107.68,9.843,97.147,110.174,10.039,11.375,114.902,115.893,10.697,95.299,114.835,10.105,10.326
1,190.645,110.774,109.286,10.45,97.549,107.182,11.33,11.374,104.692,113.67,9.695,107.738,106.622,11.741,11.217
3,190.67,104.391,97.673,1.101,115.351,105.705,1.007,114.076,103.136,107.511,0.963,101.521,97.305,0.995,112.667
4,190.782,1.017,1.007,9.897,1.077,0.951,1.091,109.187,0.958,1.119,10.222,1.061,0.918,1.135,108.583
4,190.879,0.989,1.122,11.106,0.986,1.075,1.091,109.016,0.979,1.146,10.475,1.11,0.979,1.082,94.804
3,191.636,112.664,95.548,1.01,100.336,98.61,0.957,105.359,112.514,109.766,1.073,111.243,103.626,0.978,107.832
4,191.802,1.022,1.067,10.699,0.987,1.008,1.177,106.684,1.047,0.996,10.516,1.109,0.962,1.085,97.302
3,191.862,98.718,97.905,0.965,111.177,95.657,0.972,96.618,103.904,98.872,1.046,98.631,104.842,1.068,113.117
3,192.015,106.703,104.555,1.024,108.439,92.224,0.93,114.422,112.524,104.188,1.022,108.053,107.083,1.082,107.424
4,192.24,1.097,1.078,10.793,1.111,0.948,1.174,108.668,1.121,0.996,9.808,1.11,1.063,0.999,103.247
1,192.668,100.223,115.696,9.579,105.697,109.853,11.499,10.565,106.011,114.344,10.283,99.864,113.632,10.634,9.788
2,192.926,111.153,103.453,112.744,97.091,97.123,97.791,110.736,100.568,112.693,103.32,103.022,101.094,112.01,107.184
2,192.989,108.878,113.173,107.026,100.92,92.329,95.101,102.12,115.488,100.277,114.415,100.155,105.889,98.588,104.016
4,193.518,1.027,1.015,10.863,0.991,1.026,1.077,103.935,1.127,1.115,10.122,1.076,1.083,1.082,95.859
4,193.6,0.996,1.073,9.657,0.97,1.062,1.029,108.668,0.963,1.038,10.035,0.971,0.931,0.991,104.875
1,193.69,98.272,107.984,11.164,96.782,112.404,10.156,10.363,101.104,100.4,10.418,102.563,107.341,11.553,10.333
1,193.701,113.332,107.311,10.514,102.523,110.134,11.762,10.635,106.957,115.686,11.142,97.081,104.974,11.119,9.732
4,193.846,1.008,1.157,11.191,1.088,0.925,1.149,95.306,0.973,1.125,10.208,0.971,1.01,1.082,98.501
2,193.862,115.88,114.059,102.539,113.402,102.696,109.653,97.963,107.886,110.939,115.108,100.121,96.412,107.425,101.552
4,193.99,1.053,1.088,9.573,1.117,0.984,1.095,96.974,1.052,1.113,9.575,1.079,0.922,1.168,99.514
2,193.995,115.64,100.739,113.275,98.138,93.605,97.497,97.631,101.43,114.059,108.551,99.304,100.12,96.373,96.174
4,194.12,1.077,0.998,10.601,1.084,0.92,1.104,107.995,1.096,1.025,9.865,0.996,0.993,1.162,104.652
3,194.212,115.048,100.439,1.054,113.099,94.404,1.018,111.736,100.366,101.096,0.996,104.117,95.213,1.008,103.372
3,194.218,104.097,102.013,1.127,98.722,105.094,1.001,102.057,114.778,109.891,1.087,101.762,106.069,0.971,103.861
4,194.356,1.066,1.034,11.082,1.009,1.035,1.164,104.155,1.029,1.097,9.469,1.019,0.958,1.054,98.196
3,194.641,109.886,108.414,1.11,113.168,107.738,0.946,113.664,103.349,105.419,1.07,98.081,94.889,1.02,99.21
2,194.69,104.341,98.544,115.934,111.26,104.265,96.028,101.817,116.203,114.454,115.598,96.777,102.244,103.048,99.626
2,194.752,99.856,108.422,98.303,106.147,99.756,106.64,107.961,105.13,103.722,107.595,96.622,97.255,100.479,111.035
1,195.005,104.445,116.485,11.01,108.766,101.057,10.86,11.093,114.439,108.4,10.296,106.694,98.319,10.615,10.444
2,195.024,107.201,107.859,113.489,111.391,97.076,104.305,107.621,104.631,102.334,114.117,110.297,104.083,106.288,100.379
1,195.197,102.109,110.66,10.216,95.378,109.016,10.108,11.447,108.153,114.322,10.411,111.204,98.174,10.19,10.128
3,195.39,103.805,107.514,1.071,106.831,100.23,1.063,99.93,107.928,95.889,0.986,108.449,94.483,1.072,96.953
2,195.394,117.295,114.158,115.416,111.392,108.193,96.929,100.179,110.96,102.258,106.688,114.045,100.153,109.129,107.595
4,195.398,1.034,1.026,10.421,1.113,1.009,1.073,94.213,0.999,1.088,9.811,1.071,1.016,1.041,110.533
3,195.875,109.997,96.298,1.114,104.489,93.749,1.033,100.786,100.194,95.977,1.051,111.96,98.254,0.961,97.641
4,195.959,0.986,1.131,11.179,1.053,1.055,1.131,99.996,0.994,0.999,9.522,1.043,1.016,1.001,106.614
2,195.98,100.208,109.342,106.255,100.527,105.202,102.206,94.815,115.162,112.692,110.311,99.328,98.667,103.588,107.412
1,196.403,105.201,102.993,9.526,111.482,102.684,11.631,10.695,100.619,107.005,11.055,98.148,102.269,11.108,11.253
1,196.412,103.818,107.61,10.535,99.254,115.659,10.409,10.574,106.957,110.581,11.015,102.504,114.741,11.59,9.876
1,196.636,110.551,115.057,10.228,111.51,115.224,10.597,11.507,98.495,109.268,10.203,97.982,98.063,11.083,10.468
2,196.69,114.329,105.214,99.308,106.43,100.698,97.186,98.779,104.175,102.946,98.676,98.123,99.702,105.46,103.238
2,196.794,115.445,112.479,107.588,107.442,101.619,112.011,98.0,107.221,100.615,107.766,99.058,92.185,97.951,94.626
4,196.804,0.975,1.12,10.974,1.016,0.964,1.127,93.85,1.008,1.057,10.901,0.978,0.941,1.133,98.209
3,197.31,98.008,94.554,1.041,109.954,94.546,0.926,111.345,108.665,94.1,1.105,113.888,107.651,1.088,112.678
1,197.324,109.117,115.922,9.663,99.967,98.158,11.654,10.009,110.965,116.568,11.121,99.007,108.947,11.68,11.242
3,197.458,108.034,102.013,1.019,109.627,103.18,1.005,98.328,105.956,109.571,0.979,98.49,107.166,0.959,103.531
2,197.616,105.366,113.783,108.875,98.69,98.955,104.0,105.368,113.639,111.376,107.743,105.526,98.788,108.136,99.428
3,198.149,98.033,98.966,1.108,113.251,104.703,1.066,98.796,103.822,105.815,1.005,100.411,98.565,1.078,110.086
4,198.294,1.12,1.162,10.527,1.047,1.048,1.164,101.392,0.983,1.042,10.315,0.984,0.972,1.049,108.808
2,198.704,99.728,99.435,113.596,96.092,96.141,107.956,105.227,114.881,113.783,103.946,106.874,93.467,98.207,104.93
4,198.92,0.989,1.024,10.525,1.138,0.98,1.151,106.969,1.048,1.168,9.539,1.022,1.059,1.015,96.771
1,199.323,105.594,103.713,10.135,99.995,110.197,11.651,10.467,104.849,108.629,9.49,100.435,101.651,10.049,10.119
1,199.38,100.146,115.232,10.433,103.409,110.61,11.68,10.601,100.073,107.916,11.026,98.591,104.709,11.65,10.331
4,199.961,1.107,1.001,10.381,1.056,0.926,1.002,97.765,1.132,1.024,10.315,1.118,0.932,1.17,105.871
2,200.038,98.786,105.224,98.878,100.322,103.913,110.113,99.986,105.629,99.6,106.994,111.386,92.854,106.018,106.299
1,200.12,106.055,116.498,10.529,108.719,102.607,10.347,10.765,103.752,100.408,10.666,106.569,102.586,9.971,11.476
1,200.281,111.018,117.632,9.484,103.164,102.326,10.466,10.529,110.196,114.924,10.224,102.167,108.852,10.107,9.681
2,200.62,108.525,108.947,114.193,96.551,94.572,107.19,100.463,112.612,112.692,114.09,112.505,97.613,107.379,109.846
4,200.657,1.032,1.074,10.295,1.03,0.931,1.141,98.294,1.074,1.008,9.607,0.97,0.988,1.154,98.524
4,200.756,0.99,1.117,11.078,1.094,0.923,0.993,102.042,0.967,1.158,10.738,1.003,0.958,1.035,96.73
1,200.956,100.223,106.068,10.006,95.848,115.699,10.419,11.296,108.759,104.45,10.966,108.398,103.664,10.985,9.791
3,200.962,110.937,104.597,1.05,112.999,101.441,1.011,109.227,100.139,110.046,0.967,98.631,96.585,0.997,107.858
2,201.039,108.692,108.778,112.865,97.567,105.328,99.944,102.105,113.172,110.939,106.267,110.415,101.175,109.254,99.404
1,201.104,113.482,114.129,9.665,109.292,112.186,11.514,10.632,114.205,107.16,10.216,103.764,102.089,10.769,11.059
1,201.137,108.201,107.828,9.584,99.299,103.326,11.137,10.819,98.841,114.204,10.08,113.256,99.284,10.969,10.498
3,201.247,104.368,97.781,1.006,104.588,96.832,0.967,103.531,103.678,108.85,1.099,97.628,92.865,1.001,97.595
3,201.283,98.91,100.343,0.988,105.671,100.292,1.035,99.608,107.791,99.249,1.03,106.784,106.564,0.95,111.447
1,201.43,106.644,111.339,10.223,102.426,114.616,11.229,10.486,102.454,106.178,11.053,95.314,107.953,10.86,9.805
1,201.923,98.677,113.458,9.785,108.488,101.054,10.813,10.252,112.077,117.648,11.078,110.057,106.982,10.287,9.779
3,202.014,105.275,109.141,1.004,109.776,104.835,1.026,111.628,104.816,109.406,1.12,108.843,93.552,1.087,110.436
1,202.152,97.852,102.759,11.053,102.788,98.709,11.118,9.862,106.239,105.685,11.148,99.868,108.119,10.41,9.799
3,202.323,112.789,97.07,1.076,100.74,97.765,1.088,99.907,110.825,106.92,0.975,101.343,95.658,1.008,112.249
4,202.412,1.013,1.177,9.476,1.015,1.059,1.135,103.848,1.087,1.102,9.681,1.096,0.963,1.159,94.833
2,202.686,100.577,99.83,100.845,98.969,107.443,96.832,102.432,114.869,103.606,105.79,107.745,105.202,112.763,101.442
1,203.064,110.774,107.586,10.43,109.193,110.162,9.936,9.804,101.104,109.159,9.612,99.475,100.657,11.413,9.908
2,203.086,113.337,110.543,101.004,101.939,106.905,97.082,99.676,98.801,112.023,111.822,101.931,95.26,100.207,95.964
2,203.323,114.355,111.069,115.476,109.715,101.029,109.668,101.529,116.623,98.543,101.147,111.806,106.006,103.98,108.296
2,203.432,105.441,106.077,108.208,101.85,103.424,106.736,105.272,111.174,105.646,99.201,108.1,98.548,101.266,101.304
3,203.607,103.822,99.436,0.999,98.962,99.815,1.049,100.782,105.219,104.837,0.983,105.262,93.09,0.99,111.699
1,203.669,97.947,107.639,10.437,97.23,112.539,11.117,10.025,104.774,100.478,11.004,97.355,112.77,11.292,9.828
1,203.914,108.535,100.408,10.819,104.804,115.111,10.881,10.583,108.354,111.361,9.763,95.848,104.39,11.217,10.76
3,204.116,108.336,103.3,1.026,99.584,104.464,1.094,103.861,105.273,109.294,0.99,111.46,103.372,0.963,103.088
2,204.152,116.08,98.752,98.784,97.197,105.804,98.605,95.735,110.63,99.521,99.38,100.037,103.968,96.386,97.583
1,204.226,97.926,116.914,11.026,112.821,97.828,10.417,11.387,114.902,113.777,10.636,98.576,109.216,10.012,10.479
2,204.265,117.324,101.173,107.877,99.581,94.382,105.901,104.171,108.329,97.234,114.818,110.409,107.051,104.0,109.151
1,204.348,113.141,111.289,9.798,108.356,103.947,10.512,10.746,99.268,114.322,10.333,103.887,100.584,10.358,9.967
3,204.424,98.925,95.435,1.1,109.047,93.598,0.999,103.088,113.642,105.524,1.071,103.077,104.891,0.985,105.77
2,204.6,108.351,103.128,114.245,100.409,106.213,100.329,104.626,100.971,112.046,106.895,113.232,95.934,98.58,93.795
3,204.676,114.045,104.117,1.003,113.464,105.639,0.926,105.07,112.148,98.891,0.973,114.287,104.403,1.055,99.907
2,204.711,112.803,102.568,98.602,100.678,108.973,109.254,94.397,107.965,106.067,109.971,102.073,105.796,112.822,102.306
4,204.986,1.036,1.088,9.865,1.048,1.018,1.148,109.704,1.022,1.102,10.603,1.014,1.03,1.172,94.497
4,205.015,1.012,0.997,10.272,1.082,1.066,1.114,105.133,1.009,1.039,11.191,1.074,0.984,1.044,104.344
2,205.354,107.47,112.941,105.914,113.929,94.564,97.752,102.736,102.775,101.522,105.384,113.11,94.666,99.696,107.36
4,205.357,1.042,1.094,10.051,0.994,1.069,1.012,100.816,1.046,1.096,10.211,0.998,1.044,1.106,107.885
3,205.748,110.586,96.472,0.996,97.996,99.849,0.977,98.454,103.421,109.89,0.965,107.032,93.024,1.034,102.68
1,206.077,106.775,116.894,9.566,101.034,109.539,10.357,10.39,100.358,115.639,11.185,102.341,102.066,10.576,9.75
3,206.667,111.414,96.108,1.028,106.831,104.891,0.924,99.954,104.097,108.147,1.005,101.601,92.788,1.088,102.837
1,206.691,103.618,101.296,11.182,104.733,103.817,11.524,10.08,112.167,106.068,10.319,98.868,113.127,11.415,11.159
2,207.181,110.212,97.234,110.494,114.005,98.633,100.027,111.026,103.196,114.099,105.752,99.159,105.441,103.997,107.981
1,207.308,112.903,116.478,11.16,103.284,112.996,11.259,11.257,102.853,101.838,9.471,99.981,109.46,11.021,10.545
4,207.381,1.003,1.153,10.497,1.057,0.949,1.119,104.21,1.117,1.002,10.039,1.076,0.986,0.992,93.69
3,207.507,105.957,93.986,1.123,111.926,109.533,1.021,106.53,112.38,103.572,1.123,101.521,100.744,0.977,96.624
2,207.521,114.723,113.632,104.525,110.262,104.293,108.709,100.516,113.714,106.953,104.78,99.832,100.142,96.071,94.001
1,207.686,109.381,116.379,11.101,96.748,108.119,10.52,9.855,110.774,101.054,10.701,97.813,99.32,11.635,11.423
1,207.896,98.118,104.904,9.815,95.626,109.539,10.81,10.684,112.036,115.542,11.148,103.515,106.157,11.192,10.939
4,207.937,1.02,1.018,11.004,1.067,1.061,1.136,95.985,1.032,1.175,10.713,1.025,1.007,1.138,104.743
2,207.973,109.198,98.228,104.543,101.131,108.416,105.755,109.092,104.703,99.922,98.141,97.049,93.605,106.946,111.46
4,208.397,1.033,1.024,10.509,1.064,0.968,1.15,94.682,1.078,1.108,11.084,0.991,0.924,1.062,100.588
3,208.478,112.416,97.939,0.978,114.492,92.873,1.049,105.171,106.84,100.296,0.988,106.241,103.894,1.037,102.293
1,208.666,109.604,99.658,10.619,102.87,115.073,10.136,10.909,98.118,115.963,9.497,111.787,113.886,10.279,11.059
1,208.672,98.785,116.822,9.69,99.919,106.175,11.285,11.263,98.622,111.289,9.647,107.415,104.013,10.776,11.065
4,208.754,1.069,1.095,11.167,1.079,1.049,0.997,98.159,1.117,1.06,9.517,1.054,1.059,1.012,97.929
3,208.824,113.397,106.634,1.041,103.625,97.915,1.021,106.396,113.781,94.197,1.084,98.593,94.407,1.089,98.855
4,209.07,1.071,1.131,9.46,1.116,1.004,1.042,110.831,1.096,1.162,9.519,0.975,0.92,1.13,105.871
2,209.223,117.363,108.858,108.822,97.577,93.085,108.035,111.007,109.228,101.044,99.115,112.049,103.939,98.832,97.412
2,209.73,105.9,104.301,110.341,113.94,100.944,108.214,98.779,102.682,110.739,103.452,108.295,102.169,95.101,94.705
2,209.763,103.534,104.655,114.401,104.419,96.243,96.692,105.602,108.669,109.122,103.104,100.281,91.656,111.333,104.15
3,209.781,102.517,97.237,0.966,115.233,93.638,1.073,97.028,97.625,101.572,0.99,98.35,103.468,0.965,104.998
4,209.815,1.075,1.05,10.244,1.089,1.079,1.0,107.413,1.103,1.028,10.654,1.102,1.078,1.108,108.668
4,209.96,0.983,1.142,10.519,1.144,0.968,1.072,94.189,1.113,1.042,9.446,1.026,1.074,1.059,104.777
1,210.067,110.59,109.347,9.951,111.665,109.196,10.006,10.781,107.82,115.667,9.913,96.028,107.791,11.129,10.45
2,210.335,100.573,107.18,100.753,105.114,92.125,100.852,96.137,113.537,97.55,113.692,113.834,104.217,108.035,108.07
1,210.336,104.101,115.771,10.922,100.295,102.009,10.837,11.165,97.892,114.462,10.72,100.546,98.495,10.71,9.769
3,210.445,108.899,104.558,1.083,98.021,99.302,1.029,112.14,104.442,107.302,1.062,106.131,108.938,1.003,97.582
3,210.609,112.789,102.673,1.013,99.447,101.272,1.059,113.357,98.84,94.49,1.093,112.35,92.179,0.95,103.682
1,210.749,109.864,108.13,9.662,95.552,101.057,11.197,11.217,99.894,111.318,9.576,97.548,99.588,11.382,10.467
2,210.755,117.345,106.707,110.131,107.597,94.992,95.073,98.13,115.504,98.695,109.799,104.464,99.292,98.474,107.879
2,210.757,110.896,107.535,98.664,110.029,106.393,102.69,102.12,115.528,102.956,102.222,99.712,99.04,103.766,111.463
2,210.833,101.481,111.106,101.821,100.322,92.932,94.962,102.726,99.289,104.595,108.794,100.27,100.917,104.28,97.412
3,210.965,99.767,95.519,1.042,104.442,108.417,1.062,102.318,114.937,100.893,1.124,105.417,96.049,1.079,103.926
2,211.194,109.312,108.154,103.723,110.074,102.96,107.662,95.242,114.16,109.527,108.578,106.397,106.451,97.671,105.1
3,211.276,104.831,99.698,1.021,112.999,99.921,1.079,108.334,107.14,108.015,1.112,101.045,100.695,1.029,113.798
1,211.463,100.305,103.625,9.906,102.993,111.91,10.943,10.949,114.794,113.6,10.515,101.763,114.243,11.578,11.399
1,211.93,102.92,112.855,10.719,102.609,107.607,10.102,10.976,115.304,106.02,10.437,109.034,105.824,11.119,10.72
4,212.107,1.048,1.081,10.398,1.037,1.064,1.149,104.827,0.979,1.002,10.699,0.998,1.037,1.098,110.294
1,212.391,106.477,100.882,10.103,101.44,113.379,10.634,10.571,104.212,99.803,10.61,98.527,114.911,11.535,10.137
3,212.437,103.847,98.908,0.954,104.117,106.69,1.082,97.101,113.347,109.933,1.081,105.577,104.352,1.055,101.031
4,212.479,1.053,1.164,10.863,1.003,1.069,1.176,97.548,1.003,1.109,10.859,1.042,1.046,1.086,108.772
4,212.495,1.08,1.117,10.621,1.064,0.982,1.028,107.685,1.124,1.096,10.664,1.015,0.919,1.029,110.981
1,212.685,98.471,107.343,9.461,104.04,109.381,10.197,10.386,103.235,99.055,10.189,111.089,114.52,11.338,10.3
1,212.773,103.894,99.221,10.517,109.951,98.307,10.806,10.339,98.047,100.079,10.195,111.632,100.346,11.689,10.489
4,212.867,1.105,1.174,10.846,1.126,0.962,1.063,104.777,1.052,1.135,10.917,1.092,0.981,0.991,109.193
3,213.152,114.912,110.065,1.022,104.342,99.29,1.009,100.724,110.825,102.752,1.1,106.404,98.563,0.968,98.926
2,213.394,105.221,105.228,115.595,96.498,99.077,98.21,104.31,110.212,108.06,100.024,105.082,104.815,112.487,94.802
3,213.567,112.468,101.99,0.97,106.264,98.013,0.94,97.452,111.616,100.969,1.118,105.803,92.283,0.933,101.168
3,213.633,110.118,95.39,1.101,104.402,94.412,0.989,114.195,108.969,106.78,1.039,114.237,108.93,1.024,105.48
2,213.928,107.369,103.717,108.82,101.477,96.926,103.831,96.863,105.401,103.594,100.761,107.087,98.745,97.752,101.518
4,214.144,1.001,1.108,10.707,1.065,0.981,1.151,108.289,0.979,1.145,9.709,1.117,0.94,1.015,101.481
4,214.279,1.098,1.044,10.969,1.119,0.927,1.082,111.021,1.118,1.144,11.205,1.023,1.047,1.064,103.642
2,214.453,105.599,102.72,109.971,101.542,103.727,106.946,108.296,103.857,100.675,105.777,100.281,101.495,95.74,108.105
3,214.858,108.951,103.589,1.064,113.513,104.11,1.073,105.156,104.431,104.555,1.095,110.943,106.794,0.95,101.093
2,214.985,101.891,100.842,113.228,106.223,99.618,108.182,94.789,114.33,100.572,105.942,100.681,99.533,107.003,111.309
1,215.024,108.976,104.241,10.575,96.408,106.86,9.992,9.74,97.748,111.285,11.169,108.374,107.182,10.691,9.95
3,215.133,101.368,109.82,0.99,100.649,98.483,1.037,102.011,106.496,97.91,1.03,114.925,107.171,1.075,99.41
4,215.383,0.996,1.084,9.812,1.08,1.029,1.009,101.813,0.963,1.094,10.104,1.116,1.064,1.047,94.833
2,215.63,117.124,108.154,105.788,100.82,105.955,108.531,95.371,109.582,99.28,99.85,112.692,91.953,105.473,103.29
2,215.631,102.16,111.765,102.143,102.215,107.13,96.929,106.949,109.988,106.602,100.753,110.297,99.533,106.226,96.122
4,215.772,1.112,1.112,10.135,0.97,0.921,1.085,108.362,1.025,1.1,10.844,1.088,1.06,1.045,106.617
1,215.844,115.588,115.716,10.462,108.336,107.98,10.933,10.574,102.919,116.13,10.373,98.51,107.51,10.386,11.498
1,216.181,101.993,107.582,10.375,95.996,103.094,11.45,10.363,108.433,109.268,11.048,109.711,101.905,9.927,10.513
3,216.405,101.095,104.04,0.979,101.665,95.694,1.023,106.789,104.174,99.984,1.068,113.585,101.285,1.073,106.139
2,216.546,104.929,110.707,106.895,100.409,105.142,105.746,102.443,116.808,101.338,115.079,109.152,98.543,101.907,106.168
4,216.632,0.968,1.06,10.212,0.974,1.037,1.158,95.314,1.053,1.108,10.918,1.065,1.009,1.117,110.387
3,216.695,97.865,95.411,1.124,104.083,104.872,0.95,104.61,107.965,94.009,1.058,101.045,107.848,1.086,100.681
3,216.7,113.996,107.849,0.982,111.494,104.11,0.948,107.389,101.719,92.947,1.006,100.165,104.994,1.065,98.638
1,216.738,98.175,102.77,9.484,101.153,97.731,11.59,11.219,114.067,110.274,10.717,102.788,98.847,10.99,9.856
1,217.049,106.918,116.448,9.747,107.599,112.917,10.564,10.777,97.972,107.015,10.193,95.585,101.995,10.727,11.088
3,217.085,113.231,108.699,1.097,104.107,95.265,0.991,109.368,114.977,98.966,1.014,109.776,95.664,0.984,100.622
1,217.172,103.323,116.472,10.584,104.092,112.177,10.307,11.114,108.548,103.949,10.991,102.493,103.129,10.436,11.099
1,217.758,111.128,111.404,10.727,97.09,97.612,11.217,10.938,115.451,113.806,9.647,113.14,102.562,11.301,10.844
3,217.841,110.107,108.515,0.986,112.333,101.731,0.974,111.866,100.804,108.626,0.989,98.114,100.619,1.034,110.812
1,217.909,101.237,109.583,10.441,98.743,101.862,11.259,10.537,103.094,99.617,10.533,112.366,109.432,10.005,10.654
2,218.494,108.351,113.365,104.247,107.774,92.202,97.576,109.153,104.72,114.155,103.38,97.967,103.644,108.524,105.591
4,218.588,0.989,1.008,10.747,1.132,1.059,1.067,97.066,1.028,1.118,10.134,1.01,1.061,1.129,96.706
4,218.984,1.115,1.168,11.113,1.004,1.054,1.031,104.953,1.057,1.17,10.156,1.012,1.056,1.16,109.421
4,218.99,1.072,1.072,10.695,1.022,1.025,1.063,106.708,1.0,1.168,11.078,1.08,0.947,1.005,102.682
3,219.213,103.439,100.679,1.063,102.635,108.074,1.0,99.388,110.282,110.255,1.085,111.88,97.504,0.95,97.671
4,219.343,1.043,1.004,10.67,1.002,0.95,1.104,108.329,1.133,1.053,11.116,0.991,0.954,1.037,106.383
1,219.442,110.548,99.781,10.294,107.516,109.841,10.548,11.489,114.083,114.756,9.482,110.018,103.148,11.455,10.369
1,219.639,102.544,115.626,10.767,103.764,108.233,10.78,10.307,113.934,104.034,10.812,109.291,114.593,10.232,9.912
2,219.817,108.995,99.157,106.482,109.695,104.704,102.69,95.042,115.369,113.519,110.792,97.874,100.849,97.684,107.178
1,220.004,100.822,109.466,11.141,101.648,104.367,10.118,10.536,112.369,117.474,10.501,96.733,111.607,10.345,10.655
1,220.097,103.569,107.915,10.517,110.994,106.499,11.466,10.339,106.499,107.03,9.799,101.086,103.209,10.534,10.148
1,220.288,107.754,105.359,9.67,112.911,108.852,9.946,10.081,100.134,101.838,9.412,98.061,113.641,10.307,9.925
2,220.426,107.201,106.077,99.697,97.957,100.275,103.048,102.364,107.534,113.53,99.011,102.394,97.613,96.753,103.808
1,220.451,105.463,112.78,9.423,111.692,112.143,10.557,10.236,106.51,104.75,9.431,104.951,113.641,11.08,10.398
4,220.469,0.956,1.139,9.828,1.032,0.993,1.003,106.058,1.063,1.07,10.462,0.994,1.057,1.156,94.396
1,220.492,104.19,111.311,9.851,110.236,105.27,10.345,10.707,111.36,114.18,10.42,104.04,102.857,10.387,10.64
2,220.535,99.522,107.351,98.438,105.848,107.663,111.458,98.528,104.705,99.033,113.618,110.262,105.897,107.67,105.377
1,220.879,100.429,115.686,11.063,96.733,110.175,10.155,10.367,107.863,115.514,11.18,110.648,110.618,10.985,10.728
4,220.993,1.057,1.162,10.118,1.104,1.076,1.044,100.903,1.129,1.014,9.872,1.104,1.079,1.027,105.575
3,221.041,103.126,97.91,1.052,111.711,102.818,1.017,102.982,110.825,108.326,0.999,99.835,96.158,1.056,103.56
1,221.431,102.284,113.055,10.689,112.158,113.5,11.434,10.076,101.012,111.505,10.816,95.967,115.133,11.255,11.043
3,221.75,115.087,103.161,1.127,115.317,105.499,1.086,106.774,99.808,95.237,0.968,101.642,109.001,1.01,112.489
3,221.891,97.561,101.351,1.074,104.615,108.587,1.035,114.099,107.476,103.029,1.101,115.903,96.946,0.953,100.123
1,222.221,115.423,108.436,10.333,103.764,111.241,10.607,10.781,115.451,104.938,9.932,99.128,100.162,11.527,10.904
3,222.773,98.033,97.237,1.078,101.762,98.245,0.937,97.531,112.789,102.369,1.053,107.81,104.913,1.08,102.293
2,222.891,111.776,102.142,99.431,112.848,96.788,101.666,93.804,111.153,107.792,102.41,96.498,93.054,101.103,109.979
3,222.945,103.126,96.176,0.959,109.241,99.325,1.065,106.617,101.417,101.586,0.986,102.174,98.076,0.959,107.966
1,223.236,105.38,108.223,11.106,109.329,115.336,10.118,10.087,113.332,99.932,9.69,97.147,110.475,11.556,10.765
2,223.26,99.214,105.573,111.632,96.177,108.168,101.949,103.379,104.761,98.045,101.28,108.136,107.269,108.391,100.659
3,223.305,109.532,95.955,0.954,100.385,99.828,1.033,107.993,103.847,101.199,1.048,103.915,102.61,0.953,100.406
4,223.497,1.103,1.13,10.947,1.104,1.031,1.012,107.995,1.074,1.015,10.188,1.099,1.036,1.112,98.353
2,223.735,107.534,109.784,102.973,100.891,93.398,102.403,96.475,110.21,97.241,106.484,97.914,99.637,100.027,110.395
1,224.696,108.334,108.935,10.013,97.873,103.485,10.814,10.577,114.668,107.655,10.313,110.827,105.253,10.136,10.707
4,224.728,1.075,1.162,10.814,1.058,0.994,1.04,98.524,1.132,1.14,10.488,0.985,0.933,1.076,103.281
3,224.885,106.432,98.758,0.965,102.541,100.429,1.026,103.791,101.282,103.161,1.106,107.808,108.824,1.046,103.085
4,224.971,1.1,1.162,9.915,1.048,1.049,1.012,109.801,0.961,1.005,10.073,1.111,1.045,1.124,96.929
2,225.876,113.082,110.326,98.367,110.124,105.306,110.346,108.477,111.332,105.498,110.276,102.595,97.308,105.746,105.828
3,226.043,113.389,102.696,1.008,109.46,108.536,1.088,100.613,107.913,99.202,0.954,107.345,109.052,0.949,110.663
4,226.221,1.024,1.024,10.887,1.111,0.934,1.138,104.661,0.964,1.18,10.798,0.984,1.009,1.038,103.962
3,226.379,100.889,96.108,1.107,105.299,107.8,0.959,114.564,104.753,96.237,0.984,114.236,93.119,1.039,106.039
2,226.493,103.857,110.237,107.579,106.397,107.815,95.205,107.879,104.041,110.633,113.608,108.221,101.875,98.554,95.586
2,226.664,100.766,98.572,102.799,112.286,106.901,105.473,96.221,103.211,100.609,103.005,97.151,93.597,105.398,95.067
3,227.038,114.14,105.155,0.979,100.67,94.689,1.054,103.655,114.56,96.128,0.951,106.131,98.506,1.001,106.147
1,227.059,99.289,102.209,10.431,103.715,114.962,10.165,9.882,110.189,100.192,10.816,98.98,106.425,9.926,10.362
1,227.134,108.615,112.915,10.393,96.356,103.664,11.231,10.009,97.919,111.618,9.665,111.318,108.598,11.539,9.791
3,227.257,111.119,100.075,1.002,101.656,99.486,0.958,113.157,98.372,106.433,1.122,107.735,93.767,0.958,111.346
2,227.39,101.727,105.008,101.995,101.104,107.261,101.683,105.208,103.701,104.101,104.234,107.167,102.216,99.39,97.901
4,227.785,1.124,1.086,10.556,1.002,0.979,1.029,97.447,1.111,1.078,10.605,1.087,0.97,1.076,98.75
2,228.101,115.977,99.69,114.516,106.44,98.455,109.277,101.439,106.754,109.841,107.743,106.496,99.48,96.263,101.748
3,228.376,111.792,96.205,1.055,106.112,94.027,1.011,105.149,108.673,107.356,1.051,110.909,103.269,0.993,100.556
2,228.569,99.438,109.208,116.283,96.908,95.239,106.658,107.552,103.083,104.368,113.459,97.689,106.236,107.889,106.516
1,228.583,107.82,103.688,10.189,100.256,112.202,11.513,9.795,108.638,101.057,9.665,95.874,100.604,9.905,10.485
1,228.692,101.22,116.376,10.575,108.667,103.131,11.263,10.741,110.851,117.006,11.101,99.822,107.442,11.603,11.399
1,228.793,102.919,109.622,10.501,102.72,104.203,11.615,10.541,101.793,101.691,10.57,101.11,98.238,9.963,11.468
3,228.845,114.589,110.213,1.012,107.366,107.127,1.065,103.817,103.203,97.821,1.124,108.693,108.914,0.934,110.521
2,228.9,111.443,104.025,101.488,97.914,95.661,109.922,97.108,99.635,106.606,110.492,96.297,92.562,102.193,106.512
1,228.983,112.751,106.176,10.767,110.994,99.941,11.374,10.004,108.435,117.314,10.26,97.841,97.71,10.418,9.777
2,229.006,112.164,100.158,101.76,106.166,104.458,110.582,94.555,105.237,106.042,109.931,113.929,108.498,112.664,111.022
4,229.017,0.962,1.174,11.038,0.994,0.969,1.124,110.073,1.032,1.052,9.982,1.036,1.044,1.071,96.416
3,229.07,115.739,93.021,1.126,99.264,100.055,0.954,107.978,112.789,98.384,0.993,111.33,103.988,1.063,105.01
1,229.149,114.922,113.795,10.535,111.757,104.212,10.716,10.438,101.506,107.143,9.694,104.263,113.127,10.288,11.092
3,229.371,100.154,109.273,1.113,113.168,95.007,0.969,102.25,109.396,97.178,0.982,113.977,100.516,1.064,114.199
2,229.425,102.16,100.675,106.731,111.748,95.315,98.325,111.155,102.399,110.172,107.155,111.03,107.221,99.07,105.373
3,229.62,106.181,105.155,1.019,112.784,106.279,1.02,106.472,108.034,95.312,1.08,101.562,105.193,0.953,100.659
1,229.755,110.196,104.424,9.666,96.95,97.796,9.963,11.192,98.473,109.296,9.565,95.417,111.221,11.259,10.714
2,229.855,109.885,105.258,115.416,113.116,94.965,111.535,106.785,114.077,103.075,113.238,112.117,91.876,100.131,99.986
1,229.925,105.315,114.319,9.497,110.149,111.93,10.212,10.714,115.723,106.688,10.189,96.923,109.001,10.136,11.32
2,229.978,100.645,101.238,109.812,103.733,94.599,104.634,108.259,99.299,106.21,110.943,98.889,107.691,109.625,107.981
2,230.185,115.794,100.669,101.443,99.96,94.815,111.379,106.299,111.678,97.567,103.389,98.837,106.536,99.251,110.348
2,230.486,113.399,103.181,105.85,104.189,99.052,109.922,94.199,100.195,106.728,112.242,98.071,98.349,103.562,100.253
3,230.769,98.573,103.355,1.062,97.818,103.888,1.057,106.986,105.147,98.781,1.047,108.748,106.446,1.045,111.864
2,230.771,114.432,106.474,102.24,98.617,92.028,99.494,95.352,103.183,103.522,103.541,102.548,94.302,112.75,105.908
4,230.774,1.1,1.003,9.738,1.104,1.033,1.017,101.232,1.103,1.01,9.828,0.998,0.991,1.091,96.645
4,231.378,1.007,1.117,10.293,1.08,1.015,1.174,109.758,1.062,1.121,10.1,1.092,0.958,1.117,109.58
1,231.463,103.013,116.09,10.006,111.469,104.367,11.516,11.2,111.199,104.577,10.846,102.167,99.346,10.364,10.254
1,231.557,102.77,109.979,9.464,95.956,106.144,10.786,9.932,111.266,105.615,10.313,95.996,100.334,11.635,9.75
3,231.594,114.496,106.342,0.993,101.691,94.9,1.047,98.855,97.47,97.828,1.063,105.417,92.418,1.041,103.964
3,231.762,102.2,106.568,1.012,102.428,104.02,0.968,100.856,110.091,96.892,1.093,106.766,105.441,0.977,101.635
2,231.846,106.681,109.596,105.584,98.471,108.707,101.75,99.968,112.247,97.246,107.621,97.151,105.441,106.165,100.659
4,231.965,0.956,1.116,10.654,1.025,0.926,1.134,109.262,1.084,1.173,10.779,1.021,1.045,1.177,101.439
1,232.304,102.855,112.661,10.115,111.51,105.187,9.988,11.009,110.035,102.331,11.011,104.733,101.675,10.534,10.818
1,232.333,114.118,107.684,11.053,98.868,109.614,10.879,10.343,111.128,115.902,10.346,100.873,114.389,11.628,10.129
2,232.362,114.415,96.385,107.946,112.387,106.291,103.826,107.423,108.904,113.956,105.439,108.804,107.269,112.685,94.019
1,232.412,109.605,108.592,9.492,99.173,112.344,10.17,11.283,105.328,115.479,10.041,105.021,103.504,11.77,10.676
2,232.424,101.636,102.15,103.456,97.789,99.124,97.815,97.886,101.044,100.77,110.582,100.681,107.815,106.496,107.178
2,232.578,115.937,108.862,105.562,112.863,101.485,102.403,104.976,100.875,102.455,98.672,108.471,102.234,112.237,110.589
3,232.685,115.42,96.899,1.107,98.223,97.134,0.978,97.736,100.482,96.472,1.071,114.873,99.144,1.083,101.14
3,232.727,105.614,97.194,1.084,103.521,101.457,1.008,108.476,102.34,96.741,1.08,113.315,94.247,1.011,103.969
4,232.792,1.124,1.054,11.188,1.057,0.998,0.996,93.69,1.03,1.012,10.211,0.974,1.045,1.065,104.827
3,232.848,97.543,100.075,1.072,115.087,94.774,1.082,108.255,97.615,98.309,0.981,106.566,108.522,0.985,105.639
2,232.889,106.487,108.47,105.912,103.108,98.072,99.251,105.903,107.045,102.628,112.784,107.78,92.241,107.309,95.282
3,233.045,113.203,92.893,1.051,98.687,109.533,0.938,99.012,106.624,94.802,1.033,101.406,102.686,0.96,106.139
1,233.277,102.01,104.74,9.964,96.509,104.978,10.654,10.131,97.945,114.636,9.64,100.119,107.51,11.527,9.957
2,233.406,103.196,106.602,107.721,96.498,96.174,95.822,101.167,102.423,112.687,107.588,104.399,98.435,98.0,98.991
4,233.538,0.972,1.034,10.403,1.003,0.933,1.003,93.875,1.059,1.107,10.631,0.986,1.083,1.16,100.903
1,233.688,109.759,111.526,9.655,96.749,101.916,10.246,10.385,97.748,110.559,10.048,98.863,107.935,11.285,9.969
2,233.689,110.285,102.455,104.947,98.593,97.599,95.469,107.755,116.581,112.756,109.498,113.152,95.864,105.513,103.29
2,233.747,102.06,112.383,104.543,113.392,106.242,105.371,101.817,115.445,112.6,104.205,101.296,94.362,103.116,94.725
2,233.945,109.972,99.592,106.354,109.621,93.641,96.662,103.097,112.109,109.347,116.077,96.624,103.021,111.131,102.589
3,234.141,108.962,97.194,0.976,109.747,99.789,0.985,96.634,107.108,98.966,1.121,107.602,105.838,1.006,109.227
3,234.597,114.632,95.326,1.053,99.94,108.893,1.065,113.925,114.322,101.539,1.124,115.037,105.036,1.076,99.21
1,234.852,115.126,110.874,10.214,98.561,107.953,10.634,10.128,103.768,117.096,9.472,96.704,101.941,9.927,11.338
1,234.994,103.415,104.099,9.883,110.684,104.978,10.468,11.062,102.109,110.73,9.886,97.5,108.405,11.726,10.978
3,235.054,113.882,102.749,1.031,114.976,101.001,1.032,110.521,97.771,101.207,1.118,100.67,100.839,0.99,109.227
3,235.172,113.017,99.942,1.033,112.671,101.307,1.037,103.563,109.253,97.434,1.032,98.224,100.839,1.058,111.143
1,235.446,97.758,113.363,9.724,96.733,115.614,10.297,11.374,108.171,104.904,10.236,102.223,99.941,10.329,10.573
4,235.494,1.101,1.182,11.106,1.131,0.963,1.092,104.775,1.091,1.097,9.939,1.141,0.932,1.034,110.3
1,235.56,97.9,106.852,10.732,104.761,97.657,10.209,11.032,114.67,115.748,10.619,109.291,98.259,11.334,10.138
2,235.654,113.371,106.641,113.281,100.41,102.341,108.465,102.306,104.412,111.106,99.862,108.461,97.766,96.014,107.793
3,235.681,104.04,94.786,1.059,108.871,94.774,0.986,109.021,97.865,108.413,1.037,100.74,93.884,1.087,113.253
2,235.684,115.003,111.474,98.602,113.852,101.436,106.552,103.052,116.691,104.392,105.012,112.802,108.323,106.018,104.361
4,235.955,1.079,1.155,11.125,1.029,1.019,1.004,103.865,1.009,1.061,9.709,1.077,0.936,1.074,104.38
3,236.07,115.739,109.938,1.046,114.492,93.299,0.952,99.3,113.771,105.058,1.121,109.747,102.22,1.007,97.769
3,236.164,97.709,104.704,1.057,115.301,94.662,1.009,104.084,104.097,106.061,1.046,98.175,97.106,1.029,111.875
2,236.262,113.949,108.544,108.672,101.06,102.216,112.487,102.395,115.162,98.146,100.369,99.008,95.254,107.311,95.172
4,237.06,1.0,1.184,10.707,1.134,0.915,1.102,100.223,1.034,1.17,10.699,0.996,1.019,1.117,104.953
4,237.204,1.105,1.177,11.153,1.145,1.046,1.108,108.633,1.128,1.022,10.863,1.11,1.008,1.135,109.58
3,237.374,115.311,106.585,1.103,113.278,93.833,1.031,104.881,98.405,106.061,0.975,104.172,97.836,0.937,99.06
4,237.595,1.04,1.071,10.61,1.102,0.98,1.11,101.168,0.971,1.14,10.718,1.051,1.05,1.097,104.138
3,237.998,99.254,98.616,1.036,104.19,95.651,1.015,109.502,107.204,94.1,0.98,105.967,105.744,1.088,107.806
2,238.258,110.631,104.38,100.065,99.93,100.923,95.073,111.547,101.223,112.105,109.145,106.147,98.032,104.43,110.961
1,238.292,106.955,115.227,9.432,101.743,104.907,11.54,9.853,103.963,111.952,9.583,102.711,107.95,11.427,11.332
1,238.316,98.495,106.688,9.567,112.726,110.483,9.963,10.274,101.667,99.741,11.182,106.33,111.281,10.952,9.861
2,238.343,104.337,97.55,112.137,104.38,92.086,105.307,100.768,103.779,105.367,116.157,112.505,91.783,108.067,111.579
3,238.359,100.449,109.933,1.046,105.719,107.781,0.977,105.29,113.781,100.395,1.09,115.531,98.583,1.063,113.523
2,238.592,116.285,104.387,110.379,101.12,105.089,106.498,94.452,102.912,113.441,114.34,99.996,99.145,111.012,102.589
1,238.664,102.662,117.314,10.488,109.504,106.131,11.022,9.732,110.965,105.048,10.821,99.154,101.844,10.703,10.321
3,238.935,104.419,95.52,1.071,102.034,100.621,1.084,107.385,113.489,95.39,1.125,109.282,100.131,1.052,103.817
1,239.163,106.306,115.525,9.695,95.788,97.94,10.22,10.646,106.182,106.852,9.919,108.856,99.295,10.688,10.608
2,239.592,114.429,103.658,115.537,108.718,97.919,112.125,103.22,103.212,104.38,104.554,104.003,107.741,106.049,103.29
2,239.654,113.803,112.896,113.618,96.997,106.308,99.427,101.55,113.202,111.379,99.962,107.065,105.089,95.244,105.02
4,239.841,1.002,1.161,10.556,1.012,0.957,1.149,99.141,1.04,1.132,10.644,0.993,0.987,1.148,100.558
1,239.985,98.118,105.465,9.692,109.139,102.004,11.498,11.041,98.47,113.959,10.445,101.44,111.067,11.64,9.999
2,240.57,108.567,110.789,116.226,110.657,92.854,103.997,95.091,113.45,97.964,104.897,106.894,100.077,112.154,106.248
1,240.727,110.365,115.299,10.168,104.765,112.724,10.27,10.136,101.965,115.622,9.843,96.244,105.92,11.126,11.259
4,240.781,1.005,1.08,10.183,1.018,1.032,1.054,101.813,1.116,1.148,10.816,1.016,0.955,1.17,96.123
4,240.794,0.982,1.157,10.084,1.086,0.967,1.097,97.779,1.094,1.085,10.618,1.146,0.926,1.172,99.039
3,240.949,111.888,93.092,1.074,110.57,102.334,1.022,101.992,105.083,107.225,0.983,114.257,106.935,0.949,101.992
3,240.989,98.596,103.572,0.971,102.034,99.174,0.937,99.19,101.282,94.09,1.085,102.521,103.026,0.935,111.466
1,241.216,102.417,107.561,10.093,95.848,98.634,11.687,11.147,107.481,108.79,10.168,100.147,110.751,11.73,11.472
1,241.253,115.74,101.691,11.145,109.795,105.316,10.535,11.356,105.315,99.643,10.066,97.548,100.803,10.155,10.308
1,241.315,112.286,113.963,10.35,110.314,110.53,10.374,10.914,98.795,111.337,9.816,111.469,100.349,10.409,10.655
2,241.599,117.435,99.641,110.493,97.789,97.143,111.379,108.957,112.728,105.66,103.005,100.739,99.747,106.204,94.601
1,241.621,103.042,104.925,10.662,102.029,114.786,11.273,10.333,105.449,112.556,10.455,98.769,109.938,11.047,10.363
2,241.912,104.396,109.83,113.379,98.617,101.105,104.0,110.286,101.024,98.117,101.134,109.376,95.386,109.595,99.135
2,242.046,110.33,106.641,111.362,104.189,95.388,99.162,110.674,103.662,108.154,98.453,109.328,97.613,108.361,108.001
1,242.115,101.286,99.617,11.042,101.508,113.329,10.438,10.387,111.36,107.655,10.42,98.148,100.052,11.65,10.646
3,242.122,114.833,95.455,1.03,110.919,93.842,0.934,108.776,108.776,95.881,1.082,101.343,95.364,1.02,100.398
1,242.323,103.178,117.61,9.871,110.944,107.53,11.151,10.723,105.295,113.886,9.668,96.733,108.751,10.155,10.508
1,242.505,100.616,103.729,10.039,104.92,107.7,10.998,10.22,97.92,109.619,10.949,110.827,114.373,10.039,9.724
1,243.062,106.123,101.962,9.423,108.04,108.282,10.142,10.858,104.101,111.41,9.512,103.839,110.977,9.911,11.088
4,243.211,0.992,0.996,9.673,1.139,1.019,1.092,94.461,1.001,1.112,11.131,1.002,1.033,1.083,94.318
3,243.264,114.225,94.068,0.972,101.404,95.857,0.941,97.93,114.045,100.061,0.993,110.102,92.765,0.983,97.354
3,243.475,114.446,94.211,1.071,111.694,106.69,1.042,114.204,115.558,100.863,0.994,108.087,97.513,1.0,103.742
4,243.769,1.133,1.088,10.758,1.108,1.002,1.075,107.113,1.014,1.031,9.689,0.976,0.991,1.159,104.93
4,243.789,1.057,1.107,9.458,1.128,1.033,1.168,101.577,1.093,1.001,10.683,0.998,0.991,1.162,97.187
4,244.047,0.981,1.072,10.669,0.966,1.056,1.029,105.672,0.999,1.047,9.572,1.146,1.026,1.015,98.653
2,244.89,100.604,101.615,113.39,96.877,108.253,103.8,110.297,106.024,102.738,100.573,104.838,96.575,105.596,101.839
4,245.035,0.987,1.005,10.487,1.061,1.015,1.136,105.613,1.093,1.09,10.997,0.998,1.018,1.047,106.058
4,245.427,1.127,1.001,10.576,1.097,0.92,1.03,101.232,1.118,1.154,10.566,1.084,0.927,1.0,104.812
1,245.436,101.884,104.242,9.665,110.121,115.176,10.497,10.722,114.434,116.485,11.121,101.631,100.387,11.37,11.177
3,245.553,103.436,105.19,1.084,107.676,100.261,0.963,100.834,113.099,99.942,0.948,111.003,94.264,1.037,101.171
4,245.675,0.988,1.061,9.741,1.067,0.987,1.115,102.56,0.984,1.114,10.005,1.115,0.936,1.152,108.689
4,245.875,1.031,1.063,10.756,1.073,1.035,1.014,103.368,1.121,1.122,10.801,1.069,1.02,1.176,106.881
1,245.941,101.104,112.081,11.169,100.981,101.715,10.011,9.853,101.088,116.498,10.328,111.315,100.334,10.823,10.235
4,246.18,1.093,0.998,10.999,1.058,1.062,0.997,107.233,1.02,1.119,10.646,1.036,1.022,1.005,110.701
3,246.217,108.338,108.269,1.059,98.849,101.657,0.978,98.501,113.417,96.899,0.957,113.731,105.46,1.095,97.625
2,246.367,105.335,108.93,104.09,112.629,99.618,95.834,111.158,114.242,102.477,114.445,97.967,100.123,110.941,100.894
1,246.386,108.461,104.428,9.674,107.095,107.802,10.997,10.98,101.36,115.525,10.519,96.394,99.481,11.254,10.327
2,246.395,101.433,108.947,115.416,113.152,99.825,110.19,99.348,99.214,110.111,109.284,99.159,107.367,107.743,108.542
2,246.744,114.077,105.302,98.779,96.468,107.487,101.516,106.536,99.214,98.942,98.321,111.391,93.581,95.263,98.636
1,246.747,104.065,104.372,9.523,104.301,111.678,10.27,10.161,98.785,113.938,11.1,96.162,101.229,11.273,11.088
3,247.048,108.899,99.984,0.975,114.156,107.543,1.092,111.297,98.744,99.605,1.095,101.286,102.295,1.064,104.506
4,247.059,0.973,1.095,9.709,1.135,1.074,1.085,100.071,1.01,1.053,9.624,1.095,0.928,1.144,102.213
1,247.073,102.544,106.783,10.1,99.967,113.483,11.754,11.031,103.768,115.39,10.433,111.223,114.46,10.475,11.388
2,247.297,115.062,107.406,99.525,102.932,104.174,111.462,103.383,101.904,113.979,106.688,105.029,96.575,112.697,102.687
1,247.309,110.088,105.905,10.572,107.28,113.379,11.309,10.187,104.518,111.557,9.89,111.397,100.086,10.625,10.485
3,247.376,104.306,101.99,1.081,98.921,98.198,0.961,114.195,110.566,107.308,1.019,106.241,92.655,1.012,114.195
4,247.917,1.063,1.12,11.14,1.122,1.069,1.048,94.16,1.038,0.998,11.199,1.065,1.008,1.092,99.34
2,247.929,106.995,113.837,102.41,104.882,107.994,101.637,103.808,114.355,113.632,106.157,106.283,93.56,95.73,111.301
3,248.039,105.114,105.069,1.123,103.527,106.76,1.034,108.98,110.937,93.509,1.037,101.316,99.328,1.078,103.9
2,248.315,113.078,104.62,102.336,98.819,93.824,95.569,111.158,114.881,108.825,109.907,106.154,105.044,102.05,98.247
1,248.413,108.478,99.336,10.68,103.515,99.985,10.7,10.394,101.17,105.309,9.461,101.007,99.809,10.911,11.427
2,248.517,113.805,97.04,109.898,99.955,108.983,96.832,100.981,112.876,105.927,103.115,105.246,105.581,110.674,101.212
4,248.803,1.032,1.125,10.802,1.027,0.981,1.109,110.282,1.093,1.07,11.033,1.116,1.042,1.093,106.876
3,249.073,102.918,94.621,1.029,107.958,107.768,0.975,100.75,106.953,94.869,0.972,111.646,99.89,1.066,97.236
3,249.095,110.03,95.39,1.033,108.778,94.9,1.01,105.665,97.702,108.557,1.092,99.988,103.005,1.009,113.992
3,249.105,109.23,106.588,1.005,103.419,102.334,0.993,104.759,102.34,109.733,1.053,111.341,104.465,1.019,98.926
1,249.12,100.546,108.115,10.733,101.838,111.363,11.071,9.807,99.998,109.111,11.117,111.692,100.759,10.201,10.37
1,249.725,100.326,106.02,10.057,109.58,115.674,10.089,11.359,113.07,116.379,10.684,101.922,98.24,11.64,11.062
1,249.86,104.865,117.264,9.432,98.88,112.531,11.117,10.705,102.765,105.615,10.641,101.508,113.464,9.996,9.984
2,250.001,111.307,99.037,101.255,111.264,93.054,100.706,103.494,109.42,107.422,110.699,98.64,99.88,111.867,102.306
2,250.226,108.933,99.442,110.492,105.452,96.555,97.016,99.569,100.274,100.945,115.048,97.464,95.093,112.016,94.31
2,250.347,108.965,109.685,110.428,98.672,107.023,105.493,100.908,111.696,113.165,110.839,100.281,104.174,100.288,109.979
1,250.474,115.603,114.383,9.875,108.44,102.586,11.018,9.781,102.662,112.315,10.193,96.575,114.691,10.48,10.389
3,250.967,107.62,105.222,1.03,109.119,102.958,0.984,113.671,102.237,107.0,0.948,100.123,107.715,0.999,98.756
2,251.439,110.33,107.267,98.582,112.972,99.924,107.743,100.223,110.212,110.136,114.872,99.008,107.083,109.181,96.863
2,251.474,99.403,101.833,113.769,104.385,104.26,105.388,104.704,105.218,107.267,116.238,96.859,95.315,110.86,110.736
1,252.062,103.596,99.66,10.951,101.256,103.587,10.897,11.364,99.364,117.648,9.597,105.29,112.626,10.607,9.929
4,252.3,0.961,1.182,10.731,1.061,1.067,1.067,98.222,1.038,1.09,10.903,1.112,1.051,1.051,103.147
4,252.44,0.981,1.124,9.842,1.127,1.013,1.058,107.094,1.023,1.081,10.814,1.038,1.066,1.097,100.296
4,252.91,1.03,1.013,10.49,1.081,1.048,1.093,109.399,1.02,1.02,10.836,1.011,1.043,1.169,105.233
4,253.083,1.074,1.023,9.744,1.002,0.999,1.091,98.209,1.081,1.052,9.669,1.096,0.944,1.042,102.514
2,253.134,107.973,112.491,114.026,104.801,106.536,105.746,108.23,111.879,100.278,112.703,111.041,103.92,95.099,111.022
3,253.501,108.872,110.322,1.037,105.22,97.536,1.071,109.227,100.614,107.829,0.982,114.976,94.21,1.049,100.681
4,253.655,1.12,1.072,9.967,1.116,1.047,1.116,107.859,1.062,1.077,10.246,1.002,0.957,1.071,99.531
3,253.656,107.439,102.805,1.049,104.927,105.009,0.959,98.854,115.511,108.271,1.004,101.601,100.261,1.022,99.696
3,253.924,105.956,100.575,1.087,111.596,101.469,1.034,112.236,115.324,107.485,0.954,113.665,107.312,0.961,109.06
4,253.926,1.098,1.065,10.109,1.051,1.017,1.131,93.783,0.958,1.014,10.215,1.137,1.077,1.176,96.193
1,254.255,103.224,103.226,9.497,112.341,99.988,11.606,10.01,114.192,107.321,9.993,101.06,109.034,11.762,10.474
2,254.409,115.013,107.435,105.905,110.837,99.222,110.582,105.115,113.953,110.172,103.115,97.502,102.523,108.051,102.064
4,254.668,0.968,1.028,10.071,1.122,0.919,1.112,100.24,0.986,1.133,9.871,1.029,0.969,1.021,101.326
4,254.73,1.007,1.182,10.694,1.002,0.998,1.036,102.003,1.062,1.023,10.513,1.146,1.004,1.092,102.864
1,255.467,97.818,101.86,9.715,104.328,103.916,9.983,11.159,104.446,112.626,10.025,97.775,110.494,11.599,10.409
3,255.645,100.614,93.415,0.994,111.341,103.264,0.936,107.124,105.275,96.205,1.08,100.371,106.191,0.951,97.236
1,255.824,110.088,107.91,10.489,108.719,110.483,11.246,9.846,113.332,117.267,9.883,102.317,102.888,11.691,11.242
2,256.029,114.853,108.096,99.327,110.298,102.181,100.297,94.397,104.246,102.954,105.752,101.499,100.905,111.971,100.908
3,256.414,104.707,104.555,1.114,101.446,95.18,0.936,103.687,107.368,104.2,0.97,106.779,93.295,1.032,103.563
3,256.569,113.017,105.222,1.041,104.737,99.302,1.076,98.735,108.029,102.544,1.052,105.119,99.158,1.078,105.171
2,256.698,112.887,108.286,105.777,98.071,107.978,95.149,105.109,112.408,101.654,99.59,99.417,98.098,103.104,110.734
2,257.287,115.937,112.105,99.554,112.48,104.26,112.224,95.74,102.844,110.588,106.793,112.738,100.176,100.558,107.184
2,257.317,112.71,102.954,114.04,113.386,97.096,100.911,101.817,114.515,109.342,99.442,106.151,94.918,102.036,102.339
2,257.386,107.369,98.153,106.059,112.626,92.014,110.86,99.762,115.162,112.393,106.28,113.173,92.225,110.716,103.983
1,257.437,112.167,109.286,9.717,104.831,99.986,11.382,10.849,108.478,110.103,9.787,102.557,111.319,11.259,10.697
2,257.668,109.684,113.365,114.742,107.959,94.599,101.949,104.458,104.753,106.682,100.413,97.57,97.614,95.244,100.334
2,258.484,113.399,107.011,99.398,110.618,102.523,111.367,100.269,110.96,112.091,116.309,107.071,99.49,110.327,98.636
2,259.047,112.118,103.612,110.276,109.756,99.663,109.243,111.32,99.209,102.213,115.006,98.138,91.954,107.504,106.77
4,259.442,1.024,1.067,9.95,1.074,1.007,1.042,100.671,1.043,1.042,10.229,0.982,0.931,1.032,105.556
2,259.853,113.172,105.045,101.255,107.442,98.072,100.553,104.459,101.433,113.423,100.135,98.996,107.071,97.951,97.065
2,260.016,102.958,112.6,113.966,98.464,102.244,97.186,105.859,113.066,107.18,98.321,103.489,97.371,99.709,99.223
2,260.386,107.821,97.964,116.434,103.013,98.613,106.14,105.503,100.636,101.538,108.234,101.166,103.255,97.694,105.041
4,260.436,1.068,1.149,11.15,0.998,0.943,1.093,107.246,0.983,1.145,10.613,1.144,0.926,1.037,104.394
4,260.539,0.968,1.001,11.036,1.1,0.938,1.056,108.653,1.109,1.162,10.611,1.025,0.973,1.061,104.234
2,260.65,111.041,109.305,104.149,111.179,103.675,104.634,100.527,105.725,108.641,106.447,103.88,101.422,108.354,106.912
4,260.73,1.032,1.033,10.236,1.013,0.948,1.037,94.665,1.03,1.17,9.495,1.116,1.069,1.065,99.777
3,260.764,112.571,102.123,0.966,105.987,103.244,0.977,105.01,106.837,100.893,1.114,113.085,97.106,0.956,101.14
3,260.776,114.849,98.525,0.971,104.868,99.325,0.987,96.604,113.189,94.321,1.019,110.031,107.824,1.064,101.14
4,260.956,0.953,1.098,10.024,1.012,1.049,1.063,98.99,1.033,1.072,9.585,0.97,1.015,1.117,100.27
2,260.985,104.558,97.787,115.335,107.213,94.302,99.584,96.496,105.772,99.701,113.962,101.478,97.582,110.637,110.177
3,261.145,103.524,92.842,1.018,112.679,104.337,1.097,104.796,109.957,106.953,0.976,98.775,107.887,1.076,105.84
2,261.585,98.936,97.357,109.021,97.567,95.26,109.803,108.542,115.056,100.278,109.906,109.93,93.149,96.373,106.949
2,261.618,110.203,102.734,105.722,102.394,101.619,110.952,106.343,107.948,99.902,113.335,101.759,104.573,108.639,101.212
4,261.636,1.112,1.137,10.623,1.005,1.037,1.125,103.117,1.004,1.076,10.156,1.079,1.02,1.032,98.724
2,261.659,113.537,109.252,103.115,98.866,102.384,97.576,107.3,109.714,113.138,103.468,106.701,101.613,97.082,100.315
4,261.805,0.979,1.03,11.14,1.043,1.034,1.097,107.246,1.073,1.156,10.293,1.0,0.983,1.143,108.184
2,262.058,117.04,108.191,111.468,105.371,106.881,99.146,103.779,102.936,101.178,103.452,105.537,101.292,97.791,97.596
2,262.928,113.354,97.133,112.587,101.894,102.121,108.133,103.935,107.627,106.92,102.24,102.595,107.527,110.842,104.942
3,263.767,110.752,108.108,1.021,98.265,96.158,0.972,101.36,97.744,107.511,0.97,100.041,107.547,1.082,103.861
1,264.034,97.6,114.462,11.185,108.457,113.229,10.435,11.088,102.054,111.299,11.112,102.777,99.723,9.917,10.055
2,264.079,105.772,114.231,103.111,107.48,92.882,99.107,95.784,100.239,109.596,100.515,102.84,103.238,103.687,110.989
3,264.191,104.244,95.39,1.109,114.089,105.441,1.062,113.057,103.805,104.205,1.019,112.237,100.245,1.054,97.755
3,264.443,101.63,96.741,1.086,110.122,94.355,1.054,101.218,103.592,100.772,1.108,102.234,108.019,0.986,100.785
3,265.285,106.298,108.664,1.083,101.787,107.614,0.996,106.844,109.522,110.239,0.984,105.425,104.212,0.996,110.212
2,265.685,111.897,98.906,113.795,108.351,99.694,109.152,97.972,117.345,111.46,114.377,106.915,94.362,104.31,98.773
4,265.738,1.038,1.073,9.493,0.965,1.065,1.01,110.66,0.958,1.021,10.285,0.99,0.958,1.088,105.811
3,265.741,110.566,96.234,1.063,115.837,100.839,0.991,106.664,98.324,97.178,1.107,97.734,94.774,0.997,108.98
2,265.761,110.293,110.996,109.104,102.832,108.863,107.626,101.138,99.714,102.398,106.484,108.864,97.962,108.732,110.589
4,266.685,1.028,1.035,10.258,1.1,0.926,1.043,105.341,1.08,1.135,10.336,1.123,0.99,1.076,104.652
3,266.693,112.267,104.296,1.068,106.647,104.464,1.027,104.39,114.912,101.541,1.123,106.431,98.325,1.05,114.137
1,266.778,109.771,112.431,10.392,109.438,109.975,11.111,10.501,102.724,116.379,10.661,100.056,104.161,10.184,9.774
3,266.986,97.559,101.508,1.107,104.588,92.866,0.998,111.738,101.073,96.796,1.089,98.465,104.337,1.057,111.143
2,267.016,100.636,109.629,111.935,105.894,103.6,110.169,95.462,100.628,106.186,103.134,113.141,102.556,97.576,100.981
1,267.329,106.752,101.254,9.773,108.824,109.544,10.878,11.351,114.777,111.491,9.423,99.822,103.2,11.345,10.575
4,267.577,1.105,1.172,10.717,1.046,1.028,1.172,95.211,1.087,1.047,10.137,1.031,0.94,1.117,104.585
2,267.838,100.671,107.572,103.452,106.43,98.232,107.273,101.984,99.784,108.555,101.76,101.996,107.751,112.848,97.232
3,268.129,112.477,95.328,0.997,111.33,106.88,1.034,106.919,108.753,101.857,1.036,98.348,97.891,1.088,99.755
1,268.191,108.976,109.175,10.505,95.823,103.073,10.597,11.099,115.603,109.849,9.667,109.59,98.925,10.297,11.373
4,268.602,1.059,1.026,9.914,1.143,0.974,1.086,103.458,0.963,1.18,11.025,1.082,0.94,1.143,106.136
3,268.651,103.905,107.829,1.01,104.19,98.413,0.936,102.672,111.595,96.681,1.06,103.625,93.892,1.004,109.194
2,269.043,100.684,96.672,109.284,107.745,108.323,98.21,100.564,112.353,106.965,100.892,101.296,105.421,98.325,101.423
3,269.422,111.545,96.69,0.977,102.325,99.26,0.95,101.617,100.952,97.896,0.988,108.496,102.634,1.054,100.7
1,269.523,98.655,99.831,9.6,111.144,106.425,10.756,9.887,101.001,113.384,9.815,109.887,99.786,11.417,10.908
4,269.727,0.966,1.095,10.433,1.144,0.915,1.108,94.962,1.063,1.157,9.75,0.971,0.924,1.127,95.578
1,269.79,105.295,103.356,9.95,99.61,102.616,10.858,9.804,110.917,115.462,10.978,110.854,114.515,10.915,10.228
1,269.929,102.555,105.578,11.145,99.259,110.741,11.293,10.382,106.182,104.323,10.404,100.646,113.576,9.964,10.725
4,270.086,1.043,1.054,9.639,1.041,1.053,0.994,107.642,0.959,1.109,11.115,1.128,1.067,1.123,99.2
2,270.378,98.783,107.957,113.238,109.376,100.71,110.749,98.922,100.965,100.99,102.799,98.873,108.905,107.197,110.84
2,270.379,113.418,108.937,101.443,111.842,96.017,95.099,108.486,117.142,99.813,109.297,107.597,106.291,97.873,99.676
1,270.452,99.027,108.442,10.349,110.57,100.959,11.567,10.529,108.096,111.885,9.69,101.11,104.013,11.36,10.366
1,270.601,100.429,116.798,9.803,102.563,103.285,11.218,11.296,104.96,107.56,10.319,101.866,108.305,10.651,9.799
2,270.703,101.047,98.135,111.507,108.005,108.286,103.554,109.466,108.49,106.892,113.335,113.792,94.214,105.473,102.726
3,270.765,111.616,104.796,0.952,115.531,94.811,1.08,104.34,112.352,110.183,1.037,98.553,106.572,0.943,111.309
2,270.879,103.085,108.154,98.267,99.96,108.508,104.219,103.652,102.538,106.965,98.525,104.556,105.089,96.58,103.069
4,270.912,1.015,1.118,10.387,1.11,1.062,1.046,99.761,1.058,1.024,9.539,0.993,1.033,1.156,95.11
4,270.952,1.055,0.996,9.926,0.968,1.049,1.161,98.206,0.975,1.124,9.701,1.01,0.964,1.021,108.224
4,271.022,0.978,1.101,10.403,0.994,0.945,1.059,98.901,1.082,1.099,10.796,1.018,1.07,1.065,105.892
3,271.044,106.279,105.563,1.046,100.688,103.909,0.977,99.611,101.206,104.473,1.112,105.399,93.999,0.952,102.051
3,271.384,107.084,100.343,1.063,107.085,97.449,1.049,104.393,110.983,93.669,1.089,115.351,104.374,0.932,104.796
3,271.444,99.878,103.824,0.958,100.085,108.348,1.079,103.794,105.064,94.001,1.081,111.328,106.044,1.017,109.794
4,271.558,0.983,1.109,11.038,1.094,1.037,1.02,102.091,1.019,1.103,9.9,1.1,1.002,1.038,100.495
3,271.714,108.797,106.287,1.086,112.784,104.838,0.993,110.79,114.56,97.585,0.968,113.11,100.842,0.985,106.617
4,271.862,1.0,1.173,10.825,1.009,0.943,1.097,109.873,1.024,1.108,10.462,1.075,0.969,1.004,108.653
3,272.062,106.394,102.197,1.077,106.779,107.798,1.006,99.012,100.802,95.385,1.105,103.263,97.784,1.018,97.835
1,272.212,114.676,103.929,10.539,98.421,111.647,10.423,9.861,112.763,109.354,9.626,95.294,99.033,10.755,11.122
1,272.31,101.757,114.344,10.091,111.227,101.807,10.621,11.062,103.669,107.37,10.199,96.536,114.086,11.089,10.848
2,272.773,102.965,105.793,109.887,101.053,101.613,109.035,111.426,104.073,97.729,115.693,101.468,102.95,108.036,110.709
3,273.077,113.397,94.723,0.958,108.871,107.023,1.087,111.759,106.638,95.5,0.967,114.766,104.402,1.062,103.817
4,273.332,0.962,1.022,10.558,1.089,0.973,1.024,108.018,1.133,1.127,10.125,1.018,1.043,1.098,97.858
3,273.452,110.398,109.332,0.969,100.862,102.221,1.012,99.3,102.357,95.435,0.955,115.92,94.916,1.018,112.312
4,273.531,1.098,1.103,10.742,1.129,1.027,1.152,106.364,0.979,1.099,10.831,1.049,0.929,1.117,96.193
4,273.56,1.11,1.032,9.952,1.049,1.065,1.159,104.38,1.075,1.074,10.825,1.144,0.945,1.1,95.578
4,273.681,1.129,1.148,11.188,1.128,0.998,1.166,111.27,1.07,1.047,10.919,1.041,1.013,1.086,93.86
2,273.981,108.597,106.243,115.413,97.577,104.26,96.945,110.667,101.62,104.976,108.098,110.137,97.255,95.674,100.874
1,274.105,102.178,117.073,11.096,100.027,104.213,11.29,11.368,105.71,102.477,9.717,96.943,100.604,11.221,11.137
3,274.297,111.57,104.723,0.948,100.085,99.566,0.997,114.121,98.91,109.733,0.949,103.412,108.893,1.042,111.738
1,274.353,114.922,106.783,10.116,105.778,115.29,10.992,11.476,103.768,114.462,11.005,95.913,104.923,11.236,9.828
1,274.395,97.726,108.869,10.417,112.356,115.133,11.432,11.43,107.754,105.891,10.469,99.254,108.984,10.049,10.394
1,274.501,103.771,111.868,11.021,98.875,111.964,10.374,11.223,109.968,100.793,10.222,112.003,114.203,10.586,10.296
1,274.726,100.365,117.327,10.498,104.358,103.508,11.643,10.824,101.657,105.004,10.612,95.613,101.004,10.19,10.93
4,274.751,1.067,1.11,10.862,1.109,0.919,1.075,99.531,1.046,1.096,10.258,1.052,0.981,1.049,104.279
1,274.814,102.783,110.781,10.619,104.958,107.64,10.635,10.985,101.793,102.767,10.593,101.508,112.604,10.468,9.847
2,275.341,102.372,112.678,114.117,109.132,95.885,106.211,105.041,113.078,97.234,108.518,113.971,100.932,107.485,101.138
4,275.39,1.032,1.001,9.967,1.014,1.015,1.034,100.671,1.102,1.139,10.016,0.993,0.969,0.999,98.852
4,275.821,1.005,1.127,9.451,1.085,1.066,1.009,106.091,1.114,1.149,10.527,0.993,0.986,1.037,97.885
1,276.036,105.414,102.838,9.86,97.101,102.086,10.813,10.536,102.77,102.085,10.685,110.053,112.513,11.766,11.356
1,276.197,110.436,115.626,10.29,103.548,104.822,10.658,10.025,102.425,113.53,10.362,109.96,111.613,9.983,10.367
1,276.254,97.926,109.04,10.546,109.734,100.657,9.963,10.61,103.179,114.901,11.16,99.804,108.595,10.878,9.944
4,276.344,0.998,1.002,10.731,0.991,1.078,1.074,111.061,1.035,1.141,10.208,1.096,1.073,1.105,99.556
1,276.892,111.199,110.556,9.932,102.341,97.929,10.851,9.734,114.004,111.002,10.927,104.644,106.048,10.347,11.383
3,277.027,114.267,95.389,1.06,106.431,106.76,0.952,102.672,110.408,104.36,1.019,99.447,99.099,0.935,108.734
2,277.096,114.242,104.822,102.987,98.997,107.506,101.015,111.451,113.949,104.62,115.283,104.886,95.513,101.949,99.812
1,277.2,103.338,116.579,11.188,96.882,101.669,10.985,10.087,108.096,106.837,10.197,107.268,98.639,10.486,11.357
4,277.541,1.0,1.026,9.552,1.036,1.079,1.118,109.502,1.0,1.052,10.644,1.137,1.022,1.087,97.769
1,277.665,105.71,116.009,9.67,95.549,114.892,11.301,10.922,105.159,117.006,10.328,111.087,100.785,11.716,10.508
1,277.772,102.555,113.789,10.902,104.665,109.079,11.074,10.931,104.133,117.264,9.524,108.395,100.145,11.527,11.451
3,277.88,111.262,109.89,1.096,104.533,105.935,0.93,105.84,113.964,109.633,1.107,101.1,109.369,1.093,98.888
1,277.965,114.192,101.089,10.171,106.465,111.647,10.7,9.695,108.156,115.609,9.883,113.084,115.699,10.41,11.466
4,278.272,1.053,0.998,9.859,1.072,1.054,1.106,109.502,0.977,1.116,9.494,1.01,1.071,1.151,110.899
1,278.296,98.514,107.915,10.887,96.748,101.691,11.192,10.082,101.286,106.181,10.327,102.815,107.286,10.094,11.43
1,278.537,110.801,113.914,10.498,95.613,99.302,9.936,10.436,115.662,116.674,10.641,111.03,113.62,11.389,10.41
4,278.56,1.038,1.107,9.639,1.041,1.0,1.055,96.258,0.972,1.128,10.029,0.982,0.985,1.128,94.817
1,278.568,114.709,112.715,10.991,101.562,101.171,10.155,10.436,99.06,99.304,10.311,103.164,104.889,11.522,9.979
3,278.663,110.778,94.786,1.041,98.775,104.807,1.061,101.479,115.702,95.175,1.081,111.909,99.328,1.006,97.625
1,278.671,106.544,104.739,10.856,99.483,110.006,10.347,10.766,115.632,102.754,10.333,95.378,108.608,11.651,10.385
2,279.112,113.937,109.817,110.341,100.92,103.238,95.149,109.613,114.134,110.63,110.582,114.02,94.302,96.745,103.956
4,279.311,1.003,1.087,10.889,1.041,1.071,1.072,103.994,1.013,1.041,11.124,1.12,1.042,1.04,101.98
2,279.481,108.157,114.126,101.141,97.842,95.389,105.877,105.115,115.885,97.714,111.495,101.566,107.357,96.745,104.458
4,279.489,1.098,1.182,10.634,1.122,1.066,1.132,106.055,1.032,1.0,10.641,1.028,0.965,1.055,104.48
2,279.818,108.525,110.042,104.991,105.526,93.112,109.039,111.32,107.201,106.067,110.073,112.983,107.051,99.7,94.293
1,280.018,99.825,107.273,10.189,109.228,113.862,10.858,9.876,110.868,105.088,10.787,103.203,110.535,11.654,9.977
4,280.227,1.116,1.148,11.073,0.986,1.061,1.161,110.464,1.118,1.038,9.785,1.031,1.043,1.077,95.306
3,280.38,107.965,96.929,1.067,113.278,104.771,1.044,98.573,113.781,108.704,1.064,101.691,102.004,1.001,102.294
2,280.718,100.832,102.72,109.045,101.542,104.357,110.952,94.803,106.789,108.778,116.077,96.293,100.029,104.454,100.252
2,280.87,115.827,98.117,106.561,102.818,97.026,112.069,98.901,101.727,103.696,102.067,97.949,106.223,106.138,96.875
4,280.939,1.007,1.057,9.621,0.974,1.053,1.172,108.221,1.098,0.998,9.994,1.054,0.991,1.028,98.346
4,281.487,1.024,1.18,10.906,0.983,1.088,1.01,102.514,1.073,1.109,11.071,0.994,0.921,1.141,105.612
2,281.584,109.374,96.779,113.404,100.612,97.12,107.691,93.948,106.701,114.218,106.622,102.84,96.575,102.403,96.142
2,281.631,115.006,109.994,108.815,109.328,96.24,108.234,99.094,115.036,113.365,101.995,98.738,97.873,100.861,101.212
3,281.78,100.478,106.647,1.06,115.622,92.651,0.932,104.796,102.237,109.727,0.988,115.903,102.61,1.076,108.412
2,282.36,117.331,108.555,104.543,112.21,97.828,99.7,103.808,99.856,105.685,101.443,103.888,97.438,99.39,110.286
4,282.563,1.125,0.996,9.87,1.102,0.953,1.134,99.003,1.015,1.05,9.579,1.11,1.057,1.028,110.646
4,282.598,0.971,1.088,9.883,0.996,0.931,1.135,105.871,1.059,1.174,11.004,1.069,0.979,1.149,98.632
4,282.664,0.968,1.14,9.491,0.972,1.04,1.001,105.892,0.977,1.024,11.123,1.129,1.0,1.039,103.418
3,282.691,98.125,96.681,1.085,110.141,96.854,0.942,109.227,113.497,106.718,0.998,113.085,93.626,0.997,112.472
2,283.217,114.429,104.38,104.425,101.748,107.011,112.331,95.608,102.468,107.253,114.445,100.92,104.183,100.016,107.879
3,283.334,112.512,99.673,0.955,109.81,105.935,0.943,96.384,111.112,97.491,1.085,99.027,103.264,1.039,107.306
1,283.346,110.965,117.264,9.831,106.741,109.876,11.112,11.305,111.026,99.489,10.662,108.815,98.158,11.166,11.382
1,283.395,97.71,117.141,11.131,112.489,99.985,11.279,10.653,105.414,108.166,9.582,101.648,102.066,11.403,11.16
3,283.544,104.406,102.255,1.111,105.626,104.464,1.094,96.529,107.62,96.034,1.063,112.899,108.777,0.987,96.638
1,284.018,107.364,99.658,9.582,107.315,112.202,11.334,9.932,105.522,101.089,10.223,97.129,98.116,10.431,9.728
2,284.137,103.857,109.821,110.582,107.954,99.222,97.893,110.679,101.286,109.367,107.596,98.041,107.269,99.341,101.115
1,284.431,100.231,103.078,10.093,100.548,109.503,10.858,10.481,104.456,111.35,9.647,102.504,114.515,10.468,11.031
4,284.443,1.068,1.028,9.459,1.006,1.05,1.076,107.548,0.955,1.088,9.582,1.079,1.029,1.158,105.71
2,284.506,114.489,97.856,111.468,110.028,92.335,108.975,100.283,107.221,99.122,104.079,109.31,100.789,97.791,111.301
2,284.648,110.285,106.98,113.487,112.635,91.644,96.071,100.781,112.118,100.819,104.351,109.68,102.77,96.373,99.03
3,284.7,113.846,99.571,1.056,114.42,107.664,1.008,113.92,111.595,108.75,1.032,110.329,92.652,1.087,108.559
4,284.759,1.082,1.081,10.301,0.991,1.008,1.177,101.097,1.08,1.016,11.124,1.14,1.04,1.129,106.617
4,284.843,1.084,1.052,9.709,1.061,0.953,1.05,100.816,1.091,1.002,10.96,1.003,1.021,0.992,102.297
4,284.878,1.042,1.133,9.597,1.105,1.016,1.004,104.312,1.082,1.066,9.811,1.027,0.918,1.138,100.94
3,285.201,99.908,106.894,1.011,105.444,92.716,1.089,110.384,113.843,97.821,1.095,99.727,99.363,1.019,106.083
2,285.261,108.792,104.774,109.427,111.319,103.6,111.919,104.91,101.837,107.963,109.021,107.921,98.181,112.366,94.497
2,285.406,110.423,102.302,104.423,109.128,104.183,112.447,97.901,104.674,98.881,110.135,111.116,91.953,97.007,106.191
4,286.125,0.958,1.163,9.569,0.975,1.009,1.111,107.672,1.074,1.116,10.002,1.094,1.064,1.092,97.913
3,286.443,103.439,100.31,1.092,113.33,99.622,1.076,98.312,108.952,95.955,0.948,101.358,101.374,0.984,108.562
4,286.519,1.03,1.052,9.522,1.138,1.039,1.139,99.196,1.108,1.154,10.09,1.067,1.056,1.092,93.719
3,286.635,103.248,96.054,1.045,112.162,102.171,1.065,105.27,100.967,94.476,1.054,107.777,105.41,1.009,113.816
1,286.668,98.271,108.842,11.034,104.263,114.892,10.855,10.137,101.764,101.383,10.099,100.329,109.216,11.741,10.904
1,286.96,110.147,111.031,10.488,101.342,103.957,10.925,11.003,110.5,99.331,10.764,111.485,100.712,11.657,10.189
4,287.186,1.04,1.151,9.572,1.138,0.932,1.091,106.461,1.075,1.072,10.028,1.113,1.023,1.161,104.652
1,287.767,99.016,113.54,10.103,100.442,99.137,10.605,11.242,97.979,106.9,10.004,108.764,109.798,11.594,9.75
1,287.906,106.858,112.483,10.523,107.806,104.161,10.283,11.408,102.724,108.408,10.492,109.583,113.886,11.567,11.184
3,287.954,100.8,106.287,1.037,98.081,109.508,0.994,105.282,114.833,107.511,1.006,105.781,104.029,1.075,96.952
1,288.02,102.016,115.542,10.921,102.957,106.596,10.136,10.702,102.594,109.466,10.469,101.809,115.839,10.429,11.31
3,288.468,107.954,94.09,1.024,106.765,107.543,0.957,101.818,115.087,100.837,0.983,112.671,92.165,1.01,112.429
4,288.783,1.088,1.098,10.907,1.034,0.915,1.029,101.721,1.009,1.177,10.029,1.148,0.985,1.128,95.105
1,288.999,105.725,107.743,10.759,104.403,97.94,10.105,10.312,97.9,107.679,10.662,97.91,112.396,10.196,11.291
3,289.0,114.942,99.28,0.96,114.984,99.921,1.015,102.293,109.372,94.744,1.043,100.872,93.621,0.937,113.413
4,289.265,0.991,1.078,9.88,1.036,1.006,0.994,98.833,1.086,1.116,10.397,0.972,0.962,1.121,99.879
4,289.357,1.076,1.088,10.355,1.008,0.979,1.118,105.036,1.022,1.102,10.919,1.043,0.949,1.113,102.481
2,289.392,107.515,104.368,99.201,110.028,92.485,95.263,107.845,103.083,105.646,106.484,96.869,95.867,109.039,111.261
2,289.6,113.639,104.101,107.752,113.065,91.941,106.77,108.53,107.293,97.571,106.771,101.789,92.113,106.006,102.245
2,289.628,108.483,102.92,103.539,98.837,105.655,97.684,109.617,110.285,106.187,98.499,104.869,102.181,105.308,97.242
1,290.148,109.448,100.741,10.455,98.345,109.079,11.129,9.788,97.668,105.293,9.699,97.044,104.67,11.322,11.507
2,290.179,116.08,103.651,102.539,109.132,102.391,110.447,95.83,112.869,104.454,107.563,110.378,96.882,108.609,110.84
4,290.237,1.081,1.078,9.92,1.049,0.948,1.035,98.43,1.093,1.156,10.724,1.079,1.044,1.175,108.211
3,290.258,111.447,94.12,1.046,110.091,108.502,0.997,108.476,111.57,108.193,0.948,110.102,99.921,1.065,105.995
4,290.41,1.093,1.065,9.945,1.107,0.955,1.103,110.804,1.001,1.11,10.301,1.01,1.023,1.092,103.247
4,290.453,1.082,1.077,11.196,1.115,1.046,1.069,95.241,1.01,1.064,9.46,1.109,1.013,1.045,94.344
4,290.475,1.053,1.024,9.469,0.993,1.002,1.126,95.79,1.072,1.168,10.787,1.09,1.022,1.089,94.16
4,290.564,1.005,1.133,10.017,1.034,1.0,1.103,107.135,1.095,1.062,10.317,1.132,0.969,1.065,104.53
3,291.052,103.89,95.392,1.054,115.317,108.241,1.084,103.1,107.033,94.552,0.98,99.222,96.587,0.971,106.054
2,291.223,114.429,109.367,109.221,105.356,106.77,97.524,94.063,111.973,113.038,115.119,98.341,96.365,103.664,107.78
3,291.427,110.552,96.929,1.074,101.896,106.099,0.95,108.57,105.245,102.928,1.124,104.678,104.056,1.031,103.817
3,291.597,105.105,101.096,1.029,97.818,92.412,0.964,103.531,97.926,92.893,0.982,99.447,95.007,0.956,111.173
2,291.614,117.363,104.645,107.596,105.557,108.203,103.664,107.826,109.821,99.83,114.245,105.754,102.426,110.908,110.334
1,292.18,111.436,108.468,10.759,101.187,115.329,11.741,11.231,106.482,112.263,9.731,110.268,110.78,10.785,10.574
4,292.316,0.963,1.113,11.182,0.971,0.918,1.17,94.199,0.963,1.119,10.96,0.975,0.922,1.136,103.776
3,292.772,105.197,109.857,0.993,104.274,98.987,1.027,108.955,103.94,101.437,1.048,99.565,106.739,0.982,102.986
3,293.1,107.826,102.805,0.954,111.308,103.544,0.957,103.95,99.749,103.965,1.057,115.351,93.26,1.026,111.758
4,293.166,1.052,1.029,10.015,1.084,0.971,1.036,95.889,1.036,1.085,10.184,0.975,0.994,1.129,98.222
4,293.277,1.119,1.092,10.661,1.081,1.048,1.169,99.879,0.992,1.056,9.939,1.075,1.071,0.994,106.225
3,293.292,112.28,99.972,0.959,113.11,107.053,1.001,103.966,106.638,107.343,1.088,112.311,109.533,1.074,106.463
1,293.525,110.351,103.949,10.466,111.67,110.481,11.54,10.335,114.694,107.311,9.919,96.763,104.203,10.095,10.776
2,293.587,104.19,99.957,111.264,99.141,103.76,101.618,101.743,103.318,99.122,99.062,105.371,100.12,109.152,94.67
4,293.611,1.058,1.087,9.576,1.134,1.029,1.077,98.482,0.979,1.117,10.489,0.986,1.055,1.143,101.56
1,293.706,107.717,108.356,10.048,106.214,105.316,10.532,11.114,105.434,101.692,9.705,96.586,113.148,10.813,10.063
3,294.008,104.636,102.571,1.004,105.803,99.345,1.09,99.707,100.392,95.167,1.033,98.175,98.344,1.076,104.668
3,294.014,111.243,95.395,1.096,101.521,101.942,1.029,108.46,113.099,102.581,1.088,114.984,93.212,1.021,102.814
4,294.11,0.97,1.167,10.398,1.143,0.988,1.11,95.505,1.098,1.136,10.515,1.078,1.076,1.044,109.123
3,294.13,110.566,97.594,1.028,105.547,92.186,1.029,99.684,106.078,94.621,0.998,111.22,106.799,1.078,98.312
2,294.156,111.051,109.516,113.23,99.955,99.166,97.524,100.43,104.862,104.923,114.74,99.421,106.807,110.327,95.939
3,294.252,103.663,109.697,1.1,105.577,108.578,1.085,98.854,107.947,94.49,0.979,103.956,103.694,1.033,97.403
1,294.348,102.319,111.337,9.491,110.944,109.688,11.69,9.982,101.426,99.228,9.91,102.493,108.405,9.996,11.312
2,294.399,109.988,97.939,107.588,106.44,91.876,101.917,110.169,113.774,112.343,105.998,98.713,95.426,105.475,110.745
3,294.503,104.123,100.717,1.042,110.897,108.893,1.088,108.828,100.967,109.89,1.089,111.274,92.866,1.058,107.79
1,294.505,108.429,107.003,10.991,97.5,98.477,11.269,9.681,108.666,99.304,10.333,99.181,114.962,11.569,11.356
3,294.903,107.965,92.893,1.114,115.531,105.681,1.094,108.888,100.952,94.621,1.095,115.149,93.251,0.935,103.055
3,295.304,107.417,107.214,0.987,97.902,97.131,0.954,108.852,112.414,102.164,1.06,111.926,106.093,1.009,110.537
3,295.444,105.625,95.412,1.101,113.513,97.016,0.978,97.043,115.527,99.185,1.062,98.687,97.186,1.002,96.453
2,295.481,109.972,109.69,99.468,104.797,95.318,95.4,101.884,103.779,112.241,113.682,101.894,93.065,110.573,104.722
3,295.525,98.372,101.442,1.007,100.473,96.587,0.977,105.171,102.58,97.418,1.006,105.61,98.563,0.957,108.237
1,295.574,108.009,107.571,9.623,113.186,102.504,11.119,10.855,105.316,107.679,10.869,104.301,103.873,10.343,11.147
3,295.892,107.476,93.528,0.956,110.205,93.92,1.088,111.26,101.974,107.676,1.049,110.091,104.762,0.979,104.417
1,296.102,100.688,111.333,10.189,106.289,101.705,11.669,10.311,111.071,111.618,10.317,97.105,115.416,11.687,11.507
4,296.38,1.046,1.054,9.794,1.122,1.032,1.018,109.731,1.131,1.14,9.64,1.112,1.04,1.003,98.222
4,296.422,1.0,0.999,10.552,1.108,0.986,1.073,109.399,1.038,1.157,10.731,0.968,0.992,1.166,102.237
2,296.454,105.76,112.336,111.068,101.114,106.947,111.535,104.353,108.449,101.542,101.7,107.631,108.262,108.463,106.7
2,296.984,101.644,97.538,111.314,104.797,93.262,98.325,103.227,101.118,98.202,98.602,98.941,106.484,97.141,96.122
1,297.056,105.522,101.232,10.513,97.603,99.6,11.049,10.436,106.068,114.264,11.07,108.942,115.336,10.388,9.857
4,297.141,0.972,1.101,10.463,1.073,1.057,1.152,104.612,1.105,1.106,10.513,1.032,0.959,1.024,99.514
1,297.164,101.965,110.326,9.614,106.543,97.923,10.644,11.155,107.542,113.174,10.748,100.06,112.724,11.197,10.396
2,297.393,114.747,104.48,112.744,111.608,101.613,97.105,94.957,114.272,107.411,104.234,109.686,100.077,108.036,94.001
2,297.816,104.387,101.396,114.952,96.869,107.482,106.061,94.295,110.452,105.556,98.471,100.356,93.976,105.746,109.151
3,298.066,104.466,102.255,1.117,101.936,104.994,0.938,108.041,106.4,104.814,1.092,98.622,107.45,0.954,98.242
4,298.163,1.004,1.149,10.05,1.038,1.027,0.992,101.131,0.964,1.179,10.122,1.136,1.043,1.004,96.206
1,298.251,99.988,113.174,10.793,99.954,97.6,11.259,9.691,106.123,99.829,10.944,97.873,102.562,10.544,10.653
4,298.543,0.989,1.162,10.634,1.041,0.939,1.152,109.02,1.086,1.038,10.88,0.994,0.932,1.154,106.091
2,298.565,102.965,110.569,108.819,101.98,107.443,107.141,94.019,99.522,113.979,102.342,111.391,102.279,104.308,100.283
2,298.993,110.084,107.238,109.671,97.813,91.797,96.452,102.993,113.202,100.355,108.522,113.932,98.666,109.897,109.962
3,298.998,102.34,95.167,1.021,108.949,109.225,1.086,113.202,113.344,107.417,1.013,111.368,104.374,0.946,109.76
4,299.05,0.954,1.128,10.252,1.13,1.048,1.095,94.344,1.063,1.073,10.316,1.122,0.977,1.164,111.05
4,299.088,1.024,1.157,10.667,0.985,0.999,1.098,97.187,1.05,1.092,10.387,1.126,0.965,1.01,97.858
4,299.348,1.107,1.083,10.023,1.053,1.081,1.073,106.168,1.073,1.161,11.06,1.144,1.042,1.005,104.005
3,299.358,98.255,96.176,1.005,104.874,92.179,0.996,104.752,105.687,104.275,1.021,110.174,105.511,0.936,112.647
2,299.402,107.201,105.605,105.866,109.168,92.086,101.594,110.783,102.468,103.181,105.056,97.969,107.73,111.012,99.889
1,299.769,102.087,104.938,10.028,112.889,100.693,10.433,11.382,104.464,117.327,10.466,96.943,115.073,10.234,10.758
1,300.078,105.315,100.513,9.46,101.256,100.713,10.244,10.679,112.035,109.549,10.225,99.759,114.686,10.623,10.023
2,300.168,112.598,107.792,111.886,106.085,105.218,110.19,94.228,109.744,96.577,105.615,101.798,102.564,100.96,95.839
2,300.318,111.246,106.073,109.812,107.994,91.642,96.59,99.261,107.232,105.322,105.85,111.64,104.202,103.242,102.185
1,300.746,100.275,116.009,9.697,97.666,99.032,11.442,11.129,102.039,116.75,9.944,95.461,101.212,10.813,9.918
2,300.883,106.127,107.262,109.188,99.832,102.384,103.131,101.322,108.123,107.88,116.043,98.738,102.452,109.439,99.223
2,301.186,103.534,111.263,103.661,105.932,99.288,108.136,94.802,102.422,113.834,103.541,100.671,106.291,109.886,108.369
2,301.432,104.727,111.462,102.799,101.996,94.158,99.117,101.823,112.127,112.336,108.823,107.469,99.566,99.976,105.272
1,301.466,112.297,99.032,10.944,110.438,115.166,9.942,10.483,110.427,109.335,10.926,100.187,102.504,10.109,11.147
2,301.799,106.158,97.698,108.822,98.235,95.965,96.559,100.744,104.5,101.452,106.284,104.022,97.438,112.047,103.506
4,301.977,1.033,1.006,10.468,1.088,0.947,1.17,94.439,1.027,1.025,10.519,1.122,1.072,1.01,104.725
2,302.056,103.321,101.4,116.474,98.593,97.778,99.146,110.589,99.095,113.981,100.896,99.27,95.312,103.789,100.781
2,302.081,108.995,112.896,105.562,105.418,93.262,108.975,106.343,99.728,108.947,106.206,111.748,97.928,105.736,98.81
3,302.121,107.361,108.73,1.033,114.671,105.741,1.062,111.715,97.911,106.212,1.118,104.192,104.842,1.001,105.312
4,302.269,0.987,1.173,10.975,1.064,0.934,1.046,99.346,1.058,1.146,10.233,1.064,1.02,1.014,93.981
4,302.358,0.957,1.173,11.06,1.016,1.061,1.159,94.659,1.094,0.997,10.631,1.073,1.016,1.16,100.023
4,302.445,0.955,1.151,10.276,1.051,1.082,1.015,95.023,1.115,1.176,10.09,0.988,0.971,1.0,93.669
2,302.572,103.236,103.453,116.149,101.996,108.48,103.887,94.228,101.013,111.728,103.541,105.165,101.571,96.999,109.962
2,303.315,105.006,106.682,111.507,97.888,105.216,104.658,109.601,99.726,102.061,107.141,101.053,96.641,95.205,103.097
4,303.394,1.105,1.152,11.171,1.084,0.922,1.102,106.617,1.108,1.043,10.332,1.06,1.015,1.014,98.724
4,303.508,1.043,1.075,10.111,1.102,1.03,1.149,94.854,1.113,1.017,10.942,0.998,0.935,1.086,103.126
2,303.748,108.661,113.217,110.153,105.799,105.783,111.633,104.94,113.385,112.491,106.146,97.372,100.973,110.018,95.588
1,304.294,98.006,114.322,9.954,99.239,112.0,11.677,10.356,97.873,112.436,9.89,95.414,110.372,10.897,9.966
3,304.769,102.841,98.88,0.956,112.833,93.426,0.953,111.376,99.878,108.531,1.121,97.567,97.513,1.078,105.34
1,304.82,111.705,109.711,10.002,105.342,111.249,10.571,11.32,102.765,116.356,9.663,113.25,106.949,10.201,10.405
3,305.123,101.64,108.763,1.095,113.945,100.955,1.055,102.674,97.47,103.303,1.046,110.897,103.888,0.927,99.684
1,305.524,105.78,102.767,11.184,100.432,111.249,11.718,10.76,100.029,109.111,10.218,96.347,103.736,11.388,11.089
1,305.898,103.967,106.372,10.028,113.217,113.632,9.997,10.91,114.133,105.282,10.317,98.51,99.984,10.807,10.744
4,305.912,1.001,1.008,9.594,1.037,1.066,0.992,94.495,1.03,1.169,10.274,1.063,0.986,1.17,94.544
4,305.951,0.977,1.119,10.695,1.088,0.936,1.075,109.016,0.954,1.041,9.579,1.09,0.931,1.074,95.331
1,306.092,105.783,104.034,11.148,98.421,110.751,10.553,11.402,102.191,105.616,9.852,108.856,101.38,9.94,11.164
4,306.375,0.97,1.166,10.641,1.123,0.92,1.096,101.097,0.983,1.101,10.927,1.021,1.056,1.094,110.554
1,306.632,106.499,111.361,11.004,98.461,105.407,10.897,9.788,102.175,103.145,10.118,107.676,100.712,11.019,10.679
2,306.699,114.974,96.256,104.619,106.126,107.122,98.999,94.419,99.809,109.133,98.453,100.281,103.028,110.908,95.587
1,307.266,107.946,103.949,10.596,112.55,106.987,11.252,10.076,97.748,105.309,9.978,108.262,97.92,10.625,10.91
4,307.273,1.094,1.053,11.033,1.123,1.083,1.026,94.805,1.007,1.096,9.469,1.043,0.945,1.17,100.514
2,307.352,99.229,110.588,102.684,102.215,97.543,112.401,107.412,99.945,106.403,98.894,112.973,107.978,96.068,100.527
3,307.649,99.626,98.781,1.024,98.447,100.536,1.062,105.002,111.641,95.62,1.07,100.927,96.799,0.932,113.818
4,307.923,0.981,1.024,10.512,1.042,1.031,1.088,105.233,0.968,1.131,11.021,1.071,1.059,1.01,100.707
3,308.111,102.841,106.061,0.969,107.07,99.302,1.0,99.608,107.439,109.065,0.976,112.097,107.312,0.975,104.677
1,308.21,113.524,104.129,9.84,98.499,112.215,11.483,9.918,115.237,109.887,10.202,99.483,114.989,10.423,9.728
2,308.351,110.981,105.052,113.065,102.385,93.845,101.101,110.876,108.442,108.191,105.363,103.127,107.071,103.75,98.636
2,308.538,102.701,107.262,114.049,107.78,108.903,112.153,99.983,108.838,101.721,101.725,104.079,103.41,105.513,106.274
1,308.619,111.379,104.82,9.587,95.613,107.758,11.217,10.583,99.858,106.404,10.315,106.093,99.856,10.108,10.412
2,308.865,101.188,104.089,98.748,103.923,94.245,99.427,103.052,111.018,108.825,101.488,113.065,107.299,98.554,102.064
1,308.985,113.959,105.613,11.026,108.351,111.224,10.197,10.162,99.091,111.986,10.199,97.23,114.741,11.13,10.01
2,308.995,110.084,112.693,106.791,106.126,108.286,96.479,111.44,117.196,100.61,101.827,100.056,107.482,102.511,110.875
3,309.086,102.998,97.085,1.015,110.954,107.8,0.963,96.627,109.7,98.309,0.967,107.818,96.113,0.984,114.536
2,309.366,106.247,105.664,106.612,100.648,93.923,105.125,98.63,113.318,99.638,98.471,104.332,103.928,108.713,104.704
2,309.54,116.95,113.135,107.003,99.132,96.592,100.158,95.091,100.246,98.383,104.247,112.848,92.225,106.498,111.202
1,309.87,106.055,116.579,10.631,106.163,103.837,10.619,10.565,112.883,110.554,10.447,98.856,98.822,11.084,10.069
3,309.901,111.888,99.707,0.959,115.676,101.023,0.986,108.61,105.245,108.342,1.034,108.439,101.773,1.089,114.117
3,309.968,113.846,95.875,1.125,112.94,96.832,1.073,113.11,101.074,103.969,0.954,100.267,93.251,1.096,102.374
2,310.02,113.537,99.458,102.067,110.944,103.424,107.425,107.984,115.888,96.463,112.22,98.01,93.709,94.962,108.23
2,310.17,106.271,106.602,111.735,113.753,98.7,98.0,102.204,111.028,100.754,116.173,107.954,105.581,102.336,101.295
3,310.264,113.36,107.485,0.977,104.718,108.241,1.044,103.988,98.469,96.65,0.974,115.816,101.382,0.962,113.891
4,310.481,0.957,1.15,9.454,1.001,0.938,1.054,110.595,1.056,1.135,9.651,1.123,0.993,1.043,98.277
2,310.551,104.746,109.835,102.995,100.038,103.931,108.069,106.536,111.36,110.326,112.724,97.379,98.909,102.464,94.348
4,310.563,1.069,1.05,11.211,1.069,1.073,1.077,99.747,1.105,1.13,9.503,0.985,0.944,0.999,104.136
3,311.061,102.841,105.222,0.97,98.962,94.286,1.094,114.456,105.768,98.796,1.051,108.92,106.824,1.047,110.194
4,311.483,1.037,1.11,10.906,1.027,1.047,1.007,104.21,1.012,1.158,9.803,1.144,0.931,1.006,99.556
2,312.172,111.443,108.951,99.444,107.167,101.638,102.403,97.644,104.862,105.052,106.602,103.249,94.815,96.929,95.037
3,312.349,106.236,108.469,0.951,115.269,104.693,0.998,114.424,102.231,106.861,1.0,108.032,105.258,1.06,104.393
3,312.493,106.079,107.127,0.983,113.513,94.341,1.076,96.751,108.969,102.928,1.092,99.261,99.684,0.974,114.387
1,312.495,105.795,101.071,9.947,107.127,111.647,9.978,9.814,108.435,99.798,9.843,107.917,107.706,11.428,10.232
2,312.901,109.542,113.455,116.252,109.308,95.1,110.114,97.492,105.632,104.331,112.703,102.356,102.854,107.431,94.923
3,313.02,112.596,98.573,1.107,113.82,97.186,1.042,112.429,115.324,106.212,0.999,108.639,99.684,0.99,111.81
2,313.074,100.645,114.37,100.573,110.101,93.278,101.912,107.633,114.134,107.963,109.272,106.154,102.169,95.244,102.98
2,313.351,104.428,102.891,103.088,104.346,100.275,98.363,108.001,101.713,106.499,116.374,104.992,96.126,99.091,97.233
1,313.583,107.166,99.722,9.652,105.705,106.773,10.998,10.653,99.904,101.803,10.918,108.64,107.286,11.459,9.818
4,314.044,0.962,1.177,10.456,1.054,1.033,1.089,109.475,0.997,0.996,10.063,1.136,1.062,1.064,96.193
4,314.113,0.969,1.083,11.217,1.095,0.974,1.077,104.281,1.126,1.072,10.007,0.971,1.071,0.991,99.462
1,314.113,101.286,114.326,9.836,101.316,107.9,11.081,10.266,109.864,115.119,9.741,103.254,102.43,11.763,10.834
1,314.351,114.955,111.557,10.54,96.948,98.228,11.035,10.662,108.399,108.431,9.623,101.908,107.456,10.345,11.16
3,314.805,111.406,93.563,1.012,101.735,93.867,1.089,102.691,115.087,98.736,0.951,115.701,108.038,1.033,98.337
4,314.851,1.112,1.141,10.489,1.006,0.965,1.096,93.975,1.061,1.082,9.745,0.996,1.013,1.136,99.21
1,315.115,103.388,115.748,10.762,104.504,104.974,11.255,10.274,112.751,104.372,9.83,112.55,101.941,11.382,9.977
2,315.291,117.278,112.6,102.843,105.084,92.014,95.663,97.631,100.832,110.939,115.591,98.112,102.49,98.588,99.261
4,315.591,1.06,1.032,11.124,1.07,1.062,1.039,94.386,0.98,1.008,10.997,1.145,0.984,1.174,99.996
3,315.635,109.658,94.476,1.081,101.185,102.214,0.937,110.368,105.147,97.07,1.081,105.22,105.581,0.978,97.869
2,315.658,117.124,98.146,104.585,107.113,93.564,109.46,111.309,116.199,101.471,109.272,111.698,99.847,106.653,97.878
2,315.81,109.635,111.698,104.619,112.677,96.195,99.683,107.079,106.239,101.828,106.206,101.111,108.71,96.028,96.475
1,315.834,108.372,100.134,10.473,99.794,99.032,10.838,10.489,107.283,110.874,9.707,96.356,104.907,11.376,10.242
1,315.876,105.791,116.145,9.769,102.283,100.742,10.727,11.099,99.938,99.336,10.202,98.928,111.144,10.752,10.819
3,315.964,99.313,101.657,0.996,99.023,108.867,1.044,110.812,99.408,109.587,0.993,99.469,106.935,0.958,103.147
3,316.01,102.099,103.308,1.061,103.838,94.561,1.015,106.994,114.834,102.971,1.092,105.547,102.263,1.063,100.99
2,316.023,115.893,113.913,110.268,109.168,95.386,111.012,101.212,104.954,106.077,116.523,102.832,104.221,97.088,94.803
1,316.051,105.981,116.485,10.785,99.254,103.916,11.285,10.894,113.071,109.819,10.733,104.831,115.388,9.927,9.944
2,316.138,98.801,111.752,101.059,111.698,104.103,96.753,94.555,102.317,101.4,102.166,107.959,105.089,97.756,100.999
4,316.171,0.999,1.088,10.889,0.972,0.98,0.991,99.879,0.971,1.011,10.095,1.09,1.015,1.139,100.514
4,316.562,1.02,1.11,10.414,1.117,0.927,1.168,95.11,1.03,1.023,11.107,1.146,1.054,1.054,110.206
1,316.646,112.829,114.102,10.728,101.508,108.435,11.099,9.984,111.123,111.034,11.053,113.25,98.559,10.911,10.28
4,316.773,1.028,1.151,9.938,1.009,1.013,1.082,108.689,1.062,1.073,9.802,1.112,0.933,1.005,98.901
3,317.193,106.432,95.543,1.085,101.785,109.225,1.071,103.523,113.2,99.728,0.984,111.493,98.816,1.062,100.516
4,317.308,1.0,1.044,10.527,1.082,1.064,1.057,102.042,1.045,1.024,10.929,1.023,0.92,1.158,99.462
4,317.338,0.986,1.175,10.842,1.143,0.925,1.112,98.554,1.048,1.101,9.799,1.073,1.071,1.102,97.28
2,317.533,107.182,110.805,104.149,105.683,106.216,100.377,98.938,111.062,98.135,113.795,101.985,99.409,105.079,95.354
1,317.548,113.959,116.215,11.054,111.315,101.638,10.813,10.165,97.947,105.691,10.368,97.985,105.585,10.991,11.351
1,317.876,102.594,112.034,9.75,102.31,101.138,10.455,11.482,97.906,112.62,9.46,99.954,100.811,10.668,10.829
4,318.173,0.979,1.14,10.889,1.106,0.934,1.148,95.306,1.009,1.088,10.313,0.985,0.963,1.136,107.672
4,318.256,1.008,1.007,10.073,0.999,0.997,1.077,95.11,1.132,1.055,10.41,1.023,1.056,1.019,99.706
2,318.85,117.005,109.818,111.236,104.801,96.056,104.289,104.15,107.232,108.097,110.604,102.634,102.076,109.039,106.785
1,318.901,110.551,115.119,10.274,101.769,113.623,10.919,11.512,102.299,109.254,9.484,107.191,106.596,10.517,11.164
1,319.028,108.836,99.715,10.698,99.324,105.559,11.779,11.253,103.719,101.244,9.989,96.162,101.204,11.388,10.733
1,319.049,106.315,116.13,9.639,112.315,109.877,11.556,10.608,103.638,111.52,10.44,104.831,98.552,11.556,10.672
1,319.087,112.671,113.805,9.884,96.256,102.586,10.053,10.583,98.841,101.791,10.849,112.154,109.841,11.59,10.736
2,319.233,115.339,96.391,102.342,99.581,93.054,103.565,109.249,105.165,97.518,104.423,108.864,102.383,101.711,105.163
3,319.303,110.923,105.108,0.978,109.023,95.694,0.946,106.795,99.285,96.466,0.955,109.942,108.019,1.042,98.756
2,319.399,100.733,99.521,103.551,103.205,105.216,103.732,95.947,102.346,112.491,100.065,101.939,96.195,108.254,106.476
1,319.42,114.399,116.215,10.769,95.494,102.347,10.279,10.783,109.465,108.848,9.742,100.383,103.285,10.479,10.741
1,319.545,114.554,99.108,9.872,112.342,112.919,11.514,10.635,110.436,115.936,10.545,98.687,98.552,10.517,10.783
3,319.621,99.388,100.015,0.998,99.891,92.477,1.034,104.881,102.386,95.144,1.021,99.764,97.305,1.002,114.195
1,319.734,113.349,100.471,10.463,101.06,111.706,11.534,10.137,109.169,112.521,11.088,101.631,98.847,11.231,10.707
3,319.773,104.842,104.275,1.12,101.601,98.325,1.064,114.154,99.13,107.992,1.018,112.671,97.88,1.076,106.083
4,319.823,1.081,1.098,9.793,1.016,1.016,1.111,98.954,1.015,1.103,9.745,1.007,1.078,1.098,94.422
1,320.111,113.594,111.531,10.949,111.726,111.89,10.695,10.413,103.042,113.28,10.515,111.024,110.964,10.387,10.137
3,320.227,98.405,103.776,0.974,97.902,105.893,0.997,105.002,114.358,109.638,1.04,114.336,92.788,0.935,103.286
2,320.529,98.786,97.518,106.146,106.166,100.126,106.046,95.091,111.71,100.888,113.033,107.087,97.018,106.856,105.268
3,320.888,114.325,96.247,1.084,106.363,99.363,1.062,99.707,103.203,104.746,0.972,115.078,97.86,1.007,100.019
4,321.157,1.102,1.179,11.143,1.004,1.04,1.029,106.436,1.106,1.152,9.893,1.126,0.963,1.097,103.705
3,321.211,107.392,101.351,1.039,97.707,103.988,0.924,101.853,98.521,107.992,1.122,112.345,103.224,1.077,107.503
4,321.4,1.082,0.997,10.566,0.981,0.949,1.139,107.642,1.063,1.126,11.16,1.054,0.963,1.107,98.482
2,321.648,117.276,101.882,103.681,97.563,92.098,109.037,109.463,101.776,109.629,112.51,113.161,104.452,105.445,108.157
2,322.033,111.03,102.506,108.82,107.774,105.158,112.069,95.347,108.679,114.14,100.482,107.071,104.26,106.596,107.983
2,322.034,109.819,99.458,99.357,105.452,104.265,109.669,106.201,98.968,101.4,113.966,97.388,96.961,105.388,96.471
3,322.421,115.128,93.138,1.014,112.655,101.608,0.932,101.746,99.045,101.572,1.019,108.843,108.348,1.094,107.152
4,322.559,1.103,1.062,10.825,1.102,0.945,1.072,105.287,1.093,1.002,10.552,1.071,0.955,1.009,109.123
4,322.733,1.057,1.002,10.558,0.972,1.035,1.102,107.907,0.994,1.119,10.315,1.076,1.02,0.992,104.875
4,322.783,1.057,1.139,9.594,1.051,1.067,1.043,97.197,1.122,1.144,11.093,1.077,1.078,1.016,100.162
2,322.802,101.118,107.493,111.991,102.388,108.168,97.742,105.049,114.429,105.131,114.34,97.781,102.837,109.078,108.824
4,322.927,1.105,1.176,10.967,1.043,1.04,1.096,98.478,1.015,1.132,10.713,1.146,0.976,1.027,105.843
3,323.334,115.506,94.068,1.126,106.889,94.546,0.995,108.372,103.36,95.306,1.014,99.191,93.798,0.93,110.377
3,323.411,106.416,109.942,1.041,106.872,103.009,1.024,99.904,115.627,95.306,0.954,100.246,95.744,0.984,108.063
2,323.574,104.859,105.262,115.413,110.074,104.294,97.709,96.108,102.912,113.135,115.518,104.003,96.736,99.326,96.108
4,324.231,1.102,1.179,10.644,1.145,0.951,1.069,98.41,1.03,1.082,10.426,0.996,1.043,1.156,98.41
3,324.6,110.808,110.303,1.118,102.293,105.499,1.026,99.707,102.563,103.955,1.112,109.752,94.53,0.964,107.194
3,324.704,114.788,101.541,1.004,104.001,98.474,1.094,113.098,110.878,107.304,1.087,111.089,95.658,1.043,97.582
4,325.147,1.129,1.135,10.512,1.131,1.04,1.022,109.36,0.979,1.032,10.332,1.013,0.98,1.172,104.677
3,325.198,110.569,108.413,0.961,109.823,107.602,1.035,102.671,115.257,102.063,1.084,111.041,95.68,0.997,96.478
4,325.22,1.02,1.002,10.017,1.073,0.953,1.073,98.505,1.025,1.131,11.118,1.067,1.033,1.044,94.99
2,325.359,114.881,106.984,103.215,97.262,98.745,101.585,100.99,117.104,113.495,113.228,103.581,104.955,110.014,104.983
2,325.858,115.03,100.615,101.738,107.36,104.357,98.988,107.657,106.847,99.944,106.073,99.712,94.815,105.46,104.016
3,326.11,105.219,97.803,1.049,115.837,107.614,0.931,98.07,114.577,97.828,1.055,113.699,93.64,1.047,110.14
4,326.203,0.97,1.071,11.115,0.969,1.052,1.01,99.706,1.038,1.067,10.976,0.983,1.006,1.1,100.294
4,326.778,1.074,1.103,10.966,1.1,0.953,1.164,93.643,1.048,0.998,10.259,1.117,0.916,1.122,105.829
3,326.829,103.365,94.869,1.095,111.99,98.588,1.085,96.59,102.246,103.346,0.976,112.488,104.96,1.021,114.13
3,327.064,110.7,107.485,0.952,104.914,103.545,0.988,96.775,103.126,95.721,0.984,108.778,104.983,0.975,114.456
2,327.187,100.645,106.553,100.481,100.438,106.879,112.236,101.633,110.407,106.212,116.468,109.407,95.681,109.181,98.15
2,327.48,113.1,97.856,102.273,97.502,105.428,99.416,108.204,110.63,114.343,112.22,111.041,99.702,97.497,104.504
3,327.508,110.7,95.277,0.984,105.294,96.877,1.097,114.13,107.144,103.161,1.083,98.348,105.533,1.08,113.085
4,327.836,0.953,1.008,9.621,1.022,0.924,1.001,110.649,0.977,1.14,10.473,1.088,1.013,1.077,107.872
3,329.131,104.174,94.802,0.979,115.597,97.123,1.021,98.391,105.756,101.474,1.051,105.866,104.283,0.997,105.795
2,329.152,110.334,103.183,116.434,96.146,102.274,99.162,94.739,109.25,99.69,114.872,98.709,97.438,103.131,103.439
3,330.299,108.034,106.976,1.037,97.701,104.374,1.067,105.29,110.118,109.065,0.996,101.936,99.325,0.95,103.523
3,330.377,114.732,100.081,1.038,112.311,106.558,0.995,101.171,110.442,108.342,0.949,102.748,97.918,1.0,102.691
2,330.692,109.362,113.521,99.103,106.397,95.095,98.753,99.101,110.046,104.178,104.897,111.179,108.262,96.642,109.937
2,331.357,108.831,102.302,107.56,96.341,103.939,95.244,102.443,103.212,109.144,104.241,104.415,99.796,112.298,103.074
2,331.667,100.143,109.082,107.184,104.746,94.425,97.777,104.349,108.539,108.951,110.651,101.245,100.474,106.652,100.507
2,331.752,105.599,110.89,112.362,99.226,97.096,103.024,108.369,106.847,109.29,106.228,103.744,107.113,112.014,99.983
2,332.092,109.511,109.367,99.868,96.099,104.704,97.746,106.274,107.966,114.154,100.314,97.828,96.126,100.016,111.547
2,332.392,104.447,96.672,114.415,97.145,103.491,96.794,107.36,106.024,112.307,105.641,104.079,95.885,98.115,98.13
3,332.434,108.969,102.123,1.08,108.66,108.536,1.069,104.953,111.595,93.509,1.049,100.598,100.695,1.034,102.45
3,333.34,108.034,102.101,0.955,99.343,109.438,1.01,100.75,103.277,103.132,0.992,109.974,101.023,0.923,111.347
2,333.401,103.236,100.33,108.787,98.946,107.071,108.719,111.318,99.901,100.613,104.351,101.145,96.788,106.272,103.439
2,333.559,103.152,98.507,110.651,102.724,95.346,99.294,96.168,100.645,113.609,107.938,102.388,103.913,109.035,102.774
2,333.853,113.846,102.506,115.933,105.799,105.573,107.309,97.644,100.684,101.199,107.229,96.405,92.225,103.565,94.802
2,333.882,109.597,110.874,99.062,106.567,105.111,97.565,102.577,116.347,114.442,105.384,99.27,101.377,106.647,97.901
2,334.964,110.937,109.342,115.108,98.138,101.458,110.674,107.488,108.295,98.655,99.129,101.387,94.799,110.377,105.252
3,335.619,101.478,95.321,0.954,115.231,109.176,1.089,108.68,108.97,102.168,0.963,100.872,107.303,1.011,109.983
2,336.015,114.895,99.442,108.964,101.389,105.158,101.711,103.938,113.003,104.001,108.264,103.058,100.456,103.037,107.78
3,336.2,99.41,96.176,1.09,101.622,100.528,0.931,105.232,109.286,95.904,1.0,109.422,106.279,1.008,107.424
2,336.887,105.401,96.559,104.312,96.011,93.641,102.206,107.782,113.147,105.394,114.267,101.527,92.17,112.822,107.958
3,336.954,103.524,101.419,1.04,99.113,107.406,1.054,100.157,101.53,93.958,1.075,112.311,92.332,1.08,99.393
3,337.003,104.502,102.839,0.994,99.726,107.781,0.936,104.026,106.233,102.752,1.095,108.408,107.543,1.005,96.792
3,337.241,109.873,100.778,0.996,111.392,104.02,0.943,102.585,101.974,107.683,1.054,105.626,98.601,1.065,103.147
2,338.191,109.831,102.578,108.737,113.232,95.254,103.983,109.15,103.748,103.612,107.389,102.091,94.158,111.012,110.783
2,338.22,106.936,101.538,98.305,102.888,100.923,104.819,102.929,114.723,106.92,102.02,100.339,106.379,111.884,104.742
2,338.981,104.246,104.774,104.92,107.338,94.572,112.833,106.389,103.183,104.655,110.723,110.648,107.604,101.985,107.782
2,339.107,113.803,105.231,116.374,97.685,97.316,99.331,106.8,116.491,107.267,106.049,106.126,101.159,104.666,94.739
3,339.486,101.37,95.52,1.046,113.999,106.69,1.039,113.66,113.017,109.933,0.954,113.345,105.681,1.089,114.313
3,339.519,99.451,104.814,0.992,104.318,102.22,1.02,102.982,115.526,93.726,1.011,99.222,100.847,0.969,106.789
3,340.323,106.536,105.538,1.089,104.259,101.307,1.044,111.736,99.626,94.38,0.997,105.671,94.685,0.986,99.145
3,342.916,104.636,99.318,0.98,102.796,93.414,0.954,102.569,98.459,106.061,1.003,101.642,108.006,0.956,111.447
3,343.183,105.219,96.394,1.07,111.426,105.705,1.022,113.916,107.361,109.041,1.007,102.521,101.307,1.008,106.518
3,343.966,105.147,99.055,1.1,102.541,97.766,0.938,110.778,115.627,101.657,0.956,98.631,101.137,1.059,110.778
3,343.976,97.645,97.294,1.046,102.174,105.735,1.029,108.559,110.118,100.246,0.973,98.224,94.543,0.973,99.299
3,344.348,105.728,93.468,0.999,99.657,92.351,1.077,98.847,112.304,109.938,1.067,111.694,96.56,1.006,113.625
3,345.608,105.957,107.676,1.017,106.016,104.994,1.052,108.204,101.368,99.091,1.112,115.531,95.339,1.042,112.939
3,346.091,113.2,94.993,1.085,100.234,104.615,1.075,108.221,107.826,101.58,1.118,98.963,109.052,1.096,114.435
3,346.576,99.313,109.49,0.984,113.838,100.429,0.979,112.566,108.338,98.348,1.066,106.112,92.652,0.955,107.086
3,346.853,106.694,94.136,0.966,106.47,100.515,1.07,108.204,108.505,99.83,1.055,115.676,103.303,1.06,99.119
3,347.435,113.078,100.145,1.006,101.694,106.707,0.936,103.861,110.398,95.455,1.104,101.493,92.651,1.069,110.443
3,348.809,114.796,105.339,1.127,99.618,106.195,0.965,113.27,114.582,108.966,1.038,114.909,108.023,0.964,105.995
3,348.891,106.181,108.727,1.114,101.118,105.258,1.044,99.26,102.298,108.324,1.12,105.235,103.693,0.944,111.347
3,350.394,106.84,107.511,1.07,108.424,104.607,1.065,113.27,108.938,110.213,1.118,106.264,94.155,1.057,106.875
3,351.884,105.003,100.246,1.038,100.267,102.699,1.094,104.752,98.264,106.921,1.049,102.254,99.679,0.983,108.98
3,352.142,97.996,100.969,0.965,113.264,101.254,0.946,110.475,106.77,103.939,1.076,115.283,105.794,0.982,102.814
3,352.475,113.389,108.797,1.056,109.964,99.921,0.963,113.402,104.043,101.541,1.113,109.739,93.865,1.014,105.665
