task_type_id,arrival_time,est_m1,est_m2,est_m3,est_m4,est_m5,est_m6,est_m7,ext_m1-1,ext_m2-1,ext_m3-1,ext_m4-1,ext_m5-1,ext_m6-1,ext_m7-1
3,0.338,10.885,0.979,97.287,108.386,99.587,0.994,98.955,9.884,1.007,107.25,98.385,96.779,0.984,97.469
1,0.988,10.768,102.257,106.166,107.862,107.848,10.295,0.995,10.523,101.925,105.534,103.84,93.582,9.996,0.992
4,1.164,114.127,1.01,1.063,1.09,101.755,97.624,10.948,97.796,1.06,1.002,0.958,100.196,104.572,9.652
2,1.244,111.941,0.979,111.245,108.734,103.906,1.087,100.365,111.653,1.084,110.469,117.263,108.291,1.075,109.654
2,2.201,102.542,0.967,108.017,116.365,108.746,1.049,99.166,110.474,1.055,102.774,102.632,101.076,1.147,113.723
4,2.793,109.232,1.126,1.021,1.034,109.089,105.441,10.503,105.305,1.136,1.093,1.012,100.322,104.171,10.621
1,3.602,11.703,113.186,98.452,102.119,103.284,11.357,0.994,11.201,116.229,112.361,111.211,109.271,11.126,1.009
2,3.606,112.325,0.964,116.277,103.139,112.752,1.109,111.798,105.189,1.014,100.111,114.637,97.773,1.063,99.951
3,4.022,9.841,1.07,100.419,97.254,94.539,0.97,93.201,10.571,1.07,101.67,96.732,94.469,1.024,104.152
1,4.111,11.057,100.583,113.768,118.155,97.539,11.122,1.058,10.459,107.094,108.035,114.786,97.458,10.3,1.008
2,4.237,96.965,1.036,102.017,114.21,100.939,1.057,107.616,105.592,1.016,111.532,102.907,112.117,1.063,103.423
3,4.424,9.831,1.043,105.092,100.011,107.851,1.108,104.328,10.63,1.054,102.75,104.377,99.19,1.058,98.444
3,4.519,10.274,0.986,104.735,95.554,107.1,1.1,97.355,9.679,1.142,101.878,106.339,108.12,1.057,99.733
1,4.618,10.264,118.096,108.791,107.255,102.131,10.549,0.977,10.988,106.726,98.718,115.345,104.519,11.411,0.938
2,4.694,102.648,1.104,118.39,101.443,109.846,0.969,100.531,108.808,1.085,114.604,109.569,105.151,1.11,102.903
3,4.792,10.922,1.051,97.317,98.085,107.465,1.006,99.69,10.726,1.13,95.455,99.917,98.258,1.053,96.48
3,5.469,10.919,1.086,99.083,109.43,97.929,1.057,107.831,10.27,0.997,107.392,100.956,101.514,1.087,101.507
3,5.501,10.383,1.054,103.858,93.997,104.31,0.992,101.255,10.052,0.984,104.339,107.597,98.342,0.95,96.918
1,5.925,10.526,105.657,97.259,112.9,106.709,11.364,0.942,10.039,115.134,106.093,107.692,107.376,11.361,0.941
2,6.301,107.219,1.036,101.628,106.627,100.596,1.074,102.042,99.531,0.979,103.67,100.699,97.251,1.012,112.58
2,6.695,111.828,0.998,111.246,115.482,107.063,0.985,101.693,100.911,0.969,103.226,105.632,96.759,0.977,107.941
2,6.807,99.344,1.054,105.35,102.68,101.073,1.072,116.738,98.706,1.059,104.978,99.481,106.828,0.973,105.058
4,7.031,108.652,1.031,1.071,1.046,104.447,96.085,9.621,101.771,0.983,0.977,1.117,105.044,101.299,10.712
2,7.458,96.951,1.105,112.848,107.995,112.24,1.117,113.831,98.525,1.053,106.55,103.663,112.655,1.127,99.929
2,7.484,97.118,1.026,114.783,114.65,102.435,1.071,110.429,103.544,0.953,108.873,101.406,111.012,1.095,101.003
4,7.612,101.785,1.143,1.016,1.092,108.343,98.693,10.289,98.843,1.067,1.124,0.956,98.012,109.432,10.912
2,8.461,106.735,1.04,118.502,100.616,97.488,1.005,111.295,112.516,0.95,114.528,103.336,103.047,0.982,111.039
2,8.521,100.778,1.023,100.751,101.2,107.142,0.973,109.046,102.167,0.955,110.806,105.685,109.562,1.079,104.133
3,8.648,10.501,1.043,100.611,95.424,107.84,0.981,99.309,9.535,1.016,99.137,100.286,105.498,0.988,96.48
4,9.267,104.834,1.084,1.042,1.019,109.086,95.072,10.736,100.248,0.971,1.06,1.087,100.546,94.476,11.302
2,9.455,109.214,0.98,106.763,103.191,112.172,0.987,100.388,95.311,1.035,116.588,98.994,104.673,1.091,99.467
4,10.084,102.142,1.019,1.109,0.962,94.145,110.864,10.655,109.977,1.069,1.017,0.99,104.622,103.85,11.179
3,10.302,10.482,0.979,94.838,102.274,102.463,1.052,98.076,11.075,1.104,104.571,102.414,104.321,1.001,103.289
1,10.413,9.928,104.668,110.949,109.714,94.608,10.814,0.956,10.403,111.94,107.629,104.002,95.992,11.409,0.945
2,10.552,112.252,1.021,108.519,115.841,102.971,1.022,106.594,102.859,1.023,104.367,105.681,105.324,1.029,115.497
4,10.77,102.899,1.121,1.094,0.986,110.711,95.055,10.288,99.983,1.146,1.009,0.969,101.114,96.492,10.288
1,10.999,11.653,101.426,102.268,108.372,100.47,10.796,1.069,10.937,112.989,107.479,106.068,100.261,10.656,0.953
4,11.22,113.432,0.978,1.043,1.001,105.46,108.266,10.031,101.693,1.11,0.989,1.08,109.33,105.913,9.943
3,12.009,10.236,1.032,94.77,101.614,93.699,0.95,106.603,10.508,1.016,105.573,110.234,97.573,1.075,95.59
4,12.385,113.86,0.997,0.986,1.019,102.384,103.216,9.652,108.925,1.053,1.093,0.966,96.013,103.816,10.83
4,12.565,107.332,0.997,1.052,1.076,105.433,104.729,10.868,107.423,1.106,1.085,0.999,105.539,110.155,10.66
4,12.671,106.787,0.979,1.081,1.024,101.957,101.322,10.39,108.282,1.002,1.053,1.063,94.726,107.387,11.266
1,12.905,10.183,116.328,99.102,103.551,96.919,11.418,0.942,11.33,111.34,107.56,111.757,109.067,11.307,0.959
4,12.972,104.706,1.127,1.025,1.024,101.03,98.366,10.898,99.462,1.095,1.119,1.049,101.03,103.552,10.448
3,13.102,9.5,1.041,107.196,100.14,107.758,0.964,103.003,10.246,1.111,102.273,97.808,102.537,1.028,92.51
4,13.34,104.6,1.043,1.051,1.034,109.545,95.308,9.608,114.188,1.029,1.029,1.066,108.212,98.143,11.335
3,13.367,9.728,0.996,95.455,103.7,94.251,1.07,95.723,11.251,0.966,108.3,109.635,98.367,0.985,102.261
1,13.48,11.311,105.862,96.843,113.346,105.993,10.647,0.981,10.902,100.246,100.297,103.765,100.436,10.026,1.094
3,13.855,10.501,0.983,107.701,104.15,102.484,1.036,108.574,10.955,1.007,98.466,99.206,107.3,0.95,96.069
1,14.252,11.412,102.562,102.86,103.236,92.412,10.632,0.934,10.184,114.132,95.889,100.514,103.259,10.817,1.015
3,14.744,9.551,1.104,99.352,102.595,97.575,1.087,109.028,10.51,0.992,108.31,94.135,102.947,1.036,96.88
3,14.775,10.915,1.126,96.548,104.377,108.071,1.086,92.709,9.81,0.986,96.128,107.604,95.76,1.063,108.662
3,14.799,10.067,1.056,99.688,108.529,105.19,1.118,100.903,10.316,1.036,93.033,104.754,105.891,1.061,98.562
2,15.805,98.034,0.954,105.208,112.388,102.241,1.122,111.794,105.268,1.016,105.974,109.478,113.294,1.031,113.315
1,16.429,10.362,107.75,104.946,111.848,97.593,11.446,0.949,10.105,107.022,99.822,110.342,108.361,11.155,0.959
3,16.666,10.543,1.066,107.48,105.18,107.088,1.039,108.086,11.133,1.056,109.938,98.189,95.454,0.981,107.043
2,16.791,108.773,1.018,114.683,107.249,98.275,1.1,109.821,99.525,0.969,104.599,113.461,102.489,1.105,111.674
4,16.914,112.271,1.057,1.131,0.965,98.452,103.035,9.841,110.49,1.047,1.139,1.107,107.422,99.332,9.911
3,17.027,11.266,1.13,102.606,96.872,95.841,0.952,108.683,9.551,0.996,107.097,105.077,108.888,1.082,102.761
4,17.456,115.576,1.09,1.012,1.076,103.484,105.589,9.623,98.969,1.038,1.059,1.088,100.462,103.922,10.601
3,17.782,9.765,0.974,97.39,98.423,107.048,1.009,95.023,10.381,1.139,102.977,104.169,96.645,1.11,108.502
3,17.854,9.989,1.023,108.823,95.439,104.238,1.05,102.351,10.642,1.129,99.776,93.674,101.514,1.108,95.673
3,17.888,10.64,1.047,106.634,103.517,97.486,1.056,106.249,10.751,1.069,100.743,102.393,102.856,1.053,106.855
4,18.113,106.161,1.121,1.017,1.075,104.894,95.097,10.095,101.631,1.033,1.037,1.075,107.18,98.103,9.589
2,18.396,102.126,1.044,101.094,106.724,101.48,1.147,101.139,108.017,1.083,117.358,109.934,98.009,1.056,99.812
1,18.479,11.703,111.184,101.694,111.202,107.715,10.147,0.992,11.12,106.367,111.547,104.873,94.471,11.385,0.95
2,18.576,105.952,1.064,113.228,108.938,112.045,1.114,110.867,110.68,0.969,118.806,105.138,109.726,1.049,114.251
2,18.888,97.073,1.086,118.28,108.816,110.946,0.999,113.831,105.011,0.971,108.671,107.826,111.127,1.117,107.61
2,19.17,103.039,1.05,117.609,104.868,112.862,0.968,99.753,112.167,0.933,107.852,104.104,98.774,1.133,112.48
3,19.19,10.515,1.099,103.196,101.903,94.579,1.041,94.754,9.799,0.992,99.405,93.463,101.697,0.96,99.224
1,19.234,9.9,101.745,96.385,118.102,108.001,11.026,0.962,9.93,107.082,108.053,112.36,101.165,10.248,0.93
1,19.655,9.898,104.332,109.958,115.001,93.055,11.695,1.039,10.987,101.676,98.652,108.429,100.183,11.122,1.02
1,20.172,10.957,103.451,98.407,114.213,108.743,10.513,0.93,10.042,105.319,109.447,102.913,93.44,11.471,0.978
3,21.147,10.841,1.028,107.901,101.04,106.885,1.056,99.449,10.362,0.96,100.506,100.743,105.671,1.056,93.214
2,21.645,105.278,1.004,112.316,105.043,113.373,0.983,111.23,104.063,1.047,115.556,112.132,101.622,1.1,113.554
1,21.72,11.16,104.832,106.501,105.233,102.301,10.493,0.959,11.635,107.989,105.772,111.286,103.405,9.985,0.994
4,22.208,101.488,1.053,1.114,1.016,95.734,96.492,9.589,100.104,1.083,0.971,0.968,101.269,109.755,10.087
4,22.31,108.648,1.122,0.971,1.108,97.752,105.622,10.82,114.883,1.133,1.134,0.991,101.625,106.039,10.133
1,22.472,10.313,101.842,102.264,104.028,108.727,9.858,1.082,11.361,114.482,110.192,112.175,92.699,9.946,0.991
1,22.674,9.866,104.101,98.011,102.232,95.816,10.856,1.082,11.653,117.502,100.946,111.071,100.278,10.466,1.095
2,22.755,100.571,1.06,103.641,116.408,114.912,0.979,104.405,97.013,0.973,112.848,116.418,102.755,1.045,114.256
1,22.765,11.515,105.276,97.482,105.766,93.48,11.29,1.02,11.486,106.695,104.06,112.391,94.672,11.547,1.059
2,23.934,109.034,1.003,110.635,105.401,103.958,1.044,114.354,101.589,0.941,107.061,106.831,114.098,0.98,110.484
2,24.291,101.698,1.021,103.951,111.132,110.833,0.985,111.627,111.63,1.03,114.063,101.439,113.804,1.035,99.128
3,24.344,10.569,1.034,95.455,99.715,97.14,0.987,103.139,9.628,1.043,92.929,99.553,107.3,1.076,98.865
4,24.449,106.796,1.035,0.998,0.973,103.429,108.475,10.83,99.578,1.078,1.106,1.106,94.911,100.81,10.644
4,24.546,114.983,1.044,0.965,1.125,98.926,104.711,10.495,98.257,1.122,1.046,1.009,100.345,101.329,10.279
4,24.7,104.829,1.033,1.04,0.955,95.567,107.072,11.084,104.871,0.979,1.018,0.965,97.926,103.627,10.978
1,24.844,10.64,106.697,97.415,110.681,101.65,10.39,1.038,11.36,108.566,113.071,108.04,100.493,10.475,1.068
1,25.813,10.685,106.866,96.561,102.667,98.107,10.267,0.993,11.517,108.607,104.243,110.308,105.809,10.897,1.093
2,26.076,107.19,0.975,114.488,116.025,114.994,0.996,115.571,100.628,1.081,103.522,113.152,112.382,0.978,107.938
1,26.205,11.693,106.074,108.717,103.106,94.879,10.16,1.067,10.393,114.773,104.296,106.088,106.239,10.87,0.99
4,26.377,102.349,1.048,0.982,1.125,101.93,94.314,11.142,97.745,1.089,0.991,1.112,107.672,103.816,10.293
3,26.439,9.938,1.133,104.596,99.108,100.229,1.006,94.332,9.81,1.119,106.829,109.577,102.463,0.954,104.591
2,26.503,112.368,1.041,105.522,109.678,97.298,1.127,99.969,102.967,0.955,112.227,99.986,108.298,1.094,107.628
3,26.755,9.832,1.035,109.563,100.198,96.574,1.062,96.04,9.957,1.11,101.319,100.641,102.795,1.003,106.707
4,27.015,104.6,1.119,0.975,1.13,102.127,110.847,9.563,101.961,0.966,0.993,1.121,106.621,102.975,11.126
3,27.553,10.948,1.14,102.546,96.928,94.504,1.06,93.214,9.852,1.037,104.691,104.377,109.472,1.0,94.99
2,27.805,104.945,0.99,110.622,99.441,109.898,1.105,108.453,96.566,1.006,107.801,107.725,96.909,0.977,99.993
4,28.367,112.821,1.022,1.122,1.133,105.954,96.015,10.818,98.916,1.025,1.128,1.053,101.692,100.55,10.042
1,28.701,10.583,112.62,101.421,117.205,96.689,10.253,1.069,10.168,111.756,108.878,109.954,93.48,10.278,1.056
3,29.0,9.638,1.092,104.567,96.646,110.287,1.058,92.915,9.893,1.003,108.58,92.903,108.167,1.099,106.244
3,29.231,10.653,1.028,102.937,96.768,96.082,1.067,97.678,10.14,1.015,104.558,100.413,109.134,0.996,109.13
4,30.288,99.906,0.969,1.09,0.987,94.341,98.442,10.516,112.459,1.003,1.103,1.097,105.886,96.592,9.896
4,30.39,112.888,1.083,1.106,1.102,100.439,94.546,9.931,108.909,1.08,1.081,1.12,104.285,107.454,11.08
1,30.479,10.506,110.997,110.874,101.684,95.114,10.116,0.995,10.573,110.694,103.148,110.214,100.976,11.007,0.929
1,30.575,10.339,102.026,97.518,116.639,97.464,11.58,0.979,11.097,103.721,100.667,103.125,96.949,10.856,1.091
1,30.637,11.475,117.564,113.753,114.117,98.842,9.895,1.016,10.084,112.702,96.006,102.561,93.134,9.949,0.966
3,30.959,11.083,1.124,95.889,97.462,94.294,0.965,103.875,10.529,0.977,97.953,108.032,101.27,1.055,100.771
1,30.987,11.226,116.654,112.001,112.391,103.597,10.343,0.978,10.715,106.726,100.859,110.401,104.036,10.028,1.076
3,31.848,11.17,1.038,95.392,103.63,109.432,1.029,104.279,10.504,0.972,106.64,93.404,111.066,1.09,92.589
1,32.227,10.626,100.14,111.98,103.719,105.496,10.522,1.052,11.145,99.993,97.489,106.585,104.894,11.499,0.933
3,32.988,10.066,1.09,107.526,109.783,109.528,1.088,103.678,11.139,0.971,93.935,93.142,103.253,0.95,102.318
2,32.995,108.64,1.073,107.696,116.782,105.095,1.028,115.907,108.034,1.068,117.074,102.724,102.518,0.975,110.856
1,33.186,11.392,101.116,98.183,103.916,102.75,11.316,1.045,10.409,104.511,109.801,109.724,98.365,10.263,1.074
4,33.26,109.907,1.12,1.031,1.104,105.174,102.223,10.338,103.214,1.113,1.025,1.04,99.075,103.148,10.632
3,33.552,10.529,1.042,101.904,94.09,109.041,1.087,93.174,10.058,0.996,97.315,106.816,106.093,1.006,108.848
2,33.651,112.529,1.082,103.951,105.22,113.148,1.112,105.092,98.1,1.0,101.922,102.438,106.39,1.109,101.173
2,33.652,95.939,1.097,105.853,105.87,98.236,1.133,111.269,100.973,1.077,100.972,114.21,102.661,1.017,113.315
3,34.184,11.266,1.136,98.863,108.686,100.172,0.962,100.868,10.399,0.977,97.804,104.077,108.479,1.058,106.028
1,34.755,10.761,103.129,104.743,109.264,102.673,11.331,0.978,11.26,105.429,101.699,107.479,97.464,10.81,1.033
4,34.983,105.345,1.042,1.102,1.049,99.726,102.105,9.749,100.395,1.042,0.987,0.972,98.626,100.063,10.155
3,35.439,10.548,1.099,104.339,97.277,106.409,1.016,101.685,10.189,1.131,105.315,103.74,98.708,1.075,100.316
2,35.458,105.972,1.018,118.725,99.889,107.385,1.101,116.997,95.444,1.001,114.748,112.233,112.757,1.058,113.368
3,35.567,10.051,1.097,104.892,95.548,98.748,1.112,93.214,10.545,0.999,108.804,94.135,97.1,1.071,107.29
3,36.068,10.494,1.12,96.604,106.481,95.0,1.087,98.226,9.968,0.976,103.19,93.924,104.088,1.071,95.977
1,36.301,10.383,111.177,111.907,109.684,94.722,10.844,1.06,10.802,116.679,110.103,107.107,105.399,10.255,1.082
1,36.384,11.019,117.193,105.384,109.246,106.774,11.46,0.959,11.109,108.032,97.449,114.557,100.411,11.554,1.033
1,36.603,10.441,110.584,112.361,104.139,99.476,11.418,1.091,9.917,105.548,105.718,111.019,99.006,10.352,0.949
1,36.604,10.459,107.922,99.28,105.766,99.554,11.405,1.005,10.881,117.309,105.75,104.959,105.872,10.295,1.073
3,37.716,9.972,1.048,98.354,101.843,97.744,0.982,108.019,10.548,1.141,93.943,97.854,105.901,1.065,105.843
2,37.882,112.456,0.974,102.172,113.587,114.715,1.076,115.582,108.179,1.009,114.381,114.885,104.583,1.049,115.178
3,39.179,11.125,0.999,103.912,107.879,104.657,1.027,109.104,11.201,1.039,107.623,105.571,94.482,1.098,95.937
2,39.386,103.34,0.986,105.35,109.067,113.975,0.977,115.245,100.297,1.107,104.714,104.54,100.408,1.072,108.318
1,39.632,11.658,114.335,100.597,116.476,99.936,11.501,1.039,9.925,108.457,96.029,115.432,95.116,11.311,1.1
1,39.803,11.411,105.181,102.7,107.515,101.268,11.338,0.978,10.076,112.854,105.373,113.053,106.597,10.741,1.041
3,39.805,10.082,1.097,99.896,103.33,108.893,1.046,104.708,10.384,1.089,102.005,108.786,101.849,1.094,99.842
4,39.918,99.001,1.036,1.017,0.991,101.474,105.441,9.657,103.909,1.009,0.982,1.116,96.517,108.764,9.694
3,40.119,9.955,0.971,99.896,98.673,93.776,1.123,105.843,11.143,1.12,104.902,98.085,101.331,0.99,107.203
2,40.473,97.734,1.001,109.219,110.754,103.718,0.985,114.004,98.592,1.001,104.953,117.039,113.696,1.122,109.103
4,40.676,102.208,0.982,1.002,1.008,96.893,101.473,9.804,108.59,0.981,0.966,1.067,99.986,98.475,10.732
4,41.126,112.888,1.13,1.022,1.058,102.517,108.152,10.216,102.81,1.079,1.014,1.054,107.459,107.069,10.133
1,41.901,11.312,101.676,99.639,109.099,94.92,10.39,1.078,10.607,117.289,107.283,114.983,92.752,11.481,1.016
1,42.34,11.615,110.605,110.63,108.92,93.973,10.012,0.976,10.635,118.456,100.597,101.007,102.509,10.867,0.994
3,42.434,10.764,1.135,105.913,96.762,106.001,1.065,98.37,10.863,0.992,97.839,106.22,100.919,1.106,103.377
3,42.606,10.81,1.05,104.571,106.139,108.888,1.095,105.726,10.615,0.985,99.374,104.39,108.822,1.101,99.662
1,43.232,11.678,105.066,100.959,110.214,106.456,11.311,1.047,9.978,115.152,109.246,115.102,105.057,10.23,1.102
1,43.361,11.145,100.017,109.413,104.802,104.94,10.94,0.945,10.987,106.757,104.296,118.194,95.663,10.302,1.042
1,43.552,10.48,104.668,99.613,110.308,106.713,11.252,1.058,11.224,102.538,112.54,116.561,98.678,11.087,1.026
4,44.493,97.371,0.969,1.056,1.132,99.285,96.025,9.95,113.239,0.973,0.972,1.033,104.307,94.997,10.281
4,44.583,97.903,0.99,1.038,1.072,105.348,98.307,10.585,106.727,0.991,1.101,1.075,102.588,99.035,9.821
2,45.123,97.013,1.06,102.017,109.927,99.179,0.972,107.471,98.184,0.982,100.972,112.851,108.952,1.032,111.131
3,45.749,10.654,1.011,106.465,101.997,105.352,1.109,98.052,10.757,1.022,104.902,93.899,107.565,1.093,104.979
4,45.88,101.606,1.035,1.061,0.959,107.997,99.582,10.984,97.762,0.973,0.968,1.126,109.397,104.967,10.458
2,46.696,101.145,0.974,113.533,112.878,98.54,1.071,117.046,97.308,1.056,100.959,113.796,104.361,1.113,107.341
3,46.856,9.711,1.091,108.527,97.515,102.482,1.065,107.059,9.711,1.015,107.66,109.901,99.759,0.97,102.375
2,47.247,105.833,1.071,103.961,112.397,109.846,1.11,113.904,112.516,0.972,101.244,105.185,112.198,1.024,108.085
2,47.928,105.872,1.103,116.899,110.754,108.524,1.109,104.367,106.828,1.05,101.254,106.663,114.059,0.971,104.714
4,48.132,101.932,1.09,0.976,1.099,110.321,108.356,11.242,104.009,1.081,1.019,1.0,107.596,93.8,11.242
3,48.142,11.244,0.977,104.467,97.499,95.76,0.967,109.625,10.83,1.047,110.37,108.676,98.488,1.096,106.051
3,48.289,10.199,1.093,96.726,103.134,94.075,1.038,102.614,9.51,1.07,106.589,93.428,110.68,1.073,104.446
3,48.37,10.018,1.013,97.511,97.367,94.475,1.039,98.751,10.363,1.045,97.778,100.225,102.888,1.087,102.375
3,48.402,10.759,0.99,101.431,95.643,108.925,1.0,96.554,10.217,0.971,107.233,107.694,108.726,1.035,105.579
4,48.657,109.656,1.031,1.099,1.0,100.102,96.724,10.639,110.672,0.977,0.98,1.068,98.808,100.544,11.12
4,48.82,105.246,1.115,1.099,1.133,102.978,103.744,9.652,115.585,0.972,1.051,1.131,99.842,99.965,10.351
4,48.85,109.977,1.044,1.013,0.957,109.545,102.404,10.272,103.469,1.086,1.132,1.081,102.464,100.952,11.321
3,49.736,10.702,1.012,105.913,102.45,100.398,1.102,109.31,10.13,1.067,106.768,108.134,107.721,1.118,102.761
3,49.744,10.533,1.115,100.213,97.778,96.376,1.001,95.689,10.636,1.135,95.873,98.223,98.376,0.978,103.06
1,50.125,10.579,101.745,100.417,101.627,95.114,10.637,1.077,10.836,107.973,100.677,112.651,97.002,10.916,1.072
1,50.181,10.162,112.777,104.011,105.908,108.483,11.471,1.005,11.594,104.071,109.049,101.997,103.313,11.046,1.061
2,50.293,112.432,1.084,117.477,102.425,110.69,1.066,106.737,111.678,0.967,102.82,115.371,97.998,0.997,103.21
3,51.033,10.898,0.997,108.888,100.011,97.037,1.067,96.367,11.0,0.995,108.647,97.044,94.87,0.988,102.824
4,52.38,105.478,1.059,1.122,1.12,101.049,106.059,9.594,101.932,1.134,1.029,1.057,105.496,100.623,10.924
1,52.553,10.658,116.485,104.418,104.521,109.439,11.711,0.999,10.069,102.376,98.3,116.762,105.819,10.769,1.056
1,53.006,10.48,108.55,111.888,100.03,101.795,11.271,1.026,11.579,104.832,110.103,117.274,99.888,11.58,0.991
4,53.054,111.536,1.047,0.969,1.016,109.209,99.631,11.225,114.624,0.991,1.023,1.034,101.229,103.607,9.721
2,53.273,113.009,0.957,103.762,110.576,101.814,1.104,106.498,98.947,0.951,102.213,114.265,114.728,1.14,117.168
3,53.424,9.765,0.966,97.298,110.133,107.795,1.058,102.761,10.802,1.059,94.788,96.189,95.167,1.045,93.675
3,53.731,9.532,1.058,100.446,97.462,97.675,1.056,96.902,11.241,0.976,107.701,107.581,106.479,1.028,109.215
1,54.194,10.267,114.383,102.153,105.293,109.427,10.609,0.932,10.761,116.367,98.734,117.833,103.741,9.923,0.933
1,54.339,11.727,117.274,98.939,114.755,103.313,10.907,0.931,10.168,109.55,113.408,102.71,106.249,10.93,1.034
3,54.482,10.289,1.033,99.102,103.814,109.145,1.033,93.407,10.23,1.111,101.652,92.871,102.086,1.038,92.866
4,54.616,115.29,1.053,1.109,1.069,94.911,100.841,10.287,110.251,1.036,1.041,1.05,98.35,95.15,11.339
3,54.72,9.758,1.047,104.329,109.953,99.19,0.972,100.868,10.471,1.086,102.299,107.879,101.514,1.126,108.721
1,55.413,10.441,109.46,99.416,117.037,103.378,10.104,1.055,10.646,106.63,103.373,117.738,98.423,10.522,1.015
2,55.573,101.267,1.084,101.377,115.976,104.92,0.992,104.59,97.814,1.046,104.778,113.28,98.653,1.009,109.598
2,55.661,112.663,1.096,114.613,103.203,104.072,1.018,105.462,112.281,1.036,102.347,107.829,101.851,1.033,98.762
2,55.695,95.698,1.017,113.228,111.21,112.441,1.133,106.111,95.422,0.955,100.054,110.365,105.133,1.038,104.714
4,56.247,98.834,1.045,1.074,0.963,95.408,99.174,11.203,108.287,1.017,1.108,0.998,101.851,97.195,9.652
3,56.371,11.123,1.077,110.272,108.838,95.996,1.029,94.401,10.952,1.093,107.986,104.169,108.253,1.035,108.462
1,56.4,9.898,107.922,98.099,105.607,96.599,10.502,0.982,10.379,107.288,109.981,103.404,108.733,11.046,1.005
4,56.739,100.045,1.038,1.071,1.019,110.294,104.03,10.714,109.223,0.974,1.095,1.131,96.013,110.004,9.97
1,57.146,9.866,101.495,108.349,104.575,98.678,10.295,1.099,11.179,113.997,100.436,112.9,103.967,11.391,1.06
4,57.194,106.038,1.025,1.085,1.107,108.343,104.744,10.356,113.798,1.032,1.015,1.057,109.545,100.952,10.854
4,57.232,113.368,1.074,0.967,1.132,99.086,111.491,10.042,103.153,0.999,1.047,1.005,100.376,106.215,10.285
3,57.321,10.282,1.03,104.892,93.55,93.829,1.06,105.453,10.993,1.054,101.459,104.15,95.507,0.959,97.588
4,57.492,100.864,1.023,1.109,1.067,97.663,100.952,10.848,99.065,1.104,1.096,1.134,96.224,101.323,10.5
3,57.561,11.256,1.015,110.069,94.388,100.521,1.037,101.628,10.404,0.963,96.609,96.927,104.719,1.069,109.586
1,58.358,11.515,110.458,99.304,111.948,107.927,10.894,1.061,11.059,116.485,112.817,110.966,98.009,10.263,0.927
4,58.604,115.451,1.145,1.118,1.079,108.053,109.065,11.239,109.847,1.003,0.984,0.958,101.368,96.18,10.599
4,59.214,109.9,1.076,1.11,0.98,109.313,94.859,11.07,102.335,1.018,0.977,0.955,95.038,99.332,10.203
4,59.784,99.045,1.074,0.993,1.0,102.152,96.051,10.325,111.982,1.068,1.124,1.12,93.257,101.926,11.044
2,59.788,111.64,0.995,100.111,113.965,103.67,1.094,104.405,106.67,1.013,101.794,104.113,99.117,1.084,111.796
2,60.054,99.785,0.966,103.225,108.868,101.203,1.002,110.829,103.458,1.055,117.171,117.263,112.31,1.085,114.256
1,61.176,10.368,109.142,103.471,102.006,108.361,10.808,1.008,10.059,109.628,98.599,100.139,96.209,10.611,0.964
2,61.432,111.086,0.977,113.064,103.96,103.336,1.073,111.136,108.901,0.958,107.853,102.673,105.951,0.988,108.951
4,62.543,105.645,1.085,1.118,0.967,94.319,103.035,9.649,100.47,1.012,1.128,0.974,108.923,106.716,11.135
2,62.616,99.303,0.999,105.66,105.525,104.564,0.989,100.435,110.447,0.963,114.305,114.256,107.678,0.995,102.052
4,62.801,104.829,1.147,1.117,1.127,99.299,104.759,10.503,108.295,0.981,0.981,1.102,105.737,100.334,10.603
4,62.88,106.34,0.991,1.001,0.999,107.475,98.864,11.063,112.015,1.134,1.089,1.113,101.023,97.722,9.89
1,62.945,11.246,117.309,106.845,110.145,107.453,11.142,1.028,10.783,105.248,106.845,102.561,99.093,10.524,1.002
2,63.441,105.531,1.046,104.413,116.807,102.331,0.971,107.526,96.602,0.978,106.228,114.727,102.435,1.142,115.168
3,63.475,9.998,1.142,99.771,94.331,106.427,0.985,96.321,10.838,1.095,93.934,94.894,103.361,0.99,103.347
4,63.534,97.522,1.055,1.125,1.117,106.496,97.083,10.644,102.35,1.056,1.08,1.036,102.989,96.755,11.258
4,63.694,111.982,1.102,1.006,1.093,96.059,103.85,10.729,108.575,1.123,1.059,1.091,94.286,105.389,11.149
4,64.322,109.218,1.004,1.123,1.068,95.891,98.089,10.664,112.625,1.146,1.078,1.125,101.35,95.775,11.149
1,64.664,10.368,112.711,110.149,109.284,93.395,10.011,1.027,10.4,115.323,111.478,113.619,99.621,10.1,1.008
4,64.959,112.216,1.076,0.981,0.955,97.926,102.032,10.996,113.198,1.025,1.101,1.062,97.096,106.975,10.805
4,64.96,113.381,1.057,1.05,1.134,101.957,101.396,10.642,109.656,1.067,0.989,1.127,103.21,94.604,10.16
1,65.042,9.941,113.522,103.996,110.214,102.759,11.538,1.1,10.553,109.872,97.69,105.411,96.669,10.413,1.037
4,65.089,112.371,0.97,1.022,1.075,96.011,99.716,9.755,106.097,1.06,0.99,0.971,97.23,95.168,10.279
4,65.842,114.145,0.993,1.041,0.973,96.979,99.117,9.804,108.742,0.969,1.022,1.093,107.705,109.181,11.337
1,66.117,10.916,117.38,105.373,101.09,98.92,10.861,1.042,10.945,106.502,96.405,112.36,107.566,11.496,0.953
1,66.585,11.12,103.795,107.483,108.235,108.661,9.996,1.02,11.272,116.443,108.071,103.888,97.526,11.146,1.047
3,67.311,10.922,1.002,102.133,102.148,102.251,1.046,101.633,10.621,1.091,107.794,95.533,111.066,1.083,95.188
2,67.406,107.0,1.106,117.056,115.71,97.417,1.035,100.531,110.53,1.046,107.009,115.648,102.998,1.101,116.208
2,67.512,104.063,1.035,107.39,113.392,105.022,1.079,113.566,102.859,0.976,108.061,114.805,105.951,1.118,105.176
1,67.549,10.779,108.935,104.099,100.433,98.678,11.296,1.056,10.648,113.455,102.633,117.143,100.976,11.048,0.979
3,67.581,10.327,1.104,95.848,101.016,95.266,1.006,101.666,10.712,0.998,107.233,103.958,105.885,0.983,92.507
2,67.83,112.848,1.047,102.529,116.619,104.172,1.12,114.906,104.885,1.028,115.226,107.558,101.689,1.012,115.439
1,68.001,9.993,102.47,97.155,108.645,92.104,11.095,1.027,10.609,110.566,100.66,105.437,103.067,11.155,1.093
2,68.081,103.777,0.958,113.11,100.109,98.397,1.151,110.954,106.373,0.968,102.047,109.884,112.728,1.034,113.888
3,68.189,9.866,0.997,101.652,108.32,94.847,0.98,107.054,10.43,1.1,107.638,93.367,100.923,1.045,96.793
4,68.196,108.575,1.105,0.986,1.071,99.354,105.401,11.045,111.876,1.06,1.109,1.121,108.394,98.864,11.321
2,68.208,97.428,1.069,101.176,107.55,102.489,1.098,109.319,112.06,1.052,117.543,105.779,99.747,1.095,115.355
3,68.582,11.232,1.028,105.683,101.531,96.607,1.043,105.263,9.665,1.012,107.338,102.934,95.996,1.046,104.883
3,69.035,10.946,1.099,93.057,110.234,102.283,0.976,98.622,9.722,1.047,97.138,94.867,101.541,1.055,100.508
1,69.217,10.583,101.228,100.045,100.079,99.554,10.344,1.06,11.288,112.9,96.521,101.15,93.863,11.122,1.08
1,69.865,11.361,116.229,103.089,100.333,96.55,10.112,1.1,11.057,103.719,97.832,104.518,105.013,11.466,0.987
4,70.0,110.141,1.112,0.967,0.958,94.897,107.15,11.172,103.575,1.014,0.966,0.975,99.89,95.567,10.155
3,70.228,11.027,1.126,99.839,98.674,108.439,0.985,94.506,9.846,1.068,97.695,107.287,93.948,1.058,108.081
4,70.313,98.568,1.068,1.103,1.019,98.395,94.535,11.12,106.844,1.083,1.017,1.126,108.98,107.083,11.156
2,70.618,106.735,1.058,113.228,110.284,113.342,1.034,98.666,99.662,1.071,101.907,113.109,107.894,1.114,104.591
1,71.138,10.798,103.288,103.619,117.205,104.83,11.005,0.987,10.722,113.04,100.083,108.781,97.083,10.479,1.071
2,71.484,97.826,1.038,107.46,109.249,113.696,1.125,114.251,101.105,1.072,105.898,116.401,105.805,1.033,112.367
3,71.521,9.961,1.043,98.421,106.833,108.462,1.021,104.835,9.938,1.083,99.362,106.295,101.009,1.019,98.343
2,72.836,104.885,0.961,104.109,98.871,106.596,1.01,114.373,96.317,0.982,107.051,98.984,102.484,0.974,100.014
4,73.336,101.103,1.076,1.036,0.965,93.92,100.76,10.399,100.026,1.051,1.024,1.036,104.381,95.419,10.176
1,73.58,10.35,113.837,100.101,102.522,106.128,10.679,1.019,10.626,100.096,106.845,108.867,99.125,10.155,1.024
4,73.63,108.253,0.988,1.041,1.032,100.036,108.693,11.225,106.316,1.006,1.003,1.027,96.098,98.88,9.643
4,73.637,105.05,1.049,1.132,0.973,103.21,110.76,9.842,100.164,1.122,1.108,0.967,100.774,98.805,10.86
1,73.822,11.179,117.554,100.07,108.032,108.046,10.506,0.936,10.181,108.871,96.431,100.958,106.239,11.141,1.037
4,74.451,103.468,1.1,1.047,1.001,108.985,97.901,11.321,100.671,1.03,1.026,1.016,95.666,109.806,11.064
3,74.559,10.726,1.014,96.994,102.073,110.042,1.089,102.357,9.672,1.012,97.79,103.382,102.086,1.06,92.394
2,74.7,108.213,0.998,102.463,109.678,101.033,0.968,106.369,109.544,0.958,103.311,103.4,102.361,1.082,111.627
3,75.013,9.86,1.049,99.989,98.858,109.554,1.1,95.978,9.803,0.997,95.001,94.561,109.193,1.048,99.612
2,75.025,107.9,1.027,105.689,116.559,102.888,1.12,112.109,107.25,1.082,105.297,110.684,107.813,0.977,108.489
2,75.892,96.606,1.048,104.709,100.146,106.039,1.015,101.959,98.671,0.993,109.834,102.291,98.653,0.983,105.9
1,76.409,11.707,114.14,96.431,109.288,95.114,10.625,1.099,10.021,116.583,96.114,105.12,101.04,10.939,0.949
2,76.927,95.511,1.045,108.164,103.926,102.484,1.134,108.941,100.041,0.993,103.225,104.945,96.806,0.991,106.847
4,77.552,114.16,1.033,1.098,1.098,97.164,105.389,11.156,108.943,1.145,1.12,1.067,108.372,98.089,11.325
4,77.836,99.065,1.113,1.008,1.034,95.521,104.705,10.571,104.994,1.116,1.101,1.113,109.045,108.953,9.646
3,77.908,10.945,1.045,95.829,101.278,97.929,0.968,99.881,11.263,1.03,99.604,98.508,103.052,0.989,98.684
3,78.056,10.245,0.982,109.259,102.58,98.172,1.1,108.691,11.27,1.067,100.132,97.778,108.223,1.081,104.982
2,78.81,96.359,0.962,118.502,113.615,99.105,1.123,107.471,103.082,0.966,103.445,111.023,102.509,1.035,105.49
3,79.047,11.08,1.097,107.176,96.456,95.973,1.071,107.331,9.961,0.991,103.129,95.429,108.563,1.102,92.393
2,79.345,98.592,1.048,102.237,104.575,105.79,1.007,104.639,110.97,0.939,100.17,99.441,100.196,0.969,107.238
3,80.1,9.846,0.971,108.807,97.842,98.787,1.047,98.174,9.726,0.997,95.485,102.073,101.259,0.964,108.339
3,80.348,11.018,0.977,105.571,106.712,98.533,1.021,92.741,9.57,1.007,105.48,95.66,98.454,1.039,94.979
2,80.979,109.188,1.024,107.39,103.382,113.269,1.045,111.39,108.135,0.989,117.342,102.673,113.519,1.096,111.323
4,81.004,112.984,1.132,1.038,0.986,102.018,107.052,11.225,97.749,1.071,1.041,1.106,102.146,104.909,9.605
1,81.159,11.727,105.209,98.885,110.753,102.39,11.481,0.959,11.005,112.609,111.627,115.762,95.527,10.634,1.037
1,81.204,9.91,105.52,112.536,117.562,98.747,11.252,1.057,10.711,111.772,95.818,108.183,107.005,10.795,0.983
1,81.521,10.957,113.989,97.157,112.413,104.142,11.026,1.102,9.893,108.265,112.315,115.999,105.088,10.088,1.084
3,82.035,10.458,0.986,96.715,105.364,98.754,1.007,105.728,9.559,0.987,100.506,97.922,98.323,1.016,92.637
2,82.124,111.093,1.027,114.405,113.996,107.917,1.132,114.964,101.365,0.983,101.899,112.141,107.722,1.082,98.885
4,82.684,104.776,1.056,1.005,1.125,104.203,101.785,10.629,108.282,0.99,1.007,1.014,107.178,109.34,11.176
3,82.779,10.548,0.974,95.316,102.148,95.424,1.086,99.683,10.736,1.139,94.933,106.87,100.585,1.043,93.957
4,82.815,112.359,1.093,1.018,1.057,94.449,102.032,10.68,112.015,1.097,1.041,0.973,94.216,111.159,11.335
4,82.865,109.217,1.035,1.035,1.126,105.539,107.628,10.664,109.679,1.121,1.032,1.029,107.178,104.659,10.388
1,83.838,11.593,111.807,102.693,116.201,107.999,10.008,0.981,11.498,101.994,95.805,108.606,104.523,11.383,0.948
4,84.02,109.923,1.105,1.102,1.006,110.099,107.119,10.137,114.706,0.971,1.111,0.962,101.93,101.084,11.044
3,84.366,10.427,1.043,108.116,100.193,103.154,1.034,98.183,9.638,1.112,105.434,93.367,96.2,1.099,97.082
1,85.032,10.264,104.313,96.24,107.862,102.301,11.601,0.988,11.367,114.401,109.962,111.749,97.348,9.897,1.053
4,85.053,103.034,1.131,1.012,1.111,104.399,99.357,10.897,114.992,1.018,1.124,1.041,106.479,104.738,10.241
3,85.158,10.204,1.118,108.658,102.417,96.376,0.967,96.424,10.876,1.074,107.215,101.827,99.024,0.973,108.45
2,85.454,97.118,1.083,111.601,102.68,98.54,1.078,108.852,109.214,1.077,114.564,110.113,105.116,1.099,105.404
2,85.756,101.019,1.0,113.963,103.933,106.117,1.012,109.938,97.826,1.027,105.836,107.222,102.288,0.976,106.661
2,85.904,113.056,0.977,116.077,100.424,107.416,1.124,104.207,105.161,0.945,109.07,105.034,107.752,1.032,99.666
1,86.117,10.918,103.884,108.035,104.139,101.567,10.094,1.061,9.93,115.61,107.629,102.561,92.372,9.923,1.031
3,86.393,11.179,1.044,95.563,93.05,99.33,1.074,95.45,9.632,1.018,98.831,95.548,99.52,0.992,100.669
1,87.29,10.231,106.695,108.893,99.793,105.822,10.528,1.058,10.747,115.339,106.324,104.222,104.479,10.676,1.045
2,87.766,99.531,1.082,112.183,98.994,100.008,0.988,107.916,106.242,1.04,113.802,113.032,104.045,0.97,105.636
4,88.518,105.44,1.033,1.085,1.125,108.684,96.994,10.622,112.907,1.083,0.982,0.987,95.891,100.896,10.845
1,88.728,10.258,115.152,97.532,102.988,101.498,10.162,1.088,9.905,104.158,99.425,111.071,102.392,9.955,1.001
1,89.004,10.099,104.874,107.031,111.57,95.511,11.626,1.076,10.129,114.984,109.471,118.139,99.9,10.935,0.99
2,89.172,95.819,1.083,111.788,113.798,97.978,1.089,110.626,104.235,1.045,103.672,99.602,111.583,0.984,111.309
4,90.162,105.614,1.058,0.992,1.091,108.039,98.442,10.577,103.69,1.029,1.092,1.022,101.491,97.949,10.957
1,91.449,10.517,100.924,102.762,107.816,97.348,9.995,0.951,11.054,113.807,98.117,102.163,104.22,11.213,0.935
2,91.937,104.41,0.937,103.961,114.805,113.303,0.97,110.506,104.599,0.971,103.513,99.142,107.134,1.086,109.17
3,93.119,10.146,1.121,100.964,107.998,98.547,1.089,98.999,10.432,1.138,102.28,102.414,109.073,0.974,93.129
4,93.144,102.119,1.067,0.996,1.005,106.496,107.858,10.661,101.865,1.091,1.034,1.078,99.298,99.035,10.775
3,93.41,10.571,1.058,110.034,110.124,110.498,0.994,108.064,9.707,0.983,104.35,105.236,109.928,0.967,95.079
3,93.597,10.975,1.017,100.487,110.307,96.591,1.079,92.861,10.279,1.107,93.93,107.339,109.386,1.006,98.244
1,93.802,11.456,104.248,105.52,104.075,92.33,11.519,0.992,11.728,101.842,107.312,116.867,102.46,10.368,1.034
2,93.941,107.123,1.073,111.318,102.182,99.579,1.121,102.269,104.296,1.051,107.024,116.408,106.888,1.098,114.332
2,94.66,102.565,0.993,114.197,115.059,99.883,1.035,102.741,109.701,0.933,112.368,110.555,99.849,1.03,117.126
2,95.382,110.412,1.077,111.388,112.953,97.557,1.059,107.526,104.2,0.952,114.189,100.656,98.013,1.116,109.323
1,95.465,10.553,108.912,107.915,103.35,102.339,11.378,1.057,11.635,118.238,107.815,104.249,106.774,10.96,1.075
4,95.893,104.634,1.102,1.063,1.066,110.442,107.628,10.571,102.224,1.011,0.972,1.106,104.844,107.465,10.663
2,96.146,98.898,1.087,115.46,98.872,101.269,0.984,109.71,109.43,0.959,101.939,106.973,113.303,1.133,105.263
4,96.468,115.259,1.026,0.978,1.014,108.748,97.194,9.676,101.631,0.979,1.091,1.121,94.787,103.627,11.133
2,96.749,103.622,0.966,103.513,105.26,111.007,1.005,105.489,99.023,1.037,112.657,102.55,104.769,1.004,105.453
1,96.858,10.077,118.013,105.411,107.781,94.14,10.545,1.044,10.164,109.55,104.706,103.906,100.502,10.995,1.01
4,96.993,113.226,1.092,1.128,1.126,93.86,98.414,9.559,100.429,1.028,1.093,1.071,109.8,109.92,10.378
2,97.009,108.175,0.996,114.252,109.19,105.818,1.149,108.745,111.609,1.001,101.046,100.302,111.152,1.079,116.761
3,97.205,9.599,0.961,93.864,101.437,106.031,1.0,93.214,10.92,1.064,105.218,93.817,106.542,1.091,101.507
1,97.3,10.073,108.028,100.297,105.502,97.192,10.009,0.975,10.202,100.195,101.881,109.006,96.536,11.128,1.031
1,97.431,10.922,111.184,98.238,105.886,96.25,11.166,1.072,9.981,108.912,107.302,101.09,98.958,10.536,1.029
3,97.458,10.431,1.017,98.257,110.234,109.125,1.099,98.65,11.027,1.063,109.668,109.635,101.298,1.084,106.603
2,97.517,102.597,0.969,107.73,110.555,114.295,0.991,113.554,105.204,1.036,106.604,112.892,100.684,0.984,111.925
4,97.782,101.595,1.126,1.108,1.036,109.313,103.381,11.135,103.36,1.074,0.996,1.034,105.647,97.949,9.578
1,97.791,11.204,116.654,107.593,113.867,100.043,11.146,1.02,10.957,99.972,113.147,115.101,107.619,10.994,0.928
3,99.469,9.673,1.032,106.313,93.94,98.754,1.014,107.043,10.311,1.018,102.004,93.805,104.853,1.127,102.651
2,99.683,110.709,1.062,103.782,113.109,107.722,1.035,107.341,111.711,0.96,105.66,99.481,104.576,1.11,113.368
2,99.95,106.711,0.999,105.059,117.214,106.73,1.144,108.251,112.828,1.028,107.858,111.576,109.917,1.071,104.08
2,100.155,111.609,0.944,113.106,107.359,100.938,1.107,105.462,110.902,1.005,101.616,99.107,104.757,1.091,111.894
3,100.269,9.825,1.109,106.607,106.536,97.851,1.126,101.685,10.094,1.022,97.953,97.839,101.203,0.966,95.689
1,100.748,10.23,101.077,96.933,118.218,96.719,10.93,0.942,11.027,109.17,106.86,102.163,93.008,11.65,0.957
2,101.199,112.619,1.08,115.844,104.517,100.667,1.011,109.713,108.183,1.065,103.803,102.181,105.757,1.02,101.122
2,101.591,108.346,1.036,107.656,109.724,113.056,1.134,104.591,96.518,0.949,118.351,100.214,108.303,0.982,114.93
3,101.828,10.545,1.055,107.519,105.327,103.7,0.952,103.462,9.663,1.139,100.344,98.865,95.294,1.058,103.415
3,102.042,10.721,1.05,105.913,99.169,110.107,0.984,95.975,9.831,1.048,101.783,95.734,105.888,0.967,106.975
4,102.351,114.31,1.055,0.995,1.124,104.449,94.556,10.972,112.015,1.035,1.054,1.036,95.58,105.118,11.0
3,102.505,9.969,1.103,100.314,94.894,98.666,1.076,109.028,11.058,1.07,93.464,102.146,100.586,1.081,104.248
2,103.092,100.636,1.036,118.068,110.106,110.702,1.012,110.75,96.465,1.098,101.616,112.239,112.543,1.05,117.053
3,103.847,10.536,0.981,104.902,96.927,103.892,0.99,104.495,10.562,1.054,109.783,110.465,109.041,0.952,107.902
1,104.178,11.549,109.901,110.567,106.691,100.278,11.667,1.057,10.12,117.644,106.166,100.374,95.965,10.084,1.034
2,104.184,104.042,1.049,104.749,112.838,108.467,0.992,101.607,101.048,0.98,104.785,114.65,104.106,0.986,108.976
3,104.514,9.658,1.129,100.611,106.143,104.726,1.11,93.407,9.744,1.139,101.006,97.177,104.032,0.962,98.333
1,104.967,10.304,107.454,97.415,111.233,98.423,10.103,0.98,10.354,101.842,105.331,104.441,92.48,10.368,1.086
4,105.207,103.896,1.085,0.979,1.05,102.464,96.12,10.287,113.083,1.143,1.092,1.009,103.941,107.858,11.238
3,105.331,9.722,1.1,107.657,107.152,105.538,1.069,97.214,9.744,1.122,97.768,99.509,102.075,0.996,102.646
4,105.5,105.642,1.031,0.962,1.011,97.821,98.169,10.678,101.366,1.097,1.112,1.071,106.444,105.159,10.573
4,106.419,99.894,1.051,1.083,0.963,105.608,97.901,11.236,98.118,0.988,1.002,1.054,100.853,102.771,10.855
1,106.772,10.927,100.538,108.709,109.979,95.867,10.439,1.094,10.529,116.206,102.264,105.778,103.522,10.392,1.068
1,108.088,10.654,115.949,97.497,106.293,98.241,10.052,0.967,10.383,105.799,110.157,111.507,94.507,10.616,1.011
2,109.141,101.38,1.042,111.996,117.07,104.721,1.112,102.138,105.068,1.045,104.256,101.726,110.142,1.005,102.699
3,109.248,9.722,1.111,105.535,103.051,101.972,0.989,106.258,9.841,1.056,100.419,102.635,110.946,1.076,93.214
1,109.361,10.237,100.446,111.851,100.753,96.799,10.332,0.971,11.242,104.938,112.261,108.278,93.968,10.265,0.964
3,109.573,10.261,1.058,94.869,109.842,109.727,1.058,95.079,11.173,1.112,107.623,96.593,110.037,1.079,108.1
1,109.574,11.247,112.989,108.575,105.006,107.052,11.723,1.016,10.918,117.38,110.835,113.496,100.683,11.601,0.973
2,109.678,100.204,0.993,115.254,105.401,100.319,1.082,110.75,103.461,1.001,101.813,102.68,107.919,1.124,111.704
4,109.823,108.975,1.146,1.143,1.123,99.663,111.215,9.943,111.571,0.99,0.994,1.129,101.873,109.939,10.795
3,110.299,10.185,1.004,101.471,102.393,94.287,0.972,103.456,9.699,0.982,93.193,101.325,102.463,1.078,108.533
2,110.782,112.189,1.041,113.283,102.319,113.547,1.116,100.365,112.604,0.941,106.033,106.598,100.105,1.138,106.304
2,110.835,104.834,0.942,106.228,98.716,105.693,1.026,111.217,103.622,1.107,103.497,108.563,109.236,1.109,101.659
4,110.968,112.422,1.073,0.995,1.135,107.414,103.139,9.589,98.094,1.035,1.109,1.082,96.311,108.796,9.872
3,111.113,11.204,1.025,103.56,100.724,105.293,1.107,96.902,9.749,1.016,95.316,108.676,102.601,1.013,108.081
4,111.135,110.206,1.125,1.028,1.075,101.625,96.334,10.951,110.701,1.086,1.071,1.063,104.561,99.611,10.387
4,111.33,97.522,1.004,0.968,0.959,99.354,100.003,10.48,98.466,1.031,1.121,1.054,101.611,103.403,9.931
3,112.07,10.105,0.977,108.284,93.826,94.225,0.96,109.08,9.579,0.993,107.419,102.275,101.722,0.999,102.345
2,112.099,111.63,1.076,114.98,109.279,114.912,0.989,102.712,98.847,1.067,117.212,99.617,104.021,1.1,116.441
4,112.173,98.701,1.071,1.058,1.027,107.644,109.939,11.035,98.6,1.085,1.025,1.101,98.026,101.378,10.854
1,112.577,10.114,112.854,105.557,109.024,107.855,11.554,0.984,11.326,100.195,104.789,107.927,107.657,10.296,1.087
1,112.983,11.317,99.828,107.347,109.714,101.596,10.952,1.058,11.059,106.866,105.411,117.952,106.239,11.097,1.055
1,113.381,11.461,118.487,103.521,117.444,93.424,11.499,1.036,10.658,110.708,105.331,104.959,107.537,10.162,1.093
4,113.715,113.752,1.094,0.978,1.028,106.727,106.512,10.571,112.459,1.017,1.094,0.973,105.886,97.168,11.07
4,114.086,111.987,1.068,1.065,1.121,107.9,102.958,10.512,110.77,1.112,0.982,1.006,95.567,94.814,10.728
3,114.209,10.263,1.091,95.646,94.805,97.675,0.994,106.051,10.199,1.114,108.123,109.645,100.172,1.112,97.377
2,114.376,102.415,1.101,114.44,112.892,109.884,1.072,111.594,109.134,1.087,114.436,113.109,105.017,1.106,104.133
1,114.496,10.759,102.354,107.593,108.92,107.813,11.617,0.96,10.361,104.334,106.596,115.946,94.277,10.703,1.061
4,114.868,105.644,1.141,1.007,1.0,107.705,96.998,9.676,104.871,1.065,1.078,1.124,94.312,101.378,10.199
3,115.039,9.828,1.027,107.519,98.227,109.528,0.995,97.377,10.721,1.104,107.662,104.029,95.073,1.07,106.229
2,115.198,110.934,0.937,114.3,110.682,103.047,1.144,102.903,102.314,1.081,114.52,99.189,107.344,0.982,105.504
4,115.386,101.771,1.143,0.995,1.095,99.881,107.387,9.928,98.568,1.0,0.981,1.069,94.052,105.564,10.06
2,115.785,113.173,1.048,113.538,107.359,110.626,0.984,117.068,101.452,1.022,102.335,101.449,109.975,1.048,105.762
2,116.175,107.0,0.951,103.974,103.205,106.067,1.085,116.491,96.156,0.977,101.319,114.637,98.495,1.03,111.39
2,116.902,96.966,0.954,117.151,109.934,105.264,1.069,113.423,100.361,0.988,114.528,116.738,115.046,1.115,113.281
3,117.016,10.73,1.079,107.135,100.945,109.872,1.027,99.737,10.027,1.09,101.129,102.997,94.309,1.013,107.435
2,117.233,95.885,0.934,101.377,103.301,107.006,1.005,114.12,99.334,1.01,106.604,106.492,108.21,0.976,111.309
2,117.387,102.582,0.966,116.662,117.001,101.657,1.093,108.644,97.64,0.974,103.129,114.143,113.167,1.05,116.106
1,117.871,11.16,111.655,112.819,102.311,93.79,10.882,1.019,10.39,103.779,98.099,116.895,99.178,10.676,1.082
2,118.202,100.844,1.036,108.519,115.692,113.696,1.037,114.251,97.003,1.1,103.311,105.26,108.746,1.03,104.413
2,118.373,111.482,1.042,101.046,112.016,98.748,1.041,99.922,112.713,1.07,101.361,105.143,106.779,1.096,105.397
3,118.815,10.235,0.979,98.487,104.741,97.121,1.095,102.415,10.246,1.112,107.951,103.841,96.25,1.075,102.761
3,118.826,9.509,0.992,108.409,98.021,96.811,0.996,98.333,9.565,1.124,100.774,103.08,106.212,1.09,107.427
1,119.023,10.795,115.127,96.133,109.882,104.334,10.179,1.069,10.102,106.63,109.847,104.028,98.855,10.267,1.091
2,119.188,108.541,1.046,100.778,99.28,109.866,1.107,110.201,108.557,1.084,118.04,116.799,96.806,1.095,113.627
1,119.76,11.382,107.806,112.229,104.411,92.524,10.439,0.966,11.708,100.178,102.461,102.121,94.771,11.539,0.945
3,119.901,10.332,1.118,108.571,101.614,103.234,0.99,96.439,10.187,0.986,99.106,102.525,104.137,1.047,97.669
3,119.948,10.027,1.124,100.157,107.549,95.87,1.058,98.821,10.64,0.969,101.67,102.8,111.137,0.987,108.638
3,120.123,9.74,1.058,99.102,107.026,102.888,1.013,92.483,10.595,1.124,99.839,102.8,110.971,1.013,109.007
3,121.015,11.1,0.972,101.226,94.902,98.376,0.998,104.591,10.368,1.001,98.354,97.148,106.431,1.054,94.105
2,121.376,112.46,0.974,100.828,100.496,107.272,1.093,117.184,103.523,1.033,112.112,106.055,98.909,1.103,113.004
3,121.512,10.141,1.084,103.146,104.417,95.169,1.095,99.69,9.825,0.967,93.452,106.833,108.676,0.96,94.113
4,121.99,106.874,0.974,1.113,1.069,108.104,98.857,10.388,99.983,1.083,1.117,1.04,95.81,98.547,10.969
2,122.245,110.13,1.003,100.107,116.943,100.018,1.017,110.793,96.602,1.027,109.07,113.706,99.272,0.972,98.735
1,122.617,10.393,114.383,110.157,116.295,106.772,9.864,1.063,10.106,100.12,110.257,111.083,105.986,10.11,0.964
1,122.652,10.34,99.891,110.961,103.663,94.471,11.451,1.0,10.596,107.38,101.694,100.019,105.267,11.357,0.95
1,123.093,10.566,103.561,99.822,105.502,102.063,10.867,1.023,10.866,102.88,108.791,118.29,92.771,11.11,1.042
3,123.55,9.834,1.085,109.612,97.116,97.402,0.978,92.438,10.898,1.05,107.471,102.438,101.298,1.045,104.699
2,124.342,108.107,1.088,100.597,115.888,114.798,1.027,116.863,106.828,1.044,116.906,105.423,109.866,1.107,101.1
2,124.391,109.323,1.1,100.539,107.172,104.126,0.968,116.118,98.093,1.107,108.993,113.531,105.357,1.05,101.52
2,124.747,95.655,1.046,105.869,104.54,114.95,1.081,108.312,98.024,0.961,103.178,116.093,102.518,1.122,106.976
1,124.77,11.018,113.724,107.298,103.793,107.135,10.165,0.963,10.401,106.995,101.411,107.853,92.696,10.147,1.041
3,124.78,11.059,1.055,101.431,104.12,96.948,1.012,105.89,11.122,1.008,96.232,94.318,103.828,0.95,105.263
3,124.871,10.527,1.065,103.258,109.068,95.87,0.968,109.05,9.588,0.967,109.218,110.284,111.044,1.1,94.546
1,124.96,10.569,114.282,108.317,103.427,93.841,10.3,1.08,10.354,104.485,107.302,111.071,99.831,10.302,1.016
3,126.223,11.145,1.016,101.103,103.571,99.168,1.006,99.094,9.845,1.128,100.793,93.404,97.307,0.959,102.497
4,126.399,99.045,1.001,1.018,1.108,100.047,100.063,11.057,102.833,1.058,1.127,1.117,93.342,103.714,9.888
3,126.64,10.596,1.059,107.662,96.168,106.82,1.027,92.65,10.893,1.111,96.994,96.332,108.563,1.027,108.507
4,126.689,109.922,0.98,1.016,1.127,94.578,95.072,11.238,114.281,0.984,1.09,0.969,103.274,94.998,10.303
4,127.062,108.652,1.083,1.083,1.135,100.411,95.586,10.718,97.596,1.142,1.013,1.011,93.48,100.214,10.813
3,127.178,10.426,0.986,102.606,105.364,99.331,1.007,96.069,9.555,1.108,107.638,105.886,96.981,1.01,94.855
4,127.354,110.931,0.996,1.025,1.133,108.148,105.401,10.876,113.411,1.112,1.008,0.993,101.459,95.775,10.632
2,127.471,99.873,0.971,100.854,106.654,101.377,1.014,103.423,96.359,1.003,101.094,107.172,98.994,1.049,105.176
2,127.65,101.372,1.089,111.019,109.99,102.807,1.053,104.254,106.86,0.934,109.632,105.423,109.292,1.054,103.416
4,127.795,101.525,1.023,1.006,0.993,97.491,110.101,10.245,101.417,1.024,0.989,1.024,100.3,98.748,11.256
4,127.933,113.481,1.024,1.144,0.988,110.074,99.271,10.404,101.103,1.033,1.018,1.037,94.787,110.111,10.03
3,128.003,11.25,0.964,95.802,100.356,109.407,1.056,101.928,10.863,1.103,108.823,96.371,102.283,1.061,106.193
4,128.259,107.463,1.132,1.031,0.992,108.011,109.604,10.642,102.142,1.052,1.132,1.0,104.219,95.593,10.603
1,129.111,10.507,110.593,108.458,108.372,92.349,10.144,1.034,10.638,108.183,101.623,100.715,105.559,11.014,0.979
3,129.946,10.37,1.029,102.253,100.159,93.925,1.11,99.309,10.045,1.121,98.543,102.129,105.3,0.974,96.04
1,130.402,10.774,117.941,95.889,108.04,101.516,10.039,0.952,11.423,105.739,98.117,103.948,92.144,9.869,0.952
4,131.97,111.807,0.995,1.122,1.069,104.754,108.696,10.476,112.287,1.093,1.12,1.13,101.12,98.611,10.092
1,132.989,10.751,117.405,98.569,118.255,100.502,11.587,1.008,10.189,102.841,108.281,103.251,108.014,10.352,1.086
4,133.205,112.888,0.973,0.979,1.089,105.313,97.194,10.179,110.138,1.056,0.994,1.125,95.457,104.54,10.622
2,134.074,98.124,0.95,109.945,98.994,111.049,1.149,109.71,96.9,1.104,103.445,100.865,110.671,1.1,105.104
4,134.14,105.707,0.971,1.14,1.01,100.588,104.679,10.841,99.761,1.128,1.093,1.072,104.869,99.536,10.803
3,134.329,9.824,0.977,108.647,103.071,101.009,1.012,93.968,10.318,1.075,99.663,99.28,95.651,1.006,105.203
3,134.803,9.865,1.07,104.862,106.533,102.209,0.984,107.901,9.839,0.995,94.344,103.036,100.852,0.975,100.811
2,134.815,110.508,1.08,113.533,107.035,114.751,0.999,113.939,96.646,1.096,113.899,108.164,102.435,1.006,110.155
4,135.648,105.632,1.118,1.09,1.001,94.993,100.845,9.859,113.978,1.005,1.081,1.054,107.218,110.212,10.709
4,135.717,109.661,1.146,1.014,1.065,96.748,104.774,11.019,109.907,0.979,1.13,1.117,99.881,95.819,9.924
2,135.845,98.592,1.073,113.283,114.139,107.117,1.112,113.0,111.011,1.022,101.036,111.291,99.224,1.095,101.051
3,136.052,10.261,0.986,94.026,95.626,110.126,1.013,107.442,10.733,1.104,97.317,100.739,105.923,1.086,100.017
4,136.918,114.098,1.032,1.138,1.01,108.077,97.526,10.995,106.767,1.105,1.077,1.069,108.046,108.74,10.767
2,137.756,104.802,1.01,113.429,114.889,106.492,1.098,111.594,103.449,1.076,110.399,100.35,100.094,0.982,99.653
4,137.867,114.962,1.044,1.117,1.035,101.924,102.96,10.891,105.686,1.14,1.033,1.073,106.733,97.775,10.307
3,138.478,11.108,1.131,97.751,97.937,97.529,1.075,103.462,9.815,1.131,95.872,102.333,103.798,1.046,95.723
2,138.622,96.446,1.05,107.885,107.172,106.701,0.982,107.746,113.276,0.935,110.111,98.991,114.448,1.09,101.706
2,138.776,111.145,0.955,108.287,101.375,96.944,1.008,110.016,111.162,0.995,103.786,110.932,99.167,1.079,108.501
2,138.802,100.862,1.01,114.197,104.781,100.939,1.146,111.704,112.691,0.942,110.166,110.034,114.95,1.037,107.087
2,139.265,111.816,0.935,107.186,103.651,100.579,1.114,107.723,101.489,0.958,111.388,115.459,101.726,1.087,117.126
1,139.31,11.36,107.973,111.035,106.346,94.771,10.155,1.097,11.703,111.825,104.487,105.908,103.586,10.263,0.941
1,139.601,10.979,105.694,101.881,114.557,100.92,11.42,1.098,10.21,109.943,96.648,103.654,94.213,11.316,0.999
4,139.801,109.817,1.062,1.081,1.067,110.711,111.465,9.635,104.046,1.102,0.987,1.0,99.075,108.48,10.208
3,139.81,10.764,0.982,100.68,106.626,101.116,1.06,108.828,10.504,1.014,101.506,96.371,95.167,1.02,102.825
3,140.019,11.127,1.021,95.001,106.143,103.492,1.087,92.507,9.877,1.056,97.986,103.13,104.038,1.099,97.925
2,140.069,105.239,1.011,107.296,107.604,99.62,1.002,110.867,111.62,1.056,107.46,109.097,112.183,1.113,113.522
3,140.191,10.487,1.078,96.572,107.785,96.395,1.0,101.503,9.559,1.051,93.935,107.019,96.62,1.086,94.072
4,140.457,103.952,1.054,0.964,1.071,108.196,98.799,10.405,97.371,1.091,1.041,1.01,96.493,110.692,9.871
2,140.95,110.15,1.019,104.714,110.007,98.297,1.122,116.876,98.624,0.975,104.244,103.463,106.565,1.01,111.389
1,141.357,10.147,104.329,97.498,104.959,101.65,10.306,0.997,10.454,116.245,110.867,102.49,99.112,10.584,0.993
4,141.369,108.391,0.988,1.085,1.054,101.531,108.051,9.913,106.462,1.035,1.123,1.091,107.113,100.042,9.892
2,141.946,101.186,1.027,101.739,113.519,105.176,1.034,102.08,96.646,0.979,118.423,107.35,105.704,1.058,99.069
4,142.451,104.948,1.084,1.087,1.082,106.049,105.212,10.08,114.706,1.109,1.102,1.125,94.145,100.76,10.198
2,143.018,102.477,0.935,105.533,106.682,113.599,1.151,115.245,98.811,1.043,117.722,98.872,109.627,1.02,109.718
2,143.209,97.617,1.038,100.093,113.816,111.371,1.066,106.35,97.823,1.073,108.048,105.633,104.535,1.132,100.531
4,143.74,110.639,0.998,1.117,1.038,105.654,100.972,11.037,105.478,1.044,0.965,1.059,96.493,96.998,10.044
3,144.294,9.657,0.997,104.55,105.874,99.193,1.01,97.871,9.939,1.124,103.133,93.525,98.56,1.079,95.035
1,144.322,11.403,102.18,109.962,104.751,108.474,9.923,0.954,10.626,106.543,102.105,104.029,100.411,10.77,1.024
4,144.499,113.926,1.103,1.103,1.004,107.251,108.845,11.236,106.87,0.978,0.983,1.1,98.732,108.519,10.515
2,144.915,106.315,1.075,112.932,115.363,104.605,0.989,114.031,109.0,1.073,108.327,100.109,110.702,1.136,104.683
1,145.008,10.19,107.021,103.423,116.79,100.951,10.404,1.061,11.511,111.586,102.693,107.02,105.819,11.406,1.046
3,145.024,10.103,0.981,98.254,108.774,95.031,0.973,98.338,10.916,0.981,109.668,106.143,106.995,0.968,93.013
3,145.314,10.832,1.005,108.655,98.837,96.62,0.953,109.53,10.546,0.981,101.63,104.961,93.509,0.97,103.432
2,145.326,95.658,1.039,103.396,107.263,114.232,1.039,102.234,99.719,1.099,117.334,111.807,105.653,1.139,113.375
1,145.955,10.353,108.205,98.117,103.813,106.394,10.744,1.04,11.45,112.989,100.607,101.191,97.947,11.416,1.025
3,146.195,9.554,0.985,103.18,99.923,98.208,1.084,101.833,10.634,1.056,96.548,101.933,100.08,1.078,92.438
2,146.473,110.709,1.017,116.206,99.441,99.296,1.105,109.559,101.372,0.975,116.918,111.129,104.075,1.119,107.087
2,146.509,104.834,1.034,103.786,113.9,114.728,1.071,115.859,97.703,0.954,103.669,103.138,96.823,1.04,108.644
4,147.662,102.099,1.09,1.022,1.092,106.013,106.472,10.279,105.847,1.138,0.982,1.007,105.362,106.501,10.656
1,147.731,10.412,105.124,99.853,113.162,96.951,11.578,0.994,10.208,102.531,104.789,110.458,108.001,10.461,1.041
4,148.262,114.175,1.003,1.129,0.986,104.99,106.021,10.404,109.426,1.035,1.095,1.109,107.665,107.147,10.009
1,148.596,11.412,117.217,103.54,113.905,109.135,11.24,1.054,11.427,117.564,97.69,109.714,107.537,11.107,1.025
3,148.928,9.961,1.058,109.668,96.737,98.089,1.075,93.105,10.851,0.995,100.893,101.325,100.124,1.055,96.558
1,148.949,10.877,102.41,101.859,109.006,104.418,10.584,1.039,10.566,109.155,111.478,116.536,94.419,10.293,1.027
4,149.033,99.69,1.095,1.104,1.097,93.404,96.592,11.328,100.164,1.084,1.131,1.124,97.8,110.095,10.944
1,149.111,11.245,108.976,100.957,107.526,94.052,11.495,0.985,10.437,113.888,107.045,113.614,98.073,10.396,1.053
2,149.189,104.618,0.994,105.969,111.753,98.838,1.064,101.574,99.549,0.967,115.533,114.227,107.371,1.051,110.211
3,149.623,9.966,1.089,100.518,109.699,97.757,1.035,98.454,10.775,1.047,108.852,98.597,105.774,0.975,98.17
1,149.756,11.412,108.755,101.599,108.354,103.58,10.545,1.0,11.31,103.288,97.316,105.641,106.903,10.923,1.05
3,149.784,11.099,1.023,92.946,95.554,99.362,1.014,92.507,10.113,0.992,99.109,101.382,109.751,1.009,92.851
4,149.966,108.295,1.061,1.08,1.131,93.804,95.992,10.624,110.74,0.998,0.999,1.0,106.727,100.063,11.173
3,150.58,9.848,1.07,107.343,95.129,107.011,0.952,99.686,9.896,1.103,99.646,96.647,102.691,1.049,93.968
3,151.908,10.124,1.012,103.948,103.979,96.607,1.032,100.961,10.571,0.998,94.374,107.339,102.56,1.069,92.65
1,152.323,10.929,101.266,99.861,103.489,94.148,11.376,0.972,10.264,101.842,113.357,118.155,94.81,10.65,1.093
1,152.795,11.194,117.09,111.301,116.639,94.087,10.939,0.968,11.015,102.588,100.9,106.106,98.12,9.918,1.009
3,153.371,10.246,0.988,95.877,105.182,102.51,1.043,92.766,9.863,0.983,109.159,110.043,99.978,1.002,105.04
1,154.551,10.945,114.917,113.412,108.278,94.472,11.679,0.954,10.967,108.247,97.298,109.099,98.506,11.143,0.965
3,155.553,9.722,0.996,103.168,109.934,95.199,0.954,98.727,10.405,1.036,109.698,107.604,94.147,1.058,94.803
4,155.946,109.907,1.121,1.013,1.059,101.277,104.435,10.624,109.817,1.123,1.017,1.117,102.436,110.291,11.166
1,156.174,9.914,100.096,110.157,101.092,98.365,11.432,0.943,11.529,111.761,97.854,112.839,101.662,11.606,1.082
2,156.444,112.281,1.032,103.774,113.65,110.671,0.97,105.663,102.189,0.995,100.311,112.146,101.982,0.987,114.836
4,156.899,105.198,1.142,1.076,1.06,109.086,101.797,10.303,110.477,1.144,0.963,0.991,108.022,109.935,11.156
2,157.041,105.639,1.103,102.237,104.584,103.558,1.063,108.757,110.55,1.098,105.522,113.785,112.647,1.032,112.523
3,157.526,9.955,1.136,99.754,104.962,106.392,0.965,108.662,10.877,1.09,103.729,109.43,101.015,1.043,104.669
1,157.69,11.395,110.989,113.802,115.61,93.705,11.625,1.027,11.069,107.579,104.218,106.692,101.729,11.199,0.954
2,158.457,99.662,0.982,103.448,114.764,100.597,0.995,103.761,106.631,1.095,115.944,104.517,103.064,1.147,99.528
1,158.601,10.745,103.578,110.918,118.155,100.391,10.31,0.95,10.226,113.213,103.471,105.323,94.513,10.398,0.935
3,158.78,10.636,0.984,106.618,100.974,108.008,1.054,97.912,10.033,1.054,94.838,102.412,97.89,1.021,100.885
4,159.269,110.149,0.991,1.061,1.106,98.971,101.972,10.476,114.983,1.039,1.076,1.131,106.506,106.716,10.621
4,159.379,103.958,0.971,1.075,1.135,100.3,107.663,10.515,111.236,1.077,1.08,1.102,95.459,95.593,9.563
3,160.064,10.93,1.048,107.338,102.364,96.574,1.089,92.791,9.509,1.025,97.33,97.727,103.343,1.055,103.465
3,160.311,10.199,1.072,106.341,100.6,97.851,1.04,94.346,9.673,1.055,96.507,107.429,103.071,0.967,101.921
2,160.337,110.934,1.091,110.125,108.335,106.386,1.034,111.469,104.874,0.94,114.3,113.796,111.028,0.998,115.66
2,160.702,112.373,1.094,107.186,112.388,115.0,0.985,103.665,112.055,1.022,109.524,107.35,103.648,1.102,98.787
2,161.122,100.0,0.976,114.436,99.859,105.419,1.095,113.799,112.996,1.081,118.351,115.363,113.528,1.088,109.212
1,161.667,11.146,116.017,101.849,104.833,93.402,10.63,1.008,10.747,115.684,95.883,111.291,106.753,10.861,1.037
2,161.897,111.96,0.932,103.699,112.642,104.887,1.076,115.859,112.46,1.062,103.19,103.994,102.509,1.043,112.287
3,161.899,10.922,1.0,105.965,105.058,106.001,1.1,107.802,11.027,1.034,110.272,106.295,110.712,1.051,96.417
4,162.028,114.339,1.092,1.016,1.132,107.586,108.266,10.468,99.169,1.146,1.141,1.102,107.936,102.079,10.789
3,162.442,9.989,1.063,106.313,103.833,104.909,1.003,99.612,10.458,0.982,110.21,95.843,102.795,0.978,102.646
2,162.907,102.189,1.096,111.403,111.248,97.037,1.074,109.008,108.135,1.107,103.352,110.684,100.263,0.973,108.176
1,163.568,10.976,100.362,97.798,108.429,98.035,10.493,1.065,10.173,100.022,100.325,103.974,93.726,10.659,1.038
2,163.678,110.449,0.982,103.203,112.098,103.848,1.114,99.842,98.365,1.02,102.657,99.462,98.6,1.002,114.125
3,163.844,9.644,0.985,96.443,105.61,99.337,1.004,108.36,9.827,0.964,93.573,94.67,95.169,1.111,101.364
2,164.244,104.895,1.015,111.937,100.593,98.653,1.02,109.598,103.322,1.084,115.893,114.517,103.336,1.111,116.139
4,164.262,102.608,1.132,1.014,1.01,109.438,111.463,10.348,112.061,1.043,0.998,1.089,99.881,94.058,10.356
1,164.461,11.727,113.457,111.529,107.936,106.719,10.617,1.034,10.063,112.624,109.874,107.927,107.135,10.306,0.941
3,164.644,10.02,1.015,104.345,107.276,98.454,1.121,98.17,9.726,1.115,100.18,106.0,105.071,0.952,101.647
1,164.689,10.255,113.988,104.319,103.086,100.378,10.224,1.06,10.877,116.02,104.488,103.399,97.619,10.471,1.052
4,165.518,102.883,0.972,0.977,1.087,93.804,96.672,9.783,100.538,0.993,1.108,1.024,98.65,104.568,9.906
2,166.485,106.67,1.073,114.488,107.603,114.758,0.999,102.785,110.518,0.996,103.473,102.268,106.73,1.111,106.048
4,166.541,101.771,1.116,1.082,1.123,108.851,103.627,11.149,107.948,1.146,1.132,0.998,110.643,111.215,11.238
4,166.924,101.477,1.132,1.056,0.98,102.135,107.28,11.232,104.046,0.967,1.109,1.018,97.565,98.063,10.729
4,167.148,112.615,1.0,1.124,1.087,105.286,108.173,10.321,114.82,1.09,1.079,0.959,101.382,106.647,9.99
3,167.414,10.563,0.975,107.388,94.274,94.225,0.965,96.783,9.704,1.021,107.744,103.853,109.472,1.095,106.442
3,167.426,9.559,1.113,107.82,103.403,103.908,1.098,109.32,10.782,1.034,97.317,98.456,108.005,1.043,107.852
3,168.035,10.894,1.034,109.963,104.422,106.129,1.039,100.113,10.361,1.021,103.511,109.934,104.759,1.112,109.506
2,168.681,104.625,1.074,118.87,107.266,105.324,1.11,110.829,110.382,0.979,100.959,116.946,113.343,1.135,106.111
1,169.001,10.145,101.994,110.126,105.908,94.568,11.05,1.062,10.86,100.195,112.375,116.33,103.585,10.398,0.979
2,169.396,111.472,1.089,114.604,111.129,99.253,1.077,101.122,100.835,0.949,102.117,104.584,107.17,1.136,100.203
4,169.417,114.876,1.005,1.039,1.068,109.688,104.104,10.912,114.31,1.06,1.036,1.12,102.331,105.643,11.277
2,169.586,108.733,1.016,114.282,114.493,104.32,1.102,110.692,112.325,1.097,101.351,110.485,98.911,1.017,108.251
1,170.039,10.768,101.412,105.464,111.139,96.957,10.114,1.094,10.749,106.071,100.993,100.03,108.49,9.894,0.955
3,170.284,10.602,1.11,93.082,96.94,96.516,1.126,93.128,10.634,1.035,104.826,98.232,103.154,1.07,100.85
4,170.735,97.371,1.146,1.124,0.963,97.952,100.395,10.248,102.027,1.021,0.979,1.01,106.036,101.878,9.932
2,171.149,99.47,0.966,109.091,112.498,109.112,1.048,108.241,109.534,1.043,101.824,106.497,112.399,1.091,106.35
1,171.229,10.134,109.638,101.387,116.201,93.008,10.62,0.978,10.106,99.853,100.499,102.402,104.277,10.624,0.943
2,171.397,111.083,0.994,107.881,114.54,104.682,1.138,109.71,110.382,1.059,114.694,114.21,111.555,0.983,102.827
1,171.476,10.724,112.907,108.354,104.882,96.088,11.403,1.048,10.945,107.764,98.885,116.234,108.879,11.661,1.041
2,171.754,98.831,1.079,106.877,110.372,111.06,1.054,101.417,96.982,1.031,105.134,107.479,113.94,1.015,111.439
1,172.021,10.529,111.125,102.165,110.939,98.747,10.12,1.099,11.227,116.359,103.042,114.09,106.207,10.019,0.935
1,172.736,10.798,112.9,101.761,104.887,101.498,10.748,0.971,10.626,118.415,113.069,111.147,107.715,11.109,1.094
2,173.105,113.239,1.07,118.04,102.181,111.564,0.969,110.388,112.456,0.986,114.063,111.21,108.288,1.103,117.067
1,174.662,10.969,102.588,102.461,114.747,92.533,9.996,1.006,10.239,109.446,107.031,114.947,106.394,10.582,0.964
4,175.018,106.878,1.11,1.092,0.99,100.268,108.851,10.779,109.702,1.09,0.993,1.015,107.968,98.474,11.113
3,175.657,11.188,1.088,103.24,102.343,98.536,0.974,96.802,10.507,0.965,107.109,106.712,104.927,1.071,96.747
1,176.416,10.399,100.195,111.469,103.404,106.693,11.554,1.1,10.724,106.613,110.257,106.068,108.953,11.464,1.057
1,176.749,10.543,109.155,104.758,100.602,101.285,10.031,1.065,11.529,113.831,103.405,110.06,93.402,11.452,1.1
2,176.848,104.306,0.942,102.171,110.47,104.757,1.08,111.577,97.887,0.989,109.5,112.254,107.699,1.017,107.941
2,177.872,109.457,0.993,102.091,117.413,96.809,1.132,114.156,109.419,0.967,107.58,101.489,99.059,1.039,112.811
4,177.935,114.339,1.118,1.062,1.076,103.21,97.837,11.138,109.129,1.114,1.137,1.075,99.075,101.761,10.407
1,178.216,10.21,118.013,100.826,116.865,106.388,10.337,1.094,9.999,113.807,111.101,103.177,99.0,10.673,1.039
1,178.405,9.956,101.752,112.261,111.512,105.872,11.282,1.059,10.292,105.209,113.611,112.774,98.365,11.524,1.089
2,179.012,107.163,1.101,102.172,110.05,110.564,1.141,116.356,113.276,1.038,112.183,116.196,112.96,0.99,117.189
4,179.37,99.603,1.018,0.983,1.127,102.127,106.961,10.969,111.433,1.093,0.996,1.112,101.713,97.722,10.038
3,179.416,9.679,0.994,108.091,99.509,101.82,0.997,93.175,11.006,0.96,101.432,104.918,96.179,0.999,100.603
1,179.593,10.463,117.918,97.044,101.627,108.425,10.952,1.078,10.308,107.36,111.101,101.092,94.746,11.692,1.016
2,180.583,110.529,1.058,115.883,113.474,98.679,0.983,105.896,104.874,1.081,102.994,99.462,110.574,1.123,108.47
2,180.701,110.53,1.053,108.017,111.487,108.612,1.045,113.994,105.572,1.016,110.383,103.041,97.037,1.139,100.579
4,181.226,100.817,1.119,1.142,0.956,104.711,94.058,10.47,105.58,1.091,1.055,1.099,101.099,107.837,10.389
2,181.371,103.12,0.987,106.675,99.684,108.798,1.131,112.45,108.059,0.974,111.916,104.963,99.798,1.1,102.712
4,181.605,102.141,1.037,1.115,1.123,97.222,110.76,11.174,106.197,1.025,0.994,1.096,110.442,101.295,10.45
3,181.625,9.728,1.114,100.446,99.1,105.219,0.972,98.81,9.815,1.049,107.037,105.08,96.687,0.971,92.574
3,181.658,10.782,1.139,93.349,98.402,105.418,0.979,105.141,11.143,1.066,100.604,93.899,93.634,1.09,101.633
1,182.602,10.174,110.279,96.933,114.706,95.051,11.661,1.024,10.568,117.126,98.872,106.372,96.44,10.542,0.927
4,182.627,105.478,1.027,0.995,0.968,106.496,111.123,9.701,112.315,1.115,1.013,1.033,102.668,104.045,9.896
1,182.892,10.203,100.583,98.787,112.413,102.548,11.617,1.016,11.156,101.248,108.717,105.332,105.795,11.054,0.987
2,183.022,96.531,1.001,117.459,109.11,106.218,0.969,108.193,111.145,0.935,100.054,113.142,115.016,0.987,99.842
2,183.092,103.962,1.037,101.652,107.78,107.965,0.987,109.625,99.085,0.94,101.266,114.679,112.96,0.981,108.742
4,183.571,115.29,0.996,1.091,1.117,109.726,100.741,10.267,97.369,1.025,1.123,0.966,96.556,97.083,11.179
2,183.969,99.182,1.015,109.05,112.87,110.564,1.061,111.925,96.898,0.954,101.136,110.488,114.221,1.048,102.544
1,184.439,10.039,110.327,108.097,101.19,103.812,10.795,1.038,10.793,110.453,103.686,108.46,97.931,10.825,1.08
2,184.448,102.967,1.042,118.303,98.721,106.563,1.11,110.826,98.108,1.038,103.711,108.008,100.417,1.012,102.991
1,184.821,10.387,100.195,109.234,100.331,94.17,10.872,0.929,9.906,103.924,105.038,105.524,101.959,10.019,1.031
4,184.828,109.223,1.127,1.125,1.035,110.453,95.818,10.648,104.9,1.1,1.006,1.031,109.351,108.317,10.293
4,184.989,109.089,0.994,1.041,1.104,94.585,104.66,11.278,113.411,1.138,1.022,1.069,98.834,105.395,10.281
4,185.482,112.149,1.09,0.989,1.08,99.285,101.323,10.604,99.725,0.981,1.113,1.106,106.036,95.429,10.416
3,185.531,10.282,1.118,92.929,102.146,93.567,1.038,102.83,10.916,0.97,104.817,102.146,96.761,0.953,102.523
3,185.61,10.772,1.006,109.159,97.367,105.523,0.984,98.378,9.504,0.99,110.4,105.555,102.229,1.121,94.071
1,185.654,11.188,109.864,101.702,117.906,95.957,9.949,0.974,10.476,105.704,105.464,113.419,95.401,10.659,0.959
1,185.679,10.315,108.74,105.678,109.006,93.628,11.596,1.046,11.136,109.42,99.102,107.853,109.067,10.491,0.976
3,186.371,10.009,1.035,98.255,106.22,95.911,0.973,97.836,10.606,1.038,99.557,105.658,103.115,1.058,96.822
1,186.708,10.245,109.765,95.846,118.155,104.458,10.617,0.929,9.914,114.773,96.24,115.61,108.661,10.542,1.003
4,186.96,102.691,0.997,1.108,1.069,97.676,100.804,10.321,97.281,1.024,1.126,1.007,101.692,107.119,9.719
2,187.87,111.995,0.937,104.195,100.553,108.677,1.126,104.044,108.175,1.085,115.944,116.621,112.942,1.002,107.723
1,187.995,10.313,107.541,100.729,111.083,101.65,10.856,1.06,11.658,108.314,111.617,111.424,96.167,10.31,0.928
2,188.035,110.472,1.012,101.922,116.621,107.722,1.114,110.397,106.687,1.084,113.048,98.899,101.408,1.083,104.336
4,188.432,101.606,0.991,1.105,1.008,99.03,108.845,11.07,106.547,1.026,1.006,1.123,97.117,100.482,11.27
2,188.963,111.62,1.044,102.768,108.352,106.402,1.055,105.504,100.911,0.97,113.282,108.523,101.418,1.026,111.577
4,189.216,102.833,1.128,1.027,1.127,101.93,102.468,11.23,106.808,1.005,0.995,1.106,109.355,97.58,9.711
1,189.23,10.304,105.318,99.525,115.762,109.271,11.334,0.928,11.707,106.995,103.012,103.414,108.046,10.253,0.978
4,189.319,114.31,1.0,1.085,0.966,108.035,110.826,10.604,107.96,0.993,1.086,0.965,93.61,105.259,10.651
1,189.459,11.573,104.158,98.718,105.86,102.466,10.606,0.95,11.45,113.461,113.389,106.168,103.763,11.079,1.036
2,190.019,112.489,1.015,104.714,98.729,98.366,0.983,102.042,100.125,0.977,115.469,105.685,99.134,1.067,99.467
4,190.049,98.004,1.088,1.091,1.124,106.874,110.511,10.399,108.483,1.061,1.113,0.988,110.321,96.286,9.962
3,190.053,10.052,0.972,95.659,97.01,101.298,1.027,94.332,10.877,1.128,93.695,108.431,101.816,1.024,103.465
3,190.209,10.71,1.055,104.283,94.476,94.818,0.984,102.423,9.97,1.015,108.748,94.447,97.034,1.089,105.896
2,190.702,113.068,1.022,112.354,115.363,110.28,0.995,99.265,95.489,0.937,103.158,109.99,100.596,1.136,115.791
3,190.887,10.529,1.006,98.298,105.571,100.236,1.019,97.569,10.734,1.08,108.748,100.193,109.407,1.056,97.106
2,191.175,103.408,0.976,107.71,105.099,106.967,0.985,108.245,106.736,0.944,114.628,104.88,102.661,1.072,102.417
2,191.314,98.811,1.084,100.809,102.025,98.694,1.128,112.797,101.186,0.967,109.344,112.815,113.816,0.995,101.001
1,191.978,10.092,118.315,100.04,115.298,97.694,11.606,0.96,11.492,111.586,101.64,112.932,100.261,11.432,0.98
4,192.256,106.29,1.136,1.028,1.093,95.305,93.778,9.823,112.287,1.107,1.018,1.069,97.491,97.648,9.892
4,193.502,108.652,1.033,1.132,0.985,101.191,108.483,10.881,109.218,1.058,1.131,0.99,101.611,105.674,10.515
4,193.961,113.313,1.128,1.038,1.094,105.031,97.308,9.572,112.798,1.069,1.138,0.991,99.319,109.34,10.388
3,193.97,9.848,0.981,106.306,96.614,108.167,1.108,104.399,9.529,1.118,99.436,96.104,96.917,1.073,94.004
2,194.023,99.895,0.951,105.875,106.672,110.28,1.014,105.176,111.675,1.004,114.801,105.099,105.961,1.034,111.599
1,194.243,10.41,104.594,104.369,110.342,99.093,10.952,1.007,10.187,105.52,113.192,113.635,92.912,11.655,0.937
4,194.473,111.441,1.051,0.965,1.119,105.097,102.267,10.438,112.213,1.097,1.065,0.997,94.234,102.435,10.128
3,194.871,11.273,1.087,99.006,106.909,108.439,1.061,94.754,10.764,1.073,107.215,107.888,101.298,1.062,104.265
4,195.394,101.758,1.095,1.018,0.956,93.344,107.807,10.63,115.284,1.146,0.968,1.016,97.974,98.091,11.321
1,195.447,10.103,112.011,103.615,108.015,100.154,10.051,1.079,11.431,110.566,96.577,110.049,102.392,11.046,1.046
1,195.917,11.288,107.579,98.611,112.908,93.395,11.562,0.927,11.522,117.804,111.469,116.561,105.143,11.146,0.931
1,196.209,10.721,111.454,100.595,111.467,106.772,11.046,1.001,11.698,103.208,98.856,102.402,99.028,10.656,0.958
2,196.401,102.582,1.035,114.528,108.563,112.24,1.02,108.268,108.956,0.99,108.993,100.593,99.096,1.06,117.249
2,196.767,104.834,0.989,114.706,111.472,112.285,1.044,106.594,103.071,0.956,112.414,101.458,99.62,1.049,108.448
2,197.707,107.805,0.999,112.055,113.109,100.831,1.04,99.869,109.133,1.081,105.58,110.284,98.013,1.134,113.423
3,197.999,10.045,1.027,108.748,105.234,101.533,1.111,97.17,10.341,1.079,108.3,106.052,109.735,1.055,97.377
2,198.532,95.422,1.011,116.225,115.298,102.518,1.035,115.241,96.359,0.975,114.149,109.569,111.84,0.986,109.288
4,198.557,100.581,0.982,1.086,0.993,99.387,100.55,10.07,108.652,0.981,1.058,0.972,100.19,106.446,11.338
4,198.562,99.682,1.021,1.042,0.964,101.934,97.083,9.577,97.264,1.133,1.063,1.077,103.701,104.705,10.572
2,198.631,108.497,1.09,105.58,101.033,105.27,0.973,111.131,101.452,1.098,115.301,106.676,107.298,1.114,103.192
2,199.191,109.674,1.046,110.201,117.402,108.49,1.021,113.554,98.847,0.98,108.624,110.104,112.905,1.058,104.592
3,199.444,10.922,1.099,108.491,98.456,107.789,1.076,98.478,10.689,1.11,94.755,96.383,104.238,1.046,105.345
3,199.623,10.316,1.053,98.754,105.274,93.802,0.965,105.154,9.725,1.093,102.62,93.142,95.507,1.038,97.933
2,199.748,96.751,1.056,112.848,117.402,99.161,1.072,117.046,95.883,1.001,107.204,116.682,99.813,1.053,112.421
2,200.471,101.315,0.947,117.747,101.08,110.742,0.998,102.156,104.885,0.962,103.311,115.892,114.163,1.076,99.071
1,200.796,9.898,112.9,105.469,112.027,101.143,11.642,0.996,10.184,107.175,111.627,112.684,94.663,10.031,1.101
1,201.204,11.284,117.376,109.932,106.25,95.114,11.197,1.019,11.588,112.388,108.93,107.939,92.412,10.263,0.994
4,201.594,102.434,0.988,1.105,1.092,96.626,104.569,9.631,104.634,1.055,1.034,1.035,107.098,94.998,10.407
2,201.963,109.676,0.992,103.634,113.408,104.021,1.033,107.759,96.955,1.089,103.762,107.558,113.342,1.018,110.701
2,202.105,102.126,1.006,103.448,116.604,111.152,0.976,99.923,96.751,1.09,100.799,116.738,102.331,1.072,102.253
3,202.17,11.159,0.964,107.638,94.09,103.732,0.996,108.061,11.056,1.107,94.864,101.278,98.316,1.033,94.99
3,202.253,10.383,1.003,100.317,108.32,95.841,1.001,92.741,10.343,1.139,98.71,99.752,97.402,1.012,106.084
1,202.686,10.945,105.752,107.135,114.401,101.011,11.5,1.091,11.431,108.939,112.784,111.147,100.528,11.11,1.011
3,203.121,10.759,1.048,102.937,100.206,111.066,0.967,102.503,10.113,0.983,94.397,105.027,107.197,1.002,106.453
2,203.398,108.808,0.972,111.192,112.66,112.653,1.033,107.143,99.463,1.086,111.286,114.493,101.366,1.087,102.882
2,204.053,108.446,1.078,108.819,105.058,112.892,0.97,104.639,99.291,1.019,112.849,100.757,104.911,1.119,104.412
2,204.271,106.315,0.949,117.985,102.24,99.296,0.986,101.607,96.136,0.937,100.303,100.343,104.951,1.018,102.709
4,204.8,105.82,1.025,1.043,1.133,107.909,95.873,9.791,114.485,1.114,1.033,1.093,107.484,110.511,10.329
4,206.526,110.69,0.985,1.058,1.076,96.543,110.967,11.31,106.808,1.128,1.136,1.082,109.976,109.173,9.823
1,206.616,11.411,116.328,101.044,107.356,94.14,11.65,0.933,10.995,102.932,99.63,108.774,93.218,10.811,1.098
1,206.699,10.304,103.129,105.491,113.936,96.004,10.468,0.949,10.215,102.18,105.163,105.284,101.059,10.253,1.082
3,206.932,10.944,1.097,109.376,101.069,103.105,0.998,105.449,9.674,0.987,99.397,108.529,111.137,1.017,98.505
3,207.578,11.125,1.029,105.64,109.018,96.957,1.049,93.655,10.478,1.085,97.515,93.924,99.862,0.969,104.446
2,208.555,112.33,0.961,109.928,110.669,108.741,1.146,105.126,96.878,1.049,107.977,110.091,104.449,1.109,115.968
2,209.312,102.198,1.09,103.172,102.438,114.2,1.038,116.659,99.162,0.998,112.611,103.024,98.909,1.021,108.489
3,209.907,9.966,1.075,100.523,106.534,111.001,1.12,100.778,10.863,0.993,106.73,107.004,102.251,1.086,94.494
3,211.219,9.758,0.974,103.129,106.08,107.011,0.986,97.878,9.84,1.079,110.373,99.874,97.408,1.008,107.889
4,211.268,112.333,1.139,1.027,0.963,104.144,104.738,10.419,112.41,1.074,1.087,1.082,103.52,100.004,10.535
2,212.148,103.371,0.98,103.669,102.206,110.047,1.002,115.822,99.736,1.087,107.623,105.632,109.433,1.002,113.368
1,212.188,10.699,115.384,109.176,107.175,92.304,11.275,1.073,10.308,101.077,96.626,107.394,104.028,10.995,1.025
2,212.267,104.625,1.062,115.485,99.859,112.895,0.985,102.741,105.949,0.945,110.242,101.742,98.909,1.015,110.96
4,212.379,102.125,1.104,1.008,0.99,99.588,106.501,10.922,110.485,1.122,1.081,0.99,93.816,104.409,10.274
1,212.649,9.956,105.124,99.891,109.724,96.919,10.404,1.045,11.145,103.476,110.042,112.027,106.128,10.022,1.062
4,213.484,102.189,1.11,0.968,1.044,93.165,97.246,11.173,108.741,1.06,1.144,1.03,106.83,105.389,10.484
1,213.624,11.517,115.348,100.574,112.286,98.516,10.55,0.933,11.622,100.95,112.86,100.102,93.329,11.708,1.016
1,213.633,10.506,111.125,110.103,117.003,98.514,11.316,1.067,9.905,99.991,107.488,116.457,104.534,11.587,0.987
2,213.682,108.935,0.958,116.662,106.878,98.066,0.971,99.128,108.182,1.053,114.549,116.204,101.105,1.059,116.118
4,213.743,108.23,1.066,0.982,0.958,108.046,104.162,10.203,108.099,0.98,1.017,1.025,106.049,100.537,9.565
2,214.129,103.651,1.019,102.618,110.043,112.133,1.129,110.143,105.189,1.031,116.977,116.09,111.152,1.151,106.653
3,214.994,10.595,1.043,108.091,108.32,105.691,1.091,108.87,11.025,1.031,103.052,96.796,108.575,1.046,99.393
2,215.091,110.382,0.951,101.475,107.529,109.558,1.112,110.01,112.94,1.048,118.351,98.857,115.051,1.1,108.092
4,215.133,106.591,1.068,1.022,1.126,97.919,108.684,9.877,108.563,0.991,1.006,1.007,110.453,107.119,10.663
2,215.312,95.682,1.041,103.673,115.811,110.626,1.133,100.583,102.597,1.041,102.589,116.97,111.028,1.034,106.304
2,215.61,104.042,0.997,101.254,112.431,103.586,1.062,114.12,112.06,0.945,100.054,115.692,98.532,1.072,110.556
2,215.905,103.241,0.955,105.787,117.388,104.583,1.128,112.334,99.895,1.083,114.608,98.716,99.468,1.146,116.372
1,216.583,11.357,101.918,109.828,103.883,98.855,10.052,0.944,11.423,107.454,101.108,114.808,97.593,11.425,1.012
4,216.9,110.984,1.091,0.967,1.091,105.438,106.132,11.107,115.54,1.092,1.092,1.095,98.872,110.483,10.035
2,217.364,110.424,1.066,110.659,110.676,109.398,0.99,100.73,111.806,0.967,110.012,101.665,100.062,0.99,98.877
1,217.451,11.591,109.281,101.05,100.767,100.493,10.302,1.063,10.172,106.272,102.75,107.174,108.467,11.305,1.029
1,217.573,11.005,105.61,105.842,102.006,92.554,10.647,0.944,11.724,107.852,110.961,113.419,96.851,10.989,1.02
2,217.763,109.094,1.041,107.009,106.598,101.105,1.119,105.187,109.396,0.959,116.571,116.785,99.989,1.034,102.584
4,218.056,114.651,1.078,1.081,1.1,100.307,100.81,10.508,97.503,1.14,0.983,1.021,95.317,98.079,11.341
2,218.497,110.354,1.107,113.282,111.217,103.177,1.121,112.626,110.245,1.085,100.554,115.371,101.229,1.077,105.462
2,218.783,112.012,1.068,106.244,112.388,97.229,1.139,111.579,102.773,1.042,117.609,116.526,103.08,0.972,104.631
2,219.047,101.186,1.04,100.79,114.252,110.227,1.015,116.224,111.842,0.949,103.937,103.5,105.357,1.001,99.265
4,219.132,103.575,1.108,1.058,1.135,110.048,107.707,11.179,111.063,1.143,1.028,0.991,103.837,96.152,9.67
2,219.573,96.776,1.053,111.231,109.725,103.336,1.017,110.484,104.018,1.0,100.772,106.57,100.503,0.999,109.938
3,219.791,10.34,1.06,110.3,98.246,100.809,1.078,101.198,11.027,1.037,96.101,93.603,100.912,1.121,95.149
3,220.663,10.802,0.996,104.558,98.361,111.062,0.967,95.937,10.246,1.015,103.858,98.385,94.337,0.969,108.572
1,220.87,10.377,104.724,111.301,111.292,101.828,11.026,1.051,10.183,104.483,110.042,107.927,93.395,10.558,1.029
4,220.94,103.504,1.025,0.998,1.045,109.512,104.243,10.068,109.898,1.136,1.04,1.071,107.824,100.482,10.256
4,221.332,112.851,1.013,1.064,1.101,108.053,105.941,9.855,104.871,1.131,1.002,0.991,104.861,100.192,10.341
4,221.382,109.192,1.132,1.098,1.012,99.539,108.637,9.977,104.418,1.092,0.968,1.054,94.234,110.947,11.12
1,221.74,10.823,116.359,111.529,113.641,97.66,11.396,1.046,11.376,102.47,103.598,116.588,93.647,10.148,1.102
4,222.086,99.046,1.141,1.102,1.062,93.427,111.407,10.399,114.093,1.141,0.982,1.108,97.208,106.501,10.952
4,222.187,108.187,1.011,1.076,1.063,95.945,101.564,9.801,100.661,1.131,1.051,1.117,109.438,97.308,10.843
2,222.278,106.772,0.956,118.87,114.493,113.94,1.012,113.406,102.597,1.029,101.136,107.035,112.698,1.123,113.004
2,222.952,101.365,1.062,117.459,103.463,114.822,1.039,101.173,110.518,1.107,101.739,116.75,98.236,1.144,110.506
2,223.296,103.408,0.962,114.949,115.32,109.884,0.989,109.738,108.843,0.931,104.427,105.058,101.857,1.002,110.716
4,223.345,113.782,1.022,1.108,1.035,103.484,107.904,9.904,111.755,0.977,1.008,1.116,99.299,98.118,11.005
1,223.915,11.663,104.874,109.932,111.59,102.473,11.318,0.942,11.454,107.989,102.41,109.374,97.244,10.452,0.963
3,224.385,9.765,1.128,95.896,99.864,96.632,1.001,96.856,9.508,1.003,110.074,100.109,105.314,1.048,101.895
1,224.769,11.057,114.426,96.827,104.345,94.148,11.033,0.955,11.329,107.854,109.827,104.411,108.727,11.525,0.952
1,224.825,11.12,106.609,102.045,100.306,107.548,9.912,1.068,10.724,100.642,105.469,106.068,104.519,10.918,1.031
4,224.973,101.984,1.006,1.024,1.074,94.578,103.742,10.414,103.014,1.068,1.099,1.134,109.726,93.87,10.203
3,225.487,10.893,0.998,109.448,103.024,110.098,0.973,109.294,10.841,1.142,104.194,103.732,106.001,1.047,103.996
4,225.697,99.784,1.027,1.101,1.125,98.664,93.731,9.854,112.265,1.093,1.106,0.993,104.99,99.677,10.843
4,225.716,103.946,1.131,1.062,1.046,110.675,111.073,11.005,106.018,1.003,1.103,1.091,96.824,103.389,10.841
1,226.28,10.164,117.405,97.497,109.813,94.285,9.958,0.946,10.758,100.198,105.464,107.827,102.339,10.81,1.059
4,226.473,108.52,1.082,0.995,1.12,110.494,95.429,10.85,101.529,1.009,1.094,1.069,107.098,111.408,10.515
1,227.19,10.922,114.29,113.192,110.006,104.892,11.71,1.006,10.287,117.126,106.96,109.445,107.848,10.286,1.074
2,227.19,98.757,1.095,106.877,114.493,109.73,1.048,109.757,102.314,1.082,101.136,107.883,114.05,1.12,109.384
4,227.404,105.765,1.141,1.081,1.048,100.262,98.758,10.023,111.393,0.986,0.987,1.117,107.531,95.992,10.65
1,227.62,11.018,116.206,98.751,99.651,105.774,10.162,0.954,10.265,106.074,113.217,107.862,96.208,10.323,1.093
3,227.735,10.602,1.105,96.216,95.364,109.948,1.105,104.279,10.599,1.043,96.641,93.331,104.726,0.967,104.248
2,227.867,112.103,0.966,112.751,104.168,107.894,1.024,99.653,106.75,1.011,103.08,113.65,111.082,0.973,108.489
1,228.127,9.943,114.687,109.13,116.451,92.427,10.692,1.035,11.016,115.163,112.913,99.742,106.873,11.534,1.072
4,228.39,97.426,1.07,0.986,0.969,108.972,103.421,10.854,99.497,1.024,1.018,1.079,93.45,108.696,10.748
2,228.531,105.981,1.011,111.019,114.265,111.05,1.072,104.992,100.753,0.945,101.266,114.65,101.995,1.074,99.951
1,228.614,10.951,112.673,99.822,111.286,104.719,10.092,1.032,11.664,101.123,99.837,109.488,97.002,10.995,1.006
3,228.901,10.836,1.114,98.015,96.972,99.517,1.014,99.094,10.543,1.104,106.465,102.472,95.863,1.087,92.397
4,229.98,112.377,1.013,1.038,0.989,96.587,102.882,10.635,114.207,1.098,1.109,1.116,104.861,109.285,10.514
1,230.336,10.015,106.609,100.78,99.621,97.158,11.548,1.08,10.443,109.669,111.092,115.531,95.714,9.895,1.069
3,230.345,9.562,1.076,106.768,94.813,101.783,0.995,108.507,11.173,1.074,105.834,108.976,101.047,0.976,105.577
2,230.672,109.933,1.057,116.034,102.24,97.454,0.99,105.924,99.736,1.055,109.98,101.656,99.253,1.129,99.929
4,230.707,99.836,1.053,1.014,0.955,104.894,109.81,10.808,112.425,1.038,1.083,1.125,101.632,96.38,10.435
3,231.77,9.7,1.015,96.428,102.23,103.878,1.112,102.497,11.057,1.107,94.695,98.189,94.847,1.117,103.08
3,232.583,10.316,0.966,106.634,109.919,99.684,1.009,94.401,10.897,0.966,99.285,108.413,95.107,0.989,108.084
1,232.87,10.27,102.33,108.071,113.019,106.503,11.124,0.929,10.563,114.984,112.365,103.357,98.855,11.418,1.065
4,232.916,103.468,1.009,1.067,1.0,107.64,100.392,10.082,113.198,1.144,1.083,1.053,101.562,103.504,9.572
4,233.259,109.702,0.978,0.995,0.957,93.466,102.771,11.063,109.799,1.1,1.127,1.066,100.322,94.826,9.643
2,233.413,109.034,0.974,106.669,105.874,104.564,1.018,115.582,103.513,0.956,99.997,104.917,112.585,1.035,106.103
2,233.616,104.042,1.054,104.427,99.068,100.062,1.129,116.467,109.451,1.071,100.854,101.156,114.9,1.032,112.998
2,233.971,96.317,0.979,101.095,103.205,109.407,1.026,108.968,100.792,0.964,109.524,109.28,103.885,1.108,99.106
1,234.067,10.988,110.319,103.955,103.717,103.427,11.113,0.99,11.261,108.427,99.861,110.218,93.705,10.424,1.007
3,234.468,10.097,1.133,105.562,103.698,105.774,1.056,104.3,9.788,1.072,97.695,102.999,101.024,1.036,99.865
2,235.066,105.91,1.084,114.911,102.239,112.399,1.005,100.165,96.359,0.946,114.289,115.363,105.485,1.007,103.604
2,235.525,111.63,1.019,117.76,111.221,111.028,1.005,105.924,99.895,1.083,105.141,109.131,99.179,1.068,111.428
3,235.618,10.168,0.981,107.388,94.561,109.727,1.126,101.159,9.679,1.052,96.877,105.736,100.229,1.067,93.409
1,235.646,10.926,111.91,102.738,116.615,98.365,10.493,1.1,11.45,104.546,104.453,104.352,100.634,11.548,1.018
2,235.696,101.837,0.952,104.241,112.447,99.553,1.085,104.726,101.452,0.974,115.988,116.45,104.757,1.112,116.847
4,235.716,115.221,1.041,0.986,0.955,109.355,105.056,10.405,109.704,1.045,1.027,0.973,100.246,102.019,10.044
4,235.735,98.572,1.028,1.024,1.058,105.737,95.91,10.482,106.188,1.098,1.017,0.996,100.3,111.272,9.748
1,235.918,9.935,114.482,111.545,101.121,94.052,11.266,0.959,11.292,116.442,105.388,111.139,108.604,11.09,1.064
1,235.976,10.094,117.289,103.55,115.946,101.107,11.143,1.009,11.274,108.61,103.334,114.387,94.002,9.866,0.952
4,236.211,102.245,1.032,1.064,1.13,106.492,104.409,10.519,97.749,1.072,1.124,1.063,95.319,105.529,10.699
4,236.646,100.395,1.077,1.095,1.075,95.625,100.296,10.646,112.149,1.11,1.126,1.067,93.45,106.659,9.859
2,236.703,100.942,1.041,107.392,103.933,113.293,1.008,109.895,103.392,0.983,106.594,116.952,98.686,1.05,106.35
3,236.725,10.204,1.085,97.768,108.726,94.799,1.126,108.1,10.237,1.107,103.858,101.827,108.078,0.961,107.832
3,237.164,10.876,1.035,99.776,101.064,93.76,1.125,99.225,9.623,1.042,105.524,100.198,93.776,1.095,95.188
3,237.399,10.246,0.973,109.938,101.466,102.341,1.067,95.524,10.51,0.98,101.986,103.051,102.12,1.087,103.678
2,237.619,113.056,0.937,100.972,114.493,98.694,1.016,101.02,102.669,1.106,113.11,110.307,112.319,1.112,102.234
2,237.629,98.743,1.098,104.006,111.248,100.831,1.024,100.509,97.911,1.027,106.16,116.204,97.171,0.982,115.036
2,237.688,103.118,1.086,106.479,113.587,111.049,1.076,115.588,96.696,0.934,100.158,112.765,98.673,1.12,116.973
4,237.854,100.492,1.118,1.132,1.07,97.163,95.539,9.734,113.239,1.091,1.116,0.999,105.27,98.023,11.184
3,237.889,10.515,1.033,93.181,96.647,95.973,1.115,101.928,11.063,1.114,103.933,108.511,94.316,0.988,101.628
1,238.045,10.068,101.077,113.753,104.441,99.621,11.184,0.943,10.385,107.81,98.427,103.215,102.39,10.742,1.059
2,238.283,95.311,1.089,107.852,107.195,114.758,1.057,113.857,98.609,1.086,103.852,114.433,98.93,1.118,100.289
2,238.563,105.799,0.967,107.794,113.587,103.064,0.97,112.465,109.188,1.062,108.341,100.142,110.715,1.107,114.964
3,238.735,10.13,1.028,107.215,108.898,103.828,1.03,99.344,10.981,1.097,94.342,94.75,109.952,0.975,94.506
4,238.936,111.441,1.065,1.13,1.05,110.099,99.45,10.277,104.427,1.08,1.061,0.992,102.07,98.213,10.205
3,239.21,9.583,1.074,107.596,109.113,102.856,0.973,97.188,9.605,1.093,106.138,107.495,103.7,1.115,95.167
2,239.376,109.753,1.1,109.5,102.816,114.376,1.024,102.996,100.823,0.965,100.107,115.358,112.538,1.084,98.743
2,239.737,103.013,1.024,108.997,99.142,102.185,1.13,102.996,97.073,0.978,115.844,110.307,114.11,1.017,105.391
2,239.768,109.825,1.011,106.113,106.9,114.911,1.124,110.86,111.64,0.967,103.937,99.441,113.056,1.052,105.176
1,239.782,11.027,101.28,107.072,107.001,106.393,11.524,1.068,10.578,115.181,99.63,106.372,103.744,10.297,1.09
1,239.956,10.646,101.941,97.259,117.134,99.316,10.57,0.943,10.578,118.077,97.245,107.792,99.235,10.144,0.988
3,240.175,10.478,0.974,109.243,93.817,100.518,1.075,93.369,9.896,1.139,107.338,106.909,102.978,0.967,96.368
3,240.324,10.577,1.091,95.369,103.0,101.783,1.121,108.572,10.491,1.028,93.163,100.956,99.858,1.054,99.392
2,240.362,97.637,1.016,111.403,106.457,98.679,1.14,116.771,101.278,1.011,111.511,109.528,102.03,1.079,110.692
3,240.643,10.932,1.096,99.266,109.826,102.81,1.053,104.475,9.623,1.103,101.432,106.73,108.479,0.959,101.445
3,241.365,10.639,1.03,99.006,94.388,97.145,1.078,99.662,11.163,0.998,101.635,102.438,93.948,1.093,102.844
3,241.41,9.483,1.055,95.414,109.703,94.837,1.088,100.103,10.451,1.033,93.033,96.189,98.454,1.075,97.188
3,241.535,10.985,1.097,104.89,102.472,100.124,1.118,104.781,11.075,1.099,106.385,110.363,105.563,0.976,101.672
4,242.22,103.214,0.988,1.102,1.111,97.594,95.881,11.179,102.78,1.084,1.089,0.998,100.588,101.952,10.811
4,242.509,103.896,1.144,1.126,1.112,107.484,98.762,11.06,114.983,1.066,1.091,1.115,98.053,104.679,9.823
3,242.646,10.935,0.963,106.958,94.262,94.776,0.982,109.189,9.512,1.121,99.557,100.356,105.468,0.967,97.17
1,243.105,10.391,113.997,95.865,100.173,95.957,11.385,1.082,11.698,113.461,97.932,111.019,94.003,11.418,1.006
1,243.377,11.609,113.627,105.982,112.774,108.953,10.695,1.063,10.453,105.36,110.527,105.284,93.841,10.769,0.973
4,244.008,112.893,1.069,1.078,1.089,104.735,100.296,10.529,110.139,1.134,1.057,1.024,97.258,104.88,11.065
3,244.539,11.017,1.007,106.688,96.646,111.078,1.126,94.546,10.761,0.982,109.83,94.06,99.024,0.999,97.252
3,245.227,9.728,0.978,102.508,98.597,98.721,1.042,101.938,10.191,0.976,101.006,104.39,105.309,1.107,101.672
3,245.492,10.478,0.975,93.033,102.338,98.157,1.055,95.962,11.031,1.013,99.896,96.796,110.695,1.103,101.023
3,245.73,10.456,0.994,104.862,99.385,97.25,1.09,94.161,10.45,0.981,106.951,108.511,107.273,1.015,105.852
2,245.876,95.913,1.076,100.497,111.472,101.265,1.017,100.203,99.334,0.969,112.316,99.234,104.583,1.02,101.84
4,246.079,102.81,1.045,1.053,1.079,98.65,97.526,10.79,103.014,1.044,1.019,1.01,93.534,104.601,11.247
1,246.47,11.208,113.142,106.386,103.84,106.883,10.446,1.033,11.402,115.348,107.519,115.422,101.09,10.826,0.999
1,246.664,10.725,107.806,98.036,107.938,104.83,10.481,1.039,10.329,106.264,100.639,115.345,106.772,11.11,0.982
3,246.665,10.37,1.048,101.478,97.198,102.08,1.124,108.446,10.237,1.109,107.623,108.826,107.614,1.039,105.319
4,246.722,102.843,1.044,1.131,1.12,101.287,102.712,9.576,106.008,1.056,0.978,0.966,106.013,102.103,10.248
4,246.888,100.557,0.972,0.979,1.015,97.677,100.757,10.167,114.651,1.005,1.123,1.076,93.48,104.286,10.577
2,246.932,109.706,1.086,110.961,106.817,97.798,1.093,106.369,107.163,1.001,110.784,109.249,109.236,1.134,114.031
1,246.994,11.529,117.715,102.7,104.89,101.2,10.986,1.01,10.981,117.98,100.826,113.867,98.557,10.452,0.929
4,247.234,100.661,0.97,0.971,1.133,94.787,102.607,9.565,98.118,1.14,0.996,1.111,109.374,96.175,10.713
1,247.361,10.601,115.973,98.369,112.147,95.071,11.255,0.93,11.156,111.333,111.894,115.671,97.851,10.469,0.994
2,247.46,102.477,1.041,111.5,116.365,108.807,1.028,115.882,111.46,0.961,110.399,107.263,112.929,0.969,107.238
2,247.505,101.823,0.961,114.604,104.277,113.261,0.997,116.362,109.29,1.039,104.253,100.214,112.905,1.121,107.723
4,247.651,102.26,1.069,1.073,1.1,107.9,107.387,9.638,97.577,1.065,1.108,1.071,102.978,99.357,10.752
3,247.948,9.549,1.115,98.422,105.417,107.465,1.124,98.694,10.841,1.012,97.986,102.808,103.541,0.985,103.465
1,248.066,10.551,112.989,102.425,104.802,95.143,10.929,0.959,11.302,110.292,104.664,115.422,99.006,10.039,0.949
4,248.086,109.536,1.042,1.042,1.09,103.429,108.703,10.968,99.927,1.141,1.013,1.079,107.734,102.894,10.281
2,248.313,110.424,0.951,106.129,117.202,105.051,1.038,107.064,103.355,1.046,104.884,101.194,103.847,1.103,98.869
3,248.77,9.679,1.006,101.225,101.938,103.2,0.985,106.85,10.146,1.081,110.303,99.917,104.499,1.07,99.662
1,249.321,11.678,104.677,107.347,103.35,100.132,10.992,1.023,10.339,110.722,101.849,103.28,105.237,10.738,1.097
3,250.1,10.149,1.095,102.106,99.28,94.998,1.125,109.13,10.198,1.125,105.177,109.087,101.176,0.951,105.04
1,250.346,10.334,104.087,103.148,100.621,108.361,10.44,1.079,10.08,110.738,102.529,105.951,107.5,11.019,1.012
4,250.619,112.216,1.052,1.012,0.988,110.723,93.731,10.54,107.815,0.966,0.995,1.03,106.049,99.089,11.06
4,250.758,99.294,1.071,1.04,0.974,96.369,106.501,10.664,105.369,1.028,1.141,1.135,99.075,103.735,10.414
3,250.984,10.782,1.027,98.602,106.2,108.494,1.126,95.079,10.814,1.09,110.306,102.45,111.137,1.059,94.754
4,251.26,101.713,1.046,1.123,0.96,109.177,99.32,10.352,110.139,1.032,1.006,1.07,104.869,98.765,10.689
2,251.46,100.821,1.026,105.689,114.403,101.702,1.151,116.343,112.298,1.004,104.819,108.868,107.479,1.021,111.501
3,251.746,10.828,0.983,107.82,101.149,93.774,1.105,100.908,10.223,0.96,104.9,97.337,101.608,1.106,93.105
4,251.793,111.233,0.981,1.126,1.034,107.314,103.757,9.558,108.872,1.025,0.971,1.075,100.471,105.411,10.274
3,252.126,10.656,1.125,96.628,99.752,109.109,1.014,92.574,11.204,0.965,105.218,95.685,99.168,0.961,108.235
1,252.335,10.059,107.922,97.503,109.429,109.042,11.692,1.073,10.831,100.178,108.93,100.158,109.328,11.578,0.949
4,252.955,107.839,1.057,1.071,1.127,100.069,98.09,10.186,104.809,1.122,1.036,1.131,96.06,108.716,10.25
1,253.523,10.379,108.265,102.448,107.843,96.621,11.131,0.983,10.095,103.826,102.755,106.916,104.418,10.989,1.061
4,254.197,114.624,1.027,0.987,1.111,109.847,94.997,10.275,100.891,1.064,0.968,0.997,106.036,97.073,9.933
3,254.703,10.967,1.05,109.816,107.339,98.823,1.012,101.297,10.604,0.983,109.129,95.019,96.911,1.074,100.508
2,255.079,95.489,1.001,103.479,104.111,98.93,1.113,110.148,103.68,1.011,110.806,102.84,114.402,1.088,111.439
2,255.989,112.921,0.96,109.524,103.459,108.612,1.048,105.896,112.325,1.064,103.774,98.792,105.783,1.106,113.281
4,256.146,102.691,1.025,0.995,1.107,99.719,95.682,9.896,103.92,1.122,1.023,0.994,108.851,111.282,10.514
4,256.202,98.89,1.145,1.124,0.996,103.863,106.659,10.856,99.836,1.145,1.021,1.044,101.388,108.865,11.147
1,256.443,10.64,102.33,104.487,111.147,99.556,9.86,1.037,10.072,105.248,112.49,105.437,95.376,11.554,0.956
4,257.136,109.799,0.997,1.012,1.112,108.851,98.089,10.468,106.72,1.1,1.02,1.079,94.723,103.375,9.638
3,257.319,11.008,1.067,109.297,93.675,105.572,0.995,94.979,9.949,0.97,98.058,95.471,106.106,1.067,96.697
2,257.434,110.741,0.934,100.311,105.87,105.829,1.105,112.499,113.115,1.107,107.471,113.531,100.865,1.119,108.133
3,257.746,10.536,1.097,99.557,99.521,94.204,1.115,109.211,9.588,1.043,101.189,101.516,106.709,1.011,102.053
4,257.791,111.876,1.003,1.023,1.091,107.734,98.799,11.155,104.415,1.038,0.989,0.966,102.018,95.539,11.004
1,257.883,10.374,117.217,97.682,104.873,102.063,10.237,0.983,10.965,101.088,111.101,115.857,106.774,10.514,0.999
1,258.271,10.939,101.827,100.792,102.489,108.069,11.525,0.94,11.475,113.807,96.208,117.946,92.34,9.915,1.052
1,258.33,10.333,112.907,105.373,102.913,103.746,10.795,0.98,11.592,107.989,99.123,113.618,105.229,11.58,1.091
4,258.35,99.578,1.1,1.092,1.014,99.178,111.282,9.833,105.988,1.094,1.044,0.987,102.511,105.964,11.06
2,258.358,97.709,0.997,112.099,108.644,113.319,0.971,109.237,102.158,1.003,103.445,102.816,100.239,1.09,115.87
4,258.632,104.978,1.05,1.012,1.0,98.085,98.091,10.63,112.523,1.1,1.05,1.022,97.163,107.707,10.995
2,258.979,99.627,0.97,100.827,113.243,103.906,1.137,104.505,111.842,0.998,102.759,115.492,99.25,0.989,100.579
4,259.949,102.142,1.114,1.06,1.055,104.333,102.103,10.512,109.704,1.108,1.12,1.132,109.853,96.025,10.45
3,260.009,10.227,1.074,98.794,101.466,105.498,1.038,100.219,10.702,0.974,99.617,108.015,95.975,1.013,98.226
4,260.838,108.282,0.983,1.096,1.086,100.774,95.682,10.739,110.781,1.091,1.102,1.063,100.889,95.401,10.405
4,260.872,103.602,1.103,1.064,1.008,103.622,103.85,10.635,98.568,1.069,0.979,1.061,98.178,94.697,11.172
2,260.921,98.671,1.039,113.317,98.946,113.631,1.1,102.128,97.64,0.966,101.842,115.601,109.018,1.014,99.142
1,260.973,11.664,114.749,104.362,104.904,94.691,10.601,1.023,11.319,115.202,113.563,99.784,92.535,11.406,1.065
2,261.145,110.959,1.018,109.992,105.209,111.272,1.051,117.243,105.41,0.935,114.8,109.166,109.239,1.124,100.531
3,261.474,10.994,0.97,101.165,106.302,97.402,0.968,101.726,10.23,1.035,99.843,98.107,108.081,1.118,103.548
1,261.48,11.291,117.405,108.028,104.323,106.31,9.906,1.07,11.422,105.88,97.471,105.778,95.992,10.29,0.96
3,261.746,10.35,1.115,101.503,105.802,106.393,1.062,105.26,10.354,0.989,97.202,102.417,95.35,1.023,108.683
2,262.226,109.933,1.051,105.086,113.154,100.667,1.053,117.054,101.352,1.08,110.173,102.85,111.116,1.064,104.277
1,262.368,10.624,101.538,101.977,101.848,98.073,11.197,1.019,10.621,103.009,108.893,99.742,93.067,11.102,1.025
1,263.507,11.145,105.263,109.014,113.871,100.394,10.084,1.034,10.454,105.752,109.952,107.938,104.007,10.489,1.073
1,263.627,10.604,107.796,111.384,106.25,99.166,10.148,0.99,10.106,108.678,102.573,104.054,95.05,10.818,1.072
4,264.144,105.305,1.054,1.109,1.066,96.369,101.647,11.278,114.204,1.005,0.968,0.999,107.278,105.803,10.073
1,265.356,9.896,100.924,108.182,117.674,95.116,10.468,0.975,11.069,104.034,101.702,114.548,105.991,10.861,1.089
3,265.69,10.448,1.059,108.287,108.754,101.635,1.079,103.432,10.967,1.012,106.618,102.992,96.779,0.992,102.053
2,265.863,106.359,0.936,110.986,102.469,111.506,1.1,116.288,108.346,1.082,114.373,103.363,105.093,1.09,100.165
3,265.998,10.837,1.079,98.167,102.107,107.637,1.05,108.691,9.565,0.961,102.508,98.29,94.797,1.006,102.824
3,266.053,9.55,1.127,109.066,108.676,96.516,0.982,107.067,10.034,1.032,97.953,97.462,103.865,1.084,100.598
1,266.105,10.553,115.425,99.759,106.168,93.365,11.254,0.952,10.241,112.758,107.273,99.855,96.694,11.562,1.026
3,266.414,9.661,1.086,104.291,106.232,105.293,1.038,98.74,9.877,1.125,107.792,102.879,101.136,1.036,108.005
3,266.64,9.726,1.064,103.052,94.836,95.454,1.046,98.933,10.896,1.023,110.303,96.606,96.48,1.076,92.709
1,266.749,10.566,108.346,109.827,107.115,97.769,10.468,1.04,11.43,113.162,97.298,116.457,101.638,11.379,1.06
3,267.044,10.048,1.068,103.828,106.143,107.995,1.102,92.766,11.147,0.975,105.279,100.19,94.073,1.065,101.513
4,267.21,103.909,1.122,1.073,1.049,99.086,100.544,9.579,114.651,0.979,1.095,1.021,101.755,95.434,11.198
1,267.238,10.052,111.228,96.561,108.327,97.58,10.892,1.039,10.613,104.442,101.623,108.911,108.474,10.857,0.977
1,267.536,11.156,114.383,106.386,118.277,96.137,10.155,0.953,10.081,99.891,110.698,108.766,94.685,10.491,0.989
4,267.868,114.178,1.062,0.978,1.021,106.595,107.936,9.926,115.084,0.973,1.127,0.985,110.675,99.2,10.557
3,268.593,10.621,1.123,101.984,104.471,94.109,1.099,94.468,10.451,1.124,96.412,97.715,110.126,0.986,95.023
4,268.658,106.408,1.143,1.124,1.077,103.925,96.704,10.348,105.988,1.059,1.114,0.962,97.919,101.878,10.655
3,268.703,9.519,1.039,98.762,108.644,103.115,1.097,109.204,10.509,0.996,105.571,94.174,102.879,1.053,102.326
4,269.282,108.42,1.095,1.116,0.981,107.579,96.755,11.044,104.844,1.042,1.128,1.007,101.166,110.947,10.83
4,269.522,107.96,1.076,1.082,1.035,102.283,104.532,9.785,100.134,1.014,1.117,1.016,107.475,96.015,11.265
4,270.486,102.833,1.061,1.09,1.047,98.273,103.714,10.051,100.8,1.145,1.038,0.988,110.732,95.031,10.419
4,270.605,97.596,1.146,1.144,1.005,105.163,110.256,9.577,106.289,0.972,1.088,0.99,103.205,104.842,11.046
2,270.915,106.645,1.054,101.046,117.402,98.033,0.973,112.053,96.009,1.093,103.348,102.816,100.799,1.061,108.47
4,270.972,97.371,1.105,1.092,0.965,96.311,93.937,11.179,100.522,1.005,1.024,1.095,105.954,103.415,10.976
4,271.312,114.365,0.971,1.091,0.965,95.319,109.935,10.501,100.288,1.056,0.986,1.069,96.512,105.529,9.608
3,271.879,10.265,1.021,103.047,97.65,108.275,1.095,93.301,10.961,1.021,106.245,94.456,95.001,1.128,102.551
3,272.059,10.92,1.057,105.693,101.112,108.328,0.969,101.225,10.548,1.017,98.487,106.066,106.829,1.091,93.637
4,272.094,102.929,1.132,0.976,1.119,95.891,97.083,9.759,106.041,0.991,1.021,1.014,96.037,94.998,10.108
3,272.321,11.25,0.994,106.442,108.788,110.289,1.118,96.373,9.989,1.037,101.603,110.188,104.726,1.036,108.502
4,272.356,102.652,1.043,1.051,1.093,100.169,95.322,10.714,101.133,1.046,0.992,1.031,106.996,111.332,9.77
2,273.125,113.239,1.063,109.798,110.669,103.906,1.137,110.944,107.373,1.038,101.698,104.868,112.758,1.01,100.709
4,273.151,111.162,1.118,1.095,1.068,110.207,96.979,11.077,106.727,0.972,1.002,1.073,101.412,108.356,10.16
3,273.232,10.93,1.072,99.277,94.537,98.421,1.072,94.468,9.632,1.052,103.71,99.118,104.896,0.973,105.799
1,274.115,10.528,111.602,111.09,111.071,108.426,10.146,1.062,11.475,115.577,98.951,105.502,101.132,11.362,0.962
2,274.177,105.554,0.932,106.189,108.164,101.933,1.024,106.55,107.813,1.019,116.396,108.177,106.163,1.095,105.584
1,274.664,10.554,102.786,113.611,107.994,103.746,11.645,1.054,10.862,116.017,102.448,111.286,98.249,11.644,1.017
4,274.777,108.967,1.027,0.982,0.965,96.512,99.926,9.563,110.625,1.043,1.078,0.991,100.919,100.757,9.632
3,274.848,10.329,1.092,101.679,96.645,104.82,1.09,101.633,10.384,0.99,101.027,105.61,100.519,1.099,108.14
4,275.029,104.291,0.969,1.102,1.111,110.455,106.716,10.198,104.976,1.132,1.082,0.971,102.625,99.715,10.448
3,275.766,9.595,1.072,105.758,93.525,97.929,1.118,98.039,9.914,0.96,96.548,99.923,106.761,0.971,96.583
1,277.258,11.573,107.568,98.474,111.889,107.27,9.981,0.968,9.988,99.972,99.368,113.549,106.026,9.958,1.029
1,277.709,11.551,112.899,103.127,103.336,103.763,9.897,0.978,10.604,116.659,107.401,113.936,99.695,10.689,1.027
3,278.301,9.893,1.039,98.466,100.739,106.997,1.077,97.464,10.065,0.982,106.73,108.286,111.066,0.957,100.152
4,278.665,115.023,1.123,0.963,1.029,95.398,98.126,11.03,109.588,1.12,1.046,1.133,99.726,108.668,9.934
3,280.195,9.969,1.04,102.467,103.036,103.092,0.967,104.495,10.621,1.036,109.963,100.206,97.486,1.027,108.418
4,280.221,100.724,1.0,1.068,1.095,109.408,104.54,10.309,99.682,1.14,1.058,1.131,98.053,96.955,9.699
4,280.327,102.929,0.991,0.995,1.125,104.735,94.573,10.8,103.623,1.066,1.039,1.071,97.718,94.414,10.752
3,280.588,10.449,1.054,97.391,103.93,105.503,1.022,95.763,10.934,1.129,107.388,103.788,109.903,0.97,108.814
2,280.828,112.685,1.021,114.911,108.554,114.04,1.107,105.391,105.027,1.015,117.457,106.878,98.618,1.147,111.074
1,281.624,11.423,104.548,100.946,118.23,98.107,11.184,1.098,10.738,106.899,96.385,102.494,105.116,10.388,0.932
3,281.973,10.261,0.981,93.193,103.605,109.934,1.108,97.509,11.241,1.097,99.776,104.107,111.001,1.104,97.464
2,282.369,95.782,0.987,105.376,99.617,101.243,1.045,110.411,106.828,1.08,116.478,113.798,110.542,1.034,105.489
2,282.593,104.469,1.067,118.097,104.364,104.757,1.026,103.54,112.685,0.978,113.692,99.915,105.79,1.111,103.519
2,282.697,112.818,1.013,99.992,104.239,111.579,1.009,109.17,103.777,1.058,106.604,110.932,114.814,1.028,100.388
2,283.057,109.836,1.102,102.589,110.283,114.402,1.019,115.241,112.46,0.976,101.095,107.483,110.626,1.016,102.269
2,283.36,96.024,1.095,113.259,110.602,99.338,1.135,114.861,97.658,0.951,100.456,103.393,114.593,1.146,98.704
2,283.566,96.399,1.024,106.16,114.255,104.449,1.137,102.798,96.465,0.975,108.786,107.195,107.272,1.118,116.71
1,284.001,9.905,115.587,99.663,106.372,93.395,10.629,1.035,10.77,118.306,97.54,110.521,106.296,10.53,0.999
1,284.097,11.161,113.484,105.534,106.83,95.071,11.601,0.957,11.027,108.405,98.939,103.816,102.851,11.238,0.964
3,284.305,9.588,0.967,93.727,106.468,99.925,0.983,96.368,10.491,1.042,94.817,97.885,97.486,1.108,96.262
4,284.42,108.909,1.088,1.092,1.002,108.748,98.762,11.0,115.451,1.014,1.124,1.087,99.85,101.504,9.605
1,284.726,11.174,117.715,109.208,110.397,96.423,11.391,0.928,10.154,118.617,112.721,104.92,96.55,10.584,1.059
3,285.061,9.672,1.009,99.583,103.508,106.542,1.061,92.44,9.628,1.136,101.431,103.378,97.349,1.086,108.086
4,285.78,111.745,1.042,1.138,1.134,98.411,108.173,9.913,97.426,1.055,1.022,1.135,108.285,100.98,10.071
1,285.855,10.184,113.413,103.715,114.136,106.693,11.587,1.059,9.901,102.932,108.776,107.827,93.168,11.275,0.933
4,286.229,100.538,1.076,1.007,1.133,104.229,101.958,11.179,114.838,1.005,1.037,1.112,95.923,106.132,10.345
4,286.567,110.517,1.124,0.987,1.098,108.684,95.419,11.305,99.97,1.051,1.061,1.117,110.127,96.775,10.197
3,287.058,9.723,1.027,98.014,95.429,93.581,1.089,102.497,11.118,1.042,100.049,92.903,104.09,0.993,107.271
2,287.27,96.885,1.062,115.469,105.185,103.55,1.038,103.139,109.706,0.954,115.485,113.152,100.651,0.985,99.093
1,287.444,10.866,115.973,108.313,109.748,101.621,10.069,0.984,10.569,104.071,107.298,105.389,97.851,10.33,1.034
2,287.584,108.64,1.068,105.853,116.111,108.677,1.032,116.0,99.662,1.071,113.722,102.438,107.371,0.999,111.074
3,288.171,10.689,1.13,98.037,100.366,102.359,1.125,104.852,10.961,1.125,110.454,101.374,101.512,1.005,105.226
4,288.481,98.843,0.996,1.006,1.116,94.679,105.564,11.211,99.984,1.086,0.971,1.028,108.845,110.74,9.604
2,289.113,99.531,0.938,109.07,112.083,111.906,1.127,102.689,105.605,1.07,102.657,99.923,100.433,1.079,109.167
4,290.049,105.54,1.091,1.041,0.958,96.013,107.811,10.994,100.684,1.035,0.97,1.089,97.628,99.373,9.852
1,290.318,11.697,118.415,109.016,104.042,97.083,11.463,0.999,11.26,103.009,105.26,101.58,93.968,10.176,0.972
2,290.498,100.063,1.036,109.62,107.222,99.553,1.049,100.388,110.733,1.066,104.244,109.99,97.924,1.023,106.437
2,290.537,109.286,1.059,111.192,109.528,112.285,0.985,111.697,97.787,1.087,103.448,107.328,105.891,1.088,99.482
4,290.782,103.689,1.083,0.992,1.059,100.934,102.264,11.198,113.179,1.14,1.11,1.024,98.085,106.384,9.904
3,291.168,11.127,1.128,101.729,106.485,95.782,1.067,109.028,10.735,1.054,99.896,98.456,109.407,0.969,95.725
3,291.625,10.397,1.031,103.892,108.718,103.721,1.036,96.554,9.661,1.043,97.608,102.653,106.995,0.968,98.556
3,291.977,9.813,0.986,95.797,102.535,99.811,0.978,102.83,9.517,1.037,100.604,106.889,93.599,0.967,103.949
1,292.057,9.943,110.67,109.208,108.867,108.241,10.413,1.038,10.138,101.918,111.372,116.821,95.92,10.236,1.084
4,292.263,98.496,0.979,1.051,0.972,103.893,108.854,10.791,113.481,1.131,1.085,0.989,107.777,108.716,11.178
1,292.742,10.963,112.002,103.012,113.375,96.423,10.368,1.075,10.851,104.597,110.698,116.257,102.339,11.58,1.065
3,292.797,9.512,0.994,100.774,101.315,111.137,1.04,100.771,10.449,1.082,102.197,103.925,106.995,1.027,102.499
3,292.891,10.32,0.997,102.62,102.807,108.507,0.964,96.88,10.097,1.136,101.292,99.0,104.06,1.125,105.26
4,292.895,97.281,1.047,1.001,1.114,94.837,100.99,11.225,105.614,1.127,1.034,1.019,96.493,108.152,10.218
3,293.458,9.863,1.079,94.933,105.305,110.498,0.998,107.623,10.363,1.13,99.802,98.189,105.498,1.005,106.168
1,293.514,11.141,109.977,97.155,112.895,94.715,11.143,0.941,10.303,115.163,111.924,105.431,93.44,9.959,1.099
3,293.611,9.765,1.137,101.471,98.107,98.316,1.002,100.444,11.08,1.029,101.812,109.866,108.575,1.096,93.214
2,293.739,112.921,1.086,116.194,114.493,102.44,1.01,113.939,96.577,1.028,105.375,112.083,111.153,1.129,112.417
4,294.77,103.376,1.06,1.107,1.111,97.978,99.121,11.12,107.492,1.088,0.963,1.123,97.974,96.718,10.813
1,294.846,11.188,112.393,99.382,102.737,100.361,10.756,1.059,11.492,107.541,106.093,117.827,106.421,11.723,1.098
1,295.046,10.583,101.941,108.536,100.958,109.487,11.311,0.935,11.37,114.282,112.447,112.444,97.339,11.085,1.082
2,295.395,104.802,1.042,102.54,106.527,97.878,1.031,112.287,99.879,1.015,114.184,100.109,106.236,1.1,98.996
4,295.622,103.469,1.005,1.053,0.973,102.985,99.295,10.073,109.929,1.027,0.978,1.129,106.478,100.974,9.585
4,296.0,114.962,1.101,0.965,1.037,95.567,100.81,11.213,99.807,1.146,1.06,1.036,104.795,97.308,10.155
1,296.172,11.367,109.098,103.373,101.872,94.162,10.674,0.967,10.651,100.538,107.257,106.691,92.948,11.554,0.929
4,296.53,109.222,1.14,0.998,1.019,96.221,100.214,11.178,101.583,1.067,1.096,1.131,105.466,105.716,10.67
3,297.932,9.519,0.989,93.23,99.463,97.368,1.062,97.878,9.663,1.072,107.596,99.904,94.316,1.11,102.014
4,298.513,100.285,1.085,0.97,1.082,106.239,107.764,11.289,114.581,1.12,1.042,1.099,107.968,105.691,11.228
4,298.584,110.781,0.968,1.129,1.09,94.785,97.53,9.711,97.835,1.005,1.026,1.006,101.382,104.902,10.47
1,298.83,10.799,112.025,108.579,112.829,96.968,10.493,0.99,10.718,111.525,103.012,109.423,95.376,10.674,1.007
4,299.309,106.197,1.03,1.014,0.995,96.224,93.883,10.577,109.05,1.138,1.123,0.967,95.905,99.121,11.04
1,300.082,10.12,102.654,96.114,108.04,108.58,11.652,1.094,10.957,102.654,111.09,103.647,102.635,10.586,0.952
4,300.113,114.922,1.119,1.067,1.087,100.307,105.589,9.969,99.333,1.0,1.0,0.988,98.968,107.122,10.06
4,301.874,106.787,1.007,1.093,1.01,109.184,96.994,10.282,114.207,1.118,1.085,1.085,106.937,94.857,9.551
4,302.424,108.967,1.095,1.009,1.005,98.46,107.304,11.04,113.035,1.13,1.139,0.973,99.503,109.287,10.027
3,302.588,10.689,1.022,100.689,105.356,108.078,0.984,94.99,9.852,1.023,107.794,95.36,95.031,1.102,104.594
4,303.628,100.777,1.146,1.058,1.133,103.52,98.213,11.199,101.763,0.969,1.077,1.133,99.234,106.473,10.697
4,303.85,102.608,1.049,1.113,0.96,106.049,109.285,9.99,112.377,1.051,1.116,1.073,110.698,103.627,10.903
2,303.896,98.093,0.956,101.243,105.554,99.727,0.974,111.23,109.872,1.023,113.426,101.685,102.467,1.139,99.973
2,304.291,105.639,0.954,114.8,104.781,115.016,1.045,108.742,104.931,1.036,101.779,106.453,98.275,1.053,106.85
3,304.293,9.912,0.964,94.742,109.068,99.517,1.096,105.579,9.995,1.031,95.316,97.674,100.03,1.106,95.978
4,304.328,100.091,1.096,0.965,0.96,101.46,103.674,11.267,110.09,1.047,1.138,1.013,109.042,99.926,10.624
1,304.945,11.198,104.618,107.168,99.643,92.699,10.357,0.943,10.713,115.02,97.075,105.323,99.064,10.513,1.055
4,305.349,102.899,1.011,1.132,1.053,98.326,104.162,10.405,115.024,0.986,0.982,1.055,97.491,97.308,10.319
4,305.524,113.711,1.025,1.132,1.036,110.048,105.056,11.218,102.81,1.017,1.03,1.086,102.661,106.943,11.326
2,305.887,98.787,0.98,111.882,109.793,110.143,0.973,114.906,106.266,1.029,115.047,112.749,101.626,1.048,105.008
4,306.916,108.742,1.142,1.002,1.008,99.663,109.432,10.162,99.046,1.061,0.969,1.014,101.191,109.509,10.458
3,307.381,10.646,0.981,94.788,106.066,95.199,0.958,101.672,9.704,1.007,107.48,101.103,100.844,1.013,98.597
3,308.571,10.199,1.131,108.882,97.367,99.52,1.028,93.301,10.28,1.012,102.467,102.438,99.788,0.965,108.019
2,308.629,101.152,0.963,110.513,117.388,106.243,1.076,111.977,97.619,1.049,110.426,98.906,108.69,0.999,114.697
2,308.662,107.064,1.017,116.396,112.397,110.69,1.029,108.304,108.497,1.091,112.969,100.406,114.822,1.123,111.469
1,308.687,10.092,99.824,113.14,105.802,96.003,11.601,1.023,10.403,116.074,96.827,111.799,97.694,11.05,0.999
1,309.272,10.48,107.915,109.164,116.561,100.976,10.374,0.952,11.22,104.23,95.805,107.939,100.029,10.864,1.037
3,309.445,11.14,1.118,100.893,101.091,108.005,1.085,106.424,9.873,1.054,105.862,98.252,108.147,1.105,99.393
3,309.632,9.627,1.029,95.583,107.225,98.707,1.001,100.961,10.71,1.064,94.933,96.371,109.803,1.049,104.103
2,309.94,106.86,1.01,102.364,117.248,106.73,1.107,112.974,105.949,1.098,100.885,117.122,107.298,1.038,116.491
1,309.969,10.881,117.81,103.476,102.762,95.992,11.652,1.007,11.182,100.642,104.413,116.849,109.438,10.561,1.096
3,310.039,10.795,0.994,104.902,96.135,95.107,1.048,96.417,10.094,1.114,98.62,106.2,104.962,1.096,99.392
3,310.888,9.572,1.109,103.23,106.2,94.87,0.965,109.104,10.863,1.139,102.813,105.944,97.899,0.999,108.507
2,310.964,96.136,1.004,118.785,113.245,99.935,1.129,112.702,105.635,1.048,106.973,116.284,107.244,0.997,102.413
4,311.67,106.237,1.048,1.051,1.05,94.819,107.764,10.282,107.401,1.067,1.09,1.069,102.011,111.215,9.855
2,312.694,106.008,1.107,104.376,104.104,107.746,1.123,107.471,113.115,1.072,118.785,114.066,99.134,0.995,107.786
3,312.959,10.189,0.99,106.435,109.797,104.499,0.988,101.503,10.274,1.061,110.051,108.746,111.078,1.052,98.857
4,313.222,113.105,1.025,1.021,1.08,99.85,97.565,10.071,107.911,1.123,1.023,1.028,104.618,101.323,9.79
1,313.257,11.423,114.702,106.963,116.552,92.407,10.462,0.995,10.579,104.622,103.521,116.867,106.487,10.542,1.1
2,314.661,108.034,1.075,105.134,104.075,101.851,1.076,99.179,103.371,1.098,117.151,114.825,112.752,1.04,101.516
1,315.553,11.412,115.134,100.729,105.23,107.851,11.405,0.943,10.768,114.454,106.023,109.199,105.31,9.977,1.0
3,316.358,9.674,1.085,103.168,100.356,98.666,0.973,104.982,10.504,0.996,105.535,103.793,107.523,0.982,101.367
1,316.747,10.263,108.927,111.711,103.856,107.005,11.03,0.981,10.894,102.88,108.89,112.9,95.816,11.578,0.99
4,317.025,110.701,1.032,1.018,1.12,99.105,94.336,10.378,114.54,1.055,1.081,1.107,104.122,94.625,9.635
4,317.229,111.25,1.069,1.018,1.095,99.234,97.775,9.749,98.562,1.067,1.032,1.01,109.567,98.839,10.621
2,318.838,96.009,1.039,113.267,109.724,104.951,1.117,105.397,99.291,1.098,103.441,114.227,112.895,1.147,108.951
3,318.907,9.747,0.984,106.518,93.674,98.183,1.055,105.748,9.562,0.996,109.159,94.289,108.925,0.968,104.362
1,319.237,10.094,100.076,103.148,116.267,106.468,11.708,1.031,11.423,111.321,110.075,99.478,104.892,10.715,1.027
4,319.379,100.429,0.978,0.975,0.993,100.439,110.291,10.977,110.015,1.021,0.987,1.016,104.203,105.985,10.319
2,319.497,100.628,1.076,115.556,101.489,110.626,1.133,111.594,112.804,0.962,108.092,104.405,110.626,0.968,111.217
2,319.598,102.565,0.983,105.208,114.825,101.972,1.096,114.156,108.557,1.021,103.739,102.425,99.167,1.026,110.143
3,319.669,9.583,1.137,100.238,104.009,105.891,1.001,108.914,11.188,1.047,109.957,103.746,101.015,1.032,107.197
2,320.394,99.361,1.04,112.099,99.234,112.548,0.974,102.796,98.907,0.938,103.8,101.656,114.95,1.095,108.589
4,320.487,109.809,0.989,1.139,1.004,109.351,100.755,11.202,102.35,1.008,1.089,1.051,97.088,99.174,10.745
2,320.601,111.839,1.102,115.331,105.633,111.06,1.133,115.178,112.663,1.0,111.163,102.534,109.558,1.052,106.165
4,321.218,114.178,1.116,1.101,0.99,107.732,110.826,10.01,105.614,1.041,1.032,0.986,95.891,105.395,10.709
2,321.383,98.525,1.057,106.973,107.78,98.618,1.033,103.604,101.954,0.999,106.886,107.725,99.134,1.061,108.02
2,321.882,109.156,1.037,116.206,107.698,111.732,1.024,109.672,112.604,1.058,100.829,107.495,103.558,0.983,111.135
4,321.95,100.52,0.996,0.977,1.079,101.269,108.703,10.241,101.984,1.062,1.109,1.047,104.038,98.799,10.878
4,322.924,104.539,1.04,1.048,1.046,108.317,103.337,10.213,111.833,1.09,1.054,1.041,106.432,110.18,11.138
4,323.133,107.463,1.061,1.088,1.082,107.314,109.165,9.977,104.994,1.101,0.981,0.977,104.788,104.03,9.783
2,323.289,104.802,1.031,116.652,114.542,113.293,1.028,114.72,103.392,1.029,113.574,99.584,104.266,0.984,116.997
1,324.255,10.415,108.55,109.248,101.436,93.436,11.018,0.994,9.924,110.664,112.794,101.601,105.399,11.723,0.999
4,324.356,111.133,0.971,1.003,1.034,108.538,106.473,10.515,106.046,0.985,1.102,1.058,109.484,107.663,10.832
1,324.544,10.789,111.01,100.926,100.602,94.295,11.107,1.0,10.681,102.376,107.629,102.349,99.612,9.978,0.981
3,324.833,9.735,0.99,108.807,97.284,103.48,1.037,98.561,9.896,1.14,99.131,106.052,107.721,0.973,106.051
3,325.228,9.831,1.087,101.551,109.132,109.169,1.07,102.261,10.702,1.036,100.18,100.952,100.46,0.987,102.351
3,325.783,9.96,1.115,107.48,109.346,108.185,0.98,96.069,10.491,1.088,107.792,109.722,102.973,0.982,93.714
1,325.989,11.454,117.81,113.791,110.384,99.901,10.039,1.042,10.604,107.9,97.998,105.3,101.498,10.93,0.93
2,326.068,109.021,1.053,104.979,113.816,99.204,1.119,106.693,108.421,0.944,110.986,102.919,102.008,0.986,110.01
4,326.464,112.084,1.089,1.049,1.113,109.873,108.792,11.256,105.632,1.133,1.002,1.091,102.331,110.847,10.285
3,327.121,10.51,1.001,110.013,105.104,107.032,1.108,109.294,9.549,0.976,110.303,100.19,101.278,0.979,96.642
1,327.705,11.302,112.874,99.304,115.765,97.445,10.935,0.929,11.279,114.915,97.796,112.147,107.42,11.558,0.976
2,328.615,104.712,0.994,114.405,113.408,113.976,1.079,100.579,108.683,0.984,113.11,105.525,114.674,1.076,104.405
1,329.119,10.895,114.132,96.431,109.714,106.664,11.56,1.076,11.257,108.917,103.305,101.754,101.107,9.882,0.994
1,329.205,9.884,115.907,113.587,113.81,106.127,11.703,0.98,11.316,100.042,100.528,116.865,94.691,11.254,0.944
1,329.594,11.409,107.973,102.74,101.982,105.241,10.544,0.969,10.255,101.083,111.419,118.194,109.24,10.212,1.088
1,329.606,11.579,105.263,100.231,109.977,107.087,11.254,1.072,10.058,113.461,106.382,114.557,97.927,11.331,0.998
4,329.816,101.574,1.056,1.053,1.039,102.719,103.714,11.334,108.575,1.07,1.124,0.995,95.101,107.119,10.07
2,329.834,102.49,1.022,102.692,104.796,108.303,1.044,112.86,106.631,0.98,114.799,105.209,114.911,1.017,112.904
2,329.87,96.824,0.965,106.04,108.695,99.935,1.043,113.145,102.171,1.016,112.653,109.593,97.309,1.116,105.943
3,329.876,10.458,0.987,101.021,96.928,93.502,1.052,102.032,10.643,1.056,96.994,100.516,103.492,1.014,93.07
1,330.673,11.161,101.842,98.723,111.4,105.277,10.152,1.091,11.45,101.436,102.461,110.308,92.372,11.589,0.98
4,331.118,114.838,1.023,1.071,1.058,109.086,100.042,10.556,112.625,0.983,1.09,1.083,100.806,99.089,11.076
1,331.153,10.864,102.956,100.859,108.83,103.143,10.522,0.984,11.568,104.131,103.355,104.338,105.108,10.295,0.935
3,331.287,10.944,1.099,98.354,104.422,105.092,1.0,92.749,9.969,1.078,109.698,108.65,99.925,1.012,99.237
1,331.514,9.982,109.943,111.545,104.636,107.548,11.364,1.069,10.313,117.217,107.768,101.09,101.519,11.018,1.087
4,332.094,102.691,1.116,1.024,1.104,98.946,106.046,9.656,97.501,1.067,1.063,1.018,98.128,109.181,9.82
3,332.188,9.593,1.07,94.397,100.401,96.68,0.999,92.869,10.094,1.099,100.747,96.629,101.278,1.029,108.064
2,332.579,96.132,1.02,100.597,117.32,99.747,1.06,112.417,110.307,0.965,108.164,114.966,114.376,0.997,115.882
4,332.59,102.471,1.07,1.117,1.134,98.085,107.857,10.134,109.28,1.102,0.963,1.063,108.407,99.95,9.658
4,332.916,97.956,1.128,1.112,1.032,108.98,105.236,9.985,107.772,1.057,1.11,0.961,110.409,108.084,9.724
4,332.961,104.871,1.068,1.117,1.106,102.381,93.982,10.849,100.016,1.033,1.094,1.135,95.459,111.239,10.405
3,333.534,10.55,0.963,99.716,105.019,96.48,0.963,109.072,9.831,1.019,98.255,110.363,97.675,1.006,104.103
1,333.625,11.43,105.911,104.362,104.802,106.421,10.76,0.972,10.506,107.022,98.151,110.835,96.09,11.647,1.066
2,333.767,105.396,0.99,103.974,101.384,107.298,1.144,108.133,110.818,1.048,101.386,105.383,113.509,1.11,99.069
1,334.604,11.616,111.825,105.167,104.904,103.585,11.58,0.966,10.138,110.793,104.564,105.661,106.503,10.493,1.07
4,334.943,104.947,0.991,0.994,1.089,96.893,98.547,10.055,104.096,1.125,1.136,1.091,94.415,110.483,11.103
2,335.072,102.859,1.097,101.46,111.221,104.822,0.99,110.944,105.916,1.029,111.882,105.138,105.717,1.146,106.574
4,335.523,109.679,1.056,1.013,1.115,104.561,99.403,10.171,105.632,1.068,1.137,1.063,107.968,99.997,10.482
2,335.739,99.291,1.034,109.205,107.431,107.965,1.12,101.371,108.891,0.953,103.348,110.488,109.596,1.1,111.135
3,335.911,9.824,0.983,99.102,107.339,98.823,1.127,96.856,9.512,1.08,108.261,97.367,111.137,0.968,103.154
2,336.031,105.317,0.996,118.61,103.615,114.232,1.079,110.944,111.806,1.019,116.206,116.401,106.99,1.133,112.336
1,336.154,10.947,116.882,110.324,105.661,107.5,11.558,0.931,9.98,114.263,109.542,114.068,99.629,11.689,1.057
3,336.489,9.872,1.109,108.491,104.117,110.023,1.004,103.875,10.504,1.07,108.551,102.819,99.057,1.118,104.605
4,336.694,108.741,0.995,1.107,1.066,96.627,98.118,10.333,109.223,1.119,0.985,0.985,109.763,102.146,10.31
3,336.7,10.944,1.043,106.419,93.805,105.538,0.983,98.999,10.802,1.055,101.216,98.085,103.052,1.108,95.167
4,336.8,115.29,0.99,1.074,0.984,102.661,96.885,9.657,108.639,1.063,1.003,1.096,98.738,96.657,10.249
3,336.869,10.548,1.099,97.178,96.104,100.172,1.072,98.654,10.1,1.073,102.253,104.389,104.499,0.979,97.518
2,336.998,106.29,1.024,100.497,104.168,100.503,1.004,98.762,99.18,1.088,110.242,109.488,114.959,0.998,107.478
1,337.178,11.579,109.941,108.331,118.005,96.133,11.608,0.929,11.379,104.627,99.853,103.84,103.859,11.209,0.99
3,337.353,9.824,1.079,108.439,109.158,99.04,0.968,104.92,11.127,0.964,103.047,108.644,102.017,0.977,105.728
3,337.435,10.07,1.016,99.865,101.103,110.498,1.11,99.602,10.859,1.055,95.759,109.962,104.675,1.029,96.125
1,337.473,10.77,116.679,108.826,104.994,95.714,11.538,1.029,10.825,109.42,112.794,117.143,99.806,11.245,1.055
2,338.093,109.231,1.065,116.918,104.423,102.915,1.01,115.362,105.327,0.958,106.424,103.651,111.272,1.006,101.051
1,338.568,10.528,111.184,113.071,114.445,96.515,10.935,1.102,11.685,111.075,107.072,107.847,102.902,10.817,0.942
2,338.603,95.913,1.028,101.757,109.05,101.408,0.981,102.353,104.429,1.003,117.334,111.576,100.296,1.119,110.415
1,339.083,10.566,102.699,100.749,111.603,107.021,11.6,1.02,11.379,101.194,97.449,111.695,98.241,10.284,1.065
2,339.436,104.231,1.036,112.099,106.816,108.807,0.998,106.693,98.218,1.014,103.225,116.365,113.403,1.097,100.439
4,339.793,111.133,1.051,1.017,1.007,99.334,100.952,9.755,100.485,1.132,1.13,1.053,104.944,94.143,10.1
2,339.876,109.841,0.931,104.709,112.892,114.911,1.134,112.109,98.831,0.945,109.053,111.132,100.612,1.107,114.251
1,339.953,10.918,106.49,99.521,116.484,94.663,11.114,1.089,11.635,105.271,105.583,116.487,94.691,10.796,0.957
3,340.895,9.811,0.974,93.573,92.949,107.314,1.05,102.565,10.877,1.094,107.701,109.068,108.884,0.991,94.889
1,341.187,10.942,103.28,113.239,118.255,92.481,11.643,1.074,11.067,100.947,98.1,114.09,94.148,9.939,0.979
1,341.33,10.517,113.04,105.094,108.728,96.137,10.462,1.0,10.879,101.248,100.2,113.419,107.853,10.639,1.069
4,341.423,99.029,1.114,1.048,1.114,98.517,103.552,10.581,111.277,1.137,1.012,1.081,94.662,104.744,9.66
4,342.022,113.622,1.112,1.049,1.131,108.343,104.753,10.515,98.834,1.122,1.116,1.075,96.893,102.264,10.495
2,342.08,102.07,1.106,114.405,109.813,107.16,1.105,114.312,106.828,0.997,114.911,108.628,104.576,1.045,107.354
4,342.104,109.809,1.091,1.125,1.126,106.447,100.395,9.639,112.015,1.138,1.006,1.01,105.3,100.192,10.199
3,342.582,9.527,1.12,97.886,106.833,101.72,1.032,96.287,10.288,1.057,96.113,94.659,97.762,0.954,100.103
4,342.853,105.345,1.072,0.963,1.097,98.596,107.454,9.559,100.914,1.13,0.963,1.127,98.08,96.955,9.88
3,343.018,10.638,0.977,96.496,102.23,109.968,0.964,97.019,10.267,1.006,110.306,100.188,100.46,0.978,95.524
2,343.056,97.45,1.094,114.553,110.905,106.73,1.033,108.881,106.027,1.055,112.653,110.091,102.245,1.019,114.12
1,343.084,9.948,107.125,101.128,104.802,101.519,11.692,1.046,10.681,116.87,98.369,116.34,106.622,10.928,0.938
2,343.176,105.094,0.962,108.483,100.343,98.21,1.095,104.47,109.286,1.009,106.381,99.527,109.175,0.998,102.079
4,343.315,101.238,1.051,0.963,1.007,108.602,98.44,10.715,115.023,1.021,0.976,0.997,106.447,106.699,10.745
3,343.614,9.863,1.129,106.572,98.564,103.052,0.969,93.214,10.828,1.101,105.862,103.746,99.19,1.101,105.374
2,343.717,111.916,1.064,101.612,111.472,112.441,1.09,109.805,104.306,0.994,118.513,109.478,111.977,1.009,111.23
2,344.119,103.962,1.106,104.709,112.449,114.059,1.086,105.092,104.891,1.021,101.254,106.692,106.596,0.984,116.735
4,344.809,97.747,1.039,1.019,1.118,105.927,104.66,11.337,111.494,1.049,1.134,1.032,106.492,103.01,10.279
3,345.273,9.61,1.12,94.579,104.865,97.251,1.036,106.608,10.918,0.99,109.159,98.189,108.015,1.07,99.673
2,345.921,103.544,1.087,104.229,116.89,102.251,1.034,104.639,105.639,0.944,117.977,106.973,113.204,1.021,105.453
3,345.948,10.159,1.021,105.862,97.311,100.442,0.963,96.783,9.913,1.001,105.535,104.728,109.079,0.982,105.141
4,345.95,103.23,1.01,0.984,1.091,101.851,96.731,11.339,101.285,0.966,0.995,0.988,102.625,104.171,10.916
3,346.17,10.544,0.993,99.568,109.096,97.947,0.958,106.01,9.704,1.054,107.29,105.417,96.128,0.998,92.949
2,346.222,106.373,0.958,113.746,108.427,99.665,1.012,103.938,112.489,1.083,108.987,112.537,104.916,1.013,112.539
1,346.325,10.972,105.694,97.965,102.494,98.28,10.796,0.959,11.171,115.181,100.297,118.228,103.454,10.39,1.078
4,346.396,102.208,1.022,0.97,1.001,104.795,99.631,11.13,104.145,1.049,1.057,1.089,101.049,100.928,10.973
2,346.489,102.242,1.074,115.863,115.891,99.122,1.038,102.827,101.275,1.086,114.381,108.427,100.296,1.043,101.417
4,347.428,105.82,1.04,1.036,1.007,107.732,110.095,9.745,113.782,1.11,1.092,0.957,98.273,108.055,11.06
3,347.766,11.123,1.094,97.89,105.999,109.735,1.037,95.254,10.07,1.007,97.706,98.536,109.968,1.069,94.852
3,348.929,9.632,0.975,97.953,95.643,97.79,0.984,95.079,11.127,1.054,102.122,102.098,109.952,0.961,109.176
4,349.147,105.066,0.974,1.008,1.071,104.229,104.679,10.972,104.249,1.067,1.071,1.069,100.774,100.536,10.419
4,349.151,115.024,1.122,1.068,1.061,108.092,110.44,9.589,110.748,1.04,0.979,1.133,97.756,98.09,10.951
2,349.368,105.155,1.021,102.117,104.869,104.126,1.033,105.504,108.879,0.935,113.426,114.23,102.755,0.989,106.437
1,349.414,10.787,115.666,108.298,101.379,95.304,10.039,0.986,10.828,117.631,105.583,104.323,107.411,10.558,1.05
2,349.504,103.118,1.054,110.63,104.54,113.976,1.133,100.512,112.33,0.945,100.623,108.709,104.946,1.134,103.478
2,349.547,103.12,0.98,114.877,105.928,114.241,0.981,105.566,100.429,1.071,101.842,102.84,109.913,1.129,104.419
3,349.715,10.27,1.064,108.198,100.382,99.388,0.958,100.549,10.049,1.086,102.606,109.797,110.946,1.031,97.535
2,350.075,95.942,1.088,100.885,105.766,114.845,1.132,103.495,106.373,0.953,101.273,98.871,111.064,0.999,111.099
2,350.157,98.58,1.034,105.858,108.938,113.676,1.013,109.654,104.159,0.937,108.318,113.531,106.39,1.101,113.409
3,350.772,10.967,1.016,107.541,95.66,99.788,1.106,107.29,10.541,1.095,103.003,102.274,104.795,1.12,103.154
3,350.833,9.613,1.08,93.624,105.417,101.331,1.001,102.053,9.627,1.111,99.788,104.377,97.583,1.039,109.072
3,351.72,11.118,1.092,103.56,108.845,109.472,0.998,95.378,10.627,0.965,107.392,95.554,99.862,1.118,105.449
2,351.954,107.9,0.949,108.27,103.416,108.21,0.985,106.937,107.158,0.963,106.55,113.245,97.557,1.007,105.176
4,352.616,98.764,0.999,1.062,1.115,106.252,106.648,10.805,103.037,0.985,1.06,0.958,101.571,107.936,9.932
1,353.367,11.174,110.997,111.956,106.588,109.042,11.44,1.007,10.902,111.807,105.557,112.373,101.662,10.882,1.064
2,353.405,109.841,1.071,101.025,108.541,111.595,1.073,101.417,104.131,0.944,109.05,101.439,105.829,1.059,108.588
1,353.845,11.442,113.186,96.62,105.342,102.338,10.813,1.006,10.415,117.024,104.923,100.849,105.399,11.422,0.935
3,353.974,11.241,0.96,98.368,93.94,105.095,0.984,101.8,9.548,0.981,102.584,96.737,102.891,1.062,109.411
4,354.228,109.356,1.131,1.122,1.006,97.582,103.121,10.904,98.19,1.067,1.135,1.008,106.432,95.772,11.264
2,354.494,109.129,1.018,106.669,103.805,102.251,1.021,101.001,104.042,1.025,110.898,112.756,107.063,0.973,102.802
3,354.832,10.34,1.027,96.428,109.866,109.727,0.977,109.506,10.806,1.094,92.931,104.117,104.759,0.979,108.664
1,354.919,11.693,107.094,101.389,100.03,101.959,10.162,0.968,10.573,115.167,113.618,100.647,97.539,11.088,0.992
2,354.972,103.371,1.047,115.226,109.192,103.736,1.068,105.425,96.953,0.943,109.928,109.934,100.033,1.103,102.079
1,355.004,11.161,111.941,113.753,108.354,92.396,11.523,0.988,10.385,116.328,97.108,113.518,103.555,11.147,1.094
2,355.175,110.709,1.085,102.263,102.541,104.887,1.002,110.428,95.62,1.004,116.206,108.65,103.957,1.057,108.968
4,357.046,104.372,1.051,0.993,1.04,98.841,97.949,11.259,100.429,1.009,1.051,1.044,104.878,109.145,9.906
3,357.104,11.022,1.11,101.855,98.645,109.407,0.998,109.47,10.045,1.118,97.4,97.229,97.06,1.075,106.051
4,357.106,113.805,0.979,1.008,1.029,106.447,108.262,10.968,110.579,1.03,1.108,1.013,95.521,107.387,11.173
2,357.29,112.489,0.955,111.212,111.221,103.885,1.091,101.962,102.597,1.051,105.297,98.991,99.347,1.038,99.02
3,357.408,9.517,0.99,97.176,104.865,98.323,0.971,100.474,11.11,1.09,110.114,96.427,102.382,1.116,105.494
3,357.601,10.639,1.135,107.196,108.134,93.776,1.067,100.85,10.939,0.995,100.238,94.67,94.55,1.075,109.028
4,357.789,108.47,0.967,1.022,0.965,93.816,105.518,9.745,106.878,1.037,0.975,1.06,93.607,98.548,10.155
2,357.956,109.534,0.954,102.888,108.273,98.994,1.01,113.004,108.541,0.993,114.157,108.414,100.5,1.128,112.384
2,358.16,112.325,0.971,105.827,112.618,100.196,1.1,105.446,107.132,1.041,115.397,106.831,103.779,1.15,111.099
3,358.268,11.173,0.975,96.376,108.431,95.65,0.979,105.622,9.995,1.059,100.335,97.808,100.923,0.988,98.505
1,358.355,11.204,115.389,112.784,103.124,98.506,10.522,1.026,9.943,106.367,110.918,118.228,102.82,11.146,1.075
4,358.962,108.639,1.122,0.978,1.01,99.354,95.759,10.645,103.362,0.973,1.004,1.061,106.478,96.492,10.551
4,359.584,114.1,1.108,1.102,1.091,104.381,106.78,9.81,97.98,1.073,1.024,1.116,97.088,109.755,11.1
2,359.714,98.574,1.007,100.093,106.682,106.522,1.123,99.412,111.006,0.956,111.917,108.695,100.257,0.969,101.505
3,359.749,10.022,1.077,110.382,109.257,109.778,1.106,100.656,10.985,1.058,98.191,102.86,103.506,1.008,109.356
4,360.688,101.805,0.983,1.086,1.074,101.277,104.842,10.651,109.42,1.007,0.964,0.955,96.406,95.992,10.554
4,360.984,114.833,1.093,1.007,1.06,101.846,104.464,10.977,110.931,1.123,0.964,1.049,96.627,96.38,10.714
4,361.483,97.593,1.0,0.998,1.008,108.685,106.78,9.885,114.778,0.981,1.089,1.045,103.833,94.83,11.274
1,361.524,11.29,108.183,107.446,117.573,98.241,9.922,0.943,10.578,105.745,103.434,103.215,102.913,10.434,1.099
3,361.561,11.263,1.108,96.507,95.129,110.595,1.037,98.684,9.725,1.011,96.128,104.597,96.922,1.019,98.343
2,362.133,111.086,0.989,101.025,102.268,101.803,1.091,98.787,95.682,0.972,114.157,105.099,107.472,1.012,104.336
2,362.16,98.365,1.104,109.663,99.344,97.924,1.146,102.08,108.43,1.076,101.526,98.857,99.935,0.987,103.95
3,362.578,10.002,0.982,103.456,103.52,108.316,1.048,99.958,10.442,1.023,102.127,105.327,93.948,1.128,105.591
4,364.143,115.451,1.078,0.986,1.13,106.152,95.284,10.855,114.365,1.124,0.972,1.042,96.852,101.881,9.547
1,364.388,9.946,100.14,103.148,100.326,92.699,11.412,0.983,10.718,116.048,110.042,104.214,99.217,10.918,0.996
2,364.878,103.962,0.979,103.852,109.067,109.174,0.979,109.237,96.531,1.097,114.78,106.676,114.281,1.113,104.592
3,365.063,10.234,1.139,97.638,97.954,96.082,0.95,100.598,10.049,1.08,104.691,103.382,101.203,1.015,101.918
2,365.086,112.848,1.072,103.448,102.025,103.55,1.102,102.269,102.334,1.07,113.353,102.907,99.883,1.002,116.836
4,365.2,98.226,1.024,0.965,1.054,93.816,109.173,10.93,97.749,1.147,1.11,1.119,102.146,99.121,10.126
3,365.668,10.288,1.091,98.206,100.176,99.788,0.998,108.814,9.846,1.132,99.266,102.275,95.155,1.117,109.736
1,366.225,10.313,110.763,112.891,106.585,100.411,10.306,1.066,10.866,109.603,108.827,114.312,107.699,11.704,0.984
3,366.27,9.581,1.089,94.344,106.468,96.922,0.985,108.814,10.795,1.099,108.896,99.272,111.137,1.094,95.524
4,366.272,109.914,1.132,1.117,1.112,106.444,95.873,10.457,112.821,1.018,0.966,1.007,97.752,98.213,10.307
3,366.698,10.948,0.97,99.273,98.901,97.531,1.111,102.825,9.998,1.136,109.788,110.188,94.294,0.962,102.213
3,366.852,10.353,1.067,96.803,110.241,100.229,0.959,109.407,9.688,1.103,99.569,95.434,102.348,1.017,106.792
2,367.49,98.947,1.098,107.009,103.724,102.912,0.975,116.208,98.218,1.071,111.5,110.369,99.253,1.102,117.053
4,367.583,111.327,1.135,1.103,1.069,109.374,96.786,9.969,110.822,1.094,1.076,1.06,103.21,94.997,9.611
3,367.681,9.86,0.987,99.076,100.401,104.53,1.006,95.463,10.916,1.128,99.076,109.722,93.581,0.971,96.583
3,367.875,10.543,1.073,105.892,96.783,104.82,0.984,94.979,10.967,1.038,99.7,107.604,106.999,1.101,102.986
1,368.192,10.721,116.048,103.558,106.346,93.826,11.58,1.093,10.927,99.939,104.011,115.682,93.474,11.4,1.058
3,368.573,9.623,1.009,96.744,96.135,103.962,1.027,95.45,11.22,0.984,108.754,109.9,102.014,1.067,107.543
4,369.254,99.702,1.132,1.122,1.123,106.701,99.729,9.636,104.58,1.018,1.025,1.101,100.733,97.137,9.577
2,369.28,99.386,1.088,117.151,112.487,107.965,1.024,110.626,107.976,0.964,115.233,102.324,112.269,0.998,106.261
2,369.391,102.158,0.949,113.385,102.541,108.355,1.042,102.138,103.458,1.021,105.335,106.299,98.694,1.132,112.871
1,369.648,9.983,104.231,108.524,116.34,107.566,11.387,0.994,11.439,117.804,104.706,107.203,94.691,10.38,0.996
2,369.961,111.482,0.974,115.772,108.414,107.481,1.042,105.775,107.19,1.054,101.351,113.242,114.339,1.048,103.416
4,370.359,113.911,1.0,1.061,1.063,96.556,110.212,10.139,100.392,1.095,1.094,0.956,107.249,98.089,10.83
2,370.547,103.241,0.993,113.228,112.838,112.255,1.137,111.599,112.835,1.028,108.214,110.471,113.287,1.126,99.973
3,371.572,9.829,1.113,100.518,99.206,97.31,1.026,93.105,9.628,1.011,103.858,98.402,98.342,1.027,102.579
3,371.584,10.37,1.009,106.589,100.188,106.818,1.102,99.958,10.877,1.128,94.914,100.39,107.721,0.986,105.04
1,371.828,11.664,116.443,95.95,101.15,108.752,9.998,1.072,10.094,114.132,98.951,107.134,107.09,11.254,1.011
2,372.085,104.864,0.992,102.037,108.819,101.303,1.058,99.397,113.084,1.018,101.629,117.248,100.606,1.103,113.799
4,372.581,100.928,1.095,1.006,1.123,105.386,105.476,9.89,105.82,1.118,1.026,1.019,108.317,95.833,10.958
4,372.906,105.82,1.047,1.09,1.036,100.934,106.975,10.402,100.878,1.082,1.04,1.026,102.517,94.814,11.238
4,373.31,103.896,0.973,1.089,1.091,106.239,101.957,10.927,103.904,1.104,1.128,0.993,94.415,96.426,11.264
3,373.485,10.149,1.092,104.902,98.349,106.999,0.988,108.1,10.26,1.085,97.755,96.688,108.494,0.976,99.69
1,373.703,11.208,109.669,101.387,115.432,102.953,11.255,1.1,10.256,113.027,112.784,107.593,104.334,10.156,0.986
1,373.784,10.581,116.237,100.605,104.393,104.882,11.596,1.046,11.461,109.514,106.776,108.606,97.244,11.443,1.089
1,373.955,11.352,113.736,97.854,104.521,98.777,10.769,1.052,10.551,112.011,108.89,104.792,107.411,11.58,1.082
4,374.004,99.382,0.973,1.083,0.98,105.438,96.594,10.717,98.014,0.965,1.134,1.113,102.139,94.858,10.223
1,374.5,9.899,106.112,113.363,99.793,93.397,11.46,0.947,11.145,109.808,110.643,116.639,108.377,10.656,0.935
1,374.58,10.601,101.953,106.444,110.681,108.253,11.091,0.944,10.587,105.318,111.157,101.274,94.92,10.87,1.058
4,374.824,103.214,1.116,0.993,1.119,101.93,106.249,11.192,101.065,1.074,1.123,1.037,100.647,109.334,9.538
2,374.873,101.141,1.0,110.45,116.203,109.445,1.045,99.995,95.819,1.086,101.254,102.575,110.304,1.129,102.042
3,376.188,9.646,1.031,106.138,108.774,102.12,1.09,106.051,9.776,1.04,104.862,100.198,109.918,0.986,105.373
4,376.261,97.287,1.11,1.099,1.072,93.427,102.735,10.328,114.316,0.999,0.99,1.076,104.789,94.058,10.561
4,376.462,110.515,1.074,1.04,1.063,98.206,106.722,10.745,107.772,1.05,1.028,1.094,100.647,104.581,9.595
2,376.788,111.295,0.945,101.19,114.713,103.677,1.021,101.173,96.773,1.09,112.926,98.906,110.946,1.009,109.261
2,377.208,111.816,0.955,108.239,101.697,109.239,1.058,101.122,110.97,1.002,101.361,112.447,97.661,0.985,114.397
2,377.348,95.883,1.07,112.932,114.346,104.56,0.97,112.47,102.405,0.945,115.087,107.966,101.857,1.039,103.223
1,377.517,11.677,111.655,100.083,106.225,99.756,10.295,0.984,11.668,116.359,104.488,107.134,95.05,11.44,0.997
4,377.591,102.245,1.091,1.013,1.085,104.711,95.654,9.565,100.429,1.073,0.968,1.119,109.92,108.019,11.266
2,377.644,102.334,1.095,103.266,101.406,101.241,1.021,99.071,96.773,0.962,111.213,112.794,112.133,1.108,113.172
3,378.059,10.55,1.131,104.902,103.065,94.699,1.119,97.68,9.579,1.101,103.237,110.143,110.753,0.97,94.129
4,378.06,103.748,1.125,1.033,1.093,96.748,100.913,10.426,111.982,0.986,1.004,1.041,93.113,111.171,9.656
1,378.477,10.736,113.454,107.283,107.994,99.293,11.264,0.963,11.635,103.66,98.505,106.657,96.205,10.693,1.089
3,378.575,9.89,1.115,97.364,102.098,109.545,1.033,104.368,10.634,1.066,107.215,97.501,99.036,0.998,101.672
4,379.889,115.284,1.092,1.1,0.969,104.557,102.267,10.068,110.206,1.138,1.124,0.963,99.299,100.019,10.509
1,380.787,10.927,100.87,105.791,104.717,99.756,11.708,1.098,11.171,103.924,104.223,107.255,103.849,11.514,0.976
1,381.726,10.939,115.973,100.546,104.323,95.714,11.316,0.967,11.59,104.524,110.529,107.171,108.253,9.985,1.061
1,382.252,11.283,102.103,107.519,102.561,100.302,10.069,0.99,11.636,99.853,109.801,116.639,105.632,10.04,0.929
2,382.593,107.956,0.934,105.836,109.108,110.943,1.043,106.737,106.598,1.005,105.898,110.087,108.081,1.125,99.995
3,382.776,10.191,1.135,97.176,95.225,102.853,1.115,103.452,10.066,1.099,99.277,106.262,105.033,1.041,102.94
2,383.112,104.042,1.079,114.165,99.757,97.334,1.043,114.169,101.842,1.021,101.794,110.997,107.894,1.004,111.796
4,383.418,109.914,1.133,1.12,1.107,94.901,95.072,11.082,105.642,1.132,1.099,0.972,105.899,99.2,9.767
2,383.441,109.482,1.044,103.036,111.646,105.133,1.046,102.937,105.592,1.09,105.751,112.43,112.382,0.975,108.532
4,385.6,101.595,0.968,1.04,0.993,98.664,107.083,9.79,97.287,0.982,0.986,1.069,106.24,106.836,10.502
4,385.766,101.945,1.101,1.125,1.131,108.23,109.637,11.013,102.092,1.023,1.001,0.985,100.888,101.322,10.978
4,385.841,103.638,1.011,1.081,1.015,103.98,103.389,9.924,102.335,1.005,1.0,1.127,105.174,95.692,10.405
1,386.069,10.381,116.245,98.782,110.308,105.978,11.08,1.057,10.129,111.228,102.286,113.518,106.709,10.388,0.944
2,386.103,109.286,1.0,105.66,103.651,107.741,1.017,110.717,106.735,1.034,117.722,108.523,97.506,1.132,110.143
4,386.2,99.972,1.106,1.06,1.035,98.16,99.95,10.13,112.984,1.055,1.119,1.069,99.881,96.305,10.22
3,386.985,10.51,1.136,107.122,97.353,97.573,1.046,101.633,10.746,1.058,106.465,100.983,109.887,1.017,107.63
2,387.408,99.102,0.949,114.98,116.679,100.799,1.04,117.271,106.562,1.068,115.814,116.111,99.985,1.01,116.876
1,388.623,11.014,105.127,113.14,103.797,95.182,11.296,1.052,11.382,109.936,108.212,101.274,105.4,10.323,1.086
3,388.635,10.427,1.111,98.759,99.069,103.908,1.113,109.08,10.702,1.023,105.334,108.826,97.249,1.079,97.464
3,389.321,10.509,1.015,100.18,99.192,104.614,1.045,106.186,9.735,0.989,101.442,108.762,94.713,1.061,102.018
2,389.361,95.519,1.016,111.044,101.354,97.598,1.145,106.35,109.707,1.02,102.053,101.033,108.874,0.996,111.662
1,390.426,11.372,112.343,107.768,104.768,100.0,11.409,1.038,10.238,104.668,108.551,108.314,99.612,11.362,1.037
2,390.459,101.855,1.011,110.579,114.966,100.909,1.12,103.938,107.062,1.071,104.339,112.87,109.671,1.049,111.469
2,390.518,95.511,1.095,109.695,99.377,113.816,1.143,108.701,109.131,0.989,103.071,105.685,105.783,1.0,109.217
2,390.624,110.55,1.064,118.232,105.456,111.127,1.136,110.388,111.845,1.043,106.233,104.504,105.118,1.079,99.671
3,390.75,9.697,1.034,98.633,102.386,101.514,1.011,95.035,11.139,0.998,99.569,99.272,105.498,1.027,108.507
2,390.785,106.772,1.076,109.039,99.383,108.127,1.148,107.691,106.025,1.057,102.54,115.891,101.27,1.01,109.288
4,390.925,107.077,0.971,1.118,1.111,98.525,107.475,10.636,113.697,1.037,0.993,0.957,107.39,100.841,10.621
3,391.522,10.323,1.127,106.383,103.586,110.723,1.092,104.896,9.721,1.043,107.392,93.55,97.461,1.023,105.622
3,391.945,10.795,1.01,97.535,95.574,97.784,1.047,98.608,10.168,1.085,106.607,101.966,106.431,0.991,92.755
3,391.951,10.51,1.13,95.35,107.026,95.969,1.09,96.802,10.87,1.025,98.635,105.391,93.895,1.11,100.656
4,391.976,101.604,1.105,1.116,1.081,99.962,108.551,10.715,103.389,1.102,1.022,0.981,106.931,95.539,9.896
4,391.985,113.477,1.134,1.074,1.121,108.706,96.399,9.694,108.253,1.042,1.116,1.017,97.952,111.465,10.573
2,392.044,96.63,1.085,116.149,113.152,98.366,1.081,113.904,98.64,0.972,115.772,116.526,99.224,0.999,101.73
2,392.395,104.22,0.999,100.751,102.299,101.408,1.037,104.631,96.696,1.011,114.282,112.388,98.009,1.096,110.944
2,392.41,107.105,1.056,114.706,116.237,111.329,0.996,105.663,107.875,0.935,103.913,115.414,103.326,1.013,102.128
4,392.631,112.236,1.015,1.017,0.982,94.286,106.046,9.985,111.743,0.978,1.008,0.973,109.33,110.544,10.11
3,392.714,9.596,1.124,97.323,99.981,94.07,1.079,109.104,9.726,1.006,103.117,103.812,101.608,1.086,107.036
3,393.029,9.832,1.113,108.823,108.759,109.281,0.974,105.613,11.07,0.983,95.138,102.45,104.97,1.025,108.507
4,393.332,98.87,1.056,1.133,1.035,98.273,94.314,10.709,113.805,1.122,1.075,1.082,105.224,99.439,10.803
4,393.442,100.009,1.14,1.099,0.958,104.144,104.581,10.348,104.822,0.993,1.066,0.974,104.328,94.522,10.798
3,394.174,10.643,0.998,103.71,98.395,106.001,1.089,104.089,10.013,1.052,102.137,94.692,104.051,1.039,94.696
2,394.283,107.805,0.996,102.463,100.369,100.065,1.018,108.245,105.372,1.014,106.968,108.541,114.241,1.114,102.353
1,394.552,9.941,114.282,100.697,111.345,103.597,11.254,1.028,11.018,104.742,99.891,104.833,103.535,11.548,0.992
3,395.976,11.253,1.048,98.065,101.541,102.601,1.109,102.825,11.22,1.056,98.506,98.343,97.486,1.006,108.914
4,395.984,104.799,1.123,0.989,1.075,97.718,110.081,9.659,102.187,1.03,1.085,0.993,96.493,95.722,10.591
4,396.454,103.035,1.068,1.124,1.123,97.718,111.333,9.821,103.932,0.973,1.137,1.107,104.229,103.381,11.07
3,396.568,9.513,1.087,102.62,96.296,99.177,1.067,109.362,10.73,1.005,98.794,104.029,99.19,0.994,107.944
4,396.578,103.504,1.038,1.12,0.97,99.233,98.467,9.89,108.943,1.083,1.057,1.109,104.622,99.729,10.328
1,396.697,11.151,108.218,97.819,106.585,107.135,9.915,1.035,10.368,104.597,100.971,116.955,106.076,11.519,0.974
4,396.923,108.943,1.011,0.975,1.011,105.031,108.152,11.225,100.8,1.106,0.993,0.957,103.558,101.867,10.572
1,397.068,11.71,113.056,102.74,105.12,103.746,10.469,0.939,10.41,117.98,111.421,111.507,95.561,11.11,1.044
3,397.099,11.201,1.025,107.519,101.541,96.835,1.101,100.868,10.34,1.044,103.142,94.09,95.686,0.99,108.45
2,397.651,108.879,1.05,111.826,108.868,111.116,1.038,102.709,97.013,1.063,106.233,109.279,107.344,1.032,101.003
1,397.944,10.827,118.474,100.101,113.457,107.005,11.212,0.94,10.103,103.66,102.536,118.228,100.998,9.859,1.004
2,398.013,95.489,1.093,107.794,109.723,97.298,1.111,113.924,105.916,0.987,112.969,107.718,114.593,1.023,105.176
3,398.088,10.596,0.992,99.413,102.934,108.204,1.089,109.346,10.666,0.96,98.543,101.802,99.862,1.126,104.089
3,398.911,9.565,1.042,106.558,96.796,97.947,0.976,101.938,10.781,0.981,110.159,97.277,106.212,1.013,105.866
4,398.994,107.492,1.026,1.05,1.076,102.381,107.707,10.341,107.073,1.074,1.069,1.005,105.737,97.246,10.775
4,399.078,107.839,1.116,1.11,1.036,101.023,94.83,9.578,112.274,0.988,1.06,1.104,106.813,105.814,10.112
1,399.362,11.287,118.068,105.877,104.751,97.192,10.331,0.963,11.607,102.956,109.016,114.271,102.338,11.721,0.999
2,399.652,105.531,0.966,107.71,110.754,107.392,1.103,110.717,98.898,1.01,117.752,103.203,106.236,0.984,101.972
1,399.962,11.108,110.722,104.896,107.174,97.851,11.122,1.041,10.506,107.764,107.373,101.684,97.709,10.806,0.98
3,399.983,11.093,1.039,100.344,95.575,109.545,0.969,101.023,9.658,1.067,104.203,108.463,97.805,0.974,106.453
3,400.219,10.476,1.142,109.139,107.087,97.949,1.095,95.725,10.483,0.981,93.991,95.582,96.272,0.961,108.463
2,402.368,107.373,0.964,112.354,100.865,110.9,1.069,102.689,109.214,0.95,105.134,105.596,114.132,1.002,113.132
4,402.568,109.356,1.024,1.048,1.085,104.795,101.337,11.238,105.478,1.068,1.144,1.041,100.105,107.387,10.199
3,402.942,10.952,1.086,95.802,106.901,95.414,1.075,94.506,9.674,1.131,109.612,102.817,105.941,1.027,104.896
4,403.356,100.045,0.971,1.053,1.125,103.701,108.101,10.978,104.799,1.076,1.017,1.016,93.414,94.556,9.635
1,403.454,11.054,116.572,113.205,105.775,99.674,10.131,0.958,10.573,115.766,99.561,103.427,109.113,10.795,1.098
1,403.754,11.635,108.607,102.076,116.561,97.708,11.678,0.948,9.935,109.42,100.045,113.703,92.968,10.96,0.948
1,403.771,11.489,117.628,96.006,111.846,108.253,10.795,0.976,9.884,106.957,98.343,107.473,99.936,10.939,1.1
3,404.204,10.008,1.102,105.343,100.09,105.092,1.113,94.876,10.263,0.996,100.611,95.23,105.824,1.067,105.852
3,404.457,10.02,0.969,108.852,104.169,95.93,1.124,106.246,9.509,1.077,108.091,102.817,108.005,0.952,95.45
1,404.597,11.478,104.627,103.521,110.049,98.249,10.424,0.996,11.182,117.918,109.246,107.116,107.535,10.41,0.951
2,405.035,97.073,0.94,110.207,105.795,101.049,0.972,102.069,106.75,1.056,107.885,104.305,105.829,1.068,101.84
3,405.575,9.554,0.969,107.479,104.422,99.216,1.071,103.69,9.559,1.097,103.173,109.682,95.863,0.968,95.878
2,406.187,111.96,0.996,101.824,105.456,102.332,0.999,106.969,101.372,1.107,103.913,114.517,99.347,1.129,111.34
1,406.556,10.542,115.163,99.752,103.816,96.851,11.58,1.006,10.341,114.383,110.103,112.693,92.374,10.59,1.025
3,406.611,10.945,1.081,107.694,94.262,102.12,0.978,96.642,10.204,0.962,106.879,106.052,100.727,1.024,108.005
3,406.742,9.627,1.095,100.207,100.983,96.854,1.045,107.794,10.443,1.095,107.648,103.833,105.43,1.118,107.469
1,406.837,11.347,113.42,110.126,105.778,104.458,10.656,1.04,10.747,101.953,101.889,112.391,101.959,11.014,1.082
2,407.268,110.15,1.103,106.964,114.54,105.818,1.108,104.895,100.835,1.09,112.969,111.21,101.105,1.006,117.168
3,407.399,10.373,0.997,96.877,104.715,98.666,0.987,100.552,10.566,1.084,97.535,96.371,106.119,1.045,98.343
3,407.824,11.103,1.001,98.71,109.699,98.376,0.985,104.694,9.579,1.015,101.006,99.428,108.563,1.008,104.074
2,407.899,103.458,0.946,102.053,99.617,100.073,1.041,103.895,95.951,1.097,107.198,101.018,110.483,0.971,104.698
3,408.309,9.738,1.035,100.895,93.924,109.109,1.042,105.83,9.886,0.986,93.464,105.417,96.761,1.072,98.076
3,408.513,9.815,0.976,107.966,106.302,104.137,0.979,104.781,9.575,0.96,110.245,105.284,107.274,0.979,103.366
2,408.842,111.679,1.039,115.401,113.796,112.543,1.146,117.271,108.213,1.056,103.08,104.442,113.343,0.989,107.526
4,409.345,107.978,1.071,1.13,1.124,107.39,108.101,10.904,107.722,1.016,1.012,1.096,96.979,102.53,11.202
2,409.754,111.855,0.976,103.158,110.381,113.204,0.999,100.068,103.982,1.076,113.472,113.109,108.96,1.061,116.031
3,409.928,10.187,1.028,101.999,102.343,97.249,0.99,107.409,10.44,1.108,93.694,109.096,102.251,1.028,94.458
4,410.003,98.932,1.007,1.079,1.057,103.484,97.073,10.468,99.019,0.968,1.051,1.077,93.534,94.857,10.287
1,410.294,9.94,113.04,101.859,110.966,109.328,10.73,1.066,9.925,109.44,102.282,102.962,104.524,11.141,1.012
3,410.34,9.482,1.051,106.747,106.69,96.089,1.011,108.648,10.953,1.013,94.537,97.198,110.775,1.103,103.003
1,410.985,10.449,118.238,96.208,113.157,97.619,10.919,1.031,11.668,117.076,113.463,100.779,102.538,10.819,0.952
4,411.006,97.796,1.104,1.085,1.033,106.621,100.537,10.856,107.273,0.992,0.981,1.123,110.732,107.837,10.441
3,411.631,10.884,1.097,93.93,110.3,100.006,1.117,109.625,10.885,0.986,96.376,106.534,95.283,1.078,104.368
2,411.649,102.82,0.954,104.427,100.809,110.946,1.041,105.092,97.617,0.982,116.623,104.868,104.365,1.028,99.699
3,411.762,11.144,1.05,98.71,97.59,94.543,1.12,109.13,10.217,1.095,99.802,105.973,102.789,0.998,109.434
4,411.953,107.277,1.058,1.03,1.006,107.104,97.664,10.073,103.904,1.025,1.082,1.006,107.098,100.967,10.973
1,412.375,11.131,117.734,102.924,100.333,98.889,11.42,1.035,10.805,107.258,102.282,118.102,100.394,11.391,0.946
4,412.451,102.208,1.041,0.968,1.048,100.269,104.409,10.221,107.722,1.052,0.975,1.039,101.924,107.083,9.614
4,412.681,102.713,1.004,0.962,1.1,95.319,97.837,10.561,101.477,0.97,1.018,0.989,95.078,107.15,10.241
4,412.718,102.716,0.999,0.973,0.969,96.127,99.611,10.509,108.889,1.057,1.133,1.107,101.668,97.24,11.247
4,412.831,111.157,1.018,1.107,1.129,96.852,96.305,9.985,97.956,1.058,1.058,1.005,109.688,100.392,9.623
4,413.007,98.538,1.146,0.965,0.986,93.531,95.729,10.307,102.608,1.116,0.979,1.047,97.618,97.901,10.567
3,413.246,9.593,1.009,101.216,104.162,94.294,1.056,99.737,11.123,0.994,93.309,97.854,97.9,1.118,95.035
4,414.341,97.229,1.144,1.002,0.989,102.464,98.063,10.277,112.271,1.13,1.104,1.078,109.752,102.105,11.302
1,414.515,10.565,115.661,111.698,115.08,97.807,10.882,0.992,11.242,108.927,109.999,108.766,97.896,11.617,1.072
1,414.862,10.506,113.056,102.676,115.119,97.157,10.178,0.985,10.725,116.073,96.879,117.134,106.388,10.625,1.029
4,415.048,109.959,1.035,0.986,1.09,108.774,105.814,11.266,103.623,1.002,0.967,1.123,101.099,104.682,10.994
2,415.484,96.773,1.051,103.997,104.345,111.564,1.132,102.798,103.544,1.083,114.157,115.919,102.489,0.972,101.607
4,415.84,104.032,1.014,1.131,1.073,108.774,99.039,10.286,100.661,1.018,0.99,1.068,96.556,97.815,10.63
4,416.69,115.066,1.116,1.041,0.956,102.517,97.526,10.968,111.273,1.137,1.041,0.996,98.343,96.468,9.804
3,417.091,10.457,1.067,93.466,103.746,100.821,1.071,97.028,11.188,0.981,99.456,109.147,109.727,0.987,107.832
1,417.245,10.842,105.308,99.315,107.816,97.303,10.929,0.974,11.409,112.025,98.809,102.958,94.251,10.499,0.979
1,417.575,11.12,101.958,96.433,108.235,97.656,9.955,1.045,11.498,101.665,110.913,105.766,93.79,10.489,0.984
3,417.78,9.548,1.112,105.268,109.018,102.601,0.99,103.552,10.992,1.139,92.973,92.903,96.881,1.065,106.603
4,418.157,103.617,1.128,1.12,1.104,93.404,103.948,9.768,114.348,1.087,1.107,1.011,95.101,111.3,10.059
3,418.237,10.964,1.092,105.434,102.571,111.014,0.977,103.507,9.592,1.084,95.47,101.761,109.775,1.024,100.956
2,418.527,99.579,1.09,106.129,101.449,113.293,1.103,113.172,113.009,0.978,111.149,107.567,97.948,0.988,105.924
4,418.819,104.852,1.0,1.051,0.979,98.428,100.004,9.997,106.652,1.052,1.058,1.132,102.032,103.779,10.838
3,419.089,9.86,1.055,96.412,103.685,108.041,1.079,105.129,9.82,1.074,101.478,109.308,111.078,1.09,105.852
4,419.447,104.8,1.136,1.106,1.071,104.796,107.376,10.529,99.926,1.075,1.022,1.062,104.307,100.733,10.954
2,419.868,103.982,1.02,113.026,100.553,103.848,1.01,106.653,112.272,1.021,110.991,103.5,98.618,1.082,110.75
3,420.043,10.705,1.05,105.571,104.597,94.417,1.067,109.08,10.668,1.087,93.72,93.089,97.334,1.104,103.09
3,420.593,9.858,1.139,101.046,97.279,107.447,1.115,98.425,10.653,1.029,106.235,102.844,108.781,1.008,101.157
2,420.599,99.758,1.107,107.858,105.663,112.96,1.072,112.536,109.354,1.053,107.46,101.108,106.018,1.09,110.104
1,420.886,11.618,114.687,110.468,107.939,94.379,11.11,0.946,11.35,116.654,103.127,115.684,92.699,10.314,0.951
4,421.793,114.021,1.139,0.969,0.963,101.53,103.233,9.837,106.285,1.133,1.091,1.115,94.897,96.182,11.287
4,422.034,114.339,0.973,0.996,1.131,96.041,104.842,10.661,99.256,1.12,0.994,1.0,102.661,105.165,10.307
4,422.043,102.224,1.064,0.963,1.127,107.39,106.418,10.599,113.622,1.005,0.967,1.011,104.485,108.993,10.79
4,422.123,104.408,1.022,1.12,1.016,101.03,106.503,10.11,110.828,1.125,1.119,1.123,101.855,96.205,10.341
3,422.356,11.017,0.996,102.937,108.746,100.048,1.026,99.225,10.665,1.035,94.817,94.135,94.659,1.067,97.661
4,422.46,114.16,1.123,1.017,1.05,97.752,101.396,9.894,114.983,1.082,1.092,1.081,95.625,100.503,10.978
3,422.956,10.778,0.965,104.445,99.752,108.081,1.028,101.895,10.707,1.055,101.904,104.962,110.395,1.096,107.63
4,423.079,99.906,0.988,1.053,1.029,97.618,97.153,10.595,108.925,1.109,1.108,0.956,108.104,98.857,10.739
2,423.359,96.776,1.001,111.245,106.299,102.971,0.999,110.274,98.907,1.015,114.184,102.169,112.24,0.985,106.888
1,423.373,10.011,104.158,110.913,109.429,99.874,10.153,1.017,11.478,110.552,111.95,103.407,102.833,10.826,1.068
4,423.422,113.114,1.095,1.043,1.122,102.541,110.455,11.055,103.376,1.094,1.006,1.075,105.348,97.432,11.315
4,423.435,114.517,1.125,0.968,1.063,108.046,111.073,10.502,107.948,1.141,1.102,1.014,105.349,103.403,11.198
1,423.742,10.635,102.026,103.143,117.719,95.965,10.38,0.968,10.329,117.98,101.145,108.956,100.976,11.113,1.082
1,423.919,11.343,111.293,105.718,114.734,94.495,10.123,1.1,10.168,114.928,112.354,99.951,93.182,11.376,0.949
2,424.0,103.998,1.028,101.59,104.652,100.938,1.122,112.331,104.814,0.956,111.163,116.815,110.949,0.99,114.96
4,424.69,112.377,1.028,1.124,1.03,105.059,98.474,9.59,110.517,1.144,1.004,1.037,101.272,110.652,10.655
1,425.605,9.877,110.967,113.797,104.498,104.892,10.052,1.053,11.146,115.766,111.092,106.708,98.514,10.542,1.046
1,425.928,10.283,110.378,113.618,104.049,104.648,10.16,0.953,10.578,113.277,98.036,107.631,98.683,11.284,1.038
3,426.062,9.61,1.081,93.924,104.587,98.099,0.954,109.357,10.481,0.971,103.52,96.47,106.031,0.995,101.166
4,426.173,100.164,1.025,1.098,1.068,110.711,98.547,11.326,115.379,1.065,1.03,1.071,104.735,110.943,11.155
2,426.267,106.443,0.956,110.125,113.094,107.722,1.115,106.165,105.094,0.996,114.3,105.209,99.134,1.103,100.724
3,426.461,11.201,1.098,109.698,101.149,95.169,0.999,108.061,10.217,0.995,99.006,103.814,97.1,0.997,99.045
1,426.545,11.319,99.933,102.953,116.819,102.509,11.471,1.075,10.325,101.077,99.872,100.68,108.846,10.194,1.051
3,426.67,10.501,1.04,98.254,94.456,109.656,0.98,99.224,9.74,1.048,97.317,98.085,97.078,1.123,107.277
4,426.998,103.782,1.029,1.007,1.133,95.672,105.941,10.409,111.745,1.058,0.985,1.009,108.035,107.966,10.548
4,427.081,112.322,1.03,1.021,1.016,101.12,104.54,9.589,99.691,1.052,0.992,1.112,102.462,105.056,9.785
4,427.284,101.241,1.045,1.028,1.096,93.413,99.357,10.482,113.622,1.058,1.002,1.102,100.307,101.878,9.676
1,427.407,11.372,117.274,96.997,116.476,100.132,11.51,1.053,11.57,117.179,100.832,111.695,108.604,10.381,1.091
4,427.558,110.99,1.111,1.099,1.03,108.053,98.437,10.556,114.833,1.136,1.102,1.091,107.824,102.146,10.322
3,427.639,9.674,1.025,106.127,105.034,97.744,1.098,102.321,10.29,1.001,110.069,103.925,103.662,1.034,101.628
1,428.012,9.874,118.022,99.744,103.407,107.725,10.312,0.961,10.525,112.701,108.9,115.961,99.491,11.136,1.057
4,428.103,99.065,1.042,1.052,1.091,100.102,95.881,10.838,106.316,1.097,1.003,1.132,106.911,104.909,10.63
3,429.395,10.066,1.005,102.098,107.972,95.294,1.083,105.575,9.512,0.983,97.001,96.162,102.999,0.986,99.351
3,429.819,10.113,1.106,107.648,109.842,94.699,1.103,93.655,10.175,0.979,94.655,104.828,96.574,1.09,99.737
1,430.266,9.974,100.628,100.205,117.205,98.241,11.318,1.033,10.922,100.677,103.541,109.627,96.077,10.317,0.975
3,430.54,9.961,1.069,100.568,102.472,110.137,1.02,100.603,11.143,0.987,92.973,106.345,104.09,0.995,103.699
2,431.231,112.529,0.965,114.167,103.382,97.037,1.099,106.991,97.52,1.068,101.629,114.265,99.307,1.036,111.834
2,432.09,110.518,1.07,104.006,107.195,107.448,1.102,109.809,109.0,1.069,117.227,101.375,103.958,1.033,113.566
3,432.156,10.93,1.099,100.964,107.56,108.246,1.104,108.066,10.426,0.99,94.332,99.917,94.081,0.992,103.778
2,433.279,104.181,1.072,114.549,99.421,104.485,1.151,101.001,98.024,1.05,107.024,103.205,110.471,1.03,110.556
4,433.649,105.017,1.0,1.088,1.008,99.726,94.998,11.126,104.145,1.082,1.06,0.96,94.911,98.797,10.512
2,435.39,107.082,0.943,116.52,105.64,98.6,1.038,98.804,101.275,1.026,109.012,103.465,110.738,1.056,100.955
4,435.548,99.894,1.146,1.07,1.133,104.872,103.674,10.775,97.956,1.04,1.051,1.01,93.257,106.975,9.579
2,436.106,109.171,1.077,111.072,107.234,100.486,0.995,100.492,101.373,1.066,114.035,105.727,111.153,1.029,110.793
2,437.061,98.609,1.021,115.46,98.888,110.833,1.073,100.941,103.391,0.996,106.061,103.066,110.816,0.996,116.224
4,437.404,98.655,1.005,1.132,1.106,104.319,94.857,10.22,99.17,0.985,1.125,1.101,107.218,105.37,10.073
4,437.476,106.652,1.088,1.067,1.125,93.43,97.565,11.321,102.335,1.055,1.036,0.99,110.711,100.25,9.563
4,437.538,103.884,1.006,1.116,1.089,95.099,95.775,10.585,104.408,1.112,1.008,1.006,101.269,109.806,10.898
3,437.667,10.981,1.114,108.687,98.607,97.949,1.017,94.458,9.538,1.125,110.439,109.953,107.273,1.115,98.378
1,437.877,10.062,109.971,107.273,109.761,106.946,10.828,1.079,11.205,104.403,100.479,118.277,106.31,10.585,0.984
4,438.221,99.926,1.052,1.03,1.133,100.774,102.984,10.399,109.977,0.981,0.996,1.132,95.902,109.222,9.896
3,438.626,10.606,1.11,110.051,101.522,101.277,1.106,102.175,10.915,0.96,107.526,105.18,103.662,0.951,106.141
2,438.752,98.931,0.969,111.455,116.946,111.742,0.999,111.894,95.533,1.011,100.597,102.025,111.06,1.107,99.128
2,438.905,110.062,1.073,107.348,107.035,102.976,1.045,114.248,110.856,1.078,106.424,111.408,114.959,0.971,104.631
3,439.781,10.351,1.054,101.986,101.315,110.971,0.97,100.903,9.94,1.022,104.233,108.296,94.417,1.105,97.106
3,442.333,10.63,1.042,102.813,101.374,96.957,1.023,96.937,10.688,1.049,95.545,106.052,109.314,0.991,98.378
2,442.771,104.685,1.083,102.335,114.493,113.309,1.107,111.656,98.153,0.944,103.123,114.836,98.21,1.118,106.085
3,442.859,9.962,1.095,92.967,93.01,107.732,1.099,109.356,10.894,0.985,94.695,94.659,100.03,1.099,98.849
3,442.937,11.022,1.138,99.812,109.094,103.1,1.117,108.574,9.823,1.052,99.064,100.536,97.06,1.008,98.129
3,443.052,9.538,1.097,93.163,103.08,104.853,1.115,105.668,10.159,1.032,102.002,100.356,111.001,1.102,96.373
3,443.623,9.989,1.081,97.804,100.011,108.676,0.972,97.206,11.229,1.032,107.355,95.993,96.685,0.992,103.466
4,443.824,101.369,1.034,0.993,1.05,100.539,101.981,10.16,113.746,1.092,1.049,1.075,100.196,105.702,10.134
1,443.835,11.394,107.9,103.4,103.797,96.167,10.806,0.932,11.054,117.024,102.633,110.329,96.062,11.554,0.957
1,444.137,10.285,114.426,109.234,112.689,93.742,11.296,1.096,10.172,109.42,98.856,104.946,104.22,11.463,0.929
3,444.168,11.15,1.115,109.218,103.171,95.076,1.0,107.066,9.549,0.968,100.419,98.031,108.758,1.043,104.01
4,444.553,102.042,1.055,1.029,1.1,108.774,95.031,9.642,114.391,1.101,1.14,1.069,97.919,108.616,11.174
1,445.147,11.362,118.433,108.826,103.639,108.697,10.069,1.087,11.312,105.822,103.685,113.6,92.374,11.624,0.928
2,445.25,105.068,0.953,108.796,106.101,112.117,1.113,109.821,95.565,1.026,116.677,115.888,111.475,1.072,116.118
4,445.819,100.928,1.022,0.97,1.052,99.85,101.504,10.566,112.907,1.13,0.973,1.072,102.139,97.357,9.624
4,446.374,104.871,1.025,1.013,1.019,98.808,101.878,11.34,101.932,1.022,0.972,1.083,109.009,104.679,10.189
2,447.567,107.9,0.936,106.381,108.644,102.976,1.114,107.628,108.557,0.952,114.282,102.534,107.244,1.027,110.092
4,447.603,104.667,1.071,1.101,1.112,98.085,107.592,9.673,103.884,0.991,0.995,1.008,109.042,108.551,9.636
1,447.905,11.629,117.511,101.45,106.818,104.93,10.052,0.941,10.796,112.9,95.982,116.451,105.273,11.425,0.991
4,448.941,98.87,1.042,1.023,1.133,95.902,98.693,10.142,106.796,1.036,1.082,1.077,107.732,96.545,10.973
4,450.421,99.333,1.017,1.121,1.119,108.986,101.926,10.419,103.661,1.036,1.082,0.958,102.874,97.837,9.992
3,451.639,10.166,1.012,109.407,94.672,96.174,1.047,99.958,11.125,1.103,109.953,100.724,98.208,1.068,100.903
4,451.785,115.221,1.041,1.108,1.067,107.312,108.475,10.83,109.222,0.97,1.14,1.082,98.886,109.935,10.656
1,451.911,11.279,105.7,99.349,105.437,98.506,11.111,1.06,10.034,105.723,103.846,99.643,105.368,10.94,0.937
4,452.237,114.821,0.996,1.028,0.956,98.689,96.152,11.217,102.789,1.095,0.978,1.077,102.989,98.406,11.236
1,452.875,10.264,105.775,103.55,105.207,101.627,10.558,0.999,11.668,109.498,109.828,104.575,109.345,10.88,1.07
4,453.075,102.01,1.041,0.989,1.044,104.789,111.407,11.021,98.433,0.974,0.983,0.978,95.457,103.554,10.841
3,453.129,10.962,1.073,99.776,106.534,100.46,1.051,104.699,9.532,1.021,104.329,110.15,99.441,0.973,95.378
2,453.182,113.08,1.011,116.913,105.139,98.573,1.103,111.541,106.717,1.089,118.622,112.953,111.863,1.037,114.073
2,454.005,107.499,1.055,117.334,104.796,99.253,1.082,107.064,104.937,0.949,103.458,100.302,106.74,0.982,113.924
4,454.159,97.748,1.011,1.058,1.135,110.45,104.759,9.559,102.789,1.06,1.115,1.094,102.269,111.332,10.452
1,454.297,10.626,111.102,109.923,115.505,99.412,10.178,0.976,11.727,104.332,105.619,109.913,108.271,11.578,1.008
4,454.332,107.722,1.127,1.102,1.024,109.374,107.568,10.957,110.231,1.058,0.977,1.043,93.748,106.276,9.99
1,454.636,9.98,115.37,110.994,105.766,101.143,10.267,0.967,11.698,103.636,111.53,115.682,102.583,10.203,1.011
2,454.922,100.862,1.01,116.841,105.185,97.309,1.079,104.501,95.535,1.045,103.396,113.032,109.846,1.008,111.731
4,455.044,103.504,1.011,0.993,0.969,108.887,98.213,10.452,108.563,1.111,1.058,1.123,99.09,95.332,9.934
3,455.234,9.539,1.008,107.133,96.606,100.791,1.051,97.469,9.517,1.038,99.685,103.071,103.465,0.988,105.577
4,455.239,106.008,1.032,1.105,1.005,99.075,104.711,10.74,110.828,1.09,1.006,1.029,96.37,96.629,10.399
3,455.379,9.961,1.019,99.865,99.752,97.673,0.962,108.533,10.855,0.996,109.448,102.8,101.136,1.019,109.113
2,455.405,99.334,0.951,114.165,107.204,109.562,1.074,114.397,99.579,1.011,111.163,102.239,105.116,0.988,103.139
2,455.846,110.112,0.989,100.535,108.709,106.36,1.139,103.529,106.221,0.935,100.733,117.103,114.846,1.046,113.646
1,456.864,11.174,102.983,109.437,101.005,102.473,9.922,1.035,10.646,118.487,100.205,113.242,109.553,9.869,1.0
4,456.866,106.316,1.143,1.139,1.005,95.398,111.171,10.807,102.652,1.014,1.036,1.107,95.606,101.239,10.529
4,457.134,105.84,1.021,1.044,1.023,105.362,108.646,10.63,112.149,1.069,1.092,1.045,98.496,107.558,10.603
1,457.487,11.483,110.18,100.31,118.102,107.337,10.387,1.038,11.027,101.426,113.147,107.593,92.765,11.169,1.059
4,457.754,103.153,1.064,0.969,1.068,95.672,109.564,9.885,108.652,0.981,0.983,1.031,104.869,103.856,10.213
2,458.056,96.395,1.0,118.865,112.117,98.686,1.105,112.547,110.449,0.998,106.244,99.527,99.727,1.072,111.744
3,458.1,9.532,1.02,97.88,102.972,98.208,1.033,102.375,11.154,1.07,105.562,98.227,98.165,1.018,99.673
4,458.479,104.706,1.144,1.031,1.073,95.611,95.682,9.916,97.501,0.973,1.119,1.091,104.844,107.478,9.867
1,458.739,10.095,103.394,110.487,100.025,99.694,10.53,0.931,11.329,103.173,103.858,111.373,104.301,11.418,1.088
4,458.833,97.741,0.981,1.081,1.044,104.861,103.433,9.755,112.256,1.084,1.105,1.002,110.698,107.201,10.878
1,459.334,11.246,106.714,110.016,117.719,103.411,10.536,0.953,10.437,113.575,96.164,111.972,95.511,11.315,1.078
3,461.041,9.829,0.964,102.106,106.77,97.956,1.067,104.328,9.725,0.988,107.479,100.213,99.529,1.077,107.282
3,461.135,9.599,0.996,96.428,95.434,105.352,1.024,93.878,10.837,1.066,101.855,96.456,108.056,0.963,102.499
1,461.245,10.291,100.628,98.943,109.641,93.841,11.122,1.069,10.19,112.797,99.737,109.685,94.295,10.817,0.976
4,461.378,102.833,1.028,1.048,0.958,99.234,107.857,10.34,114.316,1.028,1.012,0.978,102.893,100.554,10.566
1,461.385,10.556,107.852,103.55,107.611,109.155,11.688,0.949,10.506,110.671,110.127,107.055,98.415,10.856,0.972
1,461.617,10.256,112.212,105.232,109.684,97.707,11.302,1.098,10.951,117.391,97.595,111.919,100.043,10.77,1.03
1,461.969,9.898,115.348,97.799,110.214,105.437,11.65,1.036,10.138,117.193,108.551,101.722,107.725,10.942,0.964
1,462.013,10.835,109.941,108.317,108.682,97.349,10.296,1.006,10.916,107.75,105.861,107.394,105.986,10.071,0.929
3,462.236,9.912,1.107,102.484,108.78,106.997,0.974,100.474,10.097,0.981,93.536,101.019,99.393,1.054,96.49
4,462.306,107.621,1.003,1.133,1.021,95.823,110.933,9.676,114.175,1.108,1.036,1.091,97.834,100.395,9.779
1,462.396,11.29,101.745,98.328,110.94,101.886,11.593,0.959,11.623,113.888,99.15,117.444,103.279,11.411,1.068
2,462.699,100.727,1.091,118.211,104.492,111.84,1.121,102.769,104.945,1.098,100.772,101.108,112.506,1.03,101.959
4,462.913,115.379,1.131,1.062,1.075,107.644,107.837,10.604,115.221,1.0,1.026,1.097,100.411,99.222,11.126
1,462.977,10.229,102.326,106.96,100.712,97.338,9.997,1.008,11.458,101.569,112.794,103.796,98.92,11.174,0.974
3,463.497,10.689,1.069,108.091,109.635,100.006,1.02,93.741,10.587,1.04,99.755,97.188,101.108,1.087,93.407
1,463.648,10.916,105.822,99.44,116.911,108.733,11.307,1.098,10.649,108.927,106.654,117.022,100.646,10.146,1.054
4,463.877,103.469,0.985,1.111,1.102,104.155,95.229,9.572,99.725,0.983,0.995,1.106,95.945,100.063,11.191
4,464.017,103.638,1.076,1.133,1.097,109.355,101.214,9.776,105.988,1.124,1.043,1.073,97.23,107.538,10.636
4,464.184,103.034,1.146,1.068,1.025,94.901,97.815,10.496,97.98,1.1,0.993,1.015,107.422,109.821,10.515
1,464.315,10.453,103.173,111.521,110.94,95.589,9.966,1.0,9.948,99.828,110.893,111.799,109.345,10.695,1.009
4,464.605,100.557,1.014,1.132,1.107,103.704,94.058,10.42,100.045,1.045,1.079,1.112,106.147,94.336,9.734
3,464.643,10.176,1.127,106.829,108.32,106.409,1.037,105.575,10.2,1.114,102.253,97.842,108.384,1.103,106.526
1,464.66,11.359,107.75,101.977,116.452,93.773,10.18,0.991,11.417,118.022,98.328,103.357,105.905,11.311,1.041
1,465.601,10.162,112.958,110.253,114.326,102.473,11.689,1.08,9.955,100.883,100.021,110.94,105.993,10.462,0.935
1,466.156,11.728,112.699,104.758,117.525,104.94,11.437,1.058,11.511,106.041,113.611,114.154,106.393,10.424,1.056
2,466.643,96.132,1.007,105.375,108.085,96.923,1.11,102.739,101.311,0.992,115.047,98.994,104.072,1.06,105.008
2,466.771,98.338,1.044,106.233,104.375,113.287,1.045,103.495,108.773,1.0,117.171,115.384,104.266,1.022,111.925
1,467.988,10.397,113.359,96.24,103.816,98.116,10.995,1.102,10.687,113.265,112.721,103.357,104.295,11.622,1.029
4,468.728,101.08,1.051,1.136,0.973,101.191,109.432,10.838,113.152,1.042,1.026,1.085,101.855,102.894,10.189
2,468.96,110.53,0.949,115.556,112.892,114.15,1.109,116.343,110.361,0.938,118.423,112.098,113.975,1.053,112.47
3,469.432,10.3,1.039,110.333,103.024,96.128,1.065,107.852,9.823,0.977,93.695,109.703,96.685,0.952,94.559
1,469.999,10.015,112.838,98.787,108.605,108.906,11.396,1.073,11.204,111.728,99.102,99.597,97.339,9.958,0.993
3,470.092,10.048,1.07,109.94,107.026,95.77,1.038,98.584,10.437,1.042,100.446,108.845,104.671,1.065,93.5
2,470.138,108.73,1.034,109.082,106.407,101.831,1.066,99.265,99.386,0.94,101.266,109.659,98.013,1.017,105.725
4,470.76,104.9,1.075,1.048,1.122,99.299,95.429,10.952,103.032,1.023,1.135,0.979,106.515,93.778,10.343
2,471.363,100.063,1.091,105.898,98.716,96.923,1.012,114.927,101.328,1.053,100.517,101.406,102.241,1.105,114.906
1,471.466,10.409,111.328,109.248,110.671,94.404,10.233,1.008,11.202,99.939,110.146,101.627,97.256,9.859,1.057
3,471.854,10.43,1.041,107.792,106.052,102.913,1.004,104.788,10.43,1.085,102.137,105.917,102.879,1.031,105.711
1,472.633,10.968,111.602,97.189,108.728,92.304,10.625,1.045,9.898,108.384,97.632,118.117,99.041,10.11,1.04
4,472.859,108.443,1.146,1.041,1.052,107.978,109.359,11.126,108.769,1.139,0.99,0.973,99.574,107.522,10.906
4,473.131,104.8,1.028,0.969,1.062,104.706,105.159,10.484,104.249,1.061,1.029,1.087,101.924,103.627,10.601
3,473.162,10.183,1.045,93.057,105.582,106.106,0.965,107.282,9.701,1.031,108.896,104.754,105.774,1.001,101.928
4,473.331,110.99,1.024,1.027,1.0,93.278,105.829,9.611,112.333,1.076,1.094,1.058,102.07,104.525,10.588
3,473.491,9.584,1.089,108.807,98.607,98.323,1.027,92.589,10.802,1.016,96.628,96.968,94.109,1.019,101.938
2,473.684,96.773,1.1,102.768,112.756,110.467,1.125,109.738,106.136,1.033,110.303,101.47,109.712,1.137,107.85
1,473.747,10.85,108.566,98.183,115.531,100.029,11.591,1.063,11.171,116.659,100.78,105.006,104.719,11.079,0.977
1,474.02,10.565,114.29,105.039,104.774,109.084,9.998,1.037,10.911,117.914,97.205,116.745,94.052,11.46,0.976
1,474.035,10.002,114.752,103.806,103.086,96.44,11.364,1.014,11.392,101.412,103.619,101.194,95.332,11.523,1.039
4,474.542,105.066,0.986,1.095,0.985,98.08,106.975,10.938,108.889,1.103,1.123,1.131,102.537,104.03,10.955
4,474.684,103.92,0.991,1.036,0.955,104.207,97.168,10.333,115.451,1.017,1.026,1.113,104.461,95.781,10.365
2,474.69,96.915,0.988,112.464,113.762,105.678,1.012,100.058,98.757,1.073,105.58,111.765,97.598,0.982,105.047
3,475.329,9.653,0.962,100.689,100.516,104.172,1.051,102.357,9.982,1.02,94.325,96.872,110.037,0.979,97.54
1,475.629,11.475,104.087,113.408,112.391,102.927,10.942,1.073,10.377,117.587,109.243,113.239,103.597,11.185,1.011
3,475.838,9.84,1.114,105.834,96.85,97.376,1.09,105.852,10.74,1.121,95.647,98.508,106.66,1.036,101.918
3,475.838,10.962,0.982,92.953,106.536,94.469,1.05,93.798,10.596,0.967,109.731,107.785,104.31,1.041,104.952
4,476.111,98.411,1.123,0.968,0.987,105.27,105.589,10.0,109.784,1.114,1.062,0.99,101.491,100.841,11.325
2,476.13,106.24,1.076,118.747,102.75,98.733,1.145,115.721,105.571,0.996,102.714,116.442,101.241,1.003,101.376
3,476.374,10.029,0.996,101.006,94.659,106.431,1.045,105.711,9.737,1.025,98.421,104.126,110.037,0.974,101.628
3,476.599,9.793,1.005,99.707,104.417,96.064,0.963,98.425,9.549,1.006,109.407,108.413,99.083,0.951,104.982
2,476.614,105.064,1.046,115.331,99.421,97.313,1.144,104.643,102.267,1.086,117.814,114.049,107.919,0.973,102.903
2,476.625,111.027,0.951,104.006,114.517,112.757,1.02,101.122,111.486,1.015,100.326,116.196,100.799,1.101,105.743
1,476.696,11.573,114.702,97.186,109.284,99.041,11.562,1.078,10.073,114.752,102.364,107.994,98.516,10.255,1.011
1,476.828,11.091,112.765,99.872,115.857,104.41,10.985,1.062,11.188,112.824,103.996,104.676,109.337,10.874,0.971
1,476.974,10.361,117.587,104.011,101.848,92.948,10.611,0.99,11.517,112.322,97.464,107.958,102.715,10.864,1.016
2,477.588,112.46,0.956,105.689,105.401,98.467,1.035,113.172,96.978,0.988,108.802,113.138,97.598,1.139,113.857
3,477.902,10.105,1.099,103.52,104.009,102.188,0.987,103.996,9.758,0.967,93.864,102.436,99.788,1.037,108.691
3,477.944,9.729,1.019,110.013,102.571,103.113,1.055,92.394,9.73,1.014,100.68,96.927,108.517,0.977,109.506
3,478.586,10.342,1.138,104.203,97.839,103.2,1.117,102.503,11.274,1.084,99.843,96.71,107.197,0.951,102.24
2,478.635,98.162,0.974,101.055,98.884,105.951,1.093,109.805,112.996,0.996,111.318,115.71,100.452,0.985,114.251
1,479.189,10.449,116.443,107.7,116.615,104.698,11.296,0.973,10.646,116.679,97.665,114.033,96.75,10.167,0.939
3,479.2,10.031,1.101,98.762,102.027,99.04,1.073,96.783,9.747,1.018,107.662,102.635,108.958,1.072,107.427
3,479.503,10.575,1.096,94.579,102.274,107.614,1.12,94.468,10.918,1.017,93.943,108.199,109.95,0.969,93.14
3,479.514,10.458,1.089,93.23,103.976,101.133,1.025,95.584,10.27,1.111,107.196,98.689,104.675,1.067,96.367
1,479.532,11.347,118.456,105.169,104.352,109.24,10.293,0.98,10.635,103.887,109.243,99.466,95.298,9.923,1.102
4,479.598,98.257,1.014,1.124,1.043,104.224,104.738,10.133,97.371,1.132,1.075,1.031,105.386,99.986,11.084
2,479.877,110.97,1.053,103.522,113.165,105.653,0.968,114.081,111.825,0.983,110.334,102.239,103.856,1.147,104.698
3,480.198,9.943,0.97,94.397,109.88,94.659,1.04,95.201,10.599,1.036,93.701,97.611,100.971,1.057,101.225
2,480.592,104.618,0.999,102.14,113.442,111.906,0.984,101.656,112.835,1.087,114.82,116.073,99.224,1.107,98.884
2,481.176,110.547,1.092,115.556,104.345,109.73,1.03,111.072,104.065,0.949,115.891,103.815,100.865,1.091,110.716
4,481.264,100.009,1.14,1.017,1.031,108.035,111.272,11.334,99.502,1.059,1.106,1.135,97.33,98.366,10.241
4,482.009,99.906,1.083,1.022,1.013,93.534,95.414,10.977,114.207,1.076,1.108,1.067,93.804,96.232,10.54
3,482.374,9.555,1.137,99.092,94.184,99.14,0.98,98.556,9.949,1.049,95.659,96.602,106.568,1.11,92.869
1,482.858,10.668,110.55,97.799,105.006,94.273,10.104,1.055,9.983,102.41,112.365,111.684,93.863,10.004,1.082
2,483.128,103.236,1.047,114.628,102.313,114.959,1.138,104.336,103.693,0.955,106.176,116.807,107.006,0.982,103.54
2,483.307,102.967,1.0,103.129,116.203,103.677,1.124,99.541,110.709,1.104,106.228,107.829,106.218,1.125,115.66
1,483.383,10.613,110.932,99.349,115.969,104.82,11.703,1.052,9.873,103.861,106.386,115.119,96.475,11.622,1.026
4,483.482,110.984,1.004,1.006,1.121,101.571,99.039,9.636,100.026,1.128,1.082,1.042,106.332,111.231,10.827
4,483.51,102.553,0.989,1.125,1.054,109.397,97.507,9.635,112.984,0.966,0.987,1.067,106.908,108.317,10.551
2,484.094,109.979,0.938,118.865,104.963,103.843,1.123,114.964,95.676,0.948,102.358,114.265,101.105,1.03,112.071
3,484.279,9.961,1.029,109.129,101.246,101.542,0.959,93.23,10.793,1.032,99.663,106.635,96.632,1.001,94.389
3,484.413,10.642,1.071,103.948,108.511,104.97,0.96,92.638,10.944,0.998,98.144,106.69,103.253,1.033,105.04
3,484.872,10.399,1.099,98.62,101.194,101.674,0.983,93.87,9.665,1.058,93.062,108.746,96.301,1.029,105.852
4,485.132,102.141,1.102,0.986,1.13,104.123,96.426,9.896,99.359,0.986,1.144,1.041,93.43,97.603,9.92
3,485.33,9.554,1.104,109.407,103.134,100.384,1.127,103.507,9.499,1.124,94.154,94.568,94.417,1.089,101.918
4,486.066,110.067,1.022,1.113,1.005,93.534,107.706,10.404,100.529,1.01,1.093,1.09,103.205,107.663,10.112
4,486.474,101.801,0.971,0.979,1.031,105.356,104.891,9.962,108.943,0.981,0.978,0.961,99.806,98.307,10.788
1,486.727,10.738,117.494,112.326,103.51,92.349,10.193,0.958,10.287,102.983,103.686,105.816,104.154,10.185,1.027
1,486.82,10.979,110.139,111.035,106.394,98.107,11.05,0.932,10.923,107.022,112.158,103.358,101.029,11.596,1.054
4,488.164,112.677,1.005,1.035,0.957,97.763,106.021,10.838,104.096,1.144,1.115,1.082,97.205,100.928,10.295
3,489.221,10.175,1.083,105.227,109.106,96.779,1.123,95.171,10.939,0.981,99.131,110.377,107.274,1.02,93.625
4,489.882,112.422,0.999,1.045,1.088,105.167,105.968,10.288,97.544,1.118,1.136,1.016,93.466,109.564,10.943
3,490.293,9.974,0.993,106.235,99.764,101.203,1.076,103.347,10.992,1.08,106.138,102.595,95.651,1.059,104.389
2,490.324,107.034,1.098,113.676,106.724,114.038,1.137,102.533,97.658,0.945,101.487,115.482,108.634,1.015,101.871
4,490.591,107.463,0.968,1.126,1.087,107.978,97.983,9.965,113.381,0.998,1.13,1.119,99.726,105.702,11.173
3,490.628,9.94,0.97,94.712,96.872,103.519,1.093,95.673,11.261,1.109,100.207,109.158,106.878,1.024,93.369
4,491.291,101.477,1.104,1.02,0.982,107.946,94.858,11.119,99.603,1.116,1.054,1.107,109.524,107.454,10.624
4,491.605,98.459,1.034,1.023,0.957,107.414,106.836,10.11,104.822,1.028,1.043,1.065,97.832,104.532,9.621
4,491.661,107.661,1.066,1.026,1.063,95.58,94.143,9.754,103.352,1.07,1.027,1.094,106.201,101.538,10.374
3,492.058,10.906,1.113,99.663,102.275,94.081,1.111,98.256,9.84,1.046,96.128,106.302,105.3,0.968,95.991
2,492.688,113.276,1.096,111.576,112.089,101.229,1.151,111.623,105.605,0.993,106.276,105.209,113.329,0.975,111.794
1,492.917,11.579,99.979,102.53,112.693,97.927,11.598,1.006,10.526,106.543,101.442,116.267,105.4,11.562,1.026
4,493.129,99.97,1.066,1.116,0.979,97.201,108.356,9.67,113.239,1.116,0.97,1.081,96.224,99.221,10.651
4,493.171,109.784,1.083,0.995,0.966,104.333,107.052,10.388,97.503,0.986,1.138,1.03,93.639,103.433,9.755
2,493.855,95.506,1.013,105.916,100.767,99.798,1.008,114.073,101.855,0.942,102.507,115.237,105.596,1.038,111.131
4,494.31,105.891,1.118,1.111,1.033,106.838,94.725,10.177,105.644,1.053,1.032,1.082,106.558,95.759,10.933
3,494.396,10.35,0.975,102.484,97.01,98.56,1.012,104.427,10.504,1.142,96.201,109.378,97.724,1.071,92.44
2,494.414,107.261,1.106,111.163,117.402,97.772,1.011,115.571,109.067,1.034,100.311,113.65,97.998,1.119,116.771
2,494.572,100.317,1.037,112.751,109.199,111.732,1.1,112.962,97.268,1.027,111.474,107.266,114.911,1.026,110.014
3,494.941,10.757,1.039,107.66,98.564,93.76,1.003,102.986,10.246,1.107,100.661,100.336,93.581,0.96,93.655
1,494.978,10.594,109.55,104.706,112.716,100.533,11.563,0.991,10.783,107.75,98.943,101.429,96.104,11.587,1.058
4,495.167,103.708,0.972,0.977,0.993,108.046,107.966,9.673,103.617,0.981,1.14,1.105,102.746,94.826,10.624
2,495.889,95.4,0.995,112.752,103.615,102.332,1.012,112.998,109.188,0.986,110.399,113.996,113.287,1.01,99.893
2,495.93,101.38,1.095,100.772,115.285,97.348,1.079,111.34,101.243,1.021,113.106,104.802,111.23,0.97,106.165
3,496.005,10.825,1.104,105.218,105.099,106.885,1.037,102.408,11.063,1.075,94.325,93.899,98.547,1.083,96.793
3,496.713,10.29,1.054,97.225,109.058,102.891,1.046,103.548,9.704,1.103,107.794,102.992,101.236,0.995,94.105
2,496.759,96.009,1.003,100.827,101.75,112.757,1.086,115.241,110.354,1.014,100.558,113.112,114.281,1.002,112.551
3,496.763,9.825,1.012,97.847,110.386,108.167,1.024,108.87,10.712,0.982,101.904,108.747,110.76,1.125,105.263
1,496.926,10.854,101.123,111.662,114.588,101.276,11.538,1.059,11.119,109.538,110.939,104.393,96.423,10.647,1.091
4,497.165,112.322,1.12,1.058,1.01,94.014,111.282,9.941,100.777,1.142,1.071,1.047,103.704,109.173,11.288
4,498.168,107.067,1.089,1.074,0.999,95.408,107.202,10.216,113.105,1.03,1.099,0.971,104.711,96.979,11.039
2,498.311,112.011,0.932,108.287,99.401,109.511,1.014,116.252,108.628,1.107,112.926,105.018,108.614,1.086,102.069
3,498.928,11.173,1.062,109.048,97.229,96.62,1.118,95.45,9.605,0.976,100.568,96.783,101.72,1.122,108.848
4,498.96,115.29,1.091,1.118,1.102,96.852,106.457,9.652,113.083,1.083,1.09,0.989,110.167,105.159,9.807
2,498.972,101.525,0.977,102.692,114.019,107.477,1.033,106.969,110.97,1.044,110.125,110.594,104.168,1.102,113.857
2,499.412,105.462,1.036,107.369,112.089,113.815,1.038,113.761,105.968,0.952,112.969,107.529,101.243,1.021,116.139
3,499.416,10.836,1.084,94.154,99.069,95.296,1.023,96.04,10.918,1.011,93.694,106.73,104.82,1.09,103.154
3,499.555,9.664,1.107,95.217,99.1,99.587,1.067,100.272,10.992,1.002,108.115,97.501,107.1,1.015,104.013
1,499.675,10.965,99.828,96.983,113.81,99.226,10.73,0.979,10.578,109.098,96.055,112.327,92.948,10.575,1.07
4,499.801,105.268,1.123,1.06,1.017,104.598,104.171,11.039,102.883,1.118,1.079,1.126,93.528,106.446,10.788
3,499.996,10.43,1.07,103.157,108.726,93.792,0.971,103.003,10.51,1.069,109.957,102.274,98.165,1.111,106.424
2,500.66,104.931,0.949,110.61,102.533,113.519,1.079,101.701,101.964,0.961,108.565,101.406,111.104,0.971,115.702
3,500.678,10.217,1.133,96.443,99.297,94.72,1.029,105.9,10.932,1.131,95.117,109.797,108.069,1.091,102.357
3,500.807,9.627,1.041,109.83,96.732,96.516,1.094,98.955,10.397,1.089,101.755,93.716,94.417,0.967,99.351
4,501.507,114.207,1.083,1.127,0.979,103.426,105.964,10.585,110.938,1.051,1.139,0.989,101.46,111.231,11.279
2,501.61,111.353,1.045,113.722,98.884,114.05,1.124,109.803,99.499,1.054,109.874,113.165,114.132,0.995,111.23
2,501.767,107.567,1.021,118.7,103.663,112.295,1.001,114.747,106.581,1.106,100.539,114.679,102.969,1.113,109.598
1,502.339,11.379,102.786,107.753,113.496,107.328,9.86,1.061,10.576,100.122,100.25,102.402,98.801,11.276,0.931
2,502.586,97.793,1.027,106.763,117.039,102.807,0.995,107.697,96.915,0.995,101.779,102.976,109.48,1.093,104.501
2,502.738,106.402,0.973,118.211,110.437,112.255,1.068,103.495,100.628,0.947,115.485,113.109,112.088,1.076,107.478
3,502.864,9.942,1.011,110.013,109.702,109.314,0.967,93.407,10.175,1.043,93.536,109.132,104.001,1.099,109.228
3,502.879,9.646,1.116,97.848,96.606,97.956,1.119,97.106,10.501,1.111,108.443,109.828,110.596,0.968,107.427
2,503.181,101.24,0.954,117.428,109.086,106.902,1.011,101.088,102.242,1.087,102.54,104.128,105.554,0.989,116.659
2,503.292,104.018,1.07,108.164,108.434,100.89,1.133,112.042,102.219,1.064,100.349,102.575,111.77,1.15,110.274
3,503.903,11.274,1.069,95.659,105.099,99.746,1.103,101.921,9.599,1.055,103.245,98.674,99.33,1.099,96.417
2,504.459,111.368,1.078,105.529,115.81,100.799,1.002,106.498,98.1,1.094,113.317,102.789,110.136,0.999,114.125
4,504.519,100.817,1.141,1.115,1.06,96.128,100.757,9.682,99.371,1.115,1.01,1.057,110.539,106.418,11.287
2,505.006,112.456,1.084,110.334,99.189,96.906,1.051,110.829,111.086,0.961,100.311,106.663,101.35,1.065,115.323
3,505.34,10.507,0.995,110.495,96.968,107.789,1.108,102.326,10.536,0.969,96.216,97.277,108.676,1.113,101.359
1,505.344,11.242,101.892,97.415,104.049,107.184,11.236,1.006,11.347,109.176,102.518,114.8,100.519,11.17,1.03
2,505.445,101.732,1.0,105.33,104.727,107.477,1.051,101.706,109.053,0.96,114.783,108.988,98.911,1.033,114.906
2,505.902,96.024,1.013,105.898,112.642,110.946,0.968,105.743,109.572,1.022,109.628,112.083,97.998,1.094,98.762
2,506.044,102.142,1.059,115.254,103.481,108.006,1.04,106.888,99.249,1.04,116.396,110.472,105.017,1.0,104.726
2,506.218,99.785,1.024,118.472,116.284,99.25,1.059,112.546,97.734,1.063,118.472,99.344,102.484,0.986,115.733
1,506.467,10.313,105.822,108.765,116.068,106.106,11.111,1.036,10.238,106.371,98.036,114.312,100.502,11.255,0.986
2,506.991,109.021,0.974,107.338,110.393,100.503,1.108,113.11,96.9,1.057,102.347,116.482,99.568,1.151,107.301
1,507.235,10.828,104.548,101.926,116.743,100.017,9.932,1.005,10.605,100.446,110.983,109.44,98.802,10.426,1.002
2,508.292,105.592,1.009,110.469,104.442,106.213,0.997,108.23,98.609,1.051,102.171,108.164,106.522,1.132,105.909
1,508.609,11.352,103.241,110.695,111.292,100.92,11.235,1.072,10.904,115.649,112.276,111.954,92.912,11.114,1.073
3,508.732,9.509,1.034,98.134,106.367,108.041,1.069,106.051,10.048,1.018,110.411,109.379,93.792,0.972,109.357
1,508.739,11.361,104.332,113.748,106.25,107.999,10.176,1.019,11.151,108.921,98.885,100.68,108.474,10.656,1.089
3,508.813,10.708,1.003,99.725,96.94,99.33,1.052,107.053,9.835,0.986,95.695,99.752,101.94,1.067,99.865
4,509.638,103.028,1.027,1.013,1.13,102.541,111.28,10.468,100.361,1.067,1.124,1.049,106.908,100.745,11.065
1,509.818,10.181,109.669,112.315,103.765,104.882,10.808,1.041,11.39,107.852,102.401,115.432,106.207,10.009,1.071
1,509.929,9.991,115.37,111.894,111.868,95.53,11.523,0.978,11.372,117.489,103.918,108.956,107.566,11.416,0.955
3,509.968,9.896,1.122,97.4,110.019,102.251,1.069,92.766,10.144,1.083,101.189,95.019,104.088,0.998,103.548
3,510.458,10.085,1.059,110.37,102.073,97.436,1.103,98.17,9.715,1.114,99.857,109.41,110.042,1.071,95.903
3,510.528,10.738,1.119,110.159,98.686,96.574,0.988,106.244,10.643,1.003,107.255,102.062,106.246,1.127,101.647
2,510.741,103.392,0.971,103.522,116.45,106.828,0.978,105.943,107.219,0.951,100.17,100.656,98.075,1.083,109.149
2,510.744,103.983,1.034,107.667,112.089,103.326,1.104,107.526,97.073,0.945,112.848,107.195,102.149,1.058,114.004
1,511.033,11.394,111.317,103.846,113.613,98.777,10.94,1.09,10.012,104.231,101.108,113.803,105.051,10.439,0.975
2,511.572,104.318,0.939,114.305,105.046,103.963,1.128,101.73,105.949,0.95,114.97,103.712,104.168,0.975,102.301
4,511.764,115.576,0.983,1.025,1.117,97.163,95.229,10.195,102.363,1.141,1.0,1.059,108.694,97.392,10.906
4,512.577,111.755,1.02,1.109,1.117,96.066,96.779,10.035,99.983,0.968,0.995,1.061,110.642,102.267,10.248
2,513.942,110.709,0.969,114.628,110.365,99.484,0.973,101.643,96.132,0.968,101.377,101.057,105.818,0.984,98.877
4,514.366,105.44,1.003,1.053,1.121,103.893,106.249,10.137,104.994,1.147,1.019,1.115,108.83,109.3,10.82
3,515.355,9.617,1.115,109.612,109.953,97.673,0.968,102.755,9.483,1.054,108.261,103.517,104.719,0.963,101.918
4,515.646,98.764,1.058,1.045,1.021,93.994,103.948,10.07,108.52,1.13,1.056,1.116,103.98,103.381,10.16
2,515.667,112.378,0.972,102.237,114.299,114.95,1.016,116.836,105.068,1.021,103.634,110.576,105.512,1.088,99.531
1,515.67,10.632,117.289,100.325,113.614,101.991,11.709,1.034,10.441,100.362,95.818,107.009,95.021,11.422,0.967
4,515.854,107.96,1.014,1.104,1.003,104.561,108.94,10.388,114.018,1.006,1.098,1.006,100.376,106.963,10.86
2,516.273,101.278,0.995,106.534,114.314,96.906,1.148,111.594,106.443,1.105,108.221,115.648,114.911,0.969,111.794
4,516.396,106.237,1.118,0.983,1.084,110.431,106.503,10.845,104.706,1.025,0.967,0.973,97.205,109.3,9.695
3,516.397,10.052,0.986,107.519,97.116,98.367,0.952,98.74,10.384,1.095,99.525,96.398,94.337,1.119,106.287
3,517.688,10.134,0.971,93.033,108.757,100.835,1.019,108.914,10.771,1.106,103.142,108.032,104.137,1.128,107.271
3,517.855,9.705,0.996,104.021,108.199,108.925,1.102,105.89,9.966,1.099,98.56,94.544,94.585,0.968,99.621
1,518.335,11.171,108.539,108.212,105.912,104.692,10.842,0.999,11.395,117.804,98.1,111.211,105.532,10.817,0.942
3,518.596,11.144,0.981,93.466,99.864,109.948,1.095,98.237,10.508,1.085,107.388,104.312,109.952,0.99,96.793
2,519.024,106.772,1.003,108.849,114.493,108.96,1.113,109.895,103.89,1.024,110.825,105.554,97.52,1.107,115.36
2,519.233,102.142,1.044,106.04,107.439,106.39,1.083,116.175,112.012,1.08,108.38,104.584,113.719,1.149,110.411
2,520.458,100.792,0.989,112.882,109.309,99.296,1.097,102.524,100.041,1.082,118.026,109.943,114.758,0.986,105.365
3,520.609,10.529,1.133,107.826,106.889,109.125,1.0,103.883,10.507,1.073,100.316,104.241,93.973,1.067,99.553
3,522.512,9.548,1.13,102.367,103.698,100.687,1.019,99.902,10.456,0.987,102.965,99.428,101.816,1.011,99.851
4,522.664,106.188,1.084,1.038,1.034,93.257,94.57,10.168,108.147,1.03,1.092,1.101,103.622,97.53,11.191
1,522.966,10.609,109.054,107.768,117.143,97.557,11.033,1.077,9.921,115.226,98.373,108.638,104.479,10.826,0.973
2,524.235,106.526,1.057,118.04,101.499,107.194,1.11,99.071,95.533,1.081,111.149,116.604,112.568,1.146,99.093
4,524.368,108.579,1.09,1.125,0.972,102.032,99.926,10.827,109.129,1.127,0.979,0.991,95.805,110.439,9.608
4,525.217,98.6,1.042,1.123,1.002,101.166,105.32,10.328,105.557,1.034,1.131,0.975,99.64,94.573,10.807
3,526.258,10.237,1.135,109.409,103.52,98.208,1.106,108.456,10.976,1.085,107.541,110.188,105.691,1.122,105.7
2,526.513,96.606,0.98,110.318,102.141,98.532,1.032,112.59,108.901,0.955,110.173,98.992,114.845,1.01,101.607
3,526.939,9.559,0.982,108.287,101.966,103.603,0.991,101.833,9.518,1.025,108.551,109.828,94.991,0.996,104.591
2,527.214,108.773,0.971,108.061,114.733,110.28,0.984,110.016,106.315,1.048,116.999,103.041,105.046,1.049,100.165
2,527.362,111.711,0.983,104.229,111.753,110.713,0.987,114.861,101.732,0.962,118.759,114.892,103.558,1.058,112.728
3,527.571,10.067,1.112,99.362,94.014,102.435,1.007,107.211,9.726,1.066,106.558,104.126,105.885,1.068,107.048
1,528.394,10.471,102.287,112.913,101.127,98.009,10.712,1.089,9.948,116.882,102.529,106.939,97.851,11.466,0.983
1,528.396,11.712,118.013,104.481,116.108,105.822,11.185,0.955,10.542,104.101,99.822,103.489,105.833,10.002,1.006
2,529.326,100.041,0.977,118.054,108.121,103.848,1.049,114.96,100.126,1.084,111.639,112.233,114.194,1.103,117.189
4,529.789,99.252,1.011,1.113,1.097,100.853,100.214,9.637,104.427,1.005,1.022,1.106,99.783,102.984,9.546
4,530.006,108.872,1.022,1.06,1.104,101.53,96.672,10.07,98.354,1.138,0.996,1.084,101.625,104.682,10.59
1,530.095,10.927,111.586,112.91,118.218,105.273,11.644,1.091,10.102,101.313,111.07,103.948,108.474,10.835,1.1
2,530.341,108.072,1.099,113.6,109.366,101.622,1.061,109.863,105.406,0.931,111.213,112.765,109.175,1.019,105.489
4,530.466,109.679,1.024,1.022,1.01,93.941,94.697,10.972,108.295,0.999,1.08,1.004,110.074,106.059,10.405
2,530.574,112.691,1.027,111.149,103.393,100.073,1.079,103.416,101.145,1.027,105.898,107.35,114.328,1.098,111.295
1,531.164,10.39,105.429,111.478,114.213,92.511,10.39,0.975,11.402,105.954,98.795,100.509,99.412,10.692,0.962
2,531.516,107.564,1.053,109.05,102.983,110.268,1.107,104.849,96.395,1.07,102.35,101.033,100.319,1.026,112.485
4,531.628,106.022,1.041,1.06,0.963,110.578,95.772,11.082,100.905,1.11,1.138,0.957,107.909,109.698,10.572
2,531.634,100.792,0.968,116.918,110.676,97.906,1.082,114.971,110.361,0.966,111.866,104.249,97.627,0.981,102.684
3,531.924,9.825,1.128,95.697,105.658,104.927,0.997,96.667,10.105,1.06,108.551,105.583,95.169,0.954,108.443
2,532.037,101.818,1.079,111.076,114.745,100.438,1.073,109.821,95.311,1.071,109.945,98.978,105.095,1.014,105.503
2,532.265,99.598,1.022,107.186,102.575,109.917,1.12,105.924,111.711,1.049,118.865,105.143,109.078,1.127,107.991
4,532.289,100.395,0.969,1.084,1.045,101.957,106.961,10.642,108.973,1.005,1.034,1.032,104.796,93.776,10.59
3,532.359,11.178,1.121,104.013,93.324,99.808,1.015,94.161,10.24,1.11,97.144,101.541,101.674,0.952,104.827
4,532.499,109.097,1.005,0.984,0.993,104.391,110.255,11.341,105.729,1.053,1.029,1.022,103.333,95.284,9.565
4,533.053,105.006,1.067,0.97,1.084,108.046,102.771,11.155,97.835,0.991,0.998,1.073,106.805,110.805,10.188
1,533.146,10.443,108.755,97.639,110.006,104.429,10.002,0.933,10.339,117.564,99.981,112.327,96.719,10.861,0.955
2,533.193,110.959,0.945,109.024,113.165,114.221,1.149,110.429,101.954,1.012,106.669,102.351,102.173,0.993,114.02
1,533.415,10.011,100.395,96.114,107.805,94.199,10.026,0.946,11.246,114.14,109.216,117.444,94.164,11.554,1.006
1,533.556,11.26,106.757,111.99,101.191,106.719,10.584,1.053,10.397,113.942,103.027,110.384,99.756,11.03,0.98
1,533.621,10.765,111.91,99.717,116.327,102.635,10.233,1.06,10.321,104.548,111.421,111.846,109.24,10.336,1.084
2,533.711,110.286,1.055,114.305,98.992,100.094,1.13,112.904,105.639,1.02,106.571,104.345,110.198,1.048,109.57
1,533.713,10.591,116.735,107.437,110.671,109.328,10.585,1.029,11.097,102.925,100.231,105.317,95.143,10.637,0.977
1,533.718,10.15,101.412,100.605,103.358,102.285,10.285,0.935,10.929,107.178,100.597,103.639,97.707,10.219,1.09
4,534.437,108.563,0.996,0.987,1.007,93.165,111.171,10.972,110.088,1.041,1.064,0.976,101.099,95.729,11.065
4,534.784,110.781,1.067,1.081,1.072,102.135,102.975,10.442,111.429,1.033,1.09,1.106,94.884,102.509,10.689
4,534.907,109.05,1.134,1.106,1.022,106.478,97.544,11.031,111.208,1.019,1.041,1.03,110.205,108.09,9.617
2,534.915,113.08,1.09,103.19,114.255,106.99,1.041,99.33,105.833,0.958,102.073,101.499,111.379,1.079,103.166
4,536.03,114.517,1.116,0.969,1.02,105.496,100.913,10.351,98.843,0.993,1.064,1.007,95.459,104.682,9.842
2,536.099,95.655,1.068,111.5,115.71,97.627,1.056,102.234,97.637,1.104,107.009,117.07,113.373,0.968,114.363
4,536.251,100.501,1.138,1.069,1.031,104.883,110.73,11.196,102.843,0.964,0.989,1.101,106.874,108.152,11.065
2,536.403,98.218,1.045,111.643,104.175,99.553,1.091,106.735,102.267,1.023,106.691,106.57,114.312,0.98,108.951
2,536.866,104.497,0.983,111.388,114.885,111.706,1.1,110.729,98.813,0.971,111.941,103.401,100.065,1.025,98.762
1,536.899,10.531,104.334,97.463,104.636,99.209,10.801,1.099,10.865,104.618,100.31,110.966,105.559,9.9,1.099
2,537.014,104.465,1.001,107.862,104.345,110.946,1.012,114.251,108.956,1.058,111.286,99.077,113.338,1.027,107.61
2,537.047,111.145,1.028,105.898,113.587,114.241,1.13,110.5,99.209,1.003,102.659,112.797,98.075,1.111,103.193
3,537.162,10.646,1.1,95.501,109.826,95.93,1.102,99.601,11.174,1.035,101.189,108.726,99.858,1.115,95.052
3,537.287,11.253,1.109,100.893,102.072,101.82,1.094,106.258,9.715,1.035,99.401,98.665,107.317,0.954,108.001
1,537.515,10.979,108.265,110.567,104.45,105.722,10.424,1.046,11.252,109.526,100.083,111.889,107.778,10.485,0.988
3,537.634,9.578,0.988,107.215,96.296,108.439,0.968,107.066,10.991,1.058,100.895,99.904,102.251,1.02,97.487
4,537.855,101.713,1.137,1.124,1.026,94.341,104.453,9.659,115.54,0.997,1.138,0.961,94.021,96.885,9.563
2,538.125,99.499,0.995,112.105,107.035,98.618,1.108,106.369,109.872,0.993,108.214,107.995,102.89,1.103,105.397
2,538.489,99.463,0.995,105.533,107.439,100.567,1.048,105.775,110.374,1.0,115.74,102.761,107.472,1.027,112.384
1,538.509,10.202,114.177,108.218,111.105,93.134,10.811,1.06,10.967,109.176,100.957,112.932,104.429,11.382,0.962
4,538.975,108.47,1.118,1.139,1.132,93.534,99.035,10.631,97.98,1.044,1.054,1.127,110.539,101.473,10.426
4,539.283,115.284,0.971,1.041,1.005,103.893,108.893,10.884,99.045,1.13,1.083,1.128,97.103,96.305,9.559
1,540.586,10.986,108.976,103.071,117.573,93.924,10.462,0.978,10.613,108.984,102.762,102.163,109.24,10.039,1.053
4,540.59,115.622,1.084,1.065,1.027,99.814,99.439,10.881,104.427,1.12,1.007,1.125,101.368,109.821,11.256
1,540.655,11.173,114.482,106.501,109.406,97.87,10.455,1.034,10.793,112.609,111.857,111.846,107.725,10.963,1.075
4,540.782,104.539,1.069,1.135,0.987,109.24,93.845,9.654,111.342,1.051,1.061,0.982,97.832,94.143,11.236
1,540.99,10.96,109.943,113.363,104.028,94.059,11.403,1.065,10.71,117.564,103.54,100.517,99.691,10.908,1.082
4,541.109,112.254,1.092,1.115,1.121,108.748,111.188,9.916,107.3,1.142,1.134,1.118,105.899,108.084,11.147
2,541.138,108.859,1.098,116.073,99.481,98.473,1.0,101.469,111.162,1.007,108.788,107.472,111.313,1.055,109.167
2,541.655,111.609,1.057,111.861,106.816,110.574,1.055,116.314,110.13,0.974,109.798,115.315,109.445,1.034,110.692
3,541.687,10.052,1.035,96.107,102.653,100.585,1.126,108.103,10.828,1.14,93.033,102.23,107.447,1.125,107.557
3,541.694,9.711,0.986,106.801,102.917,109.948,1.095,100.36,10.771,0.975,107.662,108.933,95.77,1.108,94.441
4,542.425,107.271,1.136,1.047,1.009,105.018,108.519,10.927,110.251,0.996,1.106,0.971,104.944,104.967,11.247
1,542.462,11.571,103.259,110.766,113.341,99.352,10.744,0.963,10.481,112.9,99.981,106.119,106.393,11.416,1.037
3,542.465,10.501,0.964,95.628,101.149,99.705,0.984,94.472,9.564,0.998,107.73,108.757,103.865,1.074,101.647
2,542.613,105.239,0.96,117.391,117.103,114.328,1.0,115.73,98.093,1.072,117.977,115.81,102.193,1.113,102.247
2,543.005,108.509,0.996,108.745,112.537,101.221,1.038,110.435,101.315,1.01,103.522,113.706,99.849,1.069,102.542
3,543.84,10.922,1.022,109.783,97.674,107.125,0.985,101.616,10.45,1.069,101.834,102.014,101.438,1.105,103.003
4,544.382,109.588,1.03,0.983,1.123,110.723,98.33,9.546,108.253,0.982,1.114,1.111,109.512,102.183,10.529
2,544.415,96.646,0.965,102.335,117.103,100.296,1.072,110.397,106.598,0.94,118.026,101.159,101.27,1.073,113.924
1,544.883,10.383,103.719,110.529,104.792,106.775,11.248,0.96,10.916,112.838,102.264,105.802,108.733,10.467,0.984
1,544.903,11.279,108.58,109.981,101.627,106.394,11.007,0.978,10.431,103.269,102.571,107.001,107.535,11.318,1.067
2,545.442,95.311,1.055,115.893,111.555,110.067,1.002,101.569,104.063,1.01,101.628,108.273,113.519,1.114,106.391
2,546.699,98.162,0.971,111.019,102.513,97.773,1.069,104.419,106.867,0.954,106.244,101.777,99.307,1.147,106.661
1,547.659,11.129,103.861,104.501,108.605,105.532,11.128,1.1,10.995,118.487,107.858,109.446,93.395,10.872,1.047
1,547.681,9.914,118.38,99.717,100.079,98.046,11.568,0.962,9.914,103.18,96.281,116.34,96.799,11.126,0.957
4,547.836,100.288,1.147,1.117,0.961,100.647,105.389,9.652,98.366,1.08,1.05,0.969,100.439,107.599,10.916
3,548.384,9.773,1.142,95.873,109.1,100.576,0.991,101.834,9.742,0.975,98.254,103.382,107.855,0.964,93.675
4,548.454,111.844,1.142,1.136,1.12,94.661,94.078,9.992,113.481,0.993,1.098,1.044,97.491,100.845,10.127
2,548.969,104.685,0.939,100.017,114.805,104.803,1.143,104.592,99.102,1.013,110.961,99.467,103.67,1.014,108.453
2,549.593,97.697,1.024,105.836,102.056,102.969,1.069,107.602,100.171,0.988,104.979,104.128,107.344,1.136,100.365
3,549.815,10.712,0.995,101.986,96.104,104.032,1.044,104.483,11.045,1.081,101.733,93.99,109.968,0.96,104.896
4,550.234,114.31,1.065,1.038,1.125,107.824,103.775,10.009,102.189,1.009,0.99,1.055,109.752,110.967,9.882
4,550.366,110.69,0.985,1.078,1.108,98.496,100.537,10.47,99.359,1.068,1.083,1.091,95.625,109.413,9.652
3,550.493,10.761,0.994,110.159,102.098,104.599,1.099,93.409,9.705,1.015,102.316,92.949,95.93,1.011,109.434
4,551.275,101.595,1.112,1.074,1.078,101.713,95.992,10.791,105.262,1.053,1.022,1.107,101.184,107.764,10.389
2,551.619,108.034,0.963,104.401,115.315,102.712,1.025,116.996,111.678,1.034,101.652,111.132,101.451,1.065,99.069
4,551.863,108.582,1.083,0.979,0.995,104.894,109.183,9.756,99.32,1.034,1.0,1.058,107.644,95.322,10.557
1,551.897,10.214,115.003,96.879,112.198,92.486,10.676,1.068,10.084,115.226,100.315,111.029,109.427,11.584,1.01
3,552.045,9.759,1.043,103.244,102.808,94.608,0.973,103.09,10.976,1.019,105.343,102.992,100.46,1.126,95.937
3,552.299,9.89,1.114,106.147,104.077,95.038,1.005,109.736,9.942,1.051,103.146,105.017,93.598,1.117,92.507
3,552.668,10.877,0.982,107.471,96.737,98.089,0.967,99.311,9.479,1.076,105.693,109.9,96.57,1.029,100.106
3,553.023,9.936,1.005,95.802,110.279,100.03,1.022,97.405,10.853,1.084,109.652,107.276,99.331,1.041,105.345
1,553.255,10.092,117.289,101.044,104.533,101.25,10.466,0.944,11.161,115.814,98.611,104.575,96.65,10.864,1.008
3,553.351,10.199,0.999,97.839,106.143,106.031,0.954,108.1,10.877,1.069,97.501,93.918,99.467,1.092,98.65
2,553.847,99.627,1.0,117.002,99.986,99.059,1.133,107.692,109.156,0.972,114.252,107.349,110.304,1.024,116.541
3,555.109,9.559,1.062,97.804,97.674,106.344,1.128,107.036,10.551,1.092,103.858,99.169,106.995,1.091,103.186
4,555.535,97.658,1.103,1.058,1.027,105.3,103.926,11.211,114.419,0.975,0.97,1.106,95.805,107.147,10.841
3,555.771,11.024,1.043,99.525,109.094,98.208,0.976,94.472,10.399,1.133,101.319,110.241,95.969,1.05,93.675
4,555.829,100.104,1.034,1.141,1.081,94.585,104.416,10.53,106.271,1.1,1.005,0.995,103.974,106.777,10.843
3,555.91,9.499,1.079,108.655,101.659,93.969,1.055,93.918,11.261,0.996,107.498,98.597,93.989,1.037,109.228
3,556.095,11.25,1.105,109.668,104.093,93.598,1.059,105.799,10.412,1.128,104.099,92.898,108.619,1.098,93.741
1,556.108,10.38,112.854,97.186,108.724,105.437,9.967,0.991,10.476,114.822,102.475,117.781,99.806,10.108,1.102
4,557.372,110.77,1.12,0.97,1.131,97.628,110.483,9.678,111.466,1.126,0.98,1.066,98.452,95.401,10.723
2,559.568,107.008,0.954,110.163,102.438,100.319,1.036,108.956,108.497,0.994,108.629,116.526,103.085,1.012,108.852
1,560.393,10.0,105.308,99.587,104.518,108.953,10.018,1.1,11.498,103.673,104.223,106.493,106.249,11.711,0.98
2,561.166,108.73,0.984,118.026,104.504,110.248,1.12,106.048,99.543,0.933,106.16,108.434,107.708,1.109,108.115
2,561.492,105.406,0.976,114.52,112.388,102.712,1.03,102.156,111.53,0.958,100.889,104.802,113.976,1.092,104.967
4,561.652,111.233,1.137,0.977,1.002,97.752,96.051,10.408,110.748,1.114,1.094,1.001,107.18,100.004,9.538
4,562.835,110.656,1.133,1.099,1.044,110.455,106.487,10.135,104.415,1.0,1.033,1.078,108.884,108.178,10.457
1,563.078,10.258,107.704,108.071,113.614,105.984,10.772,1.079,10.681,102.792,112.817,112.868,92.723,11.107,1.066
3,563.727,10.855,1.134,110.034,106.481,102.913,1.087,101.687,10.935,1.054,110.35,98.581,108.147,1.006,108.721
1,564.251,10.933,118.444,101.699,104.028,105.743,10.293,1.066,10.062,114.749,100.034,106.25,109.293,10.645,1.088
1,564.264,10.57,104.334,95.94,106.046,105.31,10.282,1.0,10.287,114.401,104.893,117.833,99.226,11.578,0.942
2,564.29,105.605,1.064,103.951,116.126,97.171,0.987,104.336,110.382,1.02,105.916,111.531,101.754,1.146,104.698
2,565.294,104.885,0.937,109.5,100.887,111.313,0.979,114.836,102.593,1.089,103.711,100.116,107.722,1.035,98.762
1,565.615,10.378,102.88,106.96,100.647,100.47,11.271,0.965,9.956,113.92,98.883,104.236,99.211,11.131,0.959
4,566.089,106.767,1.023,1.105,0.996,98.35,111.215,10.095,109.959,1.003,1.114,0.996,102.809,99.271,10.171
2,567.21,95.444,1.081,118.719,117.357,104.115,1.096,114.228,108.323,0.999,103.473,100.699,99.739,1.021,109.806
3,567.26,10.008,0.998,110.442,102.917,99.14,1.071,105.7,10.544,1.113,106.829,109.76,110.753,1.066,97.552
1,567.637,11.29,101.976,98.369,104.745,105.355,10.162,0.944,10.886,111.317,98.599,113.419,97.539,11.569,1.035
1,567.94,10.216,116.073,99.304,117.827,103.067,10.561,1.069,10.241,107.806,106.185,106.846,101.596,10.608,0.999
1,568.628,10.069,115.02,100.126,110.363,101.336,11.143,0.938,11.662,117.493,106.963,99.793,104.429,10.874,0.963
3,569.886,10.653,1.04,104.339,105.874,98.532,1.034,98.684,10.363,1.107,100.224,103.106,94.608,0.963,92.906
1,570.664,10.296,104.158,98.407,104.393,103.313,9.936,0.927,10.866,113.031,105.718,107.171,103.139,11.345,0.968
4,571.054,110.49,1.031,1.1,1.06,95.261,104.045,10.072,113.812,1.058,1.114,0.961,110.205,97.649,10.45
2,571.086,108.213,0.966,112.611,114.727,110.726,0.987,109.116,104.716,0.984,106.129,113.531,109.163,1.104,107.602
3,571.185,10.92,0.976,105.963,103.7,94.539,1.106,106.258,10.658,1.139,105.268,106.052,109.433,0.967,97.294
1,571.222,10.484,101.442,104.923,115.422,97.707,10.817,0.992,10.979,117.81,107.815,112.147,96.65,10.097,1.044
2,571.35,112.505,1.029,105.522,110.555,101.243,1.079,104.462,107.651,1.039,112.849,99.141,96.851,1.083,103.938
1,571.653,10.432,102.341,100.792,101.194,98.365,10.524,1.065,11.347,116.572,99.891,106.708,103.555,10.81,0.958
4,571.912,112.459,0.967,1.093,0.982,106.478,96.786,10.267,100.529,1.007,1.073,1.063,102.269,104.104,11.178
4,571.977,109.094,1.119,1.095,0.993,98.139,98.442,10.303,106.041,1.018,1.085,1.021,100.393,109.642,9.708
2,572.204,107.209,1.009,101.046,100.762,107.142,1.1,105.591,105.981,0.947,102.425,110.997,114.897,0.981,102.085
1,572.343,11.145,112.701,113.133,103.797,94.169,11.103,0.978,10.149,109.689,100.574,117.649,97.338,10.582,0.94
3,572.424,10.863,1.107,104.587,93.997,102.879,1.066,104.427,10.844,1.086,103.117,109.346,103.945,1.004,102.497
2,572.949,96.186,0.964,111.643,108.085,111.555,1.021,105.49,109.676,0.997,105.449,116.619,101.48,1.051,108.621
2,572.997,109.133,1.013,116.697,115.059,104.365,1.021,109.654,95.306,1.087,112.981,116.99,114.994,1.062,103.142
1,573.379,10.378,117.274,103.806,114.622,107.09,10.439,0.941,10.979,117.33,101.767,107.685,95.589,11.519,1.081
2,573.559,97.658,1.028,107.485,99.127,113.976,1.034,106.423,100.835,0.958,115.883,103.902,108.251,0.979,114.484
1,574.0,10.56,110.502,103.955,100.331,97.851,10.468,0.942,11.566,114.915,98.343,103.799,94.608,11.214,0.988
1,574.054,10.97,110.425,97.218,114.635,95.05,10.806,1.059,11.43,114.687,104.791,116.818,100.391,10.939,0.951
3,574.42,10.712,1.02,106.442,97.937,108.081,1.011,95.139,9.914,1.059,93.573,93.089,96.074,0.99,108.626
1,574.819,10.41,110.883,112.38,109.761,97.557,10.795,1.034,11.727,118.383,98.869,112.301,92.144,11.512,1.083
1,575.626,11.156,113.935,100.915,114.216,105.991,10.019,1.065,9.944,101.941,100.957,110.995,95.957,10.16,1.039
4,576.605,107.582,1.063,1.14,0.961,106.478,94.336,9.551,102.801,1.124,0.984,1.027,98.08,95.722,10.508
2,576.626,106.736,0.992,108.671,113.442,114.983,0.98,109.212,96.57,1.033,114.405,108.177,99.935,0.989,104.173
2,576.633,110.228,1.036,102.567,108.65,113.26,1.066,99.923,96.773,1.009,117.002,106.817,110.542,1.109,111.594
3,576.927,10.251,1.121,103.397,109.59,101.236,1.058,93.409,10.771,1.048,99.839,96.197,95.073,1.128,100.956
1,577.773,10.805,117.376,98.872,101.679,94.419,10.637,1.026,11.194,108.514,95.974,110.521,108.604,10.617,0.994
3,578.098,10.568,1.012,100.049,93.992,101.024,1.0,99.601,9.86,1.011,94.332,97.282,102.56,0.987,104.013
2,578.366,112.33,0.983,118.472,116.092,107.014,1.028,111.827,104.685,0.964,114.44,114.346,110.816,1.148,110.545
3,578.426,10.918,0.991,105.862,98.402,99.118,1.094,102.24,10.593,0.964,101.006,107.377,102.691,1.08,96.697
3,578.583,9.605,0.986,98.863,110.284,98.6,0.986,105.203,10.932,1.014,109.815,94.456,100.923,1.012,93.749
1,578.887,9.932,117.882,99.15,112.078,104.418,11.228,1.016,10.969,100.761,107.493,103.407,101.276,10.822,1.001
2,578.928,108.509,1.033,118.423,113.866,97.259,1.033,106.969,102.859,0.979,117.827,116.365,111.104,1.049,108.825
1,579.027,11.019,117.279,99.759,113.523,96.669,10.902,1.023,11.026,100.898,97.489,105.072,98.035,9.933,1.1
4,579.497,108.582,1.059,1.041,1.085,101.459,103.233,10.793,100.395,1.059,1.041,0.976,107.675,108.519,10.563
1,579.706,11.478,117.076,108.053,108.682,93.771,9.982,0.956,10.893,109.767,102.401,116.911,103.555,10.817,1.006
3,579.835,10.217,1.103,98.206,94.67,110.498,0.952,107.902,9.815,1.039,96.93,95.809,101.512,1.055,97.678
4,580.913,102.027,0.983,1.087,1.053,101.382,106.699,9.825,97.402,1.095,1.109,1.109,106.444,96.704,11.149
1,580.946,11.35,110.053,100.729,108.623,105.632,10.306,1.022,10.665,99.828,110.184,116.907,105.177,10.007,1.098
3,581.032,11.208,1.058,104.571,104.643,97.929,1.119,105.263,9.596,1.04,110.385,109.096,100.122,1.11,101.633
3,581.561,10.045,1.065,106.558,97.611,97.583,0.955,99.647,9.581,1.084,107.343,99.904,108.913,0.957,104.605
1,581.983,10.48,113.347,113.587,117.448,92.412,11.227,1.014,11.097,108.405,98.446,102.962,105.127,10.103,0.963
4,582.731,104.217,0.97,0.99,1.027,102.719,100.99,10.188,109.907,1.112,0.994,1.095,109.201,100.783,10.405
2,582.779,106.311,1.054,111.882,104.111,113.94,1.007,102.368,103.68,0.939,104.937,105.967,113.294,1.043,107.723
1,583.157,10.98,114.383,97.512,117.827,101.498,10.387,1.097,10.097,112.777,103.287,103.404,102.187,11.245,0.995
3,583.501,9.57,1.099,97.986,104.048,104.332,0.988,104.965,9.845,1.019,96.877,99.553,103.11,1.03,109.346
2,583.552,106.027,0.996,116.151,115.093,99.989,1.074,102.542,110.374,1.086,101.717,113.331,101.375,1.13,102.542
1,583.782,11.316,101.827,100.528,111.919,103.264,10.368,1.074,10.86,115.661,107.915,112.895,101.886,10.011,1.005
4,585.284,105.82,1.103,1.093,0.957,107.665,98.693,10.728,100.016,0.997,1.015,1.014,102.712,95.229,10.508
2,585.389,100.477,1.058,107.375,102.68,112.942,0.995,110.704,101.698,1.095,115.301,101.439,100.433,1.001,107.078
2,585.505,111.03,0.998,116.718,113.65,96.909,0.982,116.742,95.519,0.958,114.564,102.84,98.503,1.119,108.085
2,585.755,95.819,1.053,112.848,107.55,101.692,1.041,115.241,110.162,1.003,117.814,112.117,114.267,1.057,115.968
2,585.909,109.129,1.085,100.809,102.787,97.037,1.0,99.767,99.774,1.064,118.622,105.75,105.145,1.121,100.625
3,586.065,11.239,1.139,95.583,103.378,105.923,1.07,93.384,9.565,0.97,98.368,104.643,105.3,0.975,107.582
3,586.612,10.052,0.987,110.097,109.702,105.033,1.046,101.359,11.208,1.085,96.721,101.091,109.432,1.091,104.01
4,586.669,102.713,1.025,1.095,1.109,107.937,98.143,9.921,107.277,1.147,1.026,1.068,98.388,98.548,10.388
2,586.951,105.639,0.99,118.39,101.93,105.805,1.012,114.96,105.462,1.052,114.834,101.057,110.142,1.042,103.007
4,587.055,111.743,1.085,0.967,0.956,106.492,100.55,10.67,104.637,1.053,0.995,0.989,110.723,100.537,10.537
3,587.349,9.638,1.032,96.234,98.689,103.892,1.023,108.572,10.891,1.127,107.196,96.078,108.676,1.099,97.355
2,588.735,109.188,1.051,105.372,108.352,114.977,1.046,107.991,111.697,0.942,100.967,102.438,110.726,1.064,115.907
1,588.873,10.721,100.947,104.743,113.559,92.399,11.122,1.079,11.33,110.695,100.6,101.194,102.258,11.548,1.085
1,589.685,10.599,108.632,109.016,106.691,98.107,11.245,0.972,10.57,111.102,106.804,114.569,101.65,9.946,1.016
1,589.767,9.956,102.512,113.436,110.056,93.182,10.652,0.932,11.134,103.406,97.473,111.13,96.078,11.174,1.035
2,589.885,109.214,1.041,101.616,111.474,111.329,1.03,102.709,104.063,0.94,107.186,104.652,110.304,1.048,108.769
2,590.049,95.865,1.097,106.381,100.772,113.985,0.983,110.561,105.41,0.965,107.348,103.272,110.28,1.137,100.931
1,590.362,9.911,114.263,112.91,101.194,108.565,11.48,1.002,10.75,115.425,97.463,113.019,106.883,10.923,1.076
3,590.474,11.206,1.101,99.819,93.227,98.92,0.988,108.418,10.536,0.98,98.354,106.023,103.435,1.063,105.034
1,590.754,9.944,109.005,107.593,105.502,96.536,11.0,1.015,9.94,114.23,107.858,101.191,92.535,10.026,1.026
4,591.069,106.421,0.981,1.035,1.069,109.752,96.786,10.148,97.658,1.146,1.018,1.054,95.608,95.089,10.54
3,591.322,10.274,1.129,99.865,105.61,109.767,0.951,97.17,9.548,1.025,110.316,106.342,109.301,0.974,99.433
3,591.41,9.974,1.053,93.72,109.859,106.562,1.072,101.726,11.175,1.12,92.993,96.732,106.709,1.088,109.113
3,592.358,11.053,1.137,108.005,104.754,104.022,1.035,106.702,10.35,1.008,99.083,109.9,101.542,1.024,98.857
1,593.542,11.529,108.627,101.986,101.379,98.902,10.509,1.08,11.33,105.352,104.487,104.882,98.855,10.317,1.026
1,593.571,11.486,113.347,109.905,111.016,100.828,10.796,0.997,10.432,113.506,102.636,117.833,97.816,11.11,0.971
1,594.314,10.071,108.032,112.286,106.692,99.554,10.956,0.966,11.695,104.166,98.718,118.194,100.502,9.955,0.984
3,594.354,10.058,1.019,100.835,98.564,108.005,1.13,99.964,10.327,1.116,101.729,102.238,96.516,1.103,103.462
4,594.585,109.28,1.022,0.997,1.123,94.736,99.15,10.295,110.485,1.024,1.087,1.095,100.069,108.327,10.664
1,595.4,11.574,109.664,111.141,102.179,104.007,11.0,1.06,11.227,117.804,97.611,109.521,107.605,11.554,1.038
3,595.943,10.814,1.021,94.77,96.668,98.323,1.066,102.24,10.707,1.058,110.422,104.878,96.141,1.03,109.189
1,596.574,10.632,102.144,99.123,118.063,97.338,10.198,0.975,11.455,111.493,111.478,101.436,95.116,9.894,1.076
4,596.673,110.515,1.093,1.027,1.0,102.978,106.615,10.651,110.517,1.022,1.047,0.958,107.909,95.91,11.13
2,597.259,103.777,1.102,105.916,99.447,99.038,1.116,113.566,105.155,1.013,107.392,114.157,111.228,1.04,115.882
3,597.932,11.201,0.97,95.797,105.234,101.858,1.121,103.949,11.214,1.06,95.829,98.031,101.259,0.972,96.759
1,598.006,10.761,114.773,98.782,101.398,96.536,10.336,1.037,11.692,111.941,110.643,104.802,101.491,10.387,1.031
2,598.226,110.638,0.997,117.985,114.493,107.448,1.048,111.827,110.55,0.951,115.863,111.213,96.944,1.062,104.759
4,598.253,115.023,1.027,1.021,1.116,106.776,98.089,11.191,99.347,1.13,1.083,1.029,98.926,102.975,10.241
4,599.389,112.888,1.023,1.117,1.012,96.311,106.836,10.047,98.586,1.146,1.041,1.053,101.924,97.901,10.367
2,599.698,109.933,1.033,113.259,114.493,110.534,1.109,113.368,107.813,0.993,101.824,108.709,98.838,1.038,107.691
3,599.705,10.404,1.044,109.94,93.525,95.969,1.063,109.16,10.948,1.138,105.627,102.595,105.255,1.063,104.594
1,600.037,9.978,116.074,108.791,104.546,102.466,10.521,1.063,10.722,105.188,98.872,112.444,99.006,11.544,1.051
2,600.141,105.482,0.951,107.471,100.146,102.915,1.124,114.156,104.469,0.983,116.588,98.857,107.142,1.1,112.421
4,600.313,108.295,0.984,0.976,1.029,106.447,95.15,11.015,112.287,1.083,1.053,0.982,103.388,102.199,9.715
2,600.377,99.463,1.044,112.751,100.406,105.783,1.043,104.405,106.75,0.995,106.952,114.721,106.22,1.009,100.411
2,600.494,112.281,1.0,101.833,102.291,106.36,0.983,115.439,96.036,1.058,117.365,117.248,103.885,0.99,108.941
3,600.764,10.494,1.06,106.958,94.479,102.346,0.965,109.188,10.757,1.095,100.049,99.035,110.026,0.988,93.562
2,601.002,109.214,1.03,113.219,106.424,96.881,1.076,117.349,97.658,0.966,108.327,115.937,103.958,0.969,113.581
2,601.015,95.682,1.102,116.194,107.454,112.736,1.059,109.167,99.303,1.09,115.014,110.816,112.088,1.066,108.489
3,601.187,10.316,1.053,107.638,100.206,103.092,1.088,107.423,10.92,1.071,103.059,108.04,102.978,1.032,96.946
3,601.272,9.549,1.033,93.97,93.973,106.18,1.072,95.575,10.721,1.043,101.021,104.715,108.517,1.072,94.225
1,601.307,11.611,110.327,111.98,106.575,95.327,11.311,1.008,10.784,107.178,103.287,116.743,104.88,11.096,0.962
1,602.34,10.099,105.594,102.363,104.833,108.772,11.593,0.935,11.671,104.566,100.639,100.275,97.75,11.213,1.055
2,602.56,97.268,1.057,105.354,108.816,112.752,1.0,111.011,109.706,1.036,112.847,105.139,114.376,1.069,108.644
4,602.773,107.386,1.074,1.14,1.073,106.036,110.437,10.912,97.903,1.07,1.041,0.996,106.007,101.196,10.199
3,602.88,10.12,1.029,106.419,105.087,95.797,1.029,102.423,10.1,1.086,103.56,95.259,99.862,1.094,105.319
3,603.055,11.246,1.081,103.052,103.887,104.321,1.039,108.019,10.577,0.998,105.834,109.682,103.2,0.968,107.372
4,603.183,100.864,1.022,1.094,1.123,96.446,103.552,9.694,109.769,1.092,1.049,1.021,98.153,96.244,9.739
3,603.631,10.83,0.981,93.943,109.682,96.141,0.973,107.09,9.564,1.057,107.037,109.479,98.516,1.066,103.139
3,604.058,10.34,1.13,103.047,105.571,109.686,0.972,108.638,10.884,1.005,105.758,103.52,100.442,1.126,107.794
2,604.551,109.796,0.955,107.125,115.13,103.064,0.982,102.052,111.892,1.037,105.689,110.873,105.096,1.137,100.678
1,604.769,9.9,118.433,113.783,102.913,104.94,11.421,0.928,11.579,113.581,105.26,113.284,94.472,10.056,0.981
1,604.813,9.901,115.127,103.955,116.561,102.111,10.33,1.046,10.071,108.74,105.541,107.479,100.976,11.0,1.011
3,605.091,9.765,1.001,94.703,99.035,103.115,1.123,107.271,11.214,1.005,102.238,103.036,98.082,0.961,102.326
2,605.355,103.461,0.993,109.992,99.46,114.401,1.081,113.729,105.592,1.072,114.613,116.713,103.558,1.03,101.122
4,605.493,111.342,1.021,1.117,1.134,107.422,105.622,10.426,107.041,1.112,1.136,1.016,93.427,96.12,9.823
3,605.502,11.241,1.128,106.618,110.465,99.858,0.989,98.209,10.891,0.976,99.857,100.765,94.994,1.071,107.09
4,606.051,111.233,1.031,1.012,1.078,100.717,109.1,9.934,97.742,1.12,1.029,1.111,102.424,109.287,10.279
4,606.402,103.904,1.015,1.103,1.03,107.705,101.096,10.435,109.588,1.033,1.022,0.98,105.438,111.145,10.75
3,606.439,10.658,0.96,96.517,103.925,95.973,1.03,94.139,10.449,1.063,107.901,100.855,109.803,1.065,104.399
4,606.824,114.843,1.054,1.002,0.965,104.796,111.465,11.066,105.268,1.008,1.125,1.006,110.431,94.058,10.79
3,607.868,11.244,1.032,103.19,96.968,93.829,0.974,105.374,10.487,1.06,104.862,99.297,96.141,1.107,96.439
2,608.105,102.039,1.009,101.824,102.84,105.314,1.113,99.993,99.18,1.003,115.772,110.05,108.467,0.983,111.585
3,608.107,10.048,1.086,105.535,103.853,102.81,0.988,94.122,10.327,0.981,95.908,103.051,95.983,0.974,95.804
3,608.186,9.676,0.972,101.501,103.841,94.713,1.09,102.503,11.179,1.067,109.957,104.389,107.783,1.093,99.683
2,608.732,109.753,1.042,111.037,110.104,114.132,1.109,108.133,101.823,0.963,106.686,101.499,109.445,1.0,115.822
4,608.843,102.691,0.966,1.104,1.13,103.28,97.073,10.248,97.75,1.137,0.97,0.965,100.322,94.892,11.084
1,610.116,10.303,103.422,113.205,113.559,104.523,11.502,0.95,10.034,117.628,102.7,106.692,93.182,10.608,0.948
3,610.308,10.548,1.099,110.013,107.004,93.989,1.106,95.575,10.166,0.977,110.306,99.492,106.761,1.072,104.708
2,610.392,96.436,0.987,113.153,106.2,114.31,1.011,99.19,95.535,1.014,114.747,99.189,111.272,1.109,105.462
2,610.456,104.618,0.982,109.341,109.834,99.161,0.979,113.315,97.628,0.958,111.297,107.195,111.357,1.063,103.899
1,610.953,10.937,114.749,109.27,110.954,106.693,11.703,1.045,11.179,105.548,111.711,106.588,103.744,11.524,0.935
3,611.179,9.776,1.024,103.142,109.685,104.525,1.102,101.741,11.075,1.079,99.285,96.554,110.84,1.125,100.656
4,611.216,114.316,1.039,1.085,0.955,98.316,107.436,11.166,113.812,1.143,1.099,1.017,97.565,101.512,10.58
4,611.641,99.252,0.981,1.091,1.12,110.442,107.387,10.341,114.54,1.041,1.034,1.043,104.285,107.067,10.808
3,611.683,11.192,1.139,106.388,96.078,94.082,0.987,105.203,9.765,1.125,104.768,98.021,99.517,1.069,100.452
3,611.942,9.579,1.109,99.273,98.419,94.059,1.05,96.783,11.031,1.061,105.463,103.134,110.037,0.997,99.393
3,612.219,10.645,1.127,108.527,101.802,106.001,0.951,97.983,11.154,0.965,104.206,109.096,110.126,1.07,94.332
3,612.382,10.417,1.102,108.882,95.267,98.721,1.071,107.832,10.939,0.992,93.943,98.402,96.128,0.991,105.89
4,612.55,102.099,1.006,1.018,1.135,106.838,104.4,9.619,102.26,1.009,1.052,1.033,103.374,96.152,10.651
3,612.827,10.25,1.029,97.952,101.129,94.828,1.114,101.633,10.922,0.994,110.411,102.45,96.516,0.952,106.193
3,613.321,10.067,1.006,93.636,102.723,96.127,1.024,93.23,10.349,1.115,95.889,94.064,97.784,1.027,93.741
2,613.823,109.813,0.942,108.872,107.718,104.106,1.114,113.132,110.197,0.974,102.573,114.049,97.406,0.981,103.665
1,614.69,11.439,108.61,112.38,102.513,106.099,9.934,1.037,11.71,108.871,113.14,105.23,99.756,10.738,0.999
1,614.731,11.155,102.103,107.273,99.622,105.496,11.278,1.001,9.941,116.359,101.761,115.102,107.848,10.524,0.997
4,615.445,97.747,1.085,1.101,1.073,93.414,93.924,9.876,109.661,1.0,1.063,1.034,95.049,109.359,9.948
1,615.825,11.623,105.52,103.619,114.287,108.285,10.162,0.959,10.58,108.86,102.953,115.345,98.241,11.095,0.96
4,615.917,103.435,1.144,0.976,1.091,94.292,106.046,10.163,97.747,0.988,1.116,1.111,104.869,102.646,10.996
2,616.116,105.31,1.033,105.647,109.11,98.774,1.065,106.085,105.482,1.015,108.098,110.345,98.673,1.039,111.23
3,616.411,10.222,0.983,102.192,101.064,99.168,1.005,98.579,10.939,1.115,95.501,104.741,107.783,1.069,107.852
2,616.88,95.412,0.992,108.786,111.884,102.331,1.05,105.307,103.461,1.098,111.037,99.234,112.319,1.03,109.413
4,617.157,114.624,1.135,1.124,1.071,99.64,97.649,10.629,107.273,1.019,0.985,1.009,103.704,100.063,9.888
2,617.399,111.845,0.995,103.396,105.874,109.627,1.119,111.731,101.489,1.086,114.149,113.785,97.074,0.994,102.913
3,618.09,10.002,1.056,93.636,98.686,109.433,1.015,107.469,10.494,1.126,99.781,102.459,104.909,1.11,109.05
2,618.242,110.382,0.937,107.543,103.301,106.018,1.033,106.971,100.361,1.05,107.355,106.083,103.315,1.102,108.545
2,618.3,105.479,1.051,114.035,99.859,99.347,1.062,99.949,99.598,1.044,105.916,114.433,105.324,0.981,106.498
2,618.715,101.186,0.959,113.574,100.593,106.492,1.106,109.217,96.872,1.084,103.348,104.423,111.906,1.01,116.328
4,619.097,113.421,1.139,0.99,0.98,100.774,98.857,10.088,114.339,1.039,1.088,1.119,96.626,101.981,11.242
2,619.16,104.042,1.014,108.565,99.148,113.719,1.143,111.603,110.83,1.034,101.244,107.328,103.315,1.035,100.625
3,619.637,9.683,1.121,93.911,102.436,105.523,1.087,94.399,9.82,1.011,107.215,107.778,103.878,0.999,94.855
4,620.572,111.133,1.136,1.004,1.061,101.611,93.982,11.156,100.953,0.98,1.091,1.107,103.701,97.837,11.282
2,621.916,100.778,1.052,102.759,105.185,107.746,1.026,112.974,101.698,0.97,114.52,111.324,98.473,1.029,114.125
1,622.066,10.895,117.628,104.743,113.905,99.491,11.256,0.983,11.595,108.917,100.597,107.983,105.051,11.271,1.082
1,623.949,10.937,109.767,107.723,112.078,92.34,11.633,0.995,11.579,103.828,99.748,116.489,102.333,11.533,0.983
2,624.024,102.171,0.945,106.343,106.9,103.558,0.973,112.957,111.64,1.089,117.477,102.983,109.15,1.139,112.811
2,624.157,105.531,1.07,106.113,99.068,98.473,1.034,98.787,108.182,0.993,114.52,106.407,109.433,1.091,104.266
1,624.414,10.459,102.287,110.421,111.919,101.132,11.171,0.998,10.181,113.263,95.805,117.037,107.932,10.864,1.041
2,624.802,104.436,1.063,105.208,117.039,98.066,1.0,113.888,95.306,1.096,112.855,102.534,102.661,1.144,115.355
3,624.893,11.118,1.113,94.695,97.421,108.04,1.035,101.883,10.246,0.98,96.107,105.315,98.896,0.963,93.105
1,625.083,11.618,103.826,108.028,107.43,105.088,11.11,1.051,11.716,111.184,106.776,100.517,99.774,10.88,0.984
1,626.106,11.251,103.714,110.075,114.706,106.79,9.949,0.973,10.531,113.724,106.232,105.954,99.166,9.922,1.071
1,626.245,9.988,104.034,100.021,114.755,107.27,11.3,1.04,10.283,107.948,109.049,101.274,93.769,10.656,0.929
1,626.965,11.0,117.994,108.349,103.336,106.456,11.554,0.93,11.227,117.182,98.751,101.263,95.05,11.703,1.076
1,627.742,10.292,105.318,113.768,104.437,93.898,10.276,0.937,9.956,116.314,100.832,114.706,100.973,11.688,0.997
3,628.629,10.945,1.084,108.655,101.541,109.406,1.005,104.507,9.5,1.107,107.355,96.264,110.613,0.994,102.755
3,630.66,10.425,1.011,108.89,96.427,96.591,1.063,106.01,10.646,0.99,100.895,105.582,110.84,0.999,97.74
1,630.719,11.343,112.002,113.239,106.015,96.55,11.422,1.04,10.443,109.603,97.568,115.08,105.774,10.524,1.1
1,631.534,11.483,115.003,104.099,109.882,98.415,11.361,1.04,11.165,107.175,97.854,116.849,93.968,11.432,1.097
1,632.145,10.041,112.515,97.489,116.295,100.828,10.225,1.078,9.877,110.838,110.893,103.542,103.859,11.651,0.993
3,632.36,9.794,1.124,98.602,104.597,96.687,1.121,95.254,10.802,1.073,98.037,102.393,107.032,1.027,103.321
3,632.455,10.877,1.107,94.866,101.211,99.177,0.959,96.271,10.557,1.043,110.382,105.034,95.93,1.112,104.103
1,633.503,10.378,117.668,113.042,116.818,100.727,10.116,1.096,10.354,112.212,96.911,109.641,100.973,11.035,0.929
1,634.387,11.646,113.146,98.856,106.708,96.614,11.103,1.056,10.805,113.055,103.287,109.954,100.132,11.146,0.953
1,635.026,10.077,117.405,102.425,115.684,108.772,11.608,1.063,11.065,110.741,113.463,112.684,96.956,10.1,1.003
1,635.072,9.884,105.954,103.55,111.792,98.841,11.096,0.955,10.08,116.244,97.314,99.476,100.554,10.471,1.038
1,635.953,10.534,104.158,100.677,109.288,93.474,11.252,1.07,10.658,112.899,112.261,110.605,97.75,11.014,1.031
1,637.222,11.613,101.272,100.574,115.682,98.703,10.38,1.078,10.459,110.18,101.635,118.005,92.181,10.911,1.009
1,640.685,11.378,115.616,106.382,113.803,93.474,10.3,0.969,10.529,104.154,113.618,114.438,96.541,10.669,0.933
1,640.877,10.795,110.327,103.148,116.295,109.135,10.461,0.941,10.98,115.425,99.639,111.675,102.8,10.645,1.029
1,643.633,10.725,111.075,111.301,111.889,100.914,10.076,0.931,10.287,115.167,111.157,105.204,94.324,10.738,1.009
1,644.054,10.072,110.425,110.766,116.327,97.619,11.396,1.069,10.303,116.367,105.038,115.071,97.947,11.46,0.997
1,644.666,10.949,111.454,109.923,104.338,105.088,10.969,1.083,10.45,111.807,108.313,102.234,103.859,10.894,0.928
1,648.657,11.174,102.932,98.943,102.49,100.183,10.295,1.06,11.204,110.67,106.978,107.43,93.794,11.602,1.075
1,651.74,10.695,106.957,97.665,101.604,92.144,10.236,1.023,10.932,118.617,103.012,111.792,103.535,9.922,1.007
1,652.41,10.482,111.94,104.243,105.908,98.423,10.276,0.977,11.319,118.383,101.387,114.734,93.79,10.224,0.964
1,656.767,10.624,109.281,105.877,106.483,95.437,11.048,1.069,9.898,105.416,106.104,111.57,108.976,11.013,1.098
1,657.432,11.171,111.459,100.729,105.627,104.741,11.562,0.97,11.182,106.648,95.865,111.322,98.958,9.991,0.994
1,657.538,11.611,111.293,112.688,107.647,94.046,11.275,0.984,9.939,101.842,108.317,107.827,106.79,11.091,1.08
1,658.215,10.202,105.723,97.611,114.068,105.267,10.147,1.033,10.283,100.246,109.447,100.173,102.8,11.661,0.946
1,658.791,11.245,103.714,103.558,106.588,106.383,9.934,0.963,10.753,108.102,108.298,114.473,94.213,9.906,0.969
1,660.752,10.393,117.016,99.981,103.639,107.855,10.609,1.045,11.167,111.317,111.53,103.888,93.642,10.352,1.025
1,661.193,11.65,107.9,109.216,109.685,101.165,10.769,0.985,10.725,117.024,98.795,113.936,94.685,10.842,1.014
1,661.337,10.947,102.026,102.928,112.36,105.809,10.184,1.034,11.665,100.096,96.275,106.088,97.656,11.58,0.996
1,662.314,10.721,110.247,97.639,100.158,107.744,10.94,0.937,11.39,105.611,98.427,100.079,105.051,11.109,1.093
1,665.312,11.486,113.932,103.918,108.957,98.365,11.319,0.995,10.481,105.763,100.564,110.954,106.098,10.265,1.079
1,666.493,10.624,108.102,102.74,117.946,102.348,11.411,1.055,10.979,113.499,107.397,103.974,107.005,10.265,0.94
1,667.486,9.9,116.546,108.144,111.832,101.601,11.135,1.083,11.591,101.442,104.923,107.983,94.92,11.245,1.076
1,668.984,10.756,104.842,113.652,117.442,100.411,11.606,1.048,11.317,117.182,103.416,110.049,108.467,11.444,0.994
1,669.458,10.952,108.912,107.629,111.229,107.504,10.205,1.091,10.308,100.804,99.382,102.234,96.771,10.67,1.025
1,669.9,10.263,112.609,96.27,111.57,106.393,11.594,1.061,11.359,112.906,108.144,107.107,95.327,10.942,1.093
1,670.718,10.226,116.032,100.749,104.636,99.412,10.276,1.069,11.182,109.754,108.028,118.005,94.162,10.075,0.976
1,672.159,9.988,112.343,112.955,115.101,99.235,9.899,0.961,10.825,99.824,102.448,117.639,93.483,10.601,1.01
1,675.472,11.246,101.584,99.561,113.6,107.715,10.052,1.068,11.257,102.983,101.767,102.853,102.187,9.997,0.957
1,681.582,11.395,112.765,102.618,114.387,97.947,10.611,0.941,11.616,111.228,101.881,99.738,97.277,10.708,1.025
1,683.044,10.245,116.546,110.63,112.639,101.687,11.679,1.07,11.027,107.532,103.305,108.524,92.535,11.628,0.963
1,689.675,10.658,113.42,100.729,107.43,94.277,11.574,1.082,11.343,110.664,106.86,107.805,94.663,10.532,0.99
1,691.895,11.685,100.928,113.618,115.971,102.405,11.142,1.025,11.29,105.308,107.446,103.119,108.361,11.11,1.076
1,692.308,11.689,117.179,108.354,114.068,93.826,10.182,0.999,11.178,102.932,106.465,112.421,101.729,11.409,0.98
1,694.482,11.039,100.178,99.304,109.684,104.456,11.114,0.962,11.29,117.128,112.817,100.517,102.348,11.037,0.942
1,695.99,10.058,114.23,107.045,115.794,94.933,10.637,0.999,11.492,103.288,101.145,109.738,94.404,11.11,1.031
1,696.2,10.073,113.988,97.464,117.827,107.005,11.5,1.066,10.371,104.154,107.302,109.913,104.034,10.069,0.992
1,696.906,11.431,111.075,110.016,111.749,102.126,10.302,1.027,11.145,102.983,101.986,114.09,102.063,11.624,1.046
1,697.236,11.357,108.418,101.512,106.221,95.147,11.539,1.038,10.049,113.575,96.431,114.786,96.284,11.617,0.984
1,697.862,10.979,102.538,103.595,118.107,100.409,10.008,1.099,11.562,103.673,112.375,117.003,101.725,10.624,1.022
1,698.369,11.391,105.088,110.101,102.603,106.774,11.033,1.1,9.988,113.142,104.735,107.958,100.533,10.489,0.971
1,698.756,11.174,111.627,107.094,103.787,101.795,10.652,0.93,11.478,107.852,110.101,105.43,105.013,11.096,1.054
1,699.993,11.26,106.855,104.564,112.829,96.903,10.897,1.037,10.68,112.958,98.172,103.856,104.443,11.05,1.013
1,704.406,11.205,109.005,99.368,104.338,97.769,11.277,0.94,9.91,105.451,104.896,112.804,103.398,11.025,1.072
1,704.407,10.423,108.262,109.281,116.895,101.165,11.388,1.006,10.459,118.068,96.648,105.936,97.079,11.574,0.979
1,706.284,11.331,109.322,99.223,101.09,94.471,11.703,1.056,10.062,111.525,107.723,105.836,94.324,10.156,0.955
1,709.951,10.841,114.556,104.564,110.401,97.458,9.865,1.102,10.069,107.854,102.185,105.401,103.07,10.455,0.952
