task_type,arrival_time,est_m1,est_m2,est_m3,est_m4,est_m5,est_m6,est_m7,est_m8,ext_m1-1,ext_m2-1,ext_m3-1,ext_m4-1,ext_m5-1,ext_m6-1,ext_m7-1,ext_m8-1
T5,0.005,24.48,24.48,10.37,112.96,158.92,1.13,26.39,4.82,28.24,26.77,10.41,113.79,141.43,1.14,24.47,5.07
T4,0.019,27.3,24.86,10.75,98.43,158.51,1.09,26.79,5.18,26.68,26.46,10.78,99.89,151.46,1.1,25.43,4.86
T7,0.019,25.53,24.6,9.97,101.74,158.17,0.98,27.32,5.58,26.12,25.94,9.42,100.47,144.13,1.08,28.13,5.2
T8,0.043,24.98,28.68,10.94,116.68,170.22,1.07,27.18,4.89,23.99,28.5,10.76,116.46,171.32,1.14,26.14,5.22
T5,0.056,27.56,28.26,9.62,107.56,142.39,1.14,26.13,5.5,26.33,24.6,9.26,115.08,163.6,1.13,27.29,5.43
T6,0.06,26.22,23.99,9.89,98.0,151.91,1.06,26.18,5.53,25.43,26.96,11.21,100.33,162.81,1.03,27.45,4.92
T9,0.067,27.7,28.35,10.27,103.87,158.05,0.99,24.92,5.47,26.63,24.47,10.59,95.3,153.4,1.09,26.13,5.32
T10,0.089,26.3,26.36,10.48,106.6,152.6,1.0,25.18,4.8,28.19,25.91,11.31,104.96,149.38,0.98,24.06,5.3
T3,0.141,28.03,25.14,10.46,102.13,151.74,1.14,26.66,4.87,26.01,24.69,10.76,97.06,143.8,1.03,27.03,5.05
T7,0.142,29.09,25.35,10.94,95.52,157.19,1.04,25.47,5.51,28.74,25.39,10.91,108.11,163.62,0.97,29.26,5.06
T9,0.148,26.45,26.44,11.09,101.93,159.95,1.02,23.37,5.16,27.01,27.77,10.99,97.08,174.87,1.01,26.08,4.78
T3,0.156,28.01,27.46,10.99,108.99,162.83,1.02,28.22,4.94,27.66,24.35,9.93,96.05,158.02,1.14,26.55,5.46
T6,0.162,25.27,26.99,11.33,97.89,156.38,1.15,27.5,5.81,28.41,24.35,10.25,107.76,150.96,1.0,27.37,5.45
T4,0.163,25.15,25.33,10.61,106.12,166.6,0.99,27.96,5.18,25.59,25.46,10.66,109.48,159.47,1.04,27.01,5.25
T10,0.169,25.89,24.16,10.8,112.11,149.22,0.96,25.68,5.15,29.48,24.24,10.98,99.68,155.48,1.06,27.6,4.78
T4,0.179,27.89,24.78,9.98,108.57,147.52,0.99,26.36,4.96,27.76,28.87,10.28,109.09,168.68,1.09,28.71,4.87
T1,0.181,28.3,24.69,10.59,107.83,147.1,0.99,25.85,5.37,28.7,24.44,10.6,102.16,140.25,0.96,27.16,5.08
T6,0.185,29.06,28.17,10.35,101.05,144.37,1.07,24.8,5.08,25.15,23.93,10.53,93.17,167.66,1.06,24.77,5.78
T5,0.191,26.05,27.96,10.82,97.54,153.98,1.0,28.0,4.99,28.87,28.5,10.54,108.06,142.22,1.15,25.02,5.27
T6,0.217,24.96,24.43,10.82,96.05,166.49,1.1,25.82,5.49,28.82,26.81,11.32,105.25,166.36,1.09,25.13,5.59
T8,0.227,23.15,27.53,10.11,102.0,168.88,1.06,26.3,4.84,26.93,25.73,11.12,110.25,168.49,1.05,25.0,5.36
T7,0.231,25.97,25.12,9.49,95.47,151.45,1.09,26.96,5.69,29.04,25.62,9.87,92.79,149.34,0.99,27.36,5.4
T4,0.244,26.82,25.14,10.52,108.77,144.19,0.97,24.74,5.21,27.14,25.84,10.0,100.79,160.54,1.09,28.25,5.32
T10,0.273,29.42,25.17,10.51,111.26,163.15,1.0,24.16,4.93,26.4,25.06,9.87,96.97,143.56,0.94,25.22,5.01
T7,0.306,24.97,27.38,10.4,95.39,159.71,1.11,28.57,5.02,25.95,25.32,10.17,101.91,164.43,0.98,28.6,5.35
T7,0.315,25.3,24.9,10.76,108.94,163.3,1.07,25.75,5.48,27.48,27.77,10.46,94.36,143.89,1.06,29.02,5.75
T3,0.328,28.25,28.47,11.26,109.88,150.2,1.09,26.01,5.67,24.24,27.69,11.32,100.41,138.88,1.04,29.72,5.43
T7,0.369,25.3,24.4,10.27,109.34,157.76,1.02,28.42,5.1,25.18,26.24,10.47,103.19,151.11,1.04,29.47,5.8
T1,0.395,28.92,25.91,9.94,105.09,152.35,1.07,25.49,4.99,26.52,25.9,10.54,102.26,154.57,1.03,28.34,5.03
T10,0.396,26.15,26.82,10.71,99.02,152.26,0.96,27.18,4.72,29.47,26.24,10.06,112.97,159.38,1.0,25.44,5.15
T9,0.399,27.12,26.73,10.26,101.74,164.89,1.14,24.74,5.08,24.57,25.77,11.93,102.22,170.35,1.1,26.89,5.47
T6,0.427,28.66,25.11,11.27,104.15,165.6,1.01,24.92,5.62,28.3,24.62,11.45,93.17,150.43,1.16,26.78,4.97
T4,0.45,26.12,24.79,10.14,112.16,151.14,0.97,27.54,5.34,27.89,27.09,9.74,111.73,163.0,0.98,27.17,4.9
T1,0.475,25.12,25.93,10.99,108.43,155.05,1.11,25.39,5.57,28.18,24.15,11.1,108.56,137.44,0.99,29.23,5.52
T4,0.479,23.79,27.54,10.07,107.04,160.11,1.11,26.86,4.81,24.12,25.67,10.95,101.81,168.84,0.95,24.77,4.73
T3,0.488,25.66,24.95,11.46,112.46,153.58,1.03,28.39,5.65,27.64,27.64,10.19,103.76,145.35,1.12,26.34,4.97
T2,0.504,25.81,27.79,10.8,112.82,165.48,0.96,24.75,4.86,27.32,26.86,9.94,105.19,171.32,1.06,25.28,5.12
T6,0.507,29.03,25.06,10.64,109.34,154.58,1.0,28.91,5.72,28.06,26.73,10.38,94.96,154.96,1.1,28.8,4.99
T7,0.517,28.83,27.14,10.23,103.36,162.17,0.95,29.5,5.06,27.49,27.38,10.99,107.67,144.64,1.0,28.52,5.71
T3,0.519,25.03,24.4,9.97,98.91,153.71,0.98,25.33,5.78,27.48,27.66,10.85,104.74,141.72,1.04,25.64,5.17
T2,0.525,28.24,28.04,10.7,116.68,146.2,1.1,25.26,5.09,25.33,28.46,9.71,98.53,162.45,1.07,24.63,5.02
T8,0.539,23.14,25.74,10.23,100.56,157.38,1.14,27.81,5.68,27.39,29.69,9.93,98.72,171.32,1.09,24.75,5.29
T2,0.541,25.32,27.34,10.82,113.38,163.52,0.96,24.55,4.9,25.25,25.46,10.78,109.72,166.54,1.01,24.4,5.11
T5,0.556,25.63,25.2,9.54,104.34,139.4,1.02,26.55,5.12,25.44,28.68,9.62,98.95,146.88,1.13,26.61,4.86
T8,0.56,27.25,25.44,10.02,109.17,155.75,1.05,26.94,5.36,24.75,28.31,10.19,103.22,175.61,1.07,26.14,4.86
T6,0.57,25.91,23.95,11.33,108.8,158.01,1.11,25.26,5.46,26.96,28.11,11.62,105.16,162.14,1.18,26.3,5.08
T9,0.588,28.27,26.85,10.08,108.74,176.3,1.16,26.3,5.47,24.52,25.55,11.48,94.52,153.73,1.12,26.86,5.4
T7,0.601,29.3,28.04,9.7,100.52,152.47,1.0,25.22,5.72,28.31,24.22,11.05,103.42,144.15,1.04,27.55,5.08
T8,0.609,26.14,28.17,10.16,108.62,175.06,1.07,26.81,5.45,26.07,29.02,9.62,109.47,162.95,1.15,28.19,5.09
T7,0.621,28.73,26.62,9.96,104.2,143.38,1.09,27.88,5.03,28.83,27.22,9.78,106.37,143.23,1.02,25.94,5.72
T8,0.643,26.33,28.8,9.6,101.11,169.0,1.09,25.12,5.42,23.58,25.22,9.9,113.81,164.56,1.03,27.51,5.6
T7,0.645,26.1,24.36,9.72,103.42,160.39,1.01,25.14,5.23,25.19,28.43,10.16,94.05,162.69,0.96,28.4,5.73
T7,0.664,25.3,27.14,11.13,103.16,140.9,1.01,29.17,5.45,27.28,24.69,10.36,107.09,156.76,1.12,25.72,5.86
T10,0.674,28.16,23.72,10.56,100.77,148.53,0.95,27.74,5.17,29.48,26.14,10.18,109.25,153.54,1.05,23.73,5.16
T6,0.676,25.33,26.84,10.93,109.73,150.9,1.02,26.25,5.66,26.29,27.14,10.37,102.94,167.48,1.16,28.85,5.09
T2,0.689,27.25,24.95,9.69,102.66,157.34,1.04,28.35,5.15,28.72,26.79,10.79,102.88,155.19,1.01,27.99,5.13
T2,0.704,27.15,27.91,9.75,109.86,162.66,0.98,26.38,5.48,26.14,27.96,10.05,98.35,164.09,0.98,24.98,5.05
T7,0.721,28.2,27.42,9.52,104.89,155.23,0.95,27.51,5.68,28.21,25.39,9.47,107.77,151.92,0.98,28.03,5.35
T1,0.726,28.89,24.57,10.9,105.13,153.2,1.11,26.99,5.34,25.89,26.88,10.03,106.76,142.68,1.02,27.42,5.13
T4,0.743,26.39,25.32,9.53,108.46,154.03,0.96,28.51,5.49,24.82,26.6,9.46,100.79,161.16,1.02,26.21,5.09
T9,0.748,26.06,25.36,11.22,102.72,178.17,1.04,26.63,5.18,28.0,28.42,11.19,100.15,168.47,1.03,24.89,4.86
T4,0.748,26.1,25.17,9.38,106.33,144.93,1.0,27.52,4.92,26.26,28.12,9.8,98.1,151.22,1.09,28.18,4.66
T7,0.758,25.25,24.94,10.43,101.47,144.9,1.07,25.95,5.82,25.36,25.78,10.77,101.91,160.99,0.97,26.37,5.63
T8,0.759,27.34,26.99,10.88,112.44,157.88,1.07,24.49,5.42,26.81,26.36,9.63,101.13,154.44,1.14,27.55,5.46
T4,0.76,26.13,27.75,10.32,113.3,156.8,1.04,27.69,5.11,26.14,25.82,9.31,106.19,152.26,0.96,28.07,5.02
T5,0.762,26.4,28.26,9.88,111.93,147.48,1.07,28.5,5.03,25.36,26.46,9.57,110.67,165.5,1.02,24.88,5.28
T8,0.768,24.52,28.42,10.9,106.58,173.73,1.03,26.63,4.85,25.32,29.59,11.13,107.56,167.8,1.12,26.18,5.17
T8,0.772,23.42,29.13,9.83,110.55,154.05,1.11,25.9,5.54,23.36,25.28,9.58,107.18,166.31,1.16,27.48,5.35
T4,0.786,27.9,26.9,10.68,113.75,156.16,1.07,26.97,5.17,27.48,28.68,10.86,106.74,167.96,1.04,26.15,4.73
T2,0.791,25.28,25.92,10.69,106.21,160.56,1.09,26.04,5.15,25.06,29.55,10.09,101.73,164.47,1.01,25.46,4.7
T9,0.797,24.76,25.4,11.68,105.44,168.96,1.1,26.08,5.0,25.19,28.78,11.82,99.43,173.45,1.07,26.57,5.23
T2,0.86,24.56,28.21,10.56,102.27,162.01,0.95,28.59,4.99,28.11,25.54,10.97,105.19,154.68,0.98,27.58,5.48
T6,0.868,26.49,25.21,10.84,101.24,164.78,1.17,27.52,5.16,29.11,27.6,10.42,105.03,150.32,1.01,29.24,5.74
T9,0.879,26.14,25.52,10.32,105.76,157.69,1.02,24.36,4.77,25.8,27.46,11.48,102.49,162.13,1.1,24.29,4.89
T10,0.887,29.75,27.22,10.68,96.4,139.44,0.93,23.74,4.75,25.66,25.28,10.2,105.91,144.63,1.07,24.3,5.09
T2,0.897,27.36,25.49,10.35,106.57,165.44,0.96,25.42,5.14,28.9,29.29,10.43,106.71,160.55,1.03,26.19,5.07
T7,0.898,26.32,26.91,9.81,93.25,156.6,1.08,26.52,5.77,25.9,26.48,10.93,100.08,166.9,0.96,29.61,5.12
T9,0.899,27.72,26.63,10.48,95.48,175.04,1.05,25.65,5.04,27.72,25.94,11.35,95.47,178.43,1.05,24.35,5.43
T5,0.904,27.22,27.84,9.69,104.36,139.37,1.06,28.18,4.95,25.49,24.4,9.72,107.78,149.23,1.12,26.97,5.07
T3,0.922,25.83,24.2,10.56,113.48,150.77,1.04,27.65,5.0,25.04,26.61,10.7,110.65,143.01,1.05,29.34,5.22
T7,0.941,27.52,24.11,9.66,108.71,147.02,0.95,27.24,5.77,27.53,24.48,10.71,92.19,161.37,0.98,28.39,5.43
T5,0.945,25.86,24.71,9.65,102.59,142.34,1.03,26.02,4.98,25.7,28.62,10.59,105.65,146.61,1.06,25.09,5.46
T8,0.958,23.15,28.85,9.83,108.62,172.4,1.06,27.64,5.21,26.29,29.62,11.14,103.94,153.47,1.01,27.41,4.82
T8,0.974,25.6,28.5,10.58,108.12,170.44,1.01,24.32,4.84,24.36,27.69,10.48,98.89,159.79,1.08,28.18,5.4
T6,0.985,27.46,24.2,11.39,97.79,164.8,1.07,27.06,5.78,27.42,28.17,10.33,103.5,144.51,1.11,28.94,5.34
T6,0.989,28.93,24.7,10.56,98.24,145.76,1.16,25.91,5.22,25.68,26.87,10.14,106.59,163.17,1.0,26.31,5.14
T3,0.99,27.71,26.3,10.13,100.91,144.01,1.08,29.83,5.3,26.53,26.61,10.44,98.4,150.44,1.09,27.63,5.32
T2,1.01,27.73,25.59,11.23,102.82,144.91,1.08,25.03,4.74,27.01,27.02,10.76,106.41,167.38,1.12,25.38,5.48
T7,1.01,26.23,28.36,10.7,107.9,162.78,1.0,26.39,5.68,28.94,27.37,9.62,107.77,146.03,1.0,26.03,5.53
T2,1.011,28.55,26.32,10.62,103.66,159.77,0.96,25.36,4.67,25.26,26.99,10.08,114.23,163.3,0.99,26.62,4.76
T3,1.016,24.56,28.03,11.28,110.27,148.5,1.13,25.26,4.93,27.39,25.44,11.1,111.38,147.04,1.07,28.41,5.75
T2,1.023,28.44,26.39,10.37,103.02,171.03,0.96,27.0,5.2,24.71,29.27,10.61,102.0,170.02,0.97,25.35,5.25
T10,1.036,28.7,23.53,11.52,107.94,159.77,0.96,24.29,5.13,28.53,25.28,9.92,111.56,145.1,1.04,26.04,5.35
T7,1.049,26.86,27.32,9.6,100.86,143.97,1.1,29.62,5.03,25.97,25.5,9.41,108.52,161.22,0.98,26.77,5.24
T8,1.051,25.52,26.42,9.9,102.44,161.8,1.03,24.19,5.4,23.58,26.82,9.77,107.44,167.76,1.14,27.52,4.89
T4,1.072,26.42,28.36,10.28,106.26,164.17,0.96,25.89,5.39,23.85,26.12,10.02,106.39,150.97,1.01,29.07,4.72
T9,1.082,26.01,28.71,10.07,92.86,154.82,1.06,26.08,5.34,25.74,28.32,10.99,97.93,177.29,1.03,26.78,5.14
T2,1.083,27.86,26.28,10.1,103.96,148.77,1.07,26.77,4.7,28.25,27.55,10.25,100.37,155.45,1.07,25.27,4.78
T8,1.097,24.74,28.48,10.49,105.58,161.29,1.0,27.46,4.99,25.32,26.57,9.61,109.49,152.52,1.06,26.04,5.32
T10,1.11,27.8,24.72,11.04,110.23,145.15,1.04,26.53,4.92,25.66,26.29,10.08,100.4,146.36,1.01,25.56,5.33
T1,1.112,26.52,26.6,10.46,116.89,161.65,1.1,27.49,5.21,26.7,28.2,9.45,116.31,156.73,0.95,26.72,4.88
T7,1.145,27.11,25.43,9.7,96.21,153.65,1.03,27.29,5.22,28.46,27.13,10.5,104.45,141.14,0.95,25.39,5.69
T9,1.17,25.19,26.27,11.3,108.49,167.34,1.17,24.2,4.83,28.45,25.12,10.88,109.04,173.95,1.03,23.41,4.9
T6,1.183,28.87,28.05,11.1,98.1,144.88,1.09,27.38,5.71,27.13,26.18,11.38,98.91,146.73,1.15,26.78,5.03
T8,1.203,26.0,28.66,9.58,114.64,164.86,1.03,25.13,5.69,26.25,26.58,9.59,111.66,169.58,1.14,28.08,4.84
T6,1.204,26.85,27.42,9.8,98.72,142.44,1.0,28.93,5.32,26.41,24.46,10.2,98.87,160.97,1.01,27.32,5.35
T9,1.208,26.82,25.64,10.48,92.86,161.52,1.06,25.14,5.47,27.02,27.73,11.85,94.13,159.94,1.1,24.28,5.31
T6,1.234,26.82,28.03,10.01,96.45,167.24,1.0,25.21,5.75,27.33,26.12,11.38,95.32,169.03,1.1,28.87,5.84
T4,1.251,26.82,27.5,9.66,111.64,154.14,1.08,27.46,5.36,26.75,26.28,9.68,111.3,165.37,1.09,25.47,4.99
T6,1.252,29.11,24.74,10.83,102.74,147.78,1.11,28.06,5.28,25.01,27.03,10.16,97.14,156.83,1.15,28.74,5.6
T4,1.254,26.18,28.3,10.14,106.19,169.39,0.98,26.03,5.15,28.01,25.18,10.77,111.61,144.08,1.03,24.77,4.63
T5,1.276,28.53,24.54,10.37,113.34,160.62,1.12,26.13,4.69,28.92,25.77,10.36,105.98,160.72,0.98,27.09,4.68
T1,1.276,25.26,24.64,9.72,106.53,148.18,1.07,26.61,5.27,27.29,28.34,11.1,104.05,147.44,0.98,26.04,5.66
T4,1.31,23.78,28.57,10.37,108.93,156.35,0.98,25.37,5.44,24.11,25.73,9.54,113.28,151.04,1.1,28.27,4.81
T7,1.311,28.31,28.47,9.76,109.4,155.99,1.02,25.38,5.44,25.65,25.07,10.62,102.78,161.28,1.05,28.22,5.61
T3,1.312,24.02,25.72,11.35,99.62,145.96,1.09,26.55,5.34,26.87,26.3,10.23,101.21,151.74,0.99,26.03,5.66
T10,1.326,26.0,23.57,10.82,99.37,141.72,0.96,26.75,5.06,28.89,24.18,10.19,103.18,139.12,1.07,25.91,4.85
T10,1.349,28.28,23.46,9.95,98.44,156.73,0.97,27.48,5.24,28.27,23.79,10.68,112.4,150.9,0.96,24.39,5.48
T5,1.37,25.8,27.23,10.54,100.5,140.17,1.14,25.2,5.44,28.86,26.91,9.76,105.13,154.7,1.05,27.92,4.91
T2,1.38,24.34,25.35,10.18,114.71,163.79,0.95,28.24,4.75,26.08,29.2,9.99,113.58,148.22,1.1,25.19,4.62
T2,1.402,25.45,26.18,10.19,108.72,156.58,0.94,27.48,4.9,28.24,29.51,10.42,98.57,166.54,1.0,28.45,4.86
T1,1.404,28.4,26.29,9.41,99.99,142.96,1.07,28.14,5.13,27.9,26.29,9.76,100.16,151.32,1.02,27.51,4.92
T3,1.412,25.8,27.58,10.5,102.18,157.04,1.15,27.79,5.18,27.88,27.12,11.21,96.25,137.87,1.14,28.25,5.08
T8,1.443,25.29,27.71,10.28,98.19,160.88,1.06,25.01,5.57,25.34,28.47,9.55,99.78,150.57,1.02,26.21,5.31
T7,1.444,28.26,26.42,10.7,98.85,144.15,0.99,28.72,5.39,26.29,25.69,10.25,96.67,152.66,1.06,27.88,5.4
T9,1.444,26.75,25.96,11.88,109.24,150.63,1.0,23.94,5.49,28.76,25.83,10.49,103.44,169.16,1.06,26.02,4.77
T2,1.446,24.93,25.05,10.67,109.57,153.58,1.07,24.81,5.15,28.49,28.49,9.62,110.1,165.48,1.1,27.58,5.43
T4,1.454,24.49,27.14,10.22,108.94,158.01,1.04,26.29,5.01,25.19,29.02,10.64,108.5,145.69,1.12,25.15,5.31
T7,1.476,26.47,24.4,10.14,95.71,154.76,0.94,29.62,5.01,28.69,26.91,10.3,107.86,147.12,1.03,27.33,4.96
T10,1.5,25.33,25.07,9.92,99.53,146.98,0.98,24.85,5.26,25.66,26.65,11.31,98.08,148.44,1.05,26.67,5.32
T3,1.538,25.73,24.06,9.89,98.52,144.19,1.01,27.0,5.77,25.1,24.73,10.67,97.06,159.02,0.98,26.52,4.97
T9,1.545,25.73,26.36,11.91,102.02,169.16,1.13,23.76,4.78,26.8,26.82,10.16,101.0,159.9,1.14,23.31,4.99
T10,1.56,25.42,24.68,10.01,104.96,143.22,1.09,23.83,4.79,25.13,25.78,9.75,106.48,158.37,0.93,25.0,5.05
T3,1.571,25.9,25.12,10.97,112.34,156.38,1.01,25.57,5.52,28.15,25.91,10.89,113.46,154.74,1.1,29.47,5.29
T8,1.585,23.28,29.74,9.94,109.76,161.23,1.06,25.7,5.58,26.21,25.52,10.92,107.66,155.79,1.12,26.37,4.83
T4,1.593,27.67,26.18,10.23,97.29,144.4,1.09,26.83,5.49,24.62,28.76,10.49,101.68,162.61,1.09,26.44,4.7
T9,1.604,25.34,26.57,10.76,101.82,153.12,1.1,27.2,4.79,28.17,28.38,11.67,99.17,170.15,1.0,23.51,5.22
T2,1.648,27.08,25.19,10.27,101.0,145.15,0.99,27.23,5.24,27.61,29.26,11.09,110.3,153.68,1.06,27.12,4.76
T9,1.652,25.38,28.23,10.74,104.02,175.82,1.01,23.39,4.95,26.43,24.3,11.05,92.62,168.9,1.1,24.12,5.34
T4,1.668,25.42,26.05,10.88,97.94,157.41,1.03,29.07,5.11,27.68,24.66,9.36,111.9,151.84,1.07,29.0,4.7
T2,1.679,25.11,26.94,10.82,109.16,169.16,1.08,24.5,5.12,26.54,29.23,10.45,107.08,157.53,1.08,25.59,4.9
T8,1.683,23.32,25.9,9.54,98.82,148.33,1.13,26.84,5.47,25.96,29.62,10.9,109.12,157.12,1.08,25.77,5.51
T7,1.704,28.84,27.6,10.26,95.39,144.36,1.07,27.06,5.41,26.8,27.83,10.71,101.12,159.76,1.0,27.06,5.02
T1,1.729,28.75,27.75,10.35,113.94,147.59,1.11,26.18,5.65,26.78,25.29,9.45,108.55,152.32,1.0,27.79,5.59
T7,1.732,25.24,27.49,9.58,92.78,155.24,1.01,27.13,5.2,26.21,25.23,9.64,109.1,159.6,0.95,28.82,5.72
T4,1.77,26.71,24.42,10.68,109.8,143.68,1.02,26.56,5.22,26.12,24.74,10.23,112.66,158.21,1.1,28.93,5.16
T2,1.776,27.26,28.37,10.57,108.86,144.79,0.96,24.92,5.09,28.41,26.26,9.95,114.45,145.47,1.06,25.75,4.78
T8,1.789,25.04,25.42,10.95,103.68,164.84,1.02,27.97,5.44,26.17,25.42,10.92,106.37,154.05,0.99,27.36,5.31
T8,1.806,25.82,27.65,9.56,111.17,168.25,1.15,28.38,5.64,26.57,28.07,11.04,110.1,148.67,1.1,25.91,5.63
T6,1.827,24.73,27.94,10.13,104.81,156.82,1.02,25.01,5.83,24.89,24.33,11.05,96.76,149.7,1.16,28.01,5.04
T7,1.839,26.19,25.68,11.0,97.75,147.01,1.05,26.4,5.68,26.76,25.64,10.66,96.45,156.71,0.95,27.56,5.33
T8,1.841,23.66,25.79,9.63,104.22,167.52,1.13,27.13,5.47,25.09,25.48,9.54,111.87,149.56,1.16,26.28,5.43
T10,1.852,26.32,26.28,10.53,113.77,140.43,0.95,27.05,5.53,28.09,24.86,10.09,111.96,152.84,1.03,24.75,5.09
T5,1.861,28.89,25.21,10.46,101.95,157.19,1.08,24.53,5.21,25.81,26.72,9.93,102.26,139.83,1.08,28.28,5.43
T1,1.866,27.17,25.93,10.19,103.93,149.18,1.07,27.14,4.88,26.36,25.26,10.75,111.37,154.92,1.01,29.43,5.6
T4,1.868,23.85,27.27,10.15,109.09,154.32,1.0,25.68,4.81,24.6,27.27,10.22,97.46,159.69,1.09,26.52,4.99
T3,1.892,24.34,25.84,10.26,100.3,156.53,1.12,26.02,5.06,25.4,26.8,10.63,109.93,147.42,1.07,26.53,5.74
T2,1.894,25.72,25.89,10.67,102.86,167.61,0.99,25.59,4.66,25.88,29.61,10.84,107.47,168.99,1.0,27.69,4.94
T4,1.907,27.1,27.65,9.75,111.68,150.87,1.08,25.96,4.9,27.09,25.18,9.66,113.4,153.92,1.01,25.43,4.68
T9,1.907,25.24,25.51,11.5,97.0,152.43,1.09,24.81,5.05,27.67,28.58,10.32,101.81,162.02,1.12,24.26,5.43
T5,1.943,28.16,25.93,9.57,99.42,147.22,1.0,24.32,5.08,27.41,25.34,9.87,103.58,156.6,1.08,25.7,5.35
T9,1.95,25.58,28.72,11.3,94.83,156.14,1.14,27.02,4.83,27.82,26.94,11.9,107.83,158.92,1.07,25.08,4.86
T1,1.959,24.77,25.14,10.75,116.22,157.37,0.97,27.96,5.12,24.75,25.95,10.06,102.46,151.69,1.1,28.31,4.95
T2,1.959,25.81,29.59,10.08,105.25,159.18,0.97,26.38,4.78,24.38,26.62,10.11,109.85,168.79,1.06,27.66,5.16
T8,1.965,26.91,28.81,10.97,105.53,166.39,1.02,24.42,5.28,27.46,25.36,11.18,113.0,156.61,1.11,25.26,5.68
T2,1.968,27.93,25.35,11.18,102.52,166.35,0.96,28.47,5.18,28.85,26.6,10.66,109.63,154.52,1.1,25.87,5.39
T7,1.985,28.47,28.36,9.68,97.28,162.17,1.01,25.71,5.63,28.13,24.14,10.06,107.3,163.28,1.01,28.8,5.02
T9,1.989,24.56,26.02,11.58,103.44,172.55,1.08,27.07,5.14,24.68,25.57,10.21,100.89,161.82,1.11,24.68,5.2
T8,2.0,23.83,26.61,11.06,115.04,158.0,1.14,24.28,5.36,24.88,25.22,9.44,107.27,161.29,1.12,26.18,5.48
T9,2.035,25.73,25.51,10.14,92.91,159.58,1.13,23.91,5.39,26.06,27.21,10.93,101.06,174.68,1.16,24.52,5.25
T1,2.037,28.21,24.78,10.82,112.65,157.94,1.11,27.4,5.42,28.9,24.87,10.99,108.43,159.23,0.96,25.98,5.04
T6,2.042,27.13,24.86,11.6,102.36,159.6,1.06,27.77,5.18,26.77,24.68,10.05,93.59,153.53,1.01,25.07,5.83
T7,2.049,25.67,26.54,9.65,108.88,163.63,0.97,29.46,5.22,27.11,27.7,9.97,95.33,145.02,1.08,28.62,5.57
T2,2.049,25.32,27.52,9.71,98.83,162.19,1.0,27.14,5.41,24.44,26.5,10.57,104.65,167.72,0.94,25.82,4.99
T2,2.066,27.4,28.11,9.87,112.84,146.25,0.99,28.38,5.27,24.64,27.46,11.26,101.08,150.61,1.01,25.18,4.63
T1,2.078,27.04,27.0,10.75,109.32,156.76,1.01,27.82,5.49,24.98,28.14,10.64,112.9,140.6,0.99,25.43,4.9
T8,2.107,26.68,26.67,10.35,115.06,170.88,1.09,28.23,5.01,24.55,28.26,9.51,100.49,163.75,1.08,25.26,5.59
T3,2.118,26.8,27.46,10.45,98.77,163.22,1.06,26.05,5.49,27.68,24.39,10.85,110.25,153.8,1.11,28.19,5.66
T5,2.135,28.32,24.57,10.59,107.0,157.08,1.12,24.3,5.44,26.7,25.25,9.32,114.63,153.05,1.11,28.01,4.98
T2,2.141,26.4,28.89,10.75,101.92,147.67,1.05,27.92,5.26,25.75,25.83,10.76,101.57,166.88,1.09,27.79,4.66
T8,2.156,24.0,29.46,9.9,101.75,161.59,1.14,24.19,5.39,26.06,25.2,11.02,110.9,156.51,1.16,28.06,5.62
T7,2.157,28.15,28.41,9.42,95.46,165.35,1.11,28.24,5.18,25.18,27.28,9.65,107.11,152.74,1.12,29.34,5.71
T9,2.157,28.86,28.83,10.77,107.0,157.18,1.02,25.46,4.76,24.68,28.1,11.28,105.19,161.37,1.09,27.34,5.37
T7,2.183,26.43,25.01,10.7,103.61,150.68,1.11,29.72,5.2,28.06,28.08,10.23,107.21,152.6,1.09,25.64,5.59
T10,2.199,27.5,23.47,9.83,103.45,162.83,1.06,24.05,4.8,25.11,24.46,10.06,104.57,152.94,1.02,25.72,4.66
T1,2.209,27.83,28.26,9.84,102.18,150.56,0.97,25.23,5.07,27.42,24.12,9.83,110.26,162.51,1.06,26.05,5.04
T9,2.214,24.63,27.92,11.59,107.11,157.95,1.09,24.01,5.11,27.6,27.01,10.38,105.34,157.25,1.12,23.32,4.91
T4,2.22,27.07,25.92,10.55,98.2,154.19,0.95,28.07,5.32,26.4,25.65,9.9,99.96,156.14,1.03,24.79,4.64
T3,2.228,23.81,27.06,10.29,110.6,158.49,1.02,26.1,5.46,26.72,25.27,10.97,110.4,155.05,1.04,26.66,5.37
T7,2.256,26.12,25.92,9.72,98.02,144.75,1.08,29.29,5.59,26.92,27.79,10.79,93.16,166.74,1.03,25.14,5.33
T10,2.265,27.35,23.03,11.17,96.06,153.39,1.06,27.6,5.15,25.78,25.07,10.91,112.88,145.89,1.05,26.97,5.28
T4,2.266,23.98,25.9,9.7,102.97,152.83,1.07,26.86,5.37,25.87,27.55,10.33,113.97,143.84,1.04,28.96,4.86
T5,2.278,26.36,27.42,10.19,108.26,154.0,1.09,26.24,5.07,26.86,27.42,9.43,103.43,155.28,1.09,24.85,4.9
T1,2.281,27.31,26.13,9.95,100.06,140.48,1.08,29.36,5.31,28.21,28.38,10.99,109.25,153.19,1.05,27.04,5.68
T5,2.282,25.38,25.86,10.82,108.65,139.73,1.08,28.01,5.06,28.97,28.19,10.73,106.44,163.08,1.1,28.64,4.76
T3,2.288,27.87,24.05,10.67,106.5,138.28,1.15,28.9,5.05,25.03,26.54,10.65,101.8,156.68,1.13,28.66,5.12
T8,2.352,26.72,29.08,10.14,111.9,153.0,1.1,26.32,5.16,25.77,25.7,10.07,110.83,158.98,0.99,24.74,5.54
T6,2.355,26.98,25.41,11.27,94.25,144.43,1.0,26.78,5.79,28.62,27.37,11.56,98.67,153.69,1.08,24.81,5.35
T7,2.356,26.52,27.58,11.08,103.51,145.28,0.95,29.12,5.33,27.62,25.03,10.53,92.64,161.99,1.03,28.33,5.66
T5,2.358,25.77,25.23,9.68,102.56,155.12,1.02,26.2,4.64,28.59,26.12,10.06,105.44,140.08,1.15,28.79,5.33
T1,2.375,28.61,27.44,9.46,105.94,158.55,1.04,29.61,5.4,27.29,25.58,11.03,102.4,141.16,1.09,28.95,5.19
T10,2.387,29.54,22.92,10.89,102.01,158.42,0.99,25.45,4.99,26.41,25.74,10.16,101.87,158.82,0.98,27.9,5.41
T7,2.389,25.56,25.8,9.63,101.07,160.39,1.07,27.3,5.02,28.12,27.57,9.61,109.2,156.24,1.1,28.41,5.19
T1,2.416,27.52,26.58,10.93,111.65,144.99,0.95,28.16,5.29,25.8,25.13,10.78,103.5,144.41,1.03,26.53,5.42
T3,2.417,24.18,28.45,10.96,98.47,148.7,1.01,26.49,5.02,24.16,24.23,10.46,109.15,138.99,0.98,28.03,4.95
T4,2.419,25.88,28.72,10.73,103.25,149.9,1.02,28.43,5.28,27.47,24.46,10.7,103.23,160.59,1.09,26.48,5.11
T2,2.444,28.87,28.7,9.98,106.02,167.53,1.01,25.05,4.92,26.19,27.3,9.62,98.46,161.83,0.95,27.89,5.44
T10,2.445,26.8,25.98,11.27,110.11,151.41,1.06,23.67,4.85,27.9,24.91,10.27,106.87,141.5,0.93,27.71,5.32
T6,2.445,25.64,28.38,10.18,99.98,147.49,1.14,26.87,5.73,28.32,25.36,10.54,93.61,148.01,1.15,29.09,5.06
T1,2.448,28.11,26.15,10.6,112.27,152.54,1.07,27.19,5.33,28.49,25.69,9.72,115.96,143.68,1.06,28.35,5.19
T9,2.456,25.82,26.96,11.36,96.68,154.82,1.14,27.48,5.46,27.74,27.6,11.36,106.6,155.74,1.16,25.96,5.49
T4,2.462,27.04,24.7,10.55,109.41,148.98,0.98,26.74,4.93,27.7,27.72,9.6,112.83,169.54,1.02,26.2,4.84
T9,2.463,26.68,28.14,11.29,105.22,177.1,1.12,24.49,5.32,27.49,26.49,10.98,92.6,157.27,1.1,24.79,5.46
T6,2.467,29.09,27.11,10.55,108.84,165.79,1.16,28.4,5.01,25.48,27.39,10.4,97.14,154.16,1.03,25.17,4.98
T7,2.472,26.39,24.37,9.56,92.28,142.33,1.08,26.53,5.68,28.99,25.56,9.81,93.09,159.74,1.09,27.25,5.18
T8,2.476,25.28,28.18,10.06,100.12,169.0,1.07,25.77,5.03,25.55,27.81,9.9,112.05,159.24,1.09,25.33,5.54
T7,2.49,26.1,27.08,10.71,92.3,141.46,1.01,26.29,5.57,26.61,26.75,9.87,108.85,155.23,1.07,26.06,5.83
T10,2.514,28.27,22.95,10.14,106.87,159.22,1.04,25.7,4.76,26.3,24.86,10.76,96.72,157.08,1.07,25.0,5.52
T2,2.519,25.48,29.22,11.21,101.32,145.11,1.08,25.23,4.75,24.6,25.54,10.61,111.81,158.32,0.99,28.01,5.13
T1,2.52,24.98,26.24,10.78,110.91,143.67,1.1,29.37,5.52,25.44,26.51,9.69,104.05,143.38,0.97,29.12,5.13
T3,2.528,24.89,24.28,10.02,102.17,147.4,1.09,27.84,5.1,26.62,26.03,11.23,103.76,156.77,0.99,25.36,5.52
T5,2.536,28.22,28.23,10.54,107.78,139.89,1.02,24.48,5.38,26.22,27.01,10.76,98.24,142.43,1.09,27.92,4.86
T6,2.537,26.8,27.35,10.51,99.3,156.56,1.05,25.06,5.82,26.2,24.1,10.94,99.2,142.86,1.05,29.26,5.19
T6,2.548,29.04,26.69,10.55,102.47,143.28,1.08,24.79,5.21,26.92,24.77,9.87,94.99,156.58,1.18,29.07,5.01
T7,2.557,26.01,27.43,10.22,92.3,159.62,0.94,28.7,5.77,28.63,27.68,10.19,98.22,159.37,1.09,25.11,5.04
T3,2.565,24.8,27.43,10.5,104.67,146.28,1.0,27.03,5.3,24.71,27.18,10.34,98.72,157.99,1.15,26.75,5.7
T3,2.572,25.43,24.79,10.82,110.99,140.7,1.06,28.09,5.71,25.45,27.53,10.01,108.66,159.83,1.02,26.66,4.91
T10,2.579,26.62,23.36,11.35,112.62,145.56,0.96,24.41,5.08,29.37,24.67,10.72,96.25,150.09,1.03,23.73,5.18
T10,2.585,29.49,27.15,10.27,112.44,161.53,0.98,27.19,5.16,29.72,23.9,9.82,98.68,145.28,0.98,27.92,4.91
T9,2.589,28.7,24.28,10.73,109.16,168.12,1.11,25.85,5.0,25.74,25.31,10.34,106.18,154.19,1.09,25.96,4.95
T4,2.598,26.46,26.27,10.24,99.78,145.53,0.98,27.2,5.45,26.52,26.38,10.15,108.97,150.89,1.08,25.84,4.8
T1,2.602,29.0,24.02,10.35,110.94,149.99,1.02,27.16,4.9,27.97,26.25,10.97,100.64,147.27,1.06,28.62,5.73
T7,2.622,27.01,28.05,9.39,101.74,141.64,0.97,27.54,5.82,29.04,28.13,9.85,92.3,148.8,1.01,25.77,5.11
T7,2.629,28.55,28.48,10.59,106.34,166.87,0.94,28.4,5.43,29.43,27.94,9.84,106.59,153.38,0.95,29.3,4.95
T5,2.631,28.69,27.21,10.43,114.93,146.72,1.08,24.88,5.36,28.14,26.95,10.12,110.49,155.07,0.98,25.98,4.92
T9,2.633,25.03,27.55,11.54,105.49,154.82,1.08,23.46,5.14,28.45,25.33,10.46,107.05,161.9,1.0,24.83,5.54
T10,2.634,27.55,24.6,11.49,99.22,156.19,1.03,25.55,5.53,27.58,26.38,10.01,102.48,145.56,1.03,25.86,4.75
T1,2.636,28.93,26.15,10.2,114.77,146.07,1.08,27.04,5.51,25.43,25.15,9.76,103.97,151.54,0.96,26.48,5.74
T6,2.639,28.07,28.28,10.44,101.42,168.6,1.01,28.35,4.97,26.45,24.66,11.09,101.35,167.27,1.17,27.35,5.56
T2,2.652,26.59,29.14,9.6,109.96,152.47,0.94,27.7,4.85,28.52,27.19,10.76,104.16,164.77,1.0,25.36,5.31
T1,2.663,25.44,25.95,10.32,114.19,159.0,1.09,28.98,5.53,27.52,28.28,10.08,100.28,141.21,1.0,26.98,5.27
T3,2.67,26.07,26.58,10.26,97.1,139.95,1.05,27.81,4.88,25.26,26.91,10.45,111.3,141.76,0.98,29.5,5.06
T7,2.685,27.59,25.9,9.63,93.36,151.25,1.12,29.73,5.05,26.68,25.32,10.76,107.98,165.94,1.08,28.57,5.86
T4,2.693,25.9,24.99,10.04,113.37,165.85,1.1,25.6,4.86,24.54,25.98,10.59,101.11,167.63,1.01,28.5,4.83
T9,2.707,25.22,27.26,11.3,93.25,156.7,1.0,27.22,5.04,25.42,27.18,10.74,102.28,165.04,1.09,25.81,5.41
T7,2.716,26.68,26.23,9.62,106.66,148.94,0.97,27.5,5.6,28.61,25.21,10.19,108.88,166.62,1.06,28.26,5.6
T10,2.726,29.04,25.34,10.5,103.17,139.69,1.0,25.03,5.25,27.88,25.75,10.31,97.98,150.62,1.07,25.25,4.92
T5,2.728,27.76,27.66,10.16,112.05,152.77,1.13,25.1,5.48,24.74,27.24,9.8,114.86,153.4,1.09,27.44,4.83
T4,2.746,26.58,25.52,9.37,102.32,148.75,0.95,27.9,5.12,25.21,26.39,9.48,99.18,152.29,1.09,25.5,4.99
T2,2.754,27.93,28.78,10.96,109.0,164.77,0.97,24.55,5.02,25.53,26.34,10.24,116.56,165.8,1.1,24.92,5.02
T2,2.76,25.19,28.84,10.72,104.87,151.85,1.06,26.6,5.2,28.76,25.63,11.12,106.02,149.89,0.98,28.22,5.13
T7,2.772,28.63,27.65,9.88,106.75,145.87,1.09,29.41,5.37,29.37,26.61,10.66,100.95,156.0,1.07,28.08,5.72
T8,2.772,23.86,28.24,9.62,100.64,174.31,1.11,28.14,5.28,27.16,28.0,10.12,115.46,148.86,1.05,27.21,5.37
T5,2.777,26.21,25.82,10.54,112.56,161.35,1.0,25.83,5.5,25.11,25.68,10.5,102.66,152.93,0.99,25.9,4.64
T1,2.788,26.79,25.77,10.04,112.59,160.94,1.08,28.81,5.34,27.77,25.16,10.95,110.92,161.98,1.04,27.92,4.88
T1,2.797,24.45,26.51,10.99,112.03,147.79,1.06,26.37,4.83,25.14,24.17,11.05,111.92,146.39,1.1,29.72,5.32
T5,2.836,28.81,26.58,9.32,107.71,160.58,1.06,25.16,5.26,26.86,25.43,10.52,97.17,154.06,1.12,26.91,5.34
T1,2.851,27.94,27.28,10.46,115.31,154.65,1.01,26.83,4.94,25.75,27.66,9.5,104.66,161.01,1.0,29.08,4.96
T9,2.857,24.63,28.35,10.23,93.68,171.65,1.1,23.3,4.77,25.54,25.93,10.94,98.22,169.2,1.1,24.18,4.8
T8,2.858,27.45,25.08,9.5,102.31,168.82,1.05,27.06,4.98,25.24,25.63,9.6,98.68,148.36,1.17,28.26,5.45
T4,2.859,27.09,27.61,10.82,109.19,154.09,1.05,28.87,5.37,25.52,28.75,9.5,97.45,152.74,1.05,25.81,4.82
T4,2.881,24.46,24.92,9.66,102.32,147.7,1.08,28.64,5.5,25.5,26.74,10.43,101.69,146.2,1.03,25.15,5.22
T6,2.882,26.18,25.88,10.88,98.61,166.2,1.07,28.58,5.03,28.41,25.87,9.83,106.08,147.2,1.06,24.99,5.61
T7,2.888,28.99,25.11,9.93,109.27,148.96,1.04,28.6,5.24,27.81,24.38,9.53,108.66,147.42,1.01,27.33,4.97
T1,2.888,28.28,26.27,10.15,112.27,145.78,1.0,27.48,4.9,26.92,25.45,10.28,112.51,152.45,0.97,29.36,5.48
T1,2.89,25.08,26.4,9.76,113.64,138.48,1.09,27.33,5.48,28.54,27.8,10.46,115.6,147.59,1.0,28.62,5.63
T5,2.907,25.04,27.66,10.37,111.82,147.91,0.98,27.5,5.07,27.5,28.7,9.41,105.14,160.08,1.16,24.65,4.83
T5,2.909,27.71,26.35,10.67,101.48,147.39,1.14,27.04,5.37,26.43,26.32,10.79,99.3,142.15,1.02,26.19,5.41
T7,2.93,28.5,27.31,9.74,93.72,156.76,1.07,25.59,5.12,29.05,28.5,9.86,99.14,155.84,1.11,27.52,5.4
T5,2.932,27.29,25.44,10.54,111.59,140.33,1.15,24.64,4.91,28.38,25.18,9.88,106.28,164.79,1.08,26.82,4.66
T1,2.957,25.07,27.64,9.55,102.76,155.1,1.07,27.93,5.18,24.81,27.77,10.63,110.55,160.05,1.02,26.33,5.68
T9,2.967,27.89,25.53,11.68,107.45,151.99,1.01,26.55,5.07,27.62,26.04,11.69,101.07,150.61,1.12,26.48,5.27
T8,2.983,23.9,29.3,10.16,115.85,160.88,1.01,24.17,5.32,24.97,25.75,9.67,104.0,172.1,1.16,27.39,5.03
T3,2.988,27.48,27.23,10.34,103.76,143.02,1.07,26.32,5.13,25.44,25.21,11.26,109.4,147.9,1.01,25.54,5.71
T3,2.995,26.05,24.13,10.15,99.53,140.66,1.0,25.82,5.44,25.95,26.33,9.75,105.8,146.0,0.99,25.61,5.37
T1,2.998,27.04,26.49,10.75,105.44,145.27,1.11,28.47,5.27,24.41,24.64,10.27,100.78,153.12,1.01,27.97,5.22
T6,3.023,25.2,24.89,10.07,100.52,165.75,1.05,25.65,5.33,28.71,26.44,11.37,96.97,152.16,1.08,26.76,5.47
T8,3.033,24.67,25.27,10.08,115.82,166.87,1.06,26.2,4.92,24.15,28.26,10.38,106.37,158.82,1.08,24.34,5.36
T3,3.035,25.76,27.34,9.9,107.15,158.41,1.09,28.26,5.45,28.09,24.61,10.48,98.48,157.45,1.02,25.14,5.35
T9,3.036,28.69,26.98,10.42,93.68,167.47,1.14,26.24,4.78,28.04,25.02,10.14,107.11,155.79,1.06,24.08,5.01
T4,3.049,27.1,27.4,10.69,113.76,149.96,1.09,27.02,5.4,27.77,25.03,10.87,99.84,168.61,1.06,26.95,5.05
T10,3.049,26.31,24.93,10.03,110.86,140.27,1.01,23.88,5.18,26.55,25.49,11.02,108.33,141.64,0.99,26.18,5.46
T2,3.069,25.51,28.2,10.45,109.35,161.1,0.95,26.48,5.18,28.19,27.1,11.24,114.7,159.14,0.96,25.27,4.66
T10,3.093,25.07,25.36,10.87,113.75,148.96,1.04,26.06,5.23,25.06,26.76,11.37,101.62,146.33,1.07,25.24,4.93
T6,3.102,29.22,26.24,10.7,102.94,145.57,1.09,28.26,5.49,29.26,27.52,10.84,94.62,163.73,1.17,28.69,5.68
T6,3.103,25.67,26.14,10.79,108.06,167.46,1.14,28.48,5.4,24.83,27.03,10.93,96.27,168.54,1.16,28.0,5.14
T9,3.115,27.73,26.64,10.19,105.46,163.46,0.99,25.59,5.17,24.92,24.49,11.87,103.05,169.29,1.17,23.28,4.96
T10,3.116,25.25,24.4,10.21,103.89,151.15,0.97,24.35,5.09,26.25,25.02,10.88,111.51,156.7,0.94,25.98,5.32
T10,3.122,29.28,26.66,10.0,100.13,150.81,1.05,25.46,4.84,27.81,23.4,10.97,113.53,157.64,0.98,27.48,5.39
T4,3.124,25.17,26.5,9.77,107.16,161.31,1.1,25.19,5.14,23.92,25.8,10.93,103.59,165.0,0.98,25.77,4.68
T4,3.133,24.09,28.94,9.88,98.1,165.84,0.96,27.43,5.16,27.87,28.71,10.09,110.84,167.28,1.04,27.47,4.7
T4,3.142,27.07,26.22,9.59,101.66,165.58,0.98,28.87,5.15,26.39,25.11,10.84,106.63,146.96,1.01,28.99,5.28
T4,3.144,26.97,28.69,10.83,114.28,160.67,1.07,25.55,4.85,27.72,28.4,10.09,113.9,163.38,0.99,25.45,5.29
T6,3.151,27.85,25.97,11.05,94.15,149.27,1.02,27.68,4.95,26.43,25.24,10.87,95.11,165.79,1.0,29.11,5.52
T5,3.159,25.73,27.29,10.58,114.53,146.02,1.01,25.0,5.08,25.39,28.75,10.69,111.5,147.07,1.06,25.14,5.11
T2,3.163,24.36,27.47,10.88,101.05,163.62,0.94,25.26,4.69,25.74,29.33,11.3,103.22,158.28,1.09,28.38,5.21
T2,3.176,27.29,28.86,10.94,104.05,146.48,1.11,24.28,4.85,25.85,28.69,11.07,98.43,167.4,0.96,26.55,5.27
T1,3.216,28.4,24.77,10.9,112.57,147.42,0.95,25.49,5.28,27.34,28.03,9.6,112.05,149.55,0.94,28.39,5.53
T8,3.227,24.61,26.3,9.99,106.0,170.41,1.02,24.34,4.97,25.01,26.07,10.53,113.18,173.6,1.0,27.2,5.29
T2,3.241,27.69,26.58,11.03,110.23,162.27,0.97,26.04,4.9,28.79,29.32,10.75,115.48,144.9,1.04,24.37,5.4
T10,3.246,26.52,25.93,10.18,98.92,155.84,1.03,24.95,4.88,26.41,24.83,10.01,101.04,150.71,1.01,25.02,4.88
T10,3.286,27.92,25.42,9.77,106.48,152.38,1.02,23.56,5.16,25.82,24.53,11.48,109.9,158.46,1.05,27.12,5.46
T10,3.297,29.1,23.44,10.29,110.96,149.58,0.98,26.53,4.98,26.33,23.01,11.36,106.48,142.38,0.97,25.05,5.38
T5,3.298,25.55,25.84,9.29,113.21,143.87,1.03,27.98,4.64,25.68,28.06,9.67,110.03,165.28,1.11,27.08,4.64
T4,3.308,27.1,25.08,9.52,102.48,168.1,1.05,25.32,4.79,23.94,26.78,9.7,113.66,153.99,1.1,28.71,5.11
T4,3.317,25.58,27.99,10.13,111.65,169.12,0.98,26.8,5.28,26.75,28.42,9.5,112.86,165.14,1.01,26.86,4.71
T8,3.325,24.98,27.25,10.05,98.29,158.8,1.03,24.06,5.6,25.48,26.47,10.08,98.59,153.95,1.13,26.4,4.92
T2,3.333,27.26,25.13,10.84,102.24,148.88,1.07,27.16,4.95,27.92,26.88,10.66,115.0,151.22,0.98,28.02,5.3
T5,3.342,28.71,26.41,9.67,104.6,157.08,1.01,26.3,4.74,26.36,25.06,10.14,113.86,159.12,1.11,27.98,5.36
T4,3.347,24.09,26.19,9.28,99.3,169.56,1.03,26.36,4.97,23.98,27.26,9.97,102.34,155.0,0.99,29.23,5.0
T3,3.347,24.84,25.72,11.52,103.11,138.88,0.98,26.94,5.62,26.37,24.28,10.49,101.48,162.19,1.08,29.0,5.66
T7,3.348,27.48,25.83,10.06,97.75,149.73,1.0,29.26,5.47,29.39,28.52,9.91,103.53,149.42,0.97,25.36,5.34
T10,3.369,29.06,24.92,9.92,109.75,142.38,0.93,27.48,4.76,28.37,24.32,10.75,101.46,151.69,1.0,26.67,4.98
T4,3.376,25.31,27.9,10.4,99.19,159.91,1.07,27.64,4.89,25.78,28.08,9.52,112.32,149.71,1.1,26.51,5.26
T8,3.396,27.12,26.26,9.51,105.01,159.68,0.99,26.59,4.89,27.23,25.29,10.0,100.0,165.15,1.0,24.12,5.51
T8,3.407,23.22,27.63,9.8,103.17,175.02,1.02,25.78,5.25,25.0,26.16,9.84,115.83,152.11,1.16,27.32,5.03
T1,3.413,27.98,27.9,11.1,106.02,148.86,1.04,29.16,4.88,24.62,23.96,10.99,103.34,150.2,0.96,25.14,5.28
T8,3.419,25.94,26.67,10.96,102.22,173.59,1.12,27.23,5.43,24.55,28.58,10.6,113.16,170.53,1.01,28.52,5.16
T1,3.428,25.37,24.79,9.38,113.67,158.26,1.08,29.5,5.03,28.18,28.36,11.1,98.67,157.37,0.99,29.29,5.13
T10,3.432,27.41,25.31,10.78,108.41,160.88,1.05,24.41,4.8,25.47,25.36,10.77,101.84,156.04,0.92,25.43,5.48
T9,3.452,26.98,28.71,10.87,103.06,153.4,1.02,25.04,4.88,26.27,27.36,11.57,98.78,167.73,1.05,26.54,4.71
T5,3.459,25.77,26.99,9.98,99.3,149.47,1.0,24.92,4.91,26.24,24.94,9.89,100.82,165.28,1.08,26.61,5.34
T10,3.461,27.76,26.57,9.89,98.43,161.58,1.0,26.25,4.77,28.34,24.06,10.36,98.29,159.61,1.05,23.91,4.76
T4,3.462,24.39,26.28,10.76,109.33,163.41,1.07,25.95,5.25,25.11,28.85,10.52,97.17,150.57,1.11,26.26,5.2
T7,3.479,29.07,25.32,10.02,99.88,152.53,0.98,28.51,5.02,26.8,27.4,9.5,97.86,162.17,1.04,26.02,4.99
T3,3.482,27.85,25.4,11.24,101.73,153.04,1.03,27.7,5.43,26.33,27.72,10.22,102.68,150.18,1.06,26.91,5.74
T6,3.499,27.8,27.36,11.63,102.63,167.15,1.0,24.92,5.32,24.76,27.1,11.15,107.18,146.83,1.16,29.22,5.63
T5,3.513,27.94,26.3,9.56,100.22,159.85,1.07,24.44,5.34,28.76,25.97,9.69,101.22,160.54,1.08,26.12,4.9
T8,3.516,23.63,28.96,10.46,110.88,148.98,1.04,27.18,5.63,24.65,29.73,11.0,104.33,172.96,1.17,24.76,5.67
T2,3.527,26.54,28.18,10.26,105.74,158.24,1.06,26.39,5.2,25.07,29.27,10.24,103.3,150.84,1.06,24.12,4.63
T7,3.529,25.9,27.41,10.55,107.41,154.3,0.97,27.7,5.36,28.84,26.29,9.95,96.55,147.29,1.03,29.26,5.63
T7,3.534,25.05,27.98,10.78,94.07,161.11,0.97,28.57,5.02,28.65,27.18,10.51,109.32,151.53,1.05,26.13,5.31
T4,3.536,27.27,28.97,9.34,112.21,148.3,1.0,26.24,5.07,27.8,26.36,9.99,101.64,152.63,1.08,24.78,4.99
T4,3.537,24.85,28.03,10.97,113.98,159.09,0.99,26.15,5.2,27.61,24.75,10.27,97.84,168.62,1.1,26.7,5.1
T9,3.538,24.88,26.05,11.93,99.48,158.75,1.1,24.32,5.16,27.56,25.6,10.48,94.08,150.89,1.1,25.16,5.22
T5,3.543,27.66,25.48,9.61,113.56,163.12,1.13,28.14,5.47,28.22,27.36,10.15,101.63,163.12,1.1,26.76,4.75
T2,3.559,28.47,25.43,11.2,114.47,160.56,1.11,25.32,5.29,24.46,28.83,9.68,107.26,163.3,1.03,26.5,4.75
T5,3.564,24.66,26.79,10.49,113.4,146.88,1.02,25.76,5.08,28.47,28.88,10.87,105.81,151.01,0.98,28.19,5.33
T5,3.569,27.0,26.21,10.57,109.69,147.72,1.1,25.99,5.16,28.81,27.99,10.78,104.61,148.35,1.06,27.08,5.34
T5,3.576,26.73,26.96,9.26,102.07,160.7,1.11,27.68,4.9,28.04,27.11,9.5,98.41,143.58,1.1,24.66,4.86
T5,3.588,25.15,28.91,9.85,102.89,163.14,1.14,25.55,4.7,26.4,24.72,10.18,108.54,159.48,1.03,24.35,5.12
T5,3.61,26.07,25.87,9.42,101.27,165.41,1.07,26.39,5.49,26.86,28.44,9.69,108.35,141.45,1.16,24.46,4.7
T5,3.611,28.47,26.09,10.28,109.3,161.69,1.12,27.7,4.89,28.21,24.39,10.83,106.14,147.39,1.08,26.13,5.36
T7,3.612,29.09,27.37,9.54,97.75,148.11,1.0,28.25,4.99,25.25,25.32,10.7,94.09,159.11,1.09,26.32,5.14
T5,3.615,24.96,27.37,10.28,108.03,151.3,0.98,24.32,5.04,25.91,27.08,10.84,102.25,142.05,1.01,26.39,5.17
T9,3.617,25.86,25.81,10.69,106.14,174.62,1.06,23.2,4.76,27.11,28.49,10.34,98.78,159.26,1.0,24.2,5.13
T5,3.621,27.74,24.71,10.91,111.27,148.04,1.01,24.85,4.89,28.87,27.43,9.78,105.94,157.11,1.12,27.24,5.24
T2,3.63,24.59,29.45,10.42,105.06,167.82,1.1,27.41,4.72,25.5,28.39,10.52,112.86,148.38,1.05,26.27,5.38
T6,3.632,25.98,26.56,11.01,93.87,167.46,1.09,25.29,5.53,28.54,24.42,9.82,93.62,161.25,1.06,28.43,5.08
T2,3.632,25.42,25.18,9.92,104.62,152.48,0.99,27.92,4.67,25.52,26.72,9.93,111.86,160.41,0.97,25.08,5.34
T5,3.632,28.36,24.52,9.92,111.59,156.78,1.01,28.54,5.5,28.72,27.38,10.86,107.28,160.58,1.15,27.36,5.05
T7,3.636,28.38,27.6,10.79,108.18,164.21,1.03,26.91,5.69,24.85,26.45,9.94,106.88,162.79,0.95,28.81,4.97
T6,3.638,25.94,27.03,9.94,107.12,164.75,1.08,25.29,5.55,29.2,26.29,10.39,95.64,160.54,1.12,28.42,5.18
T1,3.644,24.49,26.61,11.03,104.97,153.25,1.02,25.05,5.74,25.56,26.3,10.7,116.45,161.57,1.01,27.38,5.25
T5,3.662,27.28,25.65,9.21,109.2,149.11,1.08,27.69,5.42,28.8,27.89,10.65,108.59,145.45,1.07,25.41,5.45
T2,3.685,26.15,25.97,9.95,101.87,164.11,1.09,26.39,4.84,28.31,28.48,9.84,100.12,166.96,1.08,25.3,5.07
T7,3.688,25.15,27.3,9.51,97.03,157.56,1.05,25.38,5.15,25.6,26.24,9.78,94.48,161.74,1.11,26.41,5.18
T2,3.691,26.95,26.29,10.02,116.44,152.27,1.1,27.42,4.84,26.76,26.71,10.08,110.83,160.16,1.07,27.98,5.42
T1,3.701,26.48,27.67,9.36,107.79,155.05,1.03,26.53,4.93,28.92,26.25,9.48,102.86,156.0,0.96,28.8,5.51
T7,3.717,24.82,26.94,10.63,104.3,164.66,1.02,25.14,5.18,24.83,24.28,10.03,99.74,154.59,0.95,25.18,5.18
T4,3.728,24.0,28.0,9.61,96.8,163.22,1.06,26.16,4.84,27.21,27.83,10.45,102.76,145.14,0.96,26.46,5.09
T8,3.735,23.36,27.0,9.93,99.05,173.69,1.06,26.29,5.25,25.83,27.24,10.64,103.73,171.32,1.04,25.15,5.65
T3,3.749,26.29,25.9,10.7,98.54,139.56,1.01,27.32,5.58,27.78,25.95,10.13,110.4,157.84,1.07,29.4,5.23
T7,3.751,26.26,25.68,10.55,108.36,163.81,1.01,25.51,5.06,28.56,28.49,11.02,99.32,143.73,1.08,26.02,5.33
T5,3.772,25.26,28.66,9.77,107.69,153.9,1.1,25.04,5.16,26.77,26.03,10.54,101.04,141.98,1.0,24.97,4.79
T1,3.774,26.86,28.34,10.92,104.66,154.71,1.11,27.16,5.31,28.16,27.05,10.64,102.67,150.4,0.98,25.51,4.98
T2,3.792,25.72,27.2,9.58,109.22,159.74,1.06,27.89,4.72,25.76,26.22,10.99,108.86,146.94,1.04,28.35,4.67
T5,3.806,26.88,26.73,10.42,110.07,144.29,1.14,26.91,5.14,28.86,25.53,10.8,107.17,146.61,1.16,24.54,5.08
T10,3.81,25.41,23.92,10.75,103.89,161.27,1.02,24.06,4.69,26.45,26.04,9.96,102.81,161.84,0.99,25.59,5.12
T3,3.815,27.98,27.41,10.26,96.26,154.62,1.13,27.6,4.97,24.28,24.56,10.53,98.9,162.35,1.14,25.93,5.73
T5,3.822,26.06,25.12,9.84,102.16,157.11,1.15,25.0,4.95,26.44,27.34,9.24,113.64,162.56,1.14,26.82,5.48
T2,3.827,26.8,27.22,9.86,101.8,167.23,1.02,27.43,5.44,25.01,28.22,10.98,108.41,165.93,1.02,25.47,5.32
T1,3.829,28.61,24.88,9.83,103.64,147.21,1.04,26.25,4.85,25.25,25.56,9.44,111.02,157.37,1.09,29.7,4.97
T4,3.829,26.02,25.14,10.49,106.26,148.72,0.95,26.47,4.8,25.02,28.18,10.55,110.86,145.47,1.08,28.88,5.39
T9,3.845,28.04,25.6,11.77,104.97,168.56,1.09,24.65,4.86,26.21,26.54,10.78,108.54,157.93,1.14,23.37,4.95
T5,3.868,28.9,28.98,9.4,97.39,164.22,1.06,27.67,5.49,28.81,25.25,9.51,114.6,161.34,1.04,28.1,5.13
T10,3.869,27.2,24.2,10.32,101.39,157.09,1.0,25.31,5.11,25.25,25.74,9.83,113.06,158.78,1.08,27.68,5.47
T5,3.898,25.38,27.59,10.06,106.42,154.51,1.14,28.45,4.86,28.92,28.37,9.64,98.34,160.21,1.12,26.16,4.99
T7,3.902,29.12,24.45,11.11,108.76,144.71,1.04,27.78,5.67,27.41,26.75,10.94,95.96,157.96,1.1,28.18,5.71
T3,3.915,28.16,25.94,9.94,100.15,143.26,1.08,28.42,5.09,26.05,26.77,10.5,110.06,157.85,1.15,28.95,4.97
T7,3.959,25.29,27.69,10.6,104.28,152.9,0.99,26.06,5.0,25.46,28.05,10.6,100.66,166.1,1.12,25.6,5.68
T5,3.963,24.5,26.58,10.42,113.4,149.07,1.1,26.76,5.5,28.54,26.49,9.75,111.24,164.92,1.13,24.48,4.97
T4,3.968,27.04,27.74,10.9,105.74,164.79,1.04,27.96,4.69,25.12,25.93,9.6,96.44,155.64,1.04,27.69,5.24
T10,3.982,29.37,23.86,10.87,95.81,161.84,1.06,27.89,5.32,27.89,25.5,10.72,98.75,139.69,0.96,26.62,5.22
T7,3.985,27.08,25.09,9.39,107.0,150.29,1.03,29.05,4.97,28.41,26.54,10.78,104.83,158.0,0.99,29.65,5.02
T9,4.004,26.82,27.29,10.8,104.02,155.61,1.04,25.22,4.81,27.22,27.18,11.64,107.59,174.38,1.08,23.96,5.4
T7,4.011,25.42,28.05,9.66,95.52,164.84,0.96,29.5,5.67,27.88,25.43,9.48,101.03,166.11,0.99,28.62,5.54
T4,4.025,28.04,27.13,9.74,98.33,156.76,0.96,27.34,5.31,27.76,25.59,9.35,105.48,147.01,1.03,26.58,5.38
T10,4.03,28.94,23.42,10.03,110.15,155.39,1.08,24.9,4.74,25.85,26.99,10.14,103.64,163.31,1.02,25.52,5.24
T2,4.035,27.96,26.42,10.8,98.53,162.38,1.08,27.16,5.08,27.68,25.16,11.04,100.58,167.0,1.0,26.37,4.76
T8,4.044,23.2,28.6,10.34,101.91,168.88,1.15,28.34,5.12,24.66,25.6,10.18,113.42,173.88,1.1,25.78,5.64
T7,4.045,26.98,26.81,9.76,99.32,147.83,0.96,27.26,5.78,25.8,25.63,11.13,107.52,146.21,1.07,27.68,5.49
T5,4.046,27.42,26.13,10.83,105.81,140.92,1.07,27.82,4.92,25.72,28.18,10.02,98.06,158.13,1.06,25.44,5.35
T10,4.051,25.5,25.11,10.18,104.39,152.46,0.96,24.28,5.45,29.17,23.76,10.68,104.79,160.92,1.01,25.2,5.51
T5,4.052,28.4,28.67,10.54,110.88,149.66,1.08,25.65,5.46,26.91,27.38,10.47,98.93,150.26,0.99,28.31,4.7
T9,4.054,26.29,25.94,11.73,105.41,151.19,1.15,23.97,4.7,28.18,25.8,10.42,101.74,165.64,1.01,25.78,5.56
T3,4.067,25.92,27.48,11.51,107.27,158.41,1.04,27.04,5.2,23.93,24.29,10.34,102.81,159.57,1.05,27.53,5.46
T3,4.068,27.7,24.95,10.86,109.85,141.29,1.15,26.9,5.69,25.9,26.48,11.56,107.41,155.06,1.1,26.26,5.27
T5,4.069,25.49,28.35,9.49,98.38,157.1,1.06,25.82,5.36,26.06,25.99,10.36,109.61,147.0,1.08,25.23,5.42
T1,4.076,27.58,25.07,9.44,100.27,159.0,0.95,25.69,5.09,26.31,27.78,9.49,104.46,155.93,1.07,29.56,5.09
T8,4.091,27.17,29.12,10.43,115.51,162.32,1.09,27.79,5.31,27.19,29.01,10.69,99.23,171.28,1.04,26.52,5.25
T1,4.095,24.39,27.54,10.4,116.48,158.36,0.98,25.76,5.47,27.77,24.0,11.09,105.4,143.23,0.94,29.23,5.51
T8,4.141,24.08,25.61,9.46,110.25,172.38,1.05,24.1,4.86,25.83,26.68,10.87,99.46,168.93,1.05,26.4,5.64
T4,4.148,26.76,27.24,10.74,98.09,143.96,1.05,25.17,4.98,27.92,27.6,9.34,107.01,158.96,1.11,27.34,5.38
T1,4.153,26.68,27.4,10.0,100.22,159.9,1.01,25.78,5.61,25.6,27.52,9.96,104.94,145.4,1.04,28.04,5.37
T4,4.155,28.03,27.89,9.63,110.1,165.32,0.95,28.94,5.11,24.61,28.14,10.25,98.82,161.55,1.09,27.76,5.41
T1,4.16,26.63,28.09,10.84,116.72,139.37,1.02,25.78,5.66,24.59,27.41,10.46,115.64,143.42,1.02,25.08,5.52
T3,4.181,24.28,27.3,10.14,97.96,150.77,1.09,29.47,5.72,25.03,27.13,10.94,110.65,149.6,1.01,27.16,4.98
T7,4.193,25.94,27.36,10.54,95.79,145.83,1.03,28.65,5.67,25.31,27.06,9.73,107.69,151.23,1.08,27.32,5.46
T6,4.196,28.2,27.85,10.13,102.17,161.5,1.17,28.71,5.74,27.94,24.03,10.14,97.14,149.37,1.18,29.24,5.52
T7,4.212,28.43,27.68,9.99,102.59,140.9,1.1,25.3,4.97,28.66,24.14,10.6,94.75,148.14,1.06,27.45,5.15
T9,4.217,24.78,26.89,11.87,105.19,170.32,1.14,27.46,4.99,27.41,26.95,11.23,102.97,173.85,1.03,24.46,5.34
T8,4.24,25.83,25.26,10.12,100.24,167.41,1.13,24.83,5.17,26.82,26.37,10.65,108.2,157.16,1.05,24.79,5.68
T1,4.246,26.68,24.44,10.62,114.53,137.88,1.07,28.59,5.04,28.18,26.59,9.54,100.12,158.43,1.1,25.47,5.33
T5,4.247,27.34,24.41,9.4,100.33,157.03,1.07,26.88,4.72,26.62,24.41,10.92,103.24,141.06,1.01,24.98,4.66
T3,4.25,24.42,27.7,9.91,108.86,140.14,0.97,28.86,5.34,27.92,24.75,9.96,112.35,154.96,1.07,27.38,5.15
T1,4.258,28.74,24.49,10.32,108.81,151.87,1.08,28.41,5.42,26.59,27.87,10.24,104.22,162.51,1.1,27.97,5.56
T3,4.259,24.28,27.18,10.34,95.52,150.49,1.11,26.34,5.71,26.12,27.62,11.0,109.26,153.65,1.15,26.09,5.01
T5,4.292,24.67,28.77,10.65,101.44,146.77,1.14,24.88,5.36,25.87,28.04,10.69,100.32,157.37,1.03,28.36,5.16
T2,4.304,25.62,26.96,10.02,116.69,155.7,1.07,28.18,4.74,24.41,27.69,11.15,105.19,157.91,0.96,26.52,4.68
T6,4.305,25.38,25.01,10.98,96.55,159.59,1.08,26.95,5.47,24.9,24.4,10.43,107.75,152.6,1.1,28.72,5.36
T5,4.323,28.37,27.73,10.54,113.83,140.92,1.07,24.26,5.29,25.6,25.61,10.43,102.43,161.35,1.02,26.08,4.76
T5,4.337,28.73,28.59,9.6,105.94,158.38,0.98,28.38,5.42,26.73,24.69,10.05,110.48,150.24,1.05,24.25,5.19
T3,4.344,27.24,25.14,9.91,112.59,157.24,1.01,28.58,5.48,26.3,26.33,10.84,98.72,162.93,1.1,29.66,5.61
T2,4.345,28.24,29.57,9.61,111.74,153.22,0.95,27.39,5.22,24.76,27.96,10.99,114.85,166.88,1.01,26.38,4.97
T8,4.35,23.82,28.5,10.61,103.3,174.13,1.17,25.58,5.06,25.34,27.38,10.04,100.68,153.8,1.09,24.93,4.97
T6,4.359,29.35,25.52,10.18,96.36,158.45,1.09,27.14,5.07,26.23,27.26,11.28,101.56,145.1,1.15,28.73,5.13
T3,4.369,23.99,26.0,11.04,112.25,147.69,1.14,29.13,5.31,24.44,28.28,11.27,104.41,149.51,0.98,25.97,5.78
T10,4.369,25.3,25.92,11.26,102.98,158.41,1.05,24.93,5.32,27.04,24.34,9.81,95.81,150.49,1.08,25.87,5.39
T3,4.371,24.81,25.17,10.84,96.78,155.45,1.12,28.5,5.27,27.79,24.3,10.78,99.9,147.96,1.07,27.12,5.58
T6,4.392,25.18,24.46,11.07,102.17,168.96,1.08,25.68,5.14,29.2,24.54,11.57,108.67,159.68,1.0,25.12,5.84
T7,4.406,24.86,24.33,9.52,108.52,147.36,1.08,27.7,5.23,28.49,25.01,10.07,106.1,162.07,1.0,29.26,5.27
T1,4.406,27.41,27.27,9.88,105.38,148.94,0.96,25.63,5.46,27.38,28.39,9.8,106.08,155.52,1.1,25.47,5.47
T2,4.442,24.39,29.46,10.98,109.18,146.13,1.04,26.02,4.98,27.11,29.3,10.71,108.24,144.94,1.12,26.5,5.06
T8,4.451,26.42,26.92,10.6,104.21,165.52,1.0,28.43,5.47,24.8,27.29,10.46,115.75,148.42,1.01,27.56,5.36
T4,4.453,28.0,28.0,10.18,112.9,155.66,0.97,27.9,4.68,25.5,26.34,10.68,110.88,167.88,0.94,28.66,4.66
T7,4.465,26.84,24.94,9.48,96.21,148.96,1.05,28.05,5.2,25.51,27.16,9.62,95.96,165.16,0.99,27.17,5.16
T1,4.486,27.48,26.99,9.93,110.94,150.39,1.02,25.87,5.11,28.0,28.26,9.96,105.99,155.79,0.96,29.34,5.22
T1,4.489,28.84,25.94,9.54,109.82,141.08,1.12,25.89,5.54,25.53,25.91,10.42,108.4,152.25,1.01,29.52,5.15
T2,4.515,28.79,29.61,10.78,101.94,149.02,0.96,25.66,4.86,27.08,26.78,11.22,109.16,171.27,1.12,27.2,4.96
T10,4.523,27.54,26.68,11.54,101.81,148.27,1.07,25.52,4.98,27.3,24.66,11.48,109.98,157.53,0.99,24.47,5.43
T10,4.535,29.67,26.86,10.9,101.54,159.57,0.97,27.56,5.0,28.69,26.97,10.46,98.16,150.83,1.08,25.22,4.8
T8,4.539,24.06,27.29,11.04,116.74,163.6,1.08,26.34,5.08,24.86,29.39,11.21,110.89,174.78,1.1,24.41,5.54
T5,4.542,25.52,28.86,9.73,107.71,159.06,1.08,25.7,5.29,26.26,24.94,10.33,113.4,148.99,1.04,27.83,5.12
T10,4.548,28.93,25.47,10.9,97.38,154.59,0.96,24.06,5.25,27.37,24.78,11.32,107.05,155.24,1.04,26.94,5.24
T4,4.56,24.0,24.8,9.86,113.98,164.37,1.09,27.99,4.69,27.17,25.35,9.91,103.91,154.16,1.09,25.45,5.21
T7,4.568,26.17,24.03,10.71,101.52,166.87,1.11,27.35,5.24,29.04,27.72,11.13,93.16,156.9,1.1,25.9,5.66
T3,4.573,27.16,28.18,10.34,97.63,152.27,1.04,26.53,4.98,26.78,24.06,10.55,109.58,162.82,1.04,28.02,5.42
T4,4.578,26.82,26.17,10.87,103.23,168.64,0.97,27.9,4.79,25.32,27.82,10.51,99.16,150.79,0.96,27.66,5.03
T6,4.582,25.87,25.73,9.98,94.07,168.8,1.06,26.77,5.03,28.67,28.14,11.53,92.94,159.31,1.07,25.19,5.8
T3,4.589,27.33,27.27,11.19,111.44,153.29,1.0,26.67,4.87,25.99,25.84,10.43,110.94,142.39,0.99,27.77,5.4
T7,4.612,26.13,24.63,10.69,99.41,151.38,1.06,29.12,5.12,28.24,26.03,10.26,104.12,145.02,1.03,25.77,4.97
T2,4.615,27.41,27.77,10.36,109.55,146.82,0.95,25.74,4.68,26.12,25.95,11.2,105.07,153.58,1.12,27.48,4.88
T10,4.626,29.17,23.82,9.81,96.1,140.91,1.06,24.47,5.14,29.1,23.9,10.74,103.15,163.31,0.93,24.78,5.21
T3,4.639,27.32,25.99,9.74,100.42,138.79,1.12,28.2,5.74,25.82,28.01,11.52,100.07,146.48,1.02,29.57,5.52
T3,4.658,25.1,25.78,10.47,98.66,140.34,1.11,28.56,5.58,26.17,25.41,11.03,103.28,161.23,1.04,26.25,5.05
T5,4.669,28.79,26.76,9.29,113.98,160.85,1.02,24.45,5.36,25.35,25.79,9.79,109.71,145.77,1.12,24.96,5.27
T5,4.678,24.69,28.62,10.43,104.78,155.96,0.99,27.37,4.66,27.9,26.49,10.02,104.42,150.35,1.02,27.08,5.06
T5,4.692,25.2,27.23,9.53,106.27,160.96,1.15,26.34,4.81,28.4,27.42,10.61,107.51,148.07,1.01,24.45,4.94
T7,4.694,24.97,28.13,9.63,108.45,152.45,0.99,25.56,5.63,24.93,28.48,10.36,96.41,140.7,1.07,26.9,5.5
T3,4.731,25.31,28.08,11.34,103.05,144.52,1.06,26.8,5.51,27.79,24.94,10.31,105.68,158.8,1.07,26.76,5.52
T7,4.74,26.82,25.31,10.55,100.88,141.98,0.95,26.32,5.06,27.71,26.0,9.77,95.83,144.18,1.1,27.86,5.07
T5,4.746,28.56,25.63,10.83,111.56,152.26,1.14,27.5,5.46,28.25,24.42,10.52,99.03,156.48,1.05,27.56,5.21
T4,4.761,27.5,26.56,10.46,98.13,152.8,1.09,25.18,5.32,26.7,27.28,9.81,107.03,152.12,1.02,27.49,4.91
T8,4.765,26.28,27.21,10.37,113.46,150.08,1.13,27.19,5.11,23.43,27.0,9.51,110.41,156.14,1.07,26.27,5.18
T4,4.783,26.69,25.52,9.43,99.41,161.26,1.06,26.57,5.0,26.71,27.4,9.33,103.62,154.81,1.03,24.72,4.7
T10,4.796,25.72,26.98,9.82,105.54,161.18,1.01,27.05,4.84,26.0,23.53,9.88,96.69,163.15,1.07,25.29,4.96
T5,4.801,25.98,26.14,10.31,110.39,150.48,1.0,26.76,5.07,24.77,28.24,10.5,110.01,160.77,1.13,25.56,5.04
T7,4.803,27.47,24.59,10.49,97.72,149.0,0.95,25.42,5.84,26.08,26.89,9.38,96.21,150.33,1.1,26.77,5.24
T7,4.821,25.95,27.22,9.84,92.68,162.45,1.0,27.7,5.36,27.05,26.29,10.63,108.81,144.42,0.99,29.64,5.78
T2,4.828,24.55,25.16,10.09,112.15,157.19,1.1,26.21,5.08,24.94,28.18,9.71,104.44,167.31,0.96,28.52,5.14
T6,4.835,26.78,27.77,11.54,103.84,156.56,1.05,25.19,5.78,25.67,24.11,10.41,104.01,146.94,1.05,28.82,5.38
T5,4.835,28.76,25.84,9.9,110.67,152.04,1.12,26.47,5.5,25.78,28.8,10.15,104.22,155.22,1.01,27.23,5.5
T4,4.838,24.87,28.28,9.96,107.71,160.24,0.98,26.93,5.45,26.09,25.46,10.22,99.18,145.78,0.96,25.27,5.13
T1,4.839,24.86,28.02,10.49,109.28,156.4,0.95,29.58,5.29,26.9,26.34,9.46,114.54,143.31,1.02,27.87,5.66
T10,4.859,28.2,23.19,10.15,111.25,163.57,0.98,27.14,5.38,25.7,27.03,9.74,101.63,161.26,1.06,24.0,5.02
T10,4.869,29.47,23.28,11.47,110.7,155.54,0.97,25.44,5.07,25.61,24.16,10.71,98.41,146.8,1.03,25.32,5.47
T7,4.883,29.46,25.74,11.11,94.21,154.77,1.07,27.78,5.42,27.26,26.18,10.67,92.89,162.61,1.09,27.99,5.72
T4,4.913,27.74,24.93,10.49,99.12,165.2,1.1,25.17,5.15,25.26,28.43,9.57,103.82,162.75,1.06,28.01,4.66
T6,4.915,28.98,26.14,10.51,103.52,164.89,1.13,25.28,5.04,26.58,26.98,9.91,100.88,164.92,1.06,28.08,4.95
T6,4.921,28.0,27.96,10.87,99.93,146.66,1.07,26.09,5.45,26.94,24.21,11.31,100.88,153.1,1.04,28.54,5.32
T2,4.957,28.69,29.22,9.87,99.79,169.88,0.96,28.61,4.78,24.64,26.39,11.06,98.53,157.57,1.04,25.26,4.8
T10,4.968,27.94,24.31,9.76,101.12,162.87,1.02,27.83,5.16,29.45,24.67,11.1,108.78,156.87,1.02,25.58,5.01
T4,4.985,24.41,28.52,9.3,100.49,148.57,0.96,26.42,5.17,26.63,28.96,10.75,100.52,165.24,0.97,25.38,5.46
T1,4.987,27.36,23.93,10.29,105.83,153.57,0.97,26.0,4.9,28.17,25.16,10.32,116.62,152.52,1.05,28.31,5.7
T5,4.989,26.62,26.26,10.55,103.9,161.43,1.13,26.93,4.76,25.73,24.7,9.99,99.41,139.81,1.03,25.96,4.74
T8,4.995,24.6,26.0,10.33,110.16,169.47,1.12,24.93,4.86,25.13,25.65,11.02,112.47,164.44,1.16,25.0,5.0
T4,4.997,26.88,27.46,10.96,101.34,145.72,1.05,29.01,5.26,23.81,27.73,9.33,113.14,143.35,0.98,27.8,4.98
T3,5.0,25.98,28.56,10.25,109.61,149.6,1.02,29.0,5.34,27.22,26.2,10.68,101.72,145.65,1.02,29.36,5.47
T3,5.016,23.91,26.79,11.18,111.32,146.36,1.02,28.02,5.66,27.99,27.33,10.8,97.82,144.27,1.06,29.49,4.91
T9,5.017,28.01,26.09,11.92,99.54,155.25,1.03,26.02,5.4,24.88,25.21,11.33,106.49,162.68,1.16,24.18,5.22
T3,5.017,26.51,28.53,11.45,97.41,161.11,1.07,27.84,5.78,23.97,28.03,10.96,110.05,142.22,1.1,26.9,4.87
T10,5.017,28.62,26.26,9.83,109.4,144.51,0.94,27.62,5.45,27.73,24.21,10.26,113.8,164.91,0.97,23.65,5.34
T2,5.04,27.4,28.42,9.69,113.62,157.27,1.01,27.52,5.01,24.64,28.15,11.13,101.82,156.08,1.08,24.61,4.86
T5,5.041,27.7,24.45,10.1,111.12,163.19,1.1,27.63,5.16,27.9,24.38,9.64,109.97,141.06,1.14,25.43,4.65
T5,5.057,28.26,27.86,9.53,114.42,144.82,1.14,27.77,5.12,28.51,27.98,10.29,99.72,162.21,1.09,26.76,5.36
T8,5.06,25.73,27.13,10.85,111.62,152.71,1.03,24.04,5.38,24.98,29.33,11.16,109.22,168.58,1.08,28.0,5.65
T7,5.083,28.49,24.71,10.81,108.26,151.04,1.03,25.71,5.75,27.1,24.16,10.31,102.82,154.23,1.0,29.54,5.62
T1,5.115,25.66,28.16,9.61,104.13,157.03,1.04,25.48,5.0,26.68,28.23,9.38,110.94,156.31,0.96,27.0,5.25
T5,5.14,25.18,27.82,10.14,107.95,159.72,1.01,25.07,5.01,27.54,27.11,9.93,114.74,140.33,1.01,24.52,5.37
T1,5.143,24.74,24.76,10.62,98.77,153.05,0.95,29.72,5.59,25.7,28.21,9.94,108.52,153.92,1.09,29.09,5.55
T5,5.143,26.88,26.92,10.21,100.92,144.8,0.99,27.45,4.71,26.38,28.75,9.28,114.6,143.56,1.06,24.9,5.07
T6,5.151,27.84,24.99,11.4,108.62,154.97,1.05,26.8,5.72,28.07,24.4,11.4,98.34,165.59,1.05,27.98,5.79
T8,5.171,26.9,25.22,11.23,115.24,163.94,1.05,28.26,5.02,26.61,25.28,10.9,98.22,162.0,1.14,28.17,5.16
T6,5.181,27.61,24.15,10.63,95.64,156.48,1.17,28.4,5.39,29.24,27.41,10.91,97.28,152.85,1.09,27.35,5.29
T2,5.201,25.53,25.61,10.34,106.98,163.88,1.08,24.79,5.11,27.63,24.98,10.48,112.96,159.82,0.98,27.74,5.47
T9,5.235,26.36,28.35,11.85,102.47,164.26,1.04,27.32,5.05,25.77,27.02,10.7,95.97,161.37,1.02,23.44,4.93
T5,5.248,26.34,26.84,9.52,114.46,156.4,1.14,28.7,5.46,27.2,27.24,9.32,113.79,142.88,1.0,25.35,4.8
T2,5.26,28.8,28.74,11.07,106.28,147.81,0.99,25.74,5.49,27.06,28.58,11.21,115.86,169.31,1.12,26.21,5.43
T8,5.262,26.74,26.99,9.59,105.5,169.2,1.16,27.82,5.67,23.81,29.38,11.21,113.39,148.95,1.06,27.65,5.06
T1,5.267,26.82,27.35,9.82,111.46,140.17,1.09,27.96,5.59,26.3,24.94,10.99,103.78,146.27,0.99,27.19,5.56
T2,5.3,28.0,28.17,11.14,100.12,166.3,0.94,24.98,5.13,27.92,28.92,10.01,108.56,168.45,0.94,27.21,4.75
T9,5.302,25.3,26.64,10.29,97.26,163.69,1.03,25.7,4.76,24.49,26.93,10.42,108.18,163.9,1.06,26.04,5.44
T6,5.309,28.3,26.31,10.13,98.84,158.68,1.16,28.61,5.4,25.92,25.37,11.14,105.55,168.8,1.02,27.75,5.25
T7,5.31,28.52,27.09,10.03,97.09,148.7,1.1,28.68,4.97,26.83,25.39,9.84,105.76,158.78,1.01,27.86,5.81
T6,5.351,26.87,27.15,10.91,101.88,155.45,1.06,25.98,5.29,26.06,27.13,11.07,95.91,150.99,1.03,28.05,5.24
T2,5.391,28.78,25.8,10.28,106.39,150.46,1.06,24.3,4.9,25.12,24.9,10.86,99.59,168.76,0.97,26.65,4.89
T2,5.394,27.99,27.83,10.26,112.02,145.32,1.08,26.65,5.38,28.51,26.09,9.88,103.77,151.1,1.01,25.2,5.23
T1,5.4,28.99,24.35,10.99,115.96,157.88,1.09,27.55,4.9,28.98,27.44,9.72,114.53,147.11,0.96,28.79,5.02
T2,5.4,26.75,29.48,10.53,106.98,151.51,1.1,27.0,4.96,27.58,27.62,11.16,103.11,157.75,1.12,27.62,4.93
T5,5.413,25.56,25.92,10.34,101.96,158.71,1.06,25.52,5.36,24.8,28.47,10.61,100.54,145.25,1.08,27.49,4.7
T4,5.421,24.44,28.8,9.81,114.36,146.3,1.01,25.48,4.89,25.31,26.0,10.52,108.9,157.88,1.05,24.99,5.02
T7,5.447,27.74,26.25,9.96,103.4,151.9,1.12,28.6,5.29,26.97,26.81,10.38,98.46,155.39,1.1,27.11,5.3
T7,5.45,28.81,25.69,11.11,109.34,166.5,0.98,28.45,5.36,25.22,24.48,10.63,107.45,145.95,1.0,28.72,5.67
T7,5.458,28.89,28.58,10.97,92.15,144.71,0.99,27.1,5.51,28.49,25.69,9.59,108.46,150.72,1.07,28.04,5.85
T3,5.463,25.92,26.2,10.87,112.24,157.45,1.0,29.0,5.05,28.28,27.44,11.39,101.19,146.0,1.07,29.34,5.52
T6,5.474,26.38,27.05,10.6,109.04,143.31,1.16,27.33,5.29,28.79,24.86,10.54,93.81,155.45,1.14,27.86,5.56
T8,5.483,26.21,27.26,10.55,111.71,153.93,1.17,24.3,4.9,23.99,26.82,10.37,113.25,155.69,1.12,24.22,4.86
T9,5.497,28.98,24.81,11.44,104.1,152.25,1.14,26.57,5.28,28.45,24.84,11.82,107.17,158.41,1.16,26.15,5.47
T1,5.499,26.17,25.32,10.63,100.78,152.35,1.06,28.11,5.21,28.4,23.96,9.37,105.83,159.76,0.97,26.59,4.87
T1,5.501,25.06,27.7,10.28,105.87,141.45,1.06,27.51,5.52,26.62,25.86,10.78,110.17,148.74,1.01,25.83,5.36
T4,5.513,27.21,26.01,10.77,112.52,158.25,0.95,25.42,5.19,25.76,26.93,10.61,107.16,151.42,0.98,26.94,5.13
T5,5.515,24.97,25.8,9.45,107.95,162.83,1.06,26.68,5.28,25.39,28.24,10.68,108.06,152.77,1.03,24.32,4.94
T7,5.515,28.66,25.6,10.42,107.38,163.44,1.1,27.69,5.19,25.0,26.61,9.5,100.08,164.87,0.96,25.75,5.8
T7,5.52,28.7,26.18,10.02,100.69,146.37,0.94,25.21,5.8,25.87,24.17,9.42,103.81,153.12,0.99,29.81,5.03
T8,5.528,27.0,28.05,10.04,102.78,172.36,1.01,26.78,5.54,25.32,27.37,9.73,101.94,148.54,1.15,26.62,5.2
T9,5.531,24.77,28.22,11.08,95.06,173.48,1.04,23.45,5.47,25.59,27.74,11.04,97.58,172.68,1.04,27.19,5.31
T7,5.556,27.01,24.81,10.15,105.7,151.06,1.02,28.95,5.29,27.13,25.74,10.04,108.84,165.18,1.1,29.58,5.35
T5,5.556,27.12,24.56,9.23,106.33,145.25,1.13,24.78,5.24,28.46,25.4,9.33,114.04,153.98,1.01,28.64,5.07
T7,5.557,27.2,27.71,9.9,100.79,142.79,0.95,28.44,5.28,27.75,27.71,10.9,109.23,147.54,1.05,28.72,5.82
T6,5.59,27.97,28.13,11.06,93.45,156.26,1.06,27.38,4.98,26.88,25.06,10.68,103.04,163.63,1.17,27.0,5.72
T7,5.592,25.95,25.34,9.8,98.26,143.93,1.02,28.78,5.41,28.03,28.13,10.78,107.38,147.23,1.1,28.59,5.14
T7,5.596,28.7,25.8,10.55,96.89,156.57,1.1,25.59,5.07,26.74,24.08,10.57,105.21,149.76,1.1,28.75,5.12
T4,5.61,25.73,26.82,10.73,98.36,152.71,1.01,27.44,5.14,27.17,24.74,10.55,102.65,150.01,0.96,28.12,5.07
T8,5.615,25.23,27.41,10.57,100.49,158.27,1.06,24.12,5.48,26.2,29.14,10.78,105.65,170.22,1.14,25.05,5.2
T9,5.628,25.36,24.33,11.82,100.14,171.98,1.17,25.28,5.52,26.23,26.93,10.46,99.12,162.87,1.1,23.5,4.95
T3,5.645,27.82,27.63,10.48,97.42,139.39,1.0,26.74,5.62,27.78,24.59,10.18,113.41,146.1,1.0,25.95,5.47
T9,5.655,28.36,28.19,10.85,98.22,158.29,1.04,26.19,5.43,28.36,28.14,11.13,96.7,162.48,1.14,24.58,5.08
T2,5.661,26.02,25.78,10.73,107.44,170.5,1.12,25.06,4.78,27.18,26.62,10.57,109.85,161.43,0.96,28.21,5.35
T3,5.667,28.06,25.46,10.89,112.2,154.95,1.06,28.09,5.5,27.55,25.76,10.02,108.82,147.06,0.98,28.48,5.66
T4,5.676,25.19,27.32,10.7,97.46,156.51,0.95,25.75,4.68,26.42,25.57,9.63,107.71,156.34,1.01,25.19,4.78
T7,5.677,29.18,27.44,9.43,97.73,149.67,1.02,27.18,5.68,25.79,28.38,9.53,93.09,163.15,1.0,25.2,5.39
T9,5.685,28.36,25.58,11.42,105.04,173.6,1.06,24.32,4.86,26.98,25.69,11.62,98.62,160.89,1.1,24.26,5.55
T9,5.694,28.34,24.83,11.71,95.1,151.24,1.07,23.39,5.35,27.85,27.57,10.2,97.55,168.38,1.02,25.84,4.93
T6,5.714,28.64,23.94,10.41,105.17,160.2,1.15,29.15,5.49,25.76,25.7,10.92,105.62,157.97,1.09,29.43,4.95
T10,5.714,29.22,24.75,10.18,105.87,156.72,0.95,26.47,5.32,27.92,22.99,10.91,106.91,150.04,0.98,25.62,4.69
T2,5.724,28.19,27.98,10.36,102.66,152.92,0.98,28.33,5.34,26.17,27.06,10.49,99.79,158.5,1.1,27.63,4.68
T1,5.743,28.98,28.14,9.71,110.94,149.14,1.04,29.35,4.87,28.22,27.1,10.88,105.52,144.3,1.08,27.76,5.66
T8,5.77,25.4,29.2,10.8,105.45,168.47,1.06,27.76,5.16,26.0,25.65,10.96,105.04,165.17,1.0,24.3,5.63
T6,5.777,25.14,26.18,11.51,98.94,142.44,1.11,25.83,4.95,25.21,26.35,11.05,107.48,149.32,1.16,28.67,5.55
T10,5.779,25.58,23.32,9.73,107.03,149.43,0.98,24.9,5.23,26.41,23.31,11.19,103.82,163.57,0.98,23.66,4.67
T2,5.782,28.3,25.14,10.15,115.35,157.74,1.05,24.87,4.9,25.86,25.32,10.27,98.44,161.71,0.96,24.16,4.88
T10,5.783,27.54,24.5,11.16,111.22,151.49,0.97,25.07,4.66,28.95,23.68,10.81,104.14,153.11,1.04,25.68,5.29
T6,5.784,28.58,24.41,10.52,108.9,143.31,1.16,25.72,5.42,28.0,27.4,10.37,108.67,155.86,1.12,29.15,4.94
T6,5.785,29.06,24.86,9.97,96.41,155.17,1.13,27.23,5.58,28.91,25.53,10.82,100.13,160.76,1.17,27.46,5.03
T4,5.785,24.56,24.78,10.23,106.26,163.09,1.0,25.89,5.19,24.46,25.7,10.29,104.44,161.4,1.04,25.01,5.01
T5,5.788,26.62,25.57,10.71,99.72,160.33,0.99,25.59,4.86,25.68,27.12,9.74,106.64,162.29,1.09,27.7,4.87
T1,5.792,26.61,24.66,9.88,111.27,151.78,1.06,26.6,5.4,25.6,26.05,9.75,99.73,148.38,0.96,27.28,5.5
T10,5.792,29.23,23.64,11.52,103.75,143.62,1.01,26.76,5.26,25.46,25.58,10.16,101.6,150.34,1.0,26.82,4.83
T5,5.794,24.78,25.8,10.36,104.79,156.5,1.14,27.3,4.69,27.92,25.66,10.17,107.75,159.25,1.06,24.71,5.37
T7,5.81,25.03,24.08,9.43,92.84,153.26,1.0,25.2,5.43,25.87,24.04,10.61,99.9,158.54,1.05,27.18,5.5
T7,5.81,28.71,26.71,10.88,101.18,150.88,1.1,29.43,5.5,28.73,26.69,10.05,103.61,143.5,0.94,27.75,5.18
T2,5.817,25.89,27.46,10.7,104.17,155.94,1.11,27.52,5.04,26.05,28.11,10.59,107.74,169.75,0.95,27.06,5.19
T1,5.837,27.05,24.17,10.57,116.91,158.85,1.02,26.63,5.21,28.8,27.15,10.01,108.46,156.85,0.98,28.8,5.71
T2,5.843,25.76,25.22,10.61,109.55,167.84,1.11,27.33,4.72,28.79,26.62,10.65,108.6,168.42,1.07,24.5,5.26
T9,5.843,27.39,25.32,11.37,99.39,152.22,1.0,27.38,5.16,27.73,26.23,10.68,95.16,161.28,1.06,25.78,5.21
T4,5.847,24.01,28.64,10.81,98.45,148.61,1.08,28.08,5.07,24.92,27.17,10.02,113.56,162.75,1.01,27.33,5.0
T1,5.85,26.51,26.68,9.95,115.11,142.39,1.08,27.84,5.46,26.07,27.99,10.04,116.72,138.22,0.97,29.66,5.37
T7,5.854,27.0,26.66,11.04,92.2,141.86,1.03,26.15,4.97,26.21,28.05,9.56,99.95,140.7,0.97,27.77,5.09
T7,5.861,28.08,27.96,9.95,92.45,159.78,0.97,29.1,5.59,25.71,27.44,11.09,93.38,149.35,1.03,26.33,5.33
T2,5.864,28.72,29.29,10.63,104.54,164.77,0.96,25.03,4.8,27.72,26.44,11.22,103.25,147.62,0.95,27.98,4.9
T7,5.888,27.03,26.43,10.51,96.14,156.68,0.99,28.89,5.55,28.97,24.14,9.89,101.35,144.78,1.06,25.99,4.94
T6,5.9,27.24,25.37,11.58,96.33,166.06,1.1,24.76,5.28,26.41,26.68,10.17,104.26,158.81,1.12,28.4,5.72
T2,5.922,27.75,29.57,9.96,100.59,150.51,1.04,27.6,5.36,27.4,29.26,10.23,110.06,167.14,1.11,27.5,4.92
T6,5.93,26.69,26.75,10.88,108.95,150.65,1.11,26.81,5.58,26.29,27.93,10.65,105.49,161.81,1.15,26.32,5.45
T1,5.936,26.12,27.8,9.39,110.28,156.7,1.08,27.02,5.04,26.08,26.4,11.09,115.93,156.06,1.05,27.66,5.59
T3,5.943,25.31,27.76,10.14,110.84,155.84,0.97,28.29,5.24,28.29,24.44,10.44,96.98,147.41,1.09,28.67,5.53
T10,5.951,29.28,26.58,11.51,99.68,147.41,1.02,25.22,4.81,28.23,24.19,9.81,109.7,152.17,0.92,27.62,5.07
T7,5.953,29.35,27.41,11.07,95.13,147.42,1.03,29.78,5.25,26.76,24.32,11.12,106.75,144.36,1.03,25.74,5.45
T5,5.955,25.74,28.68,10.48,107.75,160.33,1.16,25.06,5.18,26.98,25.95,9.66,106.95,156.88,1.08,28.23,5.03
T4,5.976,24.46,27.48,10.07,98.27,163.49,0.99,26.15,5.48,26.05,27.05,10.74,104.41,146.84,0.95,28.87,5.13
T7,5.982,28.86,27.68,9.67,95.77,148.3,1.03,25.99,5.55,25.37,26.93,10.09,107.69,152.52,1.0,29.52,5.09
T5,5.996,26.46,27.03,9.4,112.55,157.29,1.06,24.76,5.29,26.46,27.69,10.49,102.49,152.09,1.05,27.82,5.46
T9,5.996,25.96,27.65,10.26,99.42,164.56,1.16,27.46,5.56,25.14,26.32,11.37,107.52,154.19,1.1,24.04,4.78
T10,6.027,28.66,26.21,10.21,104.86,163.77,1.05,25.14,5.18,26.99,23.77,10.71,103.53,164.3,1.04,25.38,5.35
T1,6.029,27.17,27.0,9.99,114.54,159.69,0.94,28.68,5.19,25.17,28.42,10.73,113.68,161.25,1.01,27.05,5.68
T7,6.031,28.42,25.7,9.65,92.79,156.62,1.06,27.06,5.55,26.94,24.2,9.92,94.36,163.57,0.95,28.51,5.33
T6,6.042,26.95,27.3,10.86,101.52,163.73,1.08,28.8,5.04,27.59,27.54,10.58,96.42,154.97,1.02,28.78,5.7
T6,6.05,28.5,26.64,10.3,97.74,150.99,1.15,27.76,5.0,26.87,27.47,10.8,106.32,153.49,1.15,27.44,5.19
T4,6.061,24.87,24.48,10.46,110.86,159.56,1.03,27.43,5.16,24.01,27.03,9.86,104.19,168.14,1.1,28.43,5.17
T6,6.072,27.6,26.06,10.5,92.65,165.49,1.02,26.15,5.71,24.95,25.0,10.59,101.07,144.24,1.16,24.95,5.12
T6,6.074,25.74,27.34,9.87,101.47,157.77,1.04,26.17,5.66,28.77,27.7,10.3,97.2,145.77,1.16,28.73,5.71
T5,6.085,25.77,24.45,10.92,97.0,164.78,1.15,25.44,5.07,28.46,26.26,10.47,105.31,143.87,1.14,24.37,5.06
T7,6.087,25.47,26.05,9.36,99.9,163.15,0.99,29.0,5.51,28.16,28.05,10.21,95.16,152.21,1.06,28.89,5.16
T10,6.087,26.26,24.64,10.0,99.45,144.27,0.96,23.61,4.88,26.92,22.98,10.83,100.75,151.93,0.97,23.89,5.53
T2,6.089,26.29,29.31,9.96,108.86,166.8,0.96,27.33,5.0,27.7,28.98,10.75,116.56,165.06,1.1,25.19,5.0
T2,6.092,27.11,26.17,9.98,100.37,171.24,1.12,24.31,5.14,27.06,27.53,10.02,100.5,165.8,1.05,28.56,5.14
T8,6.109,24.24,28.83,9.93,113.02,153.8,1.15,26.33,5.59,23.71,29.1,10.7,109.68,156.15,1.16,28.29,5.41
T8,6.117,25.33,27.44,10.47,102.06,157.58,1.17,25.64,5.58,23.69,28.24,11.12,108.79,148.47,0.99,24.91,5.26
T5,6.117,28.47,28.18,9.72,111.5,143.19,1.02,28.36,4.86,27.64,25.29,9.87,103.7,156.04,1.09,25.73,5.04
T2,6.126,25.61,27.08,10.89,112.38,161.48,0.95,24.33,5.34,25.46,28.49,9.93,112.86,162.01,1.02,27.38,4.98
T9,6.126,28.6,25.43,11.18,100.22,155.49,1.16,25.96,5.35,27.01,26.98,10.79,104.28,156.14,1.07,23.22,4.83
T10,6.131,28.5,24.27,10.94,103.95,155.54,1.06,25.9,5.27,25.96,24.83,11.34,111.26,154.22,1.0,26.62,5.37
T7,6.134,25.02,25.61,9.37,105.49,144.86,1.03,27.7,5.02,29.06,27.6,9.37,93.51,165.23,1.1,26.99,5.55
T4,6.135,24.99,28.75,9.34,101.62,168.1,1.05,25.68,4.78,24.62,27.28,10.18,97.69,147.32,1.08,28.99,5.46
T6,6.137,26.71,28.22,10.28,94.04,163.16,1.09,27.32,5.72,29.1,26.78,11.34,93.43,154.01,1.1,25.06,5.42
T3,6.152,27.62,25.5,10.18,107.43,157.74,1.0,25.97,5.61,26.29,24.61,10.59,112.91,147.41,1.07,25.48,5.16
T6,6.152,28.45,26.88,10.98,104.26,143.89,1.08,26.15,5.35,25.16,27.6,11.17,100.87,148.55,1.15,26.81,5.24
T6,6.159,27.84,24.66,10.83,97.65,148.19,1.04,28.42,5.77,28.65,27.7,10.33,108.45,147.85,1.07,26.19,5.28
T8,6.173,26.32,27.41,9.76,104.23,173.56,1.01,26.05,4.87,23.81,28.84,9.84,110.38,172.44,1.01,28.34,5.66
T3,6.176,28.19,27.35,11.58,101.86,138.6,1.0,26.59,5.27,24.82,26.16,11.55,108.42,154.96,1.07,28.95,5.71
T5,6.19,25.68,26.59,9.42,107.28,143.0,1.04,28.38,4.86,25.47,28.82,9.5,107.23,159.06,1.03,26.06,5.09
T7,6.2,28.89,28.34,10.91,100.47,141.68,1.06,26.72,5.12,25.6,28.26,9.44,109.46,146.25,0.95,27.06,5.05
T1,6.213,26.23,25.65,9.85,109.66,160.99,1.1,25.48,5.56,27.04,27.13,9.68,104.71,140.83,1.04,29.38,5.68
T7,6.23,29.19,27.22,9.39,106.88,149.7,0.96,28.44,5.86,28.03,25.73,10.9,105.59,156.76,1.02,28.47,5.43
T4,6.246,26.28,27.94,10.75,99.53,146.87,0.98,27.26,5.2,25.73,27.17,9.65,110.36,144.93,0.94,26.02,5.26
T1,6.259,27.29,28.35,9.91,103.34,161.81,1.07,28.39,5.46,28.6,25.66,9.76,105.11,151.69,0.95,27.32,5.36
T9,6.273,25.67,27.24,11.86,95.7,151.19,1.15,27.19,5.1,25.57,28.68,11.64,101.25,151.29,1.01,26.32,4.93
T4,6.275,27.24,27.55,10.87,105.19,157.98,1.09,25.54,5.46,27.74,27.37,9.34,98.14,151.46,1.09,25.68,4.71
T7,6.279,26.91,24.35,10.3,94.81,159.8,0.94,28.4,5.51,25.07,26.76,10.47,92.28,142.12,1.0,26.96,5.62
T9,6.288,28.75,25.08,10.67,109.31,174.58,1.07,27.46,4.86,27.56,26.0,11.46,94.14,177.98,1.08,27.48,5.54
T2,6.291,25.61,29.1,11.01,109.72,154.83,1.06,28.05,5.29,28.01,29.3,11.16,112.4,144.74,0.97,26.91,5.13
T10,6.293,29.55,23.22,10.58,103.52,163.63,1.01,25.81,5.18,26.84,26.66,9.95,97.08,142.27,1.05,26.08,4.91
T10,6.296,29.58,24.98,9.93,99.76,157.39,1.04,25.34,5.16,25.13,24.97,11.08,111.54,150.41,1.0,25.86,4.91
T7,6.306,27.36,26.9,10.6,101.5,161.15,1.02,27.89,5.56,26.82,26.78,10.94,109.31,162.32,1.03,26.42,5.12
T3,6.331,27.78,24.75,11.3,99.94,155.35,1.08,28.48,5.36,24.2,28.51,11.13,101.54,143.02,1.15,27.69,5.5
T6,6.351,28.06,24.37,10.06,93.95,157.89,1.1,26.92,5.21,28.06,27.62,11.16,94.08,167.88,1.09,29.05,5.36
T4,6.352,23.82,27.9,9.31,113.37,163.78,0.96,27.74,5.27,25.63,28.85,9.23,96.9,167.63,1.04,27.68,5.29
T3,6.355,25.19,27.31,10.84,108.73,152.53,0.99,26.45,5.33,26.42,28.01,11.1,103.62,152.9,1.04,28.32,5.15
T4,6.356,26.54,26.39,10.49,97.97,162.93,1.08,27.73,5.3,24.18,27.5,9.81,104.14,165.24,0.96,24.71,5.02
T2,6.356,25.85,28.58,10.79,111.3,148.3,1.0,25.68,5.27,27.17,29.44,9.6,109.58,170.22,1.08,24.96,5.31
T8,6.359,26.99,27.25,10.94,114.27,173.87,1.16,26.88,5.58,25.2,28.69,10.85,116.52,148.11,1.15,25.62,5.67
T5,6.365,27.66,27.59,9.78,108.59,159.44,1.08,26.41,5.03,25.03,25.53,9.61,111.82,159.93,1.1,27.66,5.44
T8,6.386,23.24,29.77,9.58,108.86,173.09,1.0,24.32,4.94,25.8,28.47,10.44,108.96,165.62,1.15,26.54,4.99
T2,6.397,25.45,28.06,10.24,111.14,157.34,1.1,26.64,4.89,28.79,29.2,10.78,115.71,161.1,1.09,27.26,4.72
T2,6.405,26.65,27.44,9.62,102.52,154.62,0.97,28.19,5.34,28.8,25.86,10.47,102.18,144.96,1.06,28.01,4.77
T6,6.407,28.89,24.71,10.73,98.29,151.34,1.12,26.85,5.5,28.43,27.5,10.57,100.38,160.52,1.05,25.42,5.19
T4,6.412,24.93,27.26,9.52,100.17,153.88,1.07,27.93,5.43,27.47,28.65,9.65,107.04,162.98,1.04,26.31,4.7
T5,6.429,28.36,27.0,10.54,109.69,163.78,1.03,25.31,4.86,25.73,28.82,9.38,97.36,155.34,1.08,24.37,5.15
T10,6.43,27.39,25.0,10.23,105.44,144.94,1.08,26.38,5.13,27.24,24.16,10.7,100.73,156.52,0.93,24.33,5.44
T5,6.434,26.43,26.07,10.33,109.29,156.13,0.99,24.27,5.03,26.16,24.48,9.31,100.54,141.79,1.13,28.27,5.5
T1,6.453,26.67,26.6,9.94,100.14,142.94,1.04,27.89,5.44,26.9,26.37,11.08,102.26,159.66,1.03,28.39,5.49
T6,6.454,27.61,27.51,9.81,99.93,148.55,1.12,28.93,4.95,27.19,24.73,10.26,104.53,168.74,1.15,29.22,5.46
T5,6.466,24.5,25.96,9.73,112.57,146.01,1.09,26.77,5.28,27.56,26.65,9.94,104.94,152.31,1.0,25.82,5.5
T4,6.479,27.12,27.59,9.33,112.06,155.13,1.04,27.92,4.85,25.95,26.84,10.5,105.72,152.48,1.04,26.22,4.78
T2,6.488,25.91,29.42,9.66,103.56,169.88,1.06,27.71,5.18,26.49,27.35,10.01,107.64,170.14,1.05,27.07,4.91
T4,6.491,26.84,24.5,10.73,101.66,168.46,1.06,28.11,4.96,25.85,26.66,10.88,106.13,164.08,1.04,29.0,4.64
T9,6.512,27.35,27.26,10.4,105.39,155.03,1.01,24.23,5.3,24.8,26.62,11.6,101.13,170.81,0.99,25.28,5.22
T2,6.517,27.56,28.39,9.94,107.53,148.76,0.94,27.75,5.49,26.2,25.33,11.15,107.14,154.04,1.11,27.98,5.14
T8,6.536,26.58,27.45,10.55,109.62,172.04,1.12,27.97,4.96,25.33,28.83,10.36,107.41,171.28,1.03,26.41,5.15
T9,6.537,24.65,27.28,10.38,102.2,166.44,1.0,24.7,5.3,25.29,25.5,10.64,94.54,166.65,1.17,27.19,5.57
T2,6.538,27.36,28.46,10.39,98.38,166.02,1.0,26.78,5.2,25.92,25.1,10.9,107.34,160.32,1.0,27.27,5.41
T6,6.544,27.91,25.93,10.33,98.88,168.6,1.0,27.3,5.79,28.77,23.96,10.55,107.24,163.04,1.16,25.55,5.71
T7,6.551,25.9,24.37,9.56,98.19,159.1,1.09,28.4,5.36,29.04,28.08,10.03,104.56,164.79,1.11,29.08,5.0
T3,6.553,27.66,26.66,10.87,98.05,144.55,1.02,28.5,4.96,24.72,27.31,9.96,101.26,154.06,1.0,28.5,5.13
T5,6.565,28.64,26.56,10.16,111.29,154.41,1.06,25.41,4.67,28.16,26.2,10.14,110.82,145.45,1.09,26.06,5.17
T1,6.586,27.37,24.49,10.76,113.99,159.12,0.95,27.79,5.28,25.82,24.23,10.31,109.76,140.41,1.01,27.3,4.96
T1,6.603,27.37,27.82,9.84,114.46,159.82,1.05,25.82,5.72,28.55,27.3,10.14,108.88,163.02,0.98,27.59,5.43
T7,6.607,24.89,28.29,10.07,104.68,166.1,1.05,26.02,5.72,27.34,25.97,9.51,94.56,156.76,1.02,25.96,5.59
T1,6.624,28.65,27.84,9.84,116.56,160.18,1.1,29.08,5.17,27.5,28.22,10.27,110.43,152.45,1.07,26.75,5.08
T10,6.629,27.11,24.71,11.42,102.26,156.27,1.09,24.32,5.32,27.06,24.19,10.82,99.62,161.69,1.09,26.93,5.36
T4,6.631,23.85,26.37,9.8,105.18,161.55,1.06,27.87,5.0,25.81,27.72,10.49,111.63,169.78,1.11,27.08,4.85
T4,6.638,26.29,24.87,10.19,99.89,162.12,1.03,27.79,5.27,27.66,26.74,9.24,112.52,163.41,1.05,28.79,4.82
T6,6.682,25.86,26.17,10.75,94.68,148.9,1.1,26.45,5.71,26.85,25.82,10.71,97.91,144.88,1.04,26.61,5.72
T4,6.686,25.13,28.8,10.79,99.02,157.59,1.02,28.86,5.26,27.88,25.76,10.67,110.6,164.5,0.96,27.95,5.01
T7,6.692,27.81,24.34,10.99,106.45,148.57,1.1,28.07,5.25,29.09,26.04,9.47,100.48,156.98,1.12,28.96,5.42
T6,6.711,26.78,25.26,9.89,101.47,155.62,1.09,27.8,4.99,25.86,26.09,10.28,98.08,166.54,1.06,25.32,5.71
T8,6.712,24.15,26.7,9.56,115.15,175.33,1.16,24.32,5.07,26.32,25.56,10.18,107.1,166.48,1.05,28.18,5.06
T1,6.72,24.77,24.2,9.48,114.78,144.07,1.1,29.13,5.52,26.38,26.78,11.08,103.84,145.69,1.0,28.93,5.06
T9,6.726,27.96,25.19,11.42,96.7,158.74,0.99,27.22,5.24,26.3,24.85,11.49,92.7,163.24,1.02,26.54,5.21
T1,6.727,24.96,27.39,9.62,105.45,149.81,0.98,27.83,4.9,26.42,24.21,9.63,102.58,147.25,1.0,26.49,5.38
T4,6.73,25.88,28.77,10.23,97.94,154.54,1.07,26.07,5.09,24.16,25.36,9.67,97.61,154.97,1.04,26.41,4.77
T4,6.737,26.39,27.36,10.77,111.33,167.69,1.09,25.47,5.43,26.28,26.01,9.97,106.95,146.67,0.97,28.43,5.25
T7,6.756,27.03,27.93,9.4,108.13,156.83,1.1,25.88,5.86,26.52,27.71,10.46,100.2,163.59,0.96,26.9,5.44
T6,6.769,28.59,27.13,11.06,93.52,150.9,1.03,28.46,5.12,25.86,23.95,11.01,107.48,166.49,1.06,28.54,5.42
T2,6.771,27.5,26.1,9.82,101.82,163.7,1.07,27.93,5.14,28.44,27.34,10.8,104.96,166.48,1.11,24.94,5.39
T9,6.776,24.59,27.67,10.19,107.96,151.71,1.15,24.47,4.81,26.85,26.89,10.92,92.9,171.44,1.06,24.38,5.2
T1,6.798,24.59,24.7,10.18,107.66,158.29,0.98,26.24,4.9,28.93,23.94,10.69,105.65,157.46,1.03,25.14,4.95
T9,6.799,25.58,27.11,11.4,103.92,157.95,1.15,25.83,5.16,26.85,26.35,11.42,96.28,153.36,1.1,25.2,5.2
T2,6.801,27.77,25.47,11.36,113.21,159.71,1.03,28.18,5.18,28.65,28.06,10.78,116.12,160.27,1.09,25.71,4.83
T9,6.808,28.65,25.21,11.82,106.59,178.46,1.01,25.19,5.35,26.04,25.2,11.88,109.04,153.85,1.04,24.3,4.97
T2,6.815,27.33,29.4,9.76,100.58,170.75,1.03,27.7,4.82,26.16,26.86,10.63,98.84,151.57,1.06,25.41,5.0
T8,6.824,26.72,25.64,11.15,101.46,169.58,1.08,26.41,5.37,27.16,25.44,11.12,110.26,155.79,1.05,25.81,5.25
T4,6.828,24.92,25.5,9.52,103.74,150.46,1.02,28.99,4.78,24.74,27.22,10.55,114.5,156.16,1.04,27.09,4.77
T3,6.863,26.12,27.44,11.11,98.92,160.2,1.12,27.71,5.57,27.1,26.05,11.5,109.83,141.52,1.05,25.46,5.39
T1,6.866,25.12,24.35,9.76,113.38,142.96,1.01,27.0,5.12,26.03,24.12,10.13,99.89,140.25,0.99,27.66,5.1
T3,6.873,28.2,27.67,11.23,97.12,144.68,0.99,28.16,5.71,27.9,24.97,11.57,101.6,158.73,1.09,29.08,5.45
T4,6.876,26.33,28.83,10.32,107.47,160.03,0.95,28.44,4.69,25.86,27.98,10.73,108.9,163.2,1.06,28.64,4.95
T1,6.878,24.96,25.36,10.8,113.3,157.3,1.08,27.89,5.11,26.93,26.71,10.32,110.95,143.22,0.98,29.51,5.28
T6,6.884,25.38,26.18,10.38,104.95,162.37,1.18,29.08,4.96,27.76,26.04,10.71,92.46,155.5,1.01,27.8,5.53
T1,6.899,26.37,28.08,10.28,106.52,158.95,1.11,25.13,5.35,26.31,25.71,10.08,103.36,144.8,1.04,27.37,5.24
T1,6.912,27.42,24.24,9.38,104.22,143.92,0.95,25.89,4.92,24.99,25.71,9.6,103.9,152.06,1.03,27.79,4.93
T2,6.959,28.08,28.02,9.75,107.16,147.14,1.1,26.39,5.16,26.4,29.52,11.16,105.51,147.46,1.03,27.48,5.07
T5,6.968,25.87,27.59,10.13,110.1,155.03,1.1,25.91,4.66,28.54,27.14,10.52,113.87,149.25,1.01,28.1,5.33
T5,6.97,27.64,27.83,9.78,108.59,156.34,1.08,25.04,5.2,24.96,26.19,10.58,99.45,164.33,1.06,27.36,5.43
T7,6.987,27.88,26.58,10.98,106.54,165.67,1.02,25.69,5.52,29.02,27.74,11.05,104.2,159.63,1.09,26.14,5.55
T3,6.992,25.11,25.66,11.32,110.26,153.22,1.12,29.42,5.47,24.23,24.4,11.17,105.2,143.26,1.0,29.1,5.49
T10,7.019,29.2,25.17,11.5,100.08,154.16,1.08,27.2,5.21,25.36,26.95,11.2,107.66,154.63,1.01,25.38,5.34
T1,7.033,24.79,26.03,9.44,103.89,147.44,1.02,25.26,5.27,28.3,24.56,10.21,102.34,143.77,0.98,26.54,5.39
T2,7.052,24.8,27.2,9.7,115.0,151.89,1.01,26.85,4.75,27.24,26.9,10.89,113.3,163.71,1.04,27.3,4.76
T6,7.06,28.4,26.83,10.87,95.94,145.34,1.07,26.44,5.42,27.33,26.27,10.72,96.46,155.78,1.08,29.22,5.43
T9,7.068,28.86,25.58,10.28,107.97,160.11,1.06,23.57,5.3,27.2,28.46,11.19,105.78,171.55,1.11,24.29,4.7
T5,7.073,26.46,26.89,9.86,98.63,144.38,1.07,24.78,4.82,28.98,28.9,9.85,111.34,149.06,1.01,28.54,5.4
T6,7.09,24.73,28.24,11.38,98.36,143.31,1.07,24.84,5.72,29.02,23.9,10.38,107.11,163.26,1.12,26.22,5.4
T1,7.104,28.09,26.23,10.21,112.82,157.37,1.1,28.04,5.1,26.18,25.95,9.8,104.06,148.29,1.06,25.22,5.11
T10,7.109,28.52,26.76,10.56,98.41,158.4,1.08,26.37,5.44,26.84,26.46,11.17,109.56,147.83,0.93,25.45,5.12
T4,7.11,27.57,28.26,9.51,106.19,146.63,1.09,27.73,4.93,26.53,24.86,9.49,98.91,168.3,1.12,28.76,5.32
T9,7.11,28.72,25.5,10.25,100.54,172.96,1.03,26.52,5.07,26.6,27.98,10.64,108.63,173.19,1.09,27.06,5.33
T8,7.117,23.69,27.22,9.74,102.22,157.35,1.11,25.78,5.27,23.56,27.43,11.07,99.37,154.28,1.13,26.46,4.8
T1,7.124,24.73,27.38,9.37,114.22,157.44,1.08,27.92,4.95,28.6,27.76,10.21,100.45,148.93,1.05,26.59,4.96
T10,7.13,25.5,24.99,11.38,113.06,153.89,0.99,23.72,4.86,28.7,24.88,10.7,104.74,160.13,0.98,25.98,4.96
T7,7.139,28.15,27.8,9.93,94.24,151.45,0.97,29.03,5.82,27.9,24.08,9.78,93.09,152.3,1.1,28.93,5.45
T3,7.141,26.4,28.28,10.97,110.3,159.33,1.04,28.98,5.13,27.78,27.82,10.07,95.54,153.9,1.1,26.38,5.36
T7,7.144,25.19,26.8,9.99,99.77,142.63,1.1,27.86,5.8,25.84,26.54,9.82,106.72,161.82,1.05,28.22,5.72
T5,7.155,24.72,26.65,9.24,110.83,164.0,1.07,28.5,5.4,26.91,24.68,10.6,104.16,163.9,1.08,24.65,4.74
T10,7.174,26.3,25.79,10.77,102.04,157.86,1.07,25.07,5.07,28.33,23.52,10.15,108.43,154.16,1.04,24.86,4.67
T3,7.182,25.83,26.76,10.48,101.11,150.23,1.08,25.88,5.53,24.9,25.62,10.8,106.74,150.24,1.12,25.17,5.23
T5,7.185,27.82,25.26,10.76,114.99,141.39,1.01,27.91,4.93,27.01,26.64,9.79,109.61,147.6,1.0,25.91,5.33
T5,7.198,27.12,27.12,9.88,108.1,149.75,1.09,25.66,4.71,24.65,24.64,9.89,101.96,156.03,1.12,24.87,4.86
T5,7.199,27.45,24.79,9.77,100.69,159.35,1.03,28.6,5.06,26.4,25.24,9.21,99.35,143.61,1.01,28.34,5.1
T9,7.203,26.86,27.23,10.96,97.18,172.79,1.16,23.29,4.93,27.68,26.22,11.88,92.82,164.1,1.08,26.5,5.21
T4,7.219,24.7,28.88,9.65,101.62,158.51,1.1,25.62,4.78,24.74,27.62,10.74,112.44,166.41,0.99,25.22,5.37
T1,7.247,27.7,26.84,11.05,112.52,146.29,0.99,25.21,4.9,27.27,25.89,9.58,108.52,161.31,0.96,25.43,5.73
T4,7.251,26.47,26.56,10.13,105.44,164.56,1.02,28.86,4.82,25.61,26.22,9.75,114.23,149.81,0.99,28.31,4.9
T6,7.259,26.89,26.09,10.87,107.18,146.67,1.16,27.61,5.29,24.93,25.48,10.08,103.78,161.57,1.17,28.06,5.2
T10,7.276,28.68,23.32,10.82,102.08,145.22,1.0,26.97,5.04,27.04,23.49,11.36,96.14,151.66,0.93,25.68,5.25
T2,7.286,26.75,28.45,9.97,104.99,155.31,0.94,24.84,4.97,25.92,25.1,10.74,101.81,171.49,1.05,26.84,5.02
T1,7.308,26.94,28.28,11.02,102.18,158.62,0.98,27.2,5.7,25.8,27.36,9.65,109.54,155.44,1.03,25.69,5.27
T5,7.311,25.26,25.1,9.92,104.36,144.3,1.05,26.47,5.31,26.03,27.54,10.56,109.29,147.66,1.01,27.05,4.82
T6,7.313,27.89,27.6,10.15,108.42,143.31,1.1,25.89,5.37,27.87,27.9,10.06,108.3,152.31,1.01,25.72,5.82
T6,7.317,26.91,25.37,11.02,99.52,168.6,1.0,27.92,5.41,27.19,24.87,10.31,105.55,162.51,1.04,27.15,5.58
T5,7.339,28.92,28.71,10.29,110.4,139.36,1.04,24.64,5.19,24.7,25.58,10.5,102.76,152.93,1.08,26.1,5.48
T3,7.341,25.47,28.03,11.45,99.28,145.78,1.14,29.36,5.28,24.17,24.47,9.74,106.91,153.34,0.99,25.41,5.71
T7,7.349,25.45,28.17,9.65,95.12,161.52,0.98,26.95,4.97,27.59,26.45,9.79,105.93,142.18,0.98,26.32,5.73
T8,7.369,25.66,27.21,10.94,110.23,173.42,1.16,26.74,5.25,26.93,26.0,9.65,103.71,153.0,1.06,24.38,4.82
T4,7.39,27.8,26.95,9.91,109.47,159.93,1.04,29.06,4.69,27.0,28.26,10.4,111.52,163.12,0.94,25.74,5.42
T4,7.393,25.84,28.93,9.3,113.03,151.67,0.98,25.21,4.74,26.98,25.26,10.09,110.68,152.14,1.0,25.8,5.35
T5,7.395,25.84,27.41,9.2,106.97,141.85,0.99,25.7,5.06,24.71,24.37,10.47,98.01,157.13,1.16,28.14,5.46
T1,7.397,27.98,23.96,10.47,100.74,161.5,1.1,29.15,5.67,28.55,25.74,10.72,116.27,145.39,1.11,26.95,5.48
T4,7.463,24.25,25.66,10.74,111.91,153.99,0.95,28.08,4.67,25.41,28.28,10.82,105.04,167.21,1.09,28.75,5.26
T5,7.464,28.86,26.61,10.61,102.66,144.4,0.98,24.46,5.03,27.19,26.46,10.92,103.8,157.34,1.0,28.05,5.18
T1,7.473,27.45,27.41,10.43,100.3,154.26,1.12,29.59,5.56,25.17,27.02,10.23,116.93,154.18,0.94,26.58,5.16
T9,7.483,26.43,27.26,10.12,102.27,172.78,1.08,25.13,4.95,25.42,24.8,11.87,97.6,163.53,1.04,25.9,5.48
T9,7.489,26.56,28.23,10.68,93.34,163.14,0.99,25.49,5.14,26.6,25.82,10.2,103.98,152.94,1.14,26.96,4.78
T6,7.502,28.45,28.25,10.05,97.74,146.95,1.14,28.93,5.58,25.39,25.75,9.92,93.76,147.64,1.0,26.78,5.62
T3,7.515,25.54,27.72,11.24,105.28,145.4,1.1,25.39,5.23,27.96,26.3,10.8,107.92,143.67,1.07,26.54,5.55
T3,7.522,24.98,26.3,10.84,112.13,149.36,1.02,26.32,5.29,24.49,24.51,11.57,100.04,147.55,1.02,27.2,5.26
T1,7.528,25.28,26.59,10.42,107.79,145.09,1.1,25.95,5.12,25.56,24.42,11.09,116.55,143.47,1.04,28.87,5.6
T4,7.535,26.88,27.06,10.48,112.91,147.08,1.03,29.01,5.51,27.19,28.22,9.37,107.08,154.2,0.95,26.76,5.38
T3,7.542,26.31,28.48,11.5,112.39,157.37,1.06,25.23,4.93,24.57,24.3,10.76,105.3,144.44,0.99,28.48,5.35
T1,7.549,25.42,24.9,10.62,114.9,138.25,1.01,28.49,5.45,27.27,25.96,10.81,103.51,145.82,0.97,27.97,5.23
T10,7.566,25.28,24.25,10.23,112.4,163.97,1.05,25.42,4.79,26.55,27.07,10.9,96.29,145.89,0.94,27.42,5.13
T3,7.582,27.51,28.4,10.93,98.62,143.62,0.97,26.84,5.5,27.84,27.31,11.57,96.71,150.13,1.03,27.03,5.61
T4,7.618,26.12,26.85,9.94,99.31,143.58,1.04,28.7,5.48,26.38,26.69,9.83,108.97,162.48,0.99,25.27,5.26
T1,7.621,27.35,24.06,10.6,101.95,150.95,1.09,25.66,5.08,27.56,26.51,11.09,107.65,161.16,0.98,25.2,5.43
T10,7.631,26.24,26.56,11.48,110.56,141.4,1.0,24.22,4.81,26.6,24.38,10.82,101.78,161.38,1.04,25.45,5.32
T6,7.635,28.58,24.62,10.47,100.45,144.78,1.03,27.54,5.79,28.68,24.66,10.06,96.47,158.68,1.16,25.08,5.47
T5,7.667,25.26,28.72,9.47,108.62,157.9,1.02,24.7,4.94,25.99,25.06,9.84,98.55,148.26,0.98,24.26,4.9
T5,7.674,26.06,25.37,10.28,99.42,155.84,1.04,24.51,5.03,27.18,27.19,9.8,108.74,162.61,1.08,25.74,5.11
T9,7.678,27.75,24.83,11.44,108.5,150.66,1.14,25.1,4.91,27.68,28.04,11.68,99.54,172.96,1.02,23.85,5.41
T8,7.686,24.85,29.39,11.15,104.89,155.7,1.01,24.56,5.38,27.45,25.66,10.59,115.82,161.05,1.01,28.16,5.29
T6,7.687,24.79,28.29,10.83,101.2,149.54,1.16,28.24,5.18,25.13,28.32,10.5,102.31,143.24,1.01,26.64,5.16
T1,7.698,28.09,24.24,9.84,111.79,150.32,1.01,29.4,5.27,28.64,24.09,9.52,108.71,148.38,1.1,28.9,5.28
T8,7.699,27.08,27.09,9.49,115.12,164.62,1.04,25.54,4.98,26.61,27.95,9.57,108.31,168.93,1.14,27.59,4.92
T5,7.739,27.53,26.79,9.78,113.64,154.22,1.14,27.27,4.66,24.63,27.11,9.33,105.81,159.55,1.0,27.1,5.45
T3,7.743,26.06,25.44,11.56,107.63,140.0,1.08,28.16,5.71,26.31,24.8,9.83,108.84,139.65,0.97,29.45,4.86
T5,7.747,24.54,26.22,10.4,107.71,146.67,0.99,26.48,5.5,24.9,26.99,9.72,104.03,153.4,1.04,27.53,4.71
T9,7.748,25.86,25.9,11.56,96.76,151.95,1.03,24.75,5.37,25.86,25.22,11.84,100.99,174.94,1.03,23.9,5.35
T9,7.773,26.36,26.49,10.95,108.56,171.38,1.01,24.7,4.87,28.0,28.8,10.14,92.76,158.5,1.14,25.32,5.26
T10,7.78,28.34,25.73,11.44,110.21,149.87,1.08,26.42,5.23,25.71,23.18,11.15,110.23,152.46,1.0,26.53,5.01
T3,7.783,27.0,28.54,10.06,96.89,140.21,1.02,27.69,5.69,25.03,25.45,10.15,106.23,159.48,1.07,25.37,5.77
T5,7.795,25.6,26.87,9.8,114.06,156.04,1.14,28.43,5.0,28.52,25.87,10.67,111.61,145.03,1.08,26.76,5.04
T5,7.797,26.27,28.65,9.69,101.02,142.7,1.04,24.66,5.0,26.82,27.99,9.36,100.03,159.76,1.01,25.95,5.36
T4,7.798,23.86,25.93,9.51,98.58,144.67,1.06,27.31,5.27,27.22,24.82,9.38,100.11,145.75,0.96,27.88,5.23
T4,7.853,27.69,24.44,10.36,114.46,169.54,1.08,27.78,5.22,26.64,25.83,10.4,106.02,165.29,1.06,28.78,4.75
T9,7.862,27.26,25.92,11.9,99.09,151.53,1.05,26.53,5.42,27.27,25.82,10.6,102.69,175.62,1.02,24.78,5.13
T10,7.897,28.23,26.09,9.88,113.57,149.9,0.96,25.63,5.27,26.91,24.59,10.0,103.5,160.0,0.96,26.77,5.12
T9,7.901,24.95,27.85,11.02,106.18,170.72,0.99,25.68,5.46,27.43,26.34,11.64,100.45,156.82,1.1,23.81,4.78
T2,7.901,25.25,25.07,11.12,103.98,149.98,1.04,24.93,5.31,27.93,28.97,10.97,106.84,154.32,1.11,28.42,5.22
T9,7.908,24.66,27.13,10.06,99.0,173.16,1.09,23.86,5.38,28.62,24.38,11.35,101.02,163.69,1.01,24.9,4.77
T3,7.91,28.2,24.32,10.06,96.3,145.99,1.02,29.08,5.01,24.41,25.9,10.26,99.67,137.87,1.12,25.24,5.69
T6,7.925,28.76,27.93,10.39,103.38,145.63,1.14,25.65,4.99,26.2,27.82,11.19,101.65,150.1,1.16,28.73,5.74
T5,7.934,25.4,24.7,10.82,101.95,144.65,1.08,28.27,4.81,27.72,26.54,10.85,105.0,158.42,1.08,27.98,5.06
T8,7.939,25.66,29.4,9.54,104.68,152.71,1.07,24.41,5.51,24.88,29.19,10.23,115.55,170.36,1.12,28.18,4.98
T9,7.939,27.36,27.58,11.37,100.64,150.61,1.07,23.74,5.17,26.51,27.95,10.12,102.5,162.87,1.09,27.09,4.91
T3,7.964,25.83,24.75,10.75,101.26,163.62,0.98,27.0,5.4,25.86,26.0,10.42,106.69,156.95,1.09,27.11,5.14
T3,7.972,24.72,27.66,10.74,110.09,149.38,1.04,28.68,5.53,27.65,25.84,9.94,100.37,161.4,0.98,29.0,5.06
T9,7.974,26.9,24.34,11.14,107.93,167.55,1.04,24.19,4.91,25.47,26.83,10.8,101.0,153.14,1.16,24.01,4.76
T1,7.977,24.64,27.24,10.63,116.57,149.14,1.01,26.65,5.64,27.41,25.77,10.19,105.09,141.59,1.09,26.29,5.11
T9,7.994,27.69,27.44,11.59,95.97,154.97,1.0,23.82,5.01,28.7,24.4,11.83,100.81,178.4,1.07,27.34,5.07
T4,7.999,24.1,24.64,9.37,99.82,169.56,1.01,25.67,5.24,25.19,25.09,9.29,101.45,148.23,1.05,25.33,5.49
T4,8.028,23.92,25.68,9.86,102.02,156.93,1.03,24.9,5.08,24.25,25.5,9.6,102.39,147.04,1.02,28.05,5.3
T10,8.033,28.46,26.79,10.9,111.4,163.12,1.03,25.5,5.39,28.98,23.83,10.55,109.26,139.56,0.98,25.38,5.16
T2,8.046,26.69,28.84,11.1,115.07,149.81,1.11,25.03,5.24,24.89,25.83,10.97,103.04,165.72,1.09,24.61,4.8
T10,8.051,26.3,24.01,10.86,108.73,143.35,0.94,23.66,5.06,27.83,23.87,10.78,109.54,149.93,0.94,26.56,5.03
T5,8.056,25.52,24.44,9.59,97.4,158.22,1.04,24.33,5.09,26.27,24.48,10.12,97.9,143.66,0.98,26.01,4.82
T6,8.058,27.96,27.68,10.0,108.38,154.42,1.16,25.6,5.45,27.99,26.94,10.62,102.12,166.61,1.05,27.98,4.92
T8,8.061,23.87,29.66,10.45,101.02,162.0,1.15,25.86,5.69,25.4,26.53,9.65,100.92,157.1,1.17,27.25,4.95
T9,8.069,28.51,27.45,10.42,100.81,176.62,1.13,25.4,4.78,28.25,24.47,11.02,99.18,170.27,1.02,25.36,5.16
T4,8.07,24.0,28.28,9.98,110.62,169.26,1.11,26.7,5.08,26.85,28.57,9.98,107.04,161.88,1.06,27.07,5.02
T4,8.075,27.76,24.6,9.5,109.97,165.32,1.09,26.75,4.78,25.23,24.42,10.43,104.41,150.64,1.12,24.84,5.18
T4,8.078,26.64,27.9,10.73,102.14,144.68,1.06,25.36,5.38,24.24,25.99,10.73,113.69,143.87,1.09,26.24,5.13
T6,8.079,26.86,24.98,11.27,94.82,150.1,1.07,25.36,5.18,26.61,25.77,11.62,100.33,149.7,1.01,24.93,5.46
T10,8.087,28.69,26.96,11.51,110.27,145.27,0.94,23.98,5.14,28.99,23.83,10.93,106.72,141.49,0.97,23.98,5.35
T8,8.092,25.82,29.3,9.66,109.34,167.57,1.04,27.32,5.48,24.88,25.52,9.65,108.56,159.74,1.12,26.27,5.6
T10,8.096,28.19,24.01,10.55,102.94,139.89,1.03,24.77,5.12,29.25,23.66,11.5,97.34,141.96,1.07,23.67,4.92
T9,8.098,27.87,28.46,11.29,100.09,166.99,1.0,24.32,5.14,27.99,28.13,10.59,107.89,157.46,1.06,27.14,4.77
T10,8.104,29.21,24.08,10.08,98.71,143.25,1.01,26.49,4.78,25.29,25.45,10.82,108.41,149.89,0.96,27.71,5.0
T3,8.116,24.94,24.79,10.55,97.2,160.52,0.99,27.83,5.29,27.49,27.12,9.84,112.91,138.09,1.12,25.64,4.94
T10,8.139,28.83,25.12,10.06,111.4,147.52,0.95,27.77,5.07,29.16,24.41,11.39,98.23,163.93,1.01,26.61,4.82
T4,8.172,25.71,28.27,9.52,102.03,155.0,0.98,25.2,5.31,23.86,27.76,9.27,112.26,168.1,1.05,28.79,4.77
T3,8.19,24.42,27.66,10.58,106.39,147.47,1.06,26.97,4.88,27.98,25.29,10.44,109.4,147.05,1.03,26.23,5.62
T9,8.201,28.75,24.93,10.88,97.71,157.66,1.01,23.68,4.81,28.36,24.58,11.26,100.94,175.98,1.02,24.78,5.12
T9,8.231,25.2,28.52,10.68,98.9,174.6,1.09,23.3,5.17,28.26,24.73,10.81,101.56,164.53,1.1,25.49,4.76
T2,8.238,28.44,29.52,10.84,115.53,159.02,0.99,27.41,5.03,26.14,26.22,9.56,109.87,147.75,0.98,26.53,5.12
T5,8.241,26.34,25.27,10.11,104.42,142.38,1.01,28.73,5.31,26.24,27.6,10.76,113.66,141.54,1.14,27.32,5.21
T10,8.251,29.06,27.12,10.59,105.44,141.28,1.09,24.59,5.08,25.21,23.99,11.11,112.25,157.01,1.07,24.72,5.29
T6,8.264,26.17,28.32,10.11,104.1,155.57,1.09,28.63,5.5,28.56,25.26,11.36,95.19,156.68,1.14,24.82,4.92
T3,8.268,25.02,27.14,11.3,95.53,148.79,1.03,25.6,5.76,25.35,26.28,10.31,97.44,151.06,1.0,28.65,5.61
T6,8.268,26.06,24.55,10.84,103.02,163.72,1.01,24.85,5.25,28.45,25.0,9.88,96.43,160.02,1.17,25.32,5.66
T2,8.278,25.39,25.49,9.73,116.08,164.05,1.08,28.53,4.88,24.98,28.78,10.96,113.87,167.82,1.0,24.54,5.48
T1,8.28,27.27,27.64,10.75,100.47,152.03,1.08,25.14,5.61,25.59,25.08,10.52,116.92,151.19,1.01,29.66,4.86
T4,8.288,23.77,27.3,9.94,111.36,157.64,1.09,27.95,4.87,25.19,27.62,9.88,102.97,163.01,1.12,25.84,4.96
T8,8.288,24.43,25.72,10.36,116.79,154.43,1.0,25.22,5.38,24.87,26.2,10.76,115.23,148.94,1.02,27.46,5.55
T10,8.298,28.13,25.68,10.73,108.02,143.62,0.99,26.66,5.43,27.15,25.91,10.55,104.82,141.72,1.02,26.24,4.69
T2,8.299,25.34,27.63,10.35,110.36,154.32,1.0,25.83,4.92,25.84,27.43,10.6,103.84,148.77,1.1,27.25,5.1
T10,8.311,26.81,23.02,10.81,102.0,146.42,1.02,27.05,5.29,25.55,25.34,9.88,102.81,154.63,1.08,27.54,5.19
T8,8.314,25.44,26.24,9.67,111.44,174.85,0.99,24.19,5.42,26.53,27.54,9.53,105.63,171.16,1.12,26.69,5.43
T2,8.323,28.44,26.88,9.76,101.05,155.85,0.95,27.27,4.99,24.64,25.86,10.08,101.64,156.86,1.11,28.6,4.64
T10,8.326,25.72,26.96,10.0,112.44,141.42,0.98,27.6,4.68,25.4,27.19,10.33,101.19,161.79,0.94,24.57,5.2
T3,8.342,25.9,24.93,10.5,95.52,139.91,1.14,27.62,4.86,26.74,26.6,11.1,100.68,155.79,0.98,29.43,5.56
T9,8.348,24.79,28.23,11.34,107.39,178.37,1.14,27.4,4.88,27.96,28.08,11.81,94.62,163.73,1.12,24.45,5.52
T8,8.358,24.08,26.45,10.6,116.38,171.16,1.13,27.37,5.38,23.56,27.29,9.93,106.0,151.83,1.06,27.52,5.28
T4,8.371,25.17,28.57,10.07,99.65,153.56,0.97,26.63,5.38,25.71,28.93,10.58,113.3,156.36,1.08,27.15,5.0
T1,8.379,27.84,24.06,9.54,110.94,154.8,1.0,28.05,5.43,27.85,24.44,9.45,113.56,138.3,1.11,29.03,5.61
T4,8.384,24.12,28.4,10.17,104.83,152.59,1.1,25.04,5.09,25.73,25.47,10.3,97.48,150.0,1.01,26.46,5.47
T10,8.387,25.82,23.4,10.86,97.96,163.56,0.95,23.82,5.36,25.51,27.18,11.4,110.88,157.53,1.01,25.38,5.45
T8,8.387,25.69,26.58,10.06,98.6,170.81,1.04,27.4,5.58,26.72,29.57,9.72,109.62,154.56,1.08,28.49,5.66
T9,8.391,26.22,24.83,10.4,95.71,169.14,1.02,26.86,5.41,26.36,25.94,11.24,108.0,174.47,1.16,24.75,4.78
T8,8.401,26.66,27.95,10.73,98.94,174.14,1.14,27.21,5.3,26.86,28.61,10.22,105.65,163.02,1.04,24.67,4.97
T1,8.421,27.33,27.0,9.61,113.27,161.25,1.02,26.03,5.63,27.35,25.22,9.59,108.21,146.23,0.95,29.1,5.21
T8,8.439,25.21,28.98,10.85,99.58,152.0,1.15,25.29,5.43,26.58,29.1,9.95,102.75,164.51,1.1,25.54,5.2
T4,8.442,24.7,25.67,10.4,97.1,169.59,1.1,24.9,5.18,27.72,26.5,9.98,107.04,162.6,1.0,26.73,4.64
T8,8.443,27.0,29.1,10.2,110.32,165.83,1.05,26.86,5.26,25.56,29.01,11.11,113.42,175.16,1.17,24.48,5.31
T1,8.455,25.58,25.45,10.07,115.54,147.58,1.04,29.24,5.1,26.49,27.18,10.14,104.24,140.43,1.1,27.92,5.11
T9,8.456,25.7,25.04,11.86,109.3,153.15,1.01,27.54,5.43,28.23,26.83,10.52,103.85,166.36,1.14,27.51,4.72
T4,8.46,23.96,28.55,10.04,99.08,158.19,1.08,27.19,4.93,25.56,25.11,9.23,100.68,167.72,1.05,26.66,5.27
T9,8.475,25.76,26.53,10.09,99.79,171.55,1.01,27.19,5.24,24.89,26.84,10.11,99.68,167.4,1.14,26.24,5.44
T6,8.478,25.17,25.56,10.47,97.41,152.48,1.17,27.1,5.0,27.83,27.1,10.75,95.24,163.73,1.06,26.71,5.83
T9,8.497,28.33,24.26,10.78,103.65,176.22,1.12,24.87,5.23,28.72,26.45,10.48,93.02,160.25,1.14,24.69,5.49
T6,8.518,25.5,27.18,10.71,107.78,158.59,1.12,27.9,5.21,25.17,27.56,10.5,94.37,149.63,1.07,28.26,5.11
T8,8.521,27.0,28.57,10.47,105.95,174.9,1.17,26.84,5.47,25.66,25.16,11.0,102.21,151.78,1.16,27.61,5.08
T9,8.527,24.66,28.19,10.44,103.15,172.91,1.01,26.24,4.78,28.71,27.73,11.89,96.23,170.11,1.08,26.02,5.49
T3,8.53,27.92,27.22,10.3,111.92,138.72,1.04,29.78,5.36,25.62,27.66,11.14,111.63,157.83,1.1,26.97,5.69
T2,8.564,28.64,26.25,10.76,112.4,155.1,1.05,25.28,5.27,27.66,25.84,10.89,98.35,169.36,1.09,25.66,5.4
T3,8.567,25.25,28.22,10.71,113.28,154.82,1.14,26.34,5.16,26.13,25.52,10.57,113.38,146.0,1.08,26.21,5.33
T3,8.575,24.95,25.75,9.95,110.18,149.74,1.01,27.5,5.22,28.23,27.92,11.54,96.43,155.49,1.14,26.56,5.12
T6,8.589,28.61,24.96,9.91,101.71,155.73,1.16,25.8,5.23,26.01,25.21,10.86,104.61,169.03,1.11,25.41,5.01
T10,8.593,28.16,23.2,11.1,98.47,148.04,0.96,25.25,5.39,28.25,26.18,11.03,110.63,158.03,1.03,26.55,5.33
T8,8.594,26.42,28.51,10.54,107.03,175.07,1.11,27.66,4.93,27.14,26.12,9.9,108.37,173.19,1.06,24.04,5.28
T9,8.605,27.71,27.78,11.44,98.22,165.26,1.03,25.1,4.8,24.95,24.96,11.11,99.69,169.27,1.13,24.48,4.91
T3,8.623,26.4,28.55,10.09,111.31,157.15,1.06,28.4,5.4,24.72,27.83,11.15,113.04,157.65,0.98,27.62,5.58
T6,8.638,24.95,25.16,10.38,108.4,169.08,1.0,27.51,5.03,29.03,28.12,10.72,108.75,160.67,1.16,28.37,5.71
T10,8.652,25.64,26.04,10.58,96.88,157.24,1.08,26.68,4.91,27.29,23.2,10.16,98.97,141.81,0.98,27.74,4.85
T3,8.663,26.9,27.53,10.05,111.94,143.05,1.13,27.01,5.6,24.18,27.26,9.97,101.81,141.68,1.02,27.7,4.99
T2,8.68,25.28,27.19,10.73,111.05,152.92,1.12,25.5,4.67,25.38,26.17,11.1,98.72,160.93,1.02,27.51,4.84
T8,8.696,25.2,27.33,10.31,109.71,149.84,1.1,26.73,5.05,27.38,27.09,10.33,109.84,162.16,1.07,27.74,5.37
T10,8.719,28.32,25.22,10.28,108.22,153.5,0.98,24.86,5.23,26.66,26.65,10.24,113.77,142.39,1.07,24.5,4.88
T8,8.739,24.32,25.13,9.6,106.33,152.19,1.0,26.28,5.06,25.24,25.28,10.72,110.32,149.79,1.05,28.15,5.65
T1,8.74,25.26,24.82,11.09,113.21,142.94,0.94,27.49,5.53,27.77,27.15,9.83,116.92,161.25,1.08,26.23,5.29
T8,8.741,24.98,26.3,9.81,106.57,173.32,1.09,24.26,5.2,27.01,25.63,9.77,108.97,152.71,1.01,27.74,5.34
T3,8.773,28.27,26.62,10.16,109.97,148.99,1.03,26.63,5.39,28.27,26.3,10.09,108.77,162.08,1.06,25.21,5.6
T3,8.794,27.53,26.46,11.58,110.28,153.76,1.07,27.82,4.92,25.76,27.16,10.62,103.33,160.4,1.07,28.43,4.87
T8,8.798,23.99,26.99,10.55,116.46,159.87,1.12,27.99,5.11,26.27,26.82,10.51,110.28,157.12,1.11,27.79,5.16
T8,8.803,24.02,27.47,10.94,115.26,157.18,1.13,26.53,5.13,26.03,25.14,9.62,114.59,168.47,1.08,24.07,5.29
T3,8.827,25.84,28.02,10.34,97.59,140.66,1.01,28.51,5.69,26.62,25.9,11.13,109.68,147.85,1.02,27.45,5.26
T2,8.838,24.76,25.43,11.27,98.96,162.74,1.07,28.18,4.79,25.85,25.68,10.55,116.35,151.19,0.95,28.22,5.12
T1,8.841,26.5,27.38,9.85,101.04,142.21,1.02,28.04,5.07,26.88,26.3,10.4,111.23,155.13,0.94,29.31,5.31
T10,8.844,25.3,23.19,10.57,113.44,156.53,1.0,27.71,5.3,25.04,26.17,11.51,96.95,157.75,1.09,24.55,4.96
T9,8.87,26.36,25.29,11.75,94.46,166.41,1.03,26.35,5.12,25.61,28.66,10.89,98.71,156.94,1.05,24.63,5.26
T1,8.875,26.28,25.96,9.44,114.0,145.27,1.03,25.63,4.89,25.33,27.14,9.64,108.72,137.5,1.0,25.71,5.13
T3,8.881,27.67,27.09,10.84,99.67,160.4,0.98,25.52,5.64,27.97,26.97,10.26,111.94,138.56,1.0,28.16,4.9
T9,8.896,24.74,26.49,11.77,101.56,177.62,1.15,25.83,4.92,24.84,28.34,11.87,105.64,156.46,1.04,23.55,5.41
T8,8.919,23.51,29.03,10.39,101.63,156.05,1.06,25.86,5.14,26.16,28.48,10.19,102.3,171.86,1.07,25.92,5.35
T8,8.949,26.42,27.43,10.42,111.84,148.95,1.04,28.34,5.47,25.98,27.93,9.8,106.58,163.19,1.02,28.16,5.55
T6,8.96,27.73,24.69,11.26,92.5,167.68,1.18,28.71,5.72,27.56,25.97,10.42,95.11,160.97,1.04,25.07,5.49
T9,8.961,27.84,26.62,11.39,107.14,159.38,1.17,25.03,5.38,26.07,28.75,10.73,99.87,166.27,1.16,24.78,5.33
T10,8.977,27.5,26.78,10.98,113.1,162.92,1.06,27.65,5.26,25.34,27.14,10.26,101.63,154.29,1.1,25.84,5.26
T9,8.979,26.78,27.51,10.6,100.23,155.63,1.08,26.5,4.9,26.29,27.17,11.72,100.15,155.23,1.16,23.7,4.93
T6,9.038,26.92,25.27,11.15,103.51,158.14,1.15,25.17,5.2,26.73,23.91,11.09,109.58,168.51,1.16,29.37,4.95
T10,9.051,25.41,25.02,9.98,111.96,147.69,0.96,25.55,5.53,27.36,26.22,9.73,112.13,141.81,0.97,26.55,5.0
T1,9.06,28.8,27.74,9.51,107.8,140.79,0.99,29.36,5.67,28.96,26.57,10.07,115.87,149.64,1.02,28.47,5.7
T9,9.062,27.47,27.01,11.24,100.1,166.76,1.08,23.37,5.3,25.34,25.18,10.77,105.65,162.87,1.17,26.8,5.09
T9,9.07,26.7,28.18,11.26,105.89,160.66,1.12,26.34,4.83,27.39,27.75,10.31,102.84,159.87,1.0,24.79,5.01
T9,9.07,27.7,25.96,10.68,109.14,169.09,1.16,26.16,5.26,27.83,26.7,11.08,95.37,168.55,1.14,25.04,5.35
T6,9.089,28.72,25.35,11.45,94.57,149.74,1.13,29.3,5.77,26.76,27.39,10.56,93.37,144.19,1.01,27.39,5.08
T3,9.117,28.26,24.73,11.27,99.35,162.25,1.08,25.5,5.64,24.23,26.02,11.4,104.03,163.08,1.0,26.68,5.43
T3,9.14,24.34,26.97,10.7,97.9,157.44,1.04,28.02,5.46,26.12,24.65,11.12,105.71,159.02,1.03,26.84,5.44
T2,9.164,28.52,28.63,10.11,102.82,164.68,1.0,27.59,4.8,24.52,26.72,9.89,112.64,171.18,1.01,27.36,4.84
T10,9.172,25.49,26.67,11.38,107.97,151.23,1.07,23.61,5.16,26.16,24.36,10.03,100.1,141.22,1.08,24.86,5.2
T3,9.198,23.98,27.39,10.92,111.41,151.31,1.1,29.68,5.3,27.9,24.47,10.5,112.62,138.91,1.14,29.27,5.02
T2,9.215,25.71,28.46,9.86,114.45,165.31,1.06,27.33,5.11,25.28,28.18,10.33,106.57,146.0,1.07,28.4,5.42
T10,9.235,29.43,26.98,10.18,101.01,162.33,0.95,23.88,5.28,29.52,25.54,11.17,103.94,153.7,1.04,25.76,5.35
T9,9.251,26.64,27.55,11.85,105.46,160.11,1.03,25.44,5.47,28.87,26.3,10.97,102.61,156.73,1.14,27.0,5.34
T9,9.263,27.96,25.3,11.3,99.22,171.2,1.03,24.87,4.91,26.33,28.31,10.75,100.15,176.62,1.06,24.9,5.54
T6,9.264,25.56,25.26,11.47,96.54,143.77,1.1,29.43,5.31,25.91,27.7,10.38,98.92,145.27,1.08,25.01,5.36
T8,9.27,27.14,25.96,9.93,113.2,149.21,1.14,28.52,5.37,25.24,25.9,9.63,114.75,172.96,1.14,28.47,5.6
T6,9.272,25.94,27.55,11.32,92.83,144.47,1.12,26.41,5.58,27.33,24.78,11.41,109.79,144.47,1.14,25.63,4.92
T8,9.279,24.1,26.07,10.56,100.88,156.3,1.09,27.19,4.93,25.36,29.23,9.7,107.15,160.63,1.04,25.12,5.03
T6,9.291,27.76,26.84,10.15,103.5,147.72,1.01,28.35,5.3,25.44,25.11,11.53,99.62,158.99,1.13,28.79,5.81
T6,9.299,26.35,27.76,10.19,99.98,163.87,1.08,25.91,5.11,25.25,26.97,10.62,100.87,160.8,1.0,26.66,5.0
T1,9.301,25.92,24.07,9.95,101.96,138.78,1.04,25.18,5.26,26.03,27.07,9.61,101.04,139.57,0.95,26.91,4.96
T6,9.343,27.19,26.05,10.1,96.98,143.31,1.08,26.93,5.33,25.26,27.22,10.37,109.58,163.49,1.06,29.43,5.5
T1,9.346,24.75,24.3,10.78,113.73,161.62,1.06,25.94,4.99,25.96,24.39,10.57,105.87,155.13,0.95,28.06,5.32
T9,9.381,27.32,26.83,11.14,98.09,173.21,1.15,24.72,4.74,27.76,24.38,10.71,101.1,156.09,1.06,26.07,5.29
T3,9.387,26.45,26.57,11.27,112.34,140.25,1.14,29.1,5.05,28.03,25.83,10.09,110.68,139.2,1.04,26.06,4.94
T3,9.428,27.51,24.06,10.63,102.7,139.81,1.06,26.63,5.14,27.69,27.36,11.55,101.84,150.06,1.03,25.6,5.01
T6,9.438,28.22,25.68,11.07,101.86,163.72,1.13,28.21,5.66,25.6,26.53,10.45,109.34,161.57,1.14,29.33,5.48
T6,9.44,28.87,27.05,10.27,95.6,158.41,1.11,26.37,5.03,28.39,28.22,10.58,94.88,149.66,1.01,28.93,5.32
T10,9.449,26.24,24.56,9.94,103.94,150.12,0.93,23.96,5.3,25.32,25.92,10.47,96.94,155.66,1.09,25.93,5.23
T6,9.454,28.04,28.29,10.91,97.47,152.18,1.14,27.26,5.3,24.95,25.86,11.63,102.94,160.53,1.1,25.91,5.26
T3,9.468,28.25,27.45,11.26,113.5,140.56,1.03,29.44,5.24,25.7,28.24,11.44,107.86,163.62,1.07,28.6,5.09
T10,9.471,27.11,23.57,9.86,106.94,155.85,1.05,27.28,5.52,29.47,23.87,11.49,98.62,153.74,0.98,24.34,4.72
T8,9.474,23.43,26.28,10.22,111.24,158.79,1.11,25.73,5.01,25.99,29.45,9.96,101.32,148.71,1.12,28.14,4.8
T6,9.499,27.38,26.34,9.85,97.28,146.67,1.02,26.82,5.32,25.31,28.26,10.07,108.67,149.74,1.02,26.29,5.63
T1,9.499,26.57,27.08,10.18,103.19,160.58,0.97,28.93,4.84,27.98,26.05,10.63,116.82,151.15,1.08,26.12,5.52
T3,9.503,27.42,24.08,10.44,100.89,153.73,1.07,25.39,5.31,25.94,26.36,9.8,104.68,162.58,1.03,25.3,5.71
T9,9.523,26.2,26.93,10.26,94.96,175.27,1.15,26.62,4.82,28.57,25.43,11.46,92.79,169.42,1.0,27.3,5.08
T6,9.525,26.2,24.39,10.6,101.07,146.24,1.0,25.52,5.64,28.74,27.81,10.96,108.59,154.58,1.15,29.1,5.03
T1,9.528,26.23,27.26,9.58,116.86,153.83,1.01,25.98,4.88,25.54,26.87,10.9,116.03,151.69,1.04,26.35,5.13
T9,9.576,25.48,27.71,10.66,102.28,160.31,1.1,27.43,4.71,28.63,26.61,10.76,101.07,171.74,1.13,26.21,4.98
T9,9.582,28.94,26.61,11.06,100.22,168.12,1.09,26.64,4.98,26.85,26.93,10.98,99.23,150.66,1.16,26.38,5.46
T1,9.586,25.08,27.24,10.83,101.58,163.23,0.97,28.45,5.34,27.46,28.22,10.83,115.4,154.26,1.12,26.2,5.53
T9,9.597,28.06,25.43,10.09,99.51,165.56,1.14,26.16,4.95,25.11,28.65,11.09,97.95,153.17,1.14,26.74,5.27
T1,9.598,25.28,25.84,10.7,108.76,137.32,1.02,25.49,5.66,26.23,24.79,9.76,109.73,156.04,1.08,29.18,4.93
T10,9.627,26.5,27.12,9.98,96.1,164.22,0.96,24.12,4.94,25.61,23.75,10.49,111.4,146.65,1.04,24.07,5.07
T1,9.63,24.51,25.52,10.24,107.41,149.77,0.94,28.0,5.26,26.49,24.71,10.89,99.92,141.24,1.0,29.4,5.62
T6,9.641,28.32,27.28,10.34,98.32,150.88,1.02,26.29,4.92,26.92,24.89,10.88,104.6,166.2,1.04,25.41,5.66
T10,9.641,26.11,25.2,11.08,98.34,161.12,1.04,24.32,4.9,25.74,24.09,11.21,110.58,155.99,1.06,25.91,4.84
T10,9.642,26.46,24.28,10.49,96.12,153.29,1.03,26.1,5.03,25.76,24.77,10.4,107.94,157.73,0.94,25.94,5.33
T1,9.659,26.75,25.31,10.19,113.21,137.74,1.07,25.39,5.4,24.55,24.69,10.36,104.76,144.09,0.95,27.14,5.42
T8,9.665,25.62,26.37,10.55,102.08,167.35,1.11,24.88,5.06,24.16,29.39,9.83,112.32,171.48,1.01,26.97,5.07
T8,9.674,23.47,25.68,10.69,114.62,153.12,1.15,26.63,5.37,27.0,27.78,9.46,107.75,174.36,1.03,26.2,5.6
T9,9.704,28.07,28.38,10.42,109.12,175.82,1.12,27.4,5.44,26.22,25.98,11.03,104.93,160.04,1.13,24.69,4.79
T10,9.725,26.02,26.94,9.97,113.65,140.61,1.02,24.27,4.67,27.15,24.92,11.02,111.03,141.52,1.07,27.29,5.14
T10,9.725,28.02,26.03,9.86,108.55,153.45,1.08,27.14,5.3,25.84,23.47,11.25,108.63,143.62,0.96,24.66,5.23
T10,9.756,29.3,24.36,11.48,100.1,160.88,0.99,26.12,5.48,28.58,26.07,11.21,109.28,148.28,0.99,25.68,4.98
T6,9.757,28.5,26.17,10.74,108.72,167.58,1.15,26.42,5.69,26.06,25.73,11.14,97.38,149.49,1.14,29.27,5.06
T1,9.762,25.41,27.14,9.38,109.08,158.65,1.04,28.15,5.03,27.35,24.42,9.49,101.05,148.29,1.03,26.05,5.43
T3,9.776,28.23,28.16,10.93,105.18,154.74,1.14,25.21,5.4,27.87,27.74,10.71,100.48,154.62,1.06,25.45,5.71
T10,9.789,25.64,25.42,10.52,110.13,158.08,0.92,26.23,5.19,27.56,26.06,10.6,98.33,154.38,1.03,24.77,5.03
T9,9.823,27.25,24.31,11.09,96.91,151.99,1.06,25.38,5.06,28.33,26.38,11.76,105.16,150.88,1.09,26.28,5.02
T9,9.824,27.31,24.44,10.7,98.65,178.17,1.06,26.76,4.8,26.46,25.25,10.98,101.0,152.3,1.12,24.26,5.01
T9,9.824,28.63,25.07,10.48,108.41,151.67,1.03,25.52,5.0,25.49,25.04,10.64,103.34,165.3,1.12,26.08,5.46
T6,9.858,27.51,27.92,9.98,103.5,152.52,1.12,26.37,5.12,29.26,25.93,10.4,105.49,165.94,1.02,26.41,5.03
T3,9.869,27.89,26.22,10.12,97.36,151.64,1.06,27.83,5.14,25.38,25.83,11.5,101.19,148.4,1.01,25.41,5.16
T6,9.894,27.14,26.88,11.17,102.92,146.77,1.02,26.55,5.0,25.91,25.95,11.53,96.66,144.88,1.17,25.39,5.37
T10,9.907,26.03,24.68,10.84,99.96,145.51,1.03,26.56,4.71,26.3,23.99,11.42,96.1,163.58,1.01,25.49,4.99
T2,9.939,26.12,28.45,11.09,111.37,146.96,0.94,26.18,5.32,25.76,27.91,10.49,100.5,151.49,0.95,27.64,5.06
T8,9.955,23.93,29.59,9.9,114.08,169.09,1.06,26.67,5.61,26.33,25.63,11.19,116.58,175.32,1.14,25.53,4.86
T10,10.032,25.31,25.2,10.77,113.4,149.67,0.93,25.81,5.0,27.11,25.17,10.16,105.93,164.93,1.03,23.6,4.97
T10,10.074,29.75,25.23,9.88,100.7,150.45,0.99,25.13,5.2,28.16,24.81,11.42,104.45,152.77,1.05,24.75,4.81
T8,10.141,24.02,26.92,10.09,114.72,161.8,1.11,25.79,4.84,24.32,25.48,10.62,110.68,172.15,1.02,26.96,5.28
T3,10.171,26.29,27.59,10.81,96.27,150.2,1.11,27.71,5.7,25.3,26.01,10.36,104.11,159.81,1.11,29.22,5.18
T3,10.186,24.1,28.05,10.69,113.56,149.33,1.11,26.95,5.01,25.46,27.73,10.45,103.35,150.44,1.08,25.52,5.54
T3,10.191,24.82,24.06,10.49,100.42,162.08,1.03,28.64,5.61,25.95,26.29,10.58,107.41,144.92,1.03,28.16,5.17
T3,10.232,28.16,25.72,9.97,103.26,145.78,1.14,29.84,5.27,27.7,26.3,9.96,111.2,156.78,1.08,26.73,5.75
T10,10.269,25.93,23.66,11.54,99.65,146.8,1.03,25.2,4.78,27.84,24.59,10.15,98.41,159.57,0.93,26.72,4.88
T3,10.358,27.56,24.17,11.06,100.46,143.8,1.04,28.64,5.68,27.65,27.57,11.15,99.05,155.51,1.09,25.53,5.63
T2,10.39,28.0,25.1,10.28,110.96,171.63,1.02,25.79,4.98,26.1,26.33,9.58,105.42,156.04,1.12,24.94,5.09
T2,10.444,24.82,25.59,10.44,112.68,163.58,0.96,25.91,5.15,25.38,27.04,11.18,105.7,165.69,1.1,27.22,4.61
T3,10.46,25.67,24.69,10.43,99.54,161.8,1.06,28.19,4.93,27.0,28.41,9.97,110.62,144.97,1.08,29.14,5.78
T8,10.464,23.54,25.65,9.9,104.68,158.67,1.16,24.73,5.42,26.39,28.28,10.77,105.5,155.73,1.17,26.06,5.2
T3,10.487,26.67,26.46,10.02,97.37,146.0,1.08,25.89,4.96,23.98,26.79,10.15,109.26,140.7,0.97,26.9,5.42
T3,10.504,27.85,25.1,11.33,103.83,141.35,1.1,27.98,4.98,25.56,25.09,10.05,111.1,152.82,1.04,26.9,5.44
T2,10.504,25.75,25.04,9.76,108.34,157.12,1.02,24.75,4.64,28.81,28.97,10.94,100.74,159.84,1.02,27.05,5.06
T2,10.507,26.45,25.43,11.27,114.01,156.49,1.09,26.02,5.22,24.66,27.34,10.89,108.97,166.86,1.04,26.53,5.16
T8,10.531,24.99,27.7,10.5,116.34,157.12,1.11,25.68,5.7,26.06,25.2,9.57,102.42,166.11,0.99,26.2,4.8
T3,10.561,23.85,27.2,11.0,97.22,161.09,0.98,25.58,5.13,28.17,25.43,11.37,112.26,150.49,1.0,27.7,5.64
T8,10.563,23.78,27.75,11.23,103.41,150.01,1.11,24.88,5.31,24.29,26.68,10.77,108.43,169.12,1.04,25.25,5.16
T2,10.57,27.85,28.78,11.25,101.99,162.33,1.09,28.46,5.41,26.92,26.31,10.4,115.66,148.78,1.03,26.01,5.2
T8,10.778,23.79,25.45,10.7,102.79,163.05,1.09,28.0,4.85,26.44,28.46,10.1,107.77,166.73,1.14,25.33,5.2
T8,10.803,24.86,25.38,10.48,101.4,173.56,1.04,28.0,5.66,23.19,29.2,9.82,98.19,170.62,1.04,26.79,5.12
T8,10.833,23.26,27.32,9.83,115.42,166.45,1.06,25.24,5.14,25.91,28.24,10.7,98.27,156.32,1.09,25.64,5.22
T2,10.877,25.03,25.45,11.1,109.27,162.73,1.12,27.86,5.36,27.17,25.1,10.43,107.31,145.75,1.0,25.41,4.67
T2,10.883,25.16,28.12,11.15,109.95,155.32,1.08,27.95,4.73,27.11,28.51,10.98,103.52,163.47,1.08,28.32,4.96
T2,10.895,26.76,26.02,10.2,101.18,147.76,1.06,28.47,4.75,27.58,29.29,10.99,98.44,156.58,1.09,24.59,4.69
T8,10.896,23.52,27.75,9.77,110.92,150.8,1.04,26.51,5.13,27.01,28.25,9.76,111.87,148.17,1.12,25.94,5.24
T8,11.222,25.72,29.66,10.12,115.06,161.29,1.03,24.32,4.82,25.34,27.85,11.0,113.34,159.01,1.14,26.16,5.64
T8,11.293,25.18,25.48,10.96,110.24,166.18,1.03,25.49,5.5,23.64,25.46,10.35,113.68,162.43,1.05,26.72,5.14
