task_type,arrival_time,est_m1,est_m2,est_m3,est_m4,est_m5,est_m6,est_m7,est_m8,ext_m1-1,ext_m2-1,ext_m3-1,ext_m4-1,ext_m5-1,ext_m6-1,ext_m7-1,ext_m8-1
T7,0.01,0.95,28.5,27.2,10.55,150.29,24.97,152.27,29.31,1.02,24.93,28.77,10.0,143.18,28.79,144.72,25.07
T8,0.012,1.04,24.69,25.58,10.58,161.67,26.92,167.61,24.49,0.98,24.33,26.98,9.9,176.69,26.82,154.91,26.83
T2,0.022,0.94,24.25,26.95,9.73,155.54,25.19,173.04,24.42,1.08,26.48,26.4,10.75,145.26,28.79,154.88,27.85
T1,0.044,1.13,25.68,27.68,10.57,163.49,26.29,169.07,26.34,1.14,26.75,25.8,11.12,151.4,27.22,164.21,24.71
T2,0.062,1.1,26.81,28.52,10.57,156.28,28.88,160.08,27.98,1.07,27.4,28.96,10.08,142.17,28.88,172.2,25.37
T5,0.074,0.98,27.57,24.46,9.99,151.46,26.95,160.05,28.77,1.14,26.02,24.6,10.56,165.13,25.41,162.98,28.37
T1,0.086,1.0,24.33,26.16,11.34,158.85,23.76,158.86,24.12,1.17,25.14,26.03,10.29,158.66,26.73,156.35,26.38
T5,0.086,1.1,26.22,24.58,10.35,178.23,25.62,176.84,25.45,1.03,23.4,24.15,10.07,173.63,24.59,156.01,26.97
T3,0.095,1.01,24.67,26.04,10.29,154.8,25.7,157.44,23.7,1.06,24.63,24.0,11.07,167.46,24.74,150.89,26.92
T2,0.098,1.01,27.09,27.63,9.88,153.01,26.39,153.8,26.2,0.99,23.45,25.83,10.09,146.48,25.74,163.64,26.11
T2,0.107,1.03,27.49,24.98,11.02,152.68,25.77,148.83,25.6,0.98,23.5,28.97,10.13,152.08,28.25,172.36,24.21
T3,0.113,0.99,26.94,25.75,11.78,164.95,25.25,164.4,23.27,1.14,27.85,24.86,11.7,159.26,25.17,162.61,24.82
T10,0.117,1.09,27.32,23.18,10.76,159.05,26.19,150.53,26.01,1.11,24.75,26.53,10.54,172.3,29.15,152.25,28.24
T7,0.123,1.07,28.59,27.95,11.49,161.99,26.19,168.02,28.2,0.95,24.74,25.83,10.37,157.14,26.76,159.62,26.78
T8,0.13,1.08,27.38,28.94,11.3,173.51,25.08,174.3,23.25,1.12,28.25,26.02,11.67,171.03,26.62,150.6,24.48
T2,0.148,0.96,24.19,25.24,11.16,140.23,28.98,167.3,25.5,0.97,27.71,28.85,10.18,147.41,28.39,172.92,24.19
T6,0.152,1.06,24.04,25.84,10.86,149.59,26.65,150.57,24.48,1.0,28.09,26.12,9.74,148.65,24.12,149.62,26.15
T10,0.161,1.06,24.44,24.32,10.02,166.37,25.0,166.25,29.51,1.04,27.63,24.21,9.3,172.26,24.82,163.33,28.13
T5,0.171,1.07,27.57,24.2,11.03,150.27,25.29,162.11,27.47,1.1,23.76,25.75,10.64,150.66,23.31,158.47,24.67
T3,0.171,1.13,24.02,26.18,10.35,162.97,26.46,163.6,24.49,1.11,27.84,25.28,11.7,170.61,25.71,159.63,23.64
T5,0.223,1.09,27.62,25.85,10.48,158.2,23.5,157.05,25.14,1.15,26.68,23.67,10.13,158.26,23.8,176.55,25.18
T7,0.228,1.02,27.98,28.4,10.96,154.86,27.08,156.75,29.5,0.95,26.95,25.47,11.75,156.28,24.5,165.27,27.09
T6,0.24,1.03,27.03,27.61,11.26,145.99,26.7,165.95,23.8,1.06,25.83,27.0,11.33,165.06,27.92,170.82,23.97
T5,0.243,1.07,26.0,25.52,10.64,177.59,25.46,173.54,25.45,1.02,23.43,26.64,10.7,159.5,26.0,159.35,26.12
T4,0.249,1.02,26.77,24.46,10.8,149.32,27.34,156.36,25.01,1.07,25.37,25.15,9.35,156.93,27.97,164.77,27.89
T5,0.26,1.08,26.76,24.23,11.24,150.44,25.16,169.45,26.65,1.11,27.24,27.5,10.96,170.91,26.0,166.87,27.69
T2,0.277,0.97,24.68,28.77,10.21,141.52,25.72,155.66,27.93,1.08,24.53,29.33,10.36,159.08,26.86,161.98,28.42
T7,0.281,1.06,24.84,28.67,10.96,157.57,28.27,155.05,27.9,0.97,26.36,27.72,11.22,156.47,25.14,146.83,27.72
T6,0.295,1.06,26.65,28.99,11.25,155.53,24.64,150.65,27.42,1.1,27.64,24.86,11.06,141.05,25.21,166.46,26.43
T5,0.299,1.16,24.63,26.69,9.89,170.16,24.32,163.8,27.56,1.11,23.83,26.61,9.99,176.53,25.32,174.49,27.67
T3,0.317,1.07,25.14,27.13,11.14,146.45,27.72,171.29,27.22,1.14,26.84,26.77,10.78,163.33,25.13,155.65,27.17
T4,0.323,1.08,25.05,27.15,9.9,148.53,26.83,164.41,25.52,1.01,26.42,25.42,10.32,148.61,26.64,147.04,27.34
T4,0.328,1.12,25.25,27.52,10.72,166.28,23.93,171.78,24.64,1.14,24.58,24.84,10.74,175.25,27.51,163.19,24.94
T6,0.333,0.99,26.16,28.56,9.72,161.48,26.92,153.96,23.49,1.12,24.26,28.41,11.09,145.5,28.15,161.58,23.72
T8,0.339,0.97,24.85,29.13,10.51,174.67,26.69,152.45,23.93,1.01,24.93,28.46,10.98,165.87,24.87,157.96,25.72
T5,0.339,1.14,25.17,23.83,11.0,165.2,23.5,166.22,29.09,1.15,26.19,27.95,9.98,170.2,24.06,150.0,28.34
T3,0.352,1.02,24.08,24.62,11.35,148.83,25.92,155.45,26.03,1.16,26.15,24.38,10.4,167.61,27.16,163.07,26.89
T9,0.355,1.08,27.76,25.67,10.65,161.35,26.99,157.7,27.84,1.01,29.31,24.16,9.8,148.92,25.77,145.93,27.68
T1,0.356,1.15,26.96,26.23,10.68,140.62,27.27,147.3,24.99,1.09,27.12,28.12,10.48,163.38,27.58,149.6,27.3
T3,0.368,1.16,25.42,24.85,11.37,164.16,26.51,162.38,23.4,1.11,23.95,25.35,10.49,146.64,26.64,148.52,25.94
T3,0.371,1.12,25.6,25.51,11.71,165.62,25.28,171.24,24.95,1.03,24.98,26.87,11.75,148.13,27.35,154.83,24.17
T4,0.382,1.15,23.66,27.76,10.38,159.85,25.9,166.39,27.1,1.04,24.65,28.33,9.49,149.96,26.01,162.14,24.86
T2,0.383,1.1,25.35,27.01,9.99,150.31,25.45,166.61,26.46,1.09,25.5,28.59,10.47,146.72,28.23,174.65,28.24
T8,0.392,0.96,26.25,25.34,11.03,174.75,25.64,161.13,23.85,1.11,26.28,27.33,11.12,157.76,25.64,155.18,26.61
T9,0.405,1.07,26.86,28.46,10.42,149.37,27.49,157.12,28.03,1.09,26.05,26.7,10.21,144.15,26.99,159.35,26.53
T9,0.407,0.95,25.72,26.72,11.41,157.52,25.31,162.81,27.52,0.99,28.26,24.31,10.73,150.31,24.39,150.21,25.0
T7,0.423,1.08,25.4,27.71,10.15,142.07,25.45,150.03,27.14,1.09,26.89,25.22,11.39,164.16,28.62,161.03,27.69
T3,0.425,1.16,24.85,27.77,11.18,171.54,26.6,170.32,23.69,1.11,26.28,25.04,11.56,168.78,24.43,164.09,25.05
T3,0.452,1.14,27.08,26.58,11.52,155.6,24.93,161.45,27.32,1.04,24.94,25.63,11.46,163.44,26.74,158.73,25.14
T2,0.453,1.01,24.38,28.05,9.94,155.07,28.1,166.46,26.87,1.07,27.55,25.91,9.53,151.86,29.03,153.41,26.29
T10,0.46,1.01,24.64,23.97,10.87,166.5,26.37,154.43,29.38,1.11,24.04,23.09,10.06,147.79,27.36,156.26,24.96
T5,0.464,1.07,26.31,27.08,9.73,156.26,26.48,174.52,27.4,0.99,24.84,25.22,11.16,150.44,24.06,170.04,29.02
T7,0.47,0.95,25.22,26.62,10.15,148.28,28.22,144.81,26.7,0.99,25.58,27.66,11.07,145.93,28.01,148.48,28.5
T8,0.488,1.04,27.9,28.6,10.6,165.48,27.96,171.62,25.74,1.13,28.34,28.32,10.52,171.13,25.8,170.34,27.37
T3,0.494,1.08,26.19,25.47,11.2,148.06,25.02,144.96,26.92,1.0,24.56,26.82,10.11,172.75,24.45,145.93,27.36
T4,0.508,1.08,25.91,26.38,10.72,169.91,23.87,151.94,26.37,1.19,27.66,24.73,9.87,160.11,25.95,152.78,28.35
T6,0.509,0.98,26.31,28.41,10.72,162.04,24.46,165.19,23.7,1.0,25.76,26.66,10.74,143.41,25.27,149.44,23.81
T4,0.524,1.08,25.27,26.89,9.99,161.99,26.44,172.5,25.17,1.13,25.74,25.61,9.6,169.09,25.06,171.99,25.36
T4,0.53,1.09,27.59,24.31,9.87,153.94,25.54,163.93,28.96,1.19,27.63,26.79,9.78,161.1,27.75,162.99,28.94
T9,0.534,0.94,27.63,26.12,10.68,163.8,28.33,150.64,24.31,1.04,28.92,27.32,9.91,161.91,28.34,156.67,28.61
T10,0.563,1.1,27.68,27.39,10.31,149.84,25.86,177.69,26.41,1.05,24.45,24.06,10.88,169.72,27.57,159.18,29.31
T7,0.574,1.09,24.54,26.04,11.59,144.36,24.85,147.52,29.64,0.98,25.86,28.0,11.58,142.11,28.51,154.15,29.48
T8,0.578,1.0,24.61,25.41,11.03,174.88,24.88,175.57,25.69,1.03,26.03,25.58,10.29,153.22,24.98,164.3,23.52
T5,0.585,1.04,24.08,26.93,9.71,160.61,25.63,156.24,24.83,1.12,25.8,25.86,10.45,166.72,26.12,158.18,28.26
T1,0.601,1.16,24.29,27.58,11.04,156.86,25.91,150.33,25.62,1.12,23.39,26.01,11.76,159.87,26.94,166.28,26.68
T8,0.631,1.05,24.95,27.63,11.1,167.14,27.11,151.55,25.93,1.07,24.74,27.31,10.53,174.93,26.84,150.54,25.62
T5,0.631,1.15,25.87,25.68,9.78,155.55,26.53,165.64,26.84,1.08,24.69,25.1,11.35,165.88,26.81,172.23,25.3
T4,0.649,1.09,25.1,24.52,9.36,162.95,24.92,161.32,29.06,1.05,23.77,28.4,10.81,167.84,25.06,164.42,28.46
T8,0.701,1.03,28.27,27.93,10.42,175.38,26.77,170.53,26.14,1.13,25.0,25.05,9.99,179.02,27.96,174.96,24.71
T9,0.701,1.1,29.39,27.97,9.8,143.97,26.03,146.76,25.34,1.11,25.23,25.62,11.14,147.55,25.37,141.76,28.47
T6,0.743,1.0,25.22,26.2,10.46,146.77,26.78,160.95,25.88,0.96,27.71,27.42,9.8,147.23,25.75,159.63,27.3
T6,0.746,0.99,27.83,27.86,9.94,146.47,25.15,148.52,23.99,1.13,25.3,26.16,10.29,161.68,26.6,167.76,25.7
T2,0.747,0.94,27.63,28.61,10.43,161.84,28.58,175.34,27.03,1.02,25.18,25.11,11.08,147.56,27.77,167.89,24.65
T1,0.783,1.13,25.89,25.85,11.53,141.78,27.2,145.85,28.01,1.04,27.65,27.88,10.67,141.21,24.3,172.85,27.9
T1,0.789,1.16,24.65,25.9,10.82,157.44,25.43,150.52,24.65,1.05,25.02,27.44,11.29,156.06,27.33,172.62,25.99
T5,0.814,1.07,23.68,27.79,10.91,172.49,23.16,149.93,28.36,1.01,23.26,26.93,10.48,167.93,23.81,165.08,29.27
T1,0.818,1.0,26.14,23.87,11.69,164.1,26.0,166.24,27.61,1.1,23.67,26.69,10.9,156.18,25.25,171.19,24.59
T8,0.835,1.03,27.97,25.91,11.59,178.49,24.52,173.18,24.86,1.08,28.59,29.33,11.48,155.09,27.7,174.25,25.72
T2,0.846,1.09,23.36,29.18,9.51,155.68,25.57,163.47,26.42,0.94,26.1,27.25,10.64,153.59,27.37,170.38,28.01
T4,0.858,1.09,24.36,24.76,10.02,165.2,28.0,165.64,25.67,1.14,25.46,26.04,10.12,169.5,23.95,160.55,25.69
T8,0.866,0.99,28.55,25.33,10.82,156.34,26.39,172.53,26.15,1.08,27.19,27.26,11.37,154.23,25.5,169.24,23.85
T4,0.877,1.16,27.55,24.76,9.46,150.46,27.72,151.48,27.63,1.17,25.55,26.8,10.9,153.18,25.08,161.7,25.88
T4,0.879,1.01,25.0,27.53,10.88,151.13,24.25,159.31,26.0,1.19,25.76,24.4,10.16,163.67,26.26,165.65,25.04
T9,0.886,0.97,25.71,25.91,10.23,151.63,27.57,153.28,26.34,1.0,25.59,28.6,10.78,155.83,28.19,144.19,27.91
T1,0.889,1.09,27.37,26.09,10.59,153.69,25.78,166.89,27.57,1.01,25.77,24.7,11.33,162.17,26.43,171.61,27.68
T1,0.898,1.05,24.36,24.44,11.42,152.04,24.25,170.53,26.09,1.08,23.77,25.26,11.72,151.31,27.12,149.94,24.58
T9,0.924,0.95,28.1,28.28,9.85,154.47,24.8,150.86,25.73,1.02,27.22,28.72,10.65,147.38,25.52,149.39,28.76
T9,0.95,1.09,25.87,24.66,10.36,158.13,25.09,161.44,26.95,1.06,27.04,26.31,10.56,166.0,24.05,153.81,28.11
T10,0.953,1.13,27.12,24.97,10.93,167.76,27.32,170.51,27.7,1.03,23.82,25.73,10.68,149.4,25.55,167.49,25.39
T9,0.96,1.06,29.36,28.12,11.03,165.43,24.42,146.08,24.64,1.03,28.19,27.76,11.37,157.04,28.07,156.07,24.32
T3,0.961,1.04,25.33,25.69,11.55,167.3,25.92,165.81,25.2,1.16,24.68,27.19,11.48,169.26,27.14,151.5,25.32
T4,0.969,1.18,27.09,24.09,10.51,164.81,25.08,148.15,26.99,1.02,25.36,26.09,10.74,167.09,24.91,164.9,25.96
T10,0.974,1.0,24.11,25.35,9.43,164.11,26.23,175.82,26.8,1.15,24.37,25.5,10.29,147.82,26.74,177.52,25.08
T3,0.989,1.12,25.9,25.63,10.89,169.85,28.24,145.31,25.25,1.04,26.25,27.13,11.13,165.11,24.49,163.87,26.13
T6,0.993,1.11,26.75,28.28,11.27,163.5,24.93,170.65,25.96,0.99,26.51,27.12,11.28,157.86,25.45,169.07,24.07
T3,0.997,1.06,25.6,27.14,11.21,155.41,25.32,151.0,24.26,1.04,24.33,27.25,10.83,152.53,27.72,170.74,26.03
T6,0.999,0.98,26.56,27.14,10.91,150.31,27.43,163.79,25.83,1.02,25.53,26.07,11.32,161.68,27.61,169.26,23.89
T9,1.012,1.04,26.3,27.53,11.0,157.12,28.25,161.82,27.36,1.09,27.9,24.95,11.6,149.82,24.05,145.71,25.97
T6,1.019,0.97,26.02,28.89,10.36,140.79,24.35,168.56,23.7,1.09,24.15,26.05,10.57,142.68,27.45,171.08,24.36
T6,1.027,1.06,27.3,26.22,9.74,145.01,27.71,165.49,26.76,1.0,25.79,25.27,10.61,147.15,25.04,169.85,24.22
T1,1.052,1.16,26.98,26.56,10.74,157.52,27.24,160.89,28.54,1.06,26.82,26.16,11.91,140.17,24.85,152.71,26.48
T10,1.056,1.17,26.53,23.94,9.5,153.64,24.87,171.52,26.42,1.07,27.1,25.61,9.21,174.17,27.61,158.87,26.66
T8,1.059,1.01,26.46,28.71,10.1,157.14,27.37,161.12,25.21,0.97,25.79,26.32,10.69,175.18,26.92,154.17,26.47
T6,1.088,0.98,26.36,28.06,9.8,156.8,24.2,149.13,23.85,0.98,26.84,26.95,9.72,162.59,27.99,165.19,24.53
T1,1.103,1.06,26.2,26.55,10.91,152.79,23.9,172.69,24.94,1.07,23.86,27.64,11.58,162.64,26.23,156.5,25.74
T3,1.108,1.07,28.07,26.35,11.63,163.84,26.09,156.34,23.83,1.09,25.12,26.89,11.77,164.15,24.85,154.02,25.86
T10,1.112,1.1,24.91,27.28,9.78,158.12,25.68,168.43,26.0,1.17,24.19,26.8,9.4,170.54,26.54,158.45,26.68
T5,1.116,1.15,23.26,24.25,10.89,175.92,24.94,175.53,24.67,1.06,26.23,25.9,11.16,173.87,25.78,171.66,27.94
T4,1.128,1.12,24.86,28.38,10.71,160.97,24.44,152.14,27.09,1.17,26.76,26.92,10.57,165.69,26.71,154.61,27.34
T7,1.143,1.01,26.96,26.45,10.72,152.77,24.62,170.54,28.44,1.01,24.6,26.83,11.36,157.35,26.16,158.06,28.2
T5,1.143,1.16,24.52,24.15,10.44,151.69,26.29,161.68,28.32,1.14,24.6,25.95,10.33,170.0,22.98,169.42,26.03
T8,1.151,1.0,27.71,28.78,10.97,178.81,27.88,161.26,25.48,1.0,27.01,25.69,10.2,153.3,24.07,154.36,27.54
T9,1.151,0.97,24.81,28.19,10.33,142.7,28.11,155.6,26.36,1.02,25.38,27.8,10.8,141.19,26.92,152.42,24.41
T4,1.152,1.02,27.17,24.04,10.71,149.98,26.71,159.39,27.19,1.03,24.71,27.2,10.19,173.11,23.76,159.62,27.11
T1,1.161,1.02,23.87,24.67,11.0,162.83,25.92,149.03,27.03,1.16,27.36,25.6,10.29,142.37,27.39,163.55,27.07
T10,1.185,1.04,26.16,24.12,10.87,164.11,29.35,152.22,27.48,0.99,25.94,25.75,10.54,149.73,24.85,163.55,29.22
T3,1.205,1.09,26.46,27.44,9.99,168.06,25.79,159.57,23.56,1.0,27.85,27.92,10.25,156.38,24.53,166.49,23.99
T9,1.208,1.1,29.02,24.27,11.17,151.94,24.85,163.66,26.23,1.04,28.75,28.52,9.88,160.35,24.35,148.35,26.38
T6,1.212,1.09,24.96,27.64,10.43,165.87,26.82,164.3,25.8,1.03,25.14,25.04,10.85,163.51,27.41,168.36,23.62
T4,1.217,1.06,24.46,24.26,10.41,157.15,24.33,151.94,28.62,1.02,26.09,25.08,9.6,151.69,27.33,150.98,25.88
T3,1.237,1.13,24.84,27.53,10.53,157.7,26.15,159.66,23.87,0.98,24.01,26.4,11.17,169.6,25.41,163.53,25.94
T4,1.261,1.17,23.56,27.71,9.7,155.68,25.21,164.22,28.01,1.06,27.45,25.6,9.95,148.72,27.17,160.7,28.02
T10,1.269,1.02,26.84,23.52,10.63,158.98,27.82,171.19,27.86,1.11,23.81,26.3,10.76,154.87,25.2,172.51,26.41
T9,1.277,1.0,29.01,28.64,11.18,149.53,26.96,146.6,24.52,0.99,28.63,28.45,11.3,157.04,26.19,161.91,28.0
T6,1.278,1.0,27.02,27.69,10.08,165.83,25.88,171.38,25.25,1.0,26.9,27.62,10.6,166.46,24.19,148.96,26.08
T6,1.28,1.12,25.17,29.06,11.32,158.2,24.01,150.53,23.65,1.06,24.12,29.21,10.09,166.58,25.07,157.52,24.38
T6,1.287,0.98,28.19,28.04,11.06,144.24,27.46,162.5,27.69,1.03,26.37,28.42,10.08,156.1,27.98,167.16,25.98
T3,1.3,1.04,25.08,26.53,11.29,147.14,27.04,165.8,25.64,1.0,24.84,24.26,10.72,159.89,24.97,153.53,25.54
T1,1.307,1.14,27.42,26.49,11.05,150.74,24.42,164.2,27.25,1.03,26.79,24.45,10.25,157.15,27.49,153.8,25.92
T3,1.312,0.99,27.99,25.8,10.96,149.54,28.23,158.14,24.98,1.02,27.59,27.7,10.33,167.99,25.37,170.56,24.13
T3,1.32,1.01,25.67,23.87,11.2,155.0,25.61,151.43,27.65,1.08,25.12,25.28,11.87,154.68,24.99,156.36,27.47
T2,1.333,0.98,25.21,28.18,9.72,140.29,29.29,148.45,25.64,0.98,27.53,24.86,10.05,150.63,29.2,150.87,24.71
T2,1.34,1.07,25.16,25.46,9.87,147.18,27.62,158.82,25.55,1.06,26.06,25.76,11.1,151.04,25.07,155.62,25.93
T6,1.343,1.04,27.79,25.5,10.08,160.09,27.19,162.93,24.65,1.12,27.74,28.41,9.88,155.12,28.43,157.99,24.39
T5,1.349,1.14,25.52,26.62,10.5,153.0,25.34,164.9,27.28,1.08,24.72,26.16,10.2,163.46,25.16,164.36,24.88
T4,1.36,1.12,25.23,26.6,10.86,158.7,27.37,146.27,28.99,1.19,26.88,24.21,9.82,162.17,24.58,151.48,27.1
T6,1.367,1.12,25.7,26.25,11.0,149.52,24.36,169.78,24.1,1.1,25.34,29.3,11.16,157.19,25.18,158.1,26.06
T2,1.382,1.02,24.5,28.62,11.05,158.08,28.44,148.58,27.28,1.02,24.7,28.79,11.05,159.46,27.18,168.62,25.22
T1,1.391,1.04,23.69,28.07,11.48,141.78,23.93,169.54,26.94,1.06,23.42,25.32,11.32,160.75,27.72,150.64,26.64
T5,1.415,1.14,23.87,23.88,10.06,165.87,23.31,150.74,28.12,1.09,24.72,27.19,9.74,168.5,26.81,162.47,27.7
T2,1.419,1.04,23.8,29.48,10.92,152.44,26.17,161.55,27.55,1.08,23.44,27.26,10.9,141.26,26.68,155.18,27.12
T1,1.419,1.15,24.95,24.86,10.97,144.93,27.12,164.66,24.72,1.02,25.78,26.67,10.06,151.4,28.11,168.13,27.51
T4,1.427,1.09,27.34,24.51,9.4,164.31,25.59,149.64,28.38,1.06,26.04,26.61,11.0,164.94,25.97,157.0,28.27
T10,1.458,1.09,23.78,23.76,9.92,154.87,27.59,175.54,25.75,1.13,25.97,23.11,10.03,167.51,27.29,171.94,27.22
T9,1.478,1.09,29.06,26.87,11.41,140.22,25.12,164.58,25.64,1.0,27.37,26.18,10.72,160.21,24.8,163.34,26.26
T1,1.498,1.07,25.54,25.31,11.36,146.04,24.99,157.61,27.83,1.08,23.49,26.3,10.95,142.27,27.54,165.38,27.02
T1,1.514,1.07,27.45,25.27,11.07,152.8,27.54,170.8,24.12,1.15,26.43,25.44,10.69,165.67,26.27,169.35,28.52
T10,1.517,1.16,25.79,26.9,9.65,166.68,25.16,156.73,29.18,1.12,25.75,25.21,9.53,167.89,25.48,156.73,24.96
T7,1.531,0.97,25.4,28.74,11.59,141.18,26.05,149.56,29.21,0.95,26.48,27.78,11.08,166.07,27.54,148.52,25.87
T6,1.533,1.01,27.92,29.3,10.85,157.0,27.45,146.76,27.3,1.09,25.6,27.7,9.75,146.87,28.14,164.1,25.11
T4,1.538,1.09,27.85,26.6,10.73,159.26,27.67,157.21,27.65,1.15,27.85,25.35,9.45,151.21,27.74,150.72,28.59
T2,1.543,1.0,23.87,25.26,10.77,143.7,28.51,169.15,24.52,1.09,25.5,27.62,9.72,141.25,27.12,165.47,24.56
T6,1.549,0.97,25.25,28.28,10.41,158.76,25.68,167.83,26.9,1.05,25.44,26.33,11.25,145.03,27.13,147.65,26.38
T3,1.551,1.05,25.42,26.41,10.2,167.13,24.34,152.42,24.26,1.11,25.28,25.0,10.71,156.58,23.94,148.98,24.89
T4,1.571,1.19,24.32,25.3,9.7,172.77,27.37,169.31,28.14,1.07,26.77,27.77,10.98,158.35,25.14,162.76,25.16
T1,1.573,1.09,27.21,26.79,10.83,149.41,28.12,156.62,27.94,1.17,25.82,24.03,11.89,141.51,25.62,151.99,28.59
T4,1.575,1.16,23.88,24.88,9.45,167.84,27.86,162.61,27.0,1.01,27.07,26.49,10.04,157.82,27.18,149.07,26.0
T7,1.576,0.98,25.5,26.81,11.64,147.68,26.12,168.16,28.62,1.09,24.85,24.85,11.29,144.04,24.92,148.4,27.14
T7,1.592,0.99,25.12,26.94,11.52,160.99,28.28,149.15,27.11,1.08,28.88,28.67,10.63,142.03,28.62,151.73,27.24
T10,1.602,1.0,23.96,27.36,10.28,149.73,29.2,165.45,25.72,1.14,23.76,24.76,10.65,171.37,25.91,177.84,25.84
T9,1.606,0.98,25.33,25.16,10.73,149.36,26.65,160.44,28.51,1.07,28.46,27.99,11.09,164.89,27.17,148.6,28.66
T1,1.636,1.06,25.27,24.17,11.85,154.51,26.59,158.86,27.0,1.07,23.89,26.65,10.97,163.44,25.43,169.09,26.42
T10,1.64,1.15,25.82,27.12,9.54,170.26,26.26,177.09,28.31,1.13,25.16,26.69,10.06,173.49,27.36,172.75,27.13
T6,1.688,0.98,27.64,27.09,11.37,158.34,25.47,163.43,26.37,0.97,24.02,29.11,10.28,162.7,26.99,153.79,27.48
T7,1.691,0.95,27.22,26.44,10.95,152.26,26.5,155.11,28.57,1.05,26.31,28.05,9.9,165.14,26.24,160.09,28.65
T3,1.709,1.04,26.89,26.75,10.58,160.44,27.38,147.82,24.42,1.1,26.58,26.55,11.79,172.74,27.01,156.65,24.02
T6,1.72,1.09,24.71,27.06,9.88,156.72,27.92,154.22,25.78,1.11,28.17,28.22,9.63,158.2,26.63,163.75,25.28
T7,1.734,1.0,28.36,26.88,10.99,163.47,26.03,160.42,28.55,1.09,25.15,29.14,10.65,163.69,27.27,152.01,28.63
T5,1.745,1.06,27.62,26.15,10.25,154.58,26.98,160.45,24.88,1.1,24.88,24.46,11.02,172.23,24.23,149.85,27.06
T1,1.762,1.0,25.56,27.75,10.39,145.23,23.67,151.06,26.67,1.14,27.44,27.44,10.21,153.21,27.99,166.54,26.12
T9,1.763,1.07,28.5,28.14,10.02,141.75,27.21,147.45,24.35,1.11,26.52,26.04,10.1,163.94,27.07,156.39,26.58
T9,1.774,1.01,27.14,24.99,10.59,158.42,24.63,154.93,28.34,1.1,26.3,28.7,10.72,146.01,26.08,152.02,26.53
T4,1.792,1.02,24.59,26.86,10.35,148.22,27.6,167.02,28.62,1.06,26.03,27.33,9.84,171.46,25.06,158.77,25.73
T2,1.792,1.0,26.61,27.4,11.07,150.49,24.67,169.28,24.27,0.94,26.27,28.23,10.43,141.38,25.81,152.96,25.49
T5,1.799,1.13,27.56,27.65,10.52,159.78,26.33,171.02,25.62,1.03,23.35,27.78,10.65,168.85,23.4,160.45,25.35
T2,1.801,1.06,24.33,26.62,11.21,145.8,28.98,168.23,27.48,1.02,24.49,25.77,10.76,152.79,28.06,151.03,24.72
T4,1.802,1.14,26.87,27.37,10.5,153.76,26.84,161.82,28.46,1.12,24.46,24.89,10.23,149.82,26.15,149.91,28.03
T2,1.807,0.99,24.97,27.51,10.92,161.71,27.24,164.7,28.47,0.99,23.67,29.28,9.75,146.33,28.39,172.19,26.36
T5,1.833,1.08,25.39,27.88,10.94,169.51,27.15,167.07,25.5,1.04,25.2,26.18,9.67,172.57,25.75,159.92,24.97
T7,1.834,1.03,27.61,25.82,10.13,149.68,28.52,149.32,25.59,0.95,28.83,28.48,10.79,154.48,28.63,158.03,29.35
T8,1.841,0.96,25.88,27.33,11.06,169.77,24.5,149.13,26.41,0.98,27.35,26.25,11.3,173.68,25.68,174.28,27.27
T8,1.856,1.01,28.61,28.68,10.6,157.62,26.83,149.14,26.84,0.96,26.45,29.06,10.19,158.38,28.38,160.4,26.44
T9,1.861,0.96,26.02,27.16,10.44,163.61,24.55,150.87,26.97,1.09,27.94,24.45,10.46,151.46,27.78,161.78,25.33
T5,1.874,1.15,23.88,26.13,9.7,160.1,27.0,154.8,27.98,1.09,24.64,27.55,9.94,155.53,23.94,173.6,26.44
T8,1.883,0.95,27.82,29.4,10.51,176.36,25.21,168.22,25.61,1.09,24.95,26.02,11.13,178.55,28.15,156.32,25.21
T10,1.886,1.12,26.35,23.14,9.57,156.44,27.2,172.02,26.76,1.06,24.07,23.57,9.88,150.0,24.86,168.83,29.44
T3,1.893,1.1,25.0,25.0,10.33,162.81,26.96,157.78,25.12,0.99,25.5,25.14,11.81,149.73,27.77,171.24,24.15
T2,1.894,0.94,23.7,25.54,9.46,151.04,26.95,148.55,25.24,0.95,24.6,29.22,10.25,153.45,24.97,156.36,28.37
T4,1.941,1.01,27.22,24.83,9.56,171.67,27.29,154.04,26.65,1.01,26.02,24.52,9.7,151.75,27.61,159.4,27.98
T9,1.956,1.09,27.03,27.56,11.25,149.78,27.38,156.05,26.2,1.11,26.0,27.26,11.02,163.77,26.3,160.61,28.02
T10,1.961,1.09,26.14,26.62,9.99,147.21,27.01,152.22,26.87,1.04,24.04,26.55,9.81,156.14,26.05,152.28,27.71
T9,1.965,1.05,29.37,27.33,11.37,149.15,27.09,146.94,27.54,1.03,29.38,27.94,10.25,153.14,28.46,149.44,27.79
T5,1.973,1.0,24.42,24.25,10.83,165.89,24.15,149.41,27.66,1.07,25.76,27.88,11.0,171.16,26.81,175.71,27.3
T5,1.98,0.98,26.54,26.8,11.18,156.82,24.88,158.95,27.78,1.08,24.18,27.26,10.02,155.91,23.6,160.58,25.77
T5,1.981,1.02,24.18,24.0,11.3,177.64,24.11,173.67,25.93,1.07,25.27,27.29,10.55,165.56,26.5,170.9,25.98
T10,1.991,1.07,27.85,27.12,9.66,150.62,28.97,152.93,28.85,1.02,25.34,24.39,9.64,154.5,26.34,164.09,29.56
T2,2.005,1.11,23.95,26.43,9.61,148.94,28.81,168.99,25.42,0.96,25.92,29.26,11.16,150.49,25.07,152.93,27.62
T2,2.006,0.94,25.53,29.03,9.97,147.91,27.69,159.95,26.9,1.01,25.64,26.85,9.94,146.07,25.96,158.29,24.22
T7,2.017,0.95,27.05,26.21,10.02,155.2,25.62,153.58,26.02,1.0,28.69,27.81,11.53,149.53,24.81,148.12,26.45
T6,2.018,1.1,25.48,26.8,11.05,151.11,26.07,158.1,24.57,1.04,24.06,26.98,10.46,147.81,24.3,169.73,27.0
T5,2.035,1.02,23.38,24.77,9.68,150.19,25.14,157.92,28.13,1.09,27.35,27.89,11.1,177.56,27.12,167.35,28.38
T7,2.037,1.01,28.04,26.49,10.31,158.01,26.65,153.01,25.82,0.99,26.53,26.91,11.14,157.0,25.28,159.62,25.61
T2,2.061,1.02,26.72,28.18,10.58,138.23,26.38,150.31,24.49,0.95,23.44,29.12,10.85,156.5,28.69,166.34,26.16
T3,2.062,1.01,26.89,27.36,11.53,166.88,28.12,163.46,27.15,1.07,27.18,26.5,11.67,167.89,27.02,162.99,26.35
T1,2.071,1.01,27.24,28.01,10.99,156.28,26.27,148.14,26.37,1.1,24.34,25.81,11.03,155.82,26.96,154.96,25.96
T4,2.085,1.01,25.4,26.18,9.39,152.28,25.07,162.53,28.13,1.02,24.12,26.61,9.61,171.38,27.61,160.55,25.25
T10,2.093,1.13,24.71,26.93,10.16,171.2,27.9,154.27,24.92,0.99,24.43,24.06,9.4,164.61,28.68,161.53,28.1
T7,2.103,1.07,26.76,26.52,10.41,141.3,24.58,147.64,25.14,1.01,24.97,28.7,11.75,163.97,27.38,149.48,26.54
T2,2.111,0.94,25.06,25.76,9.48,137.86,28.61,172.32,27.92,0.95,23.79,26.86,9.45,146.02,25.98,154.23,25.49
T2,2.119,1.05,27.71,27.27,11.23,138.93,26.79,171.69,27.81,1.0,27.74,27.09,9.9,146.66,27.19,149.83,28.45
T9,2.135,1.0,26.2,27.55,10.63,161.01,25.77,151.53,24.97,0.95,26.44,26.04,10.46,145.9,27.13,163.06,26.04
T9,2.141,1.04,29.23,24.26,10.1,141.2,28.18,143.68,28.18,0.98,28.76,26.93,9.8,151.9,28.39,162.59,27.83
T7,2.145,0.93,25.32,26.66,11.62,143.65,26.05,152.54,27.57,1.06,26.74,25.51,10.45,163.56,26.51,160.17,27.09
T10,2.16,1.06,26.89,24.28,9.53,166.72,28.14,166.58,27.04,1.07,25.32,26.69,9.31,158.47,27.96,169.4,27.13
T4,2.168,1.07,26.88,24.45,9.51,164.8,25.69,153.16,26.87,1.01,25.08,28.22,10.02,161.72,25.02,171.13,24.67
T1,2.169,0.99,27.69,27.64,11.85,163.15,24.66,152.61,28.18,1.11,25.09,26.45,11.47,159.32,23.95,170.05,27.79
T10,2.17,1.01,25.37,25.76,9.42,147.44,24.92,173.94,26.7,1.14,23.66,23.08,10.53,150.39,27.82,157.48,28.06
T4,2.189,1.01,27.04,25.69,9.9,170.85,26.38,159.83,26.28,1.16,25.91,26.83,10.83,156.72,24.94,169.85,27.07
T4,2.195,1.06,25.32,26.8,9.84,165.82,26.0,158.03,28.07,1.14,24.49,24.82,9.86,168.46,23.71,145.51,25.61
T9,2.195,1.11,25.92,24.93,9.91,161.18,27.8,162.19,24.89,1.08,27.39,28.57,9.93,159.78,25.14,160.86,24.47
T1,2.223,1.15,26.87,28.12,11.23,157.49,27.37,157.56,27.41,1.14,26.14,27.95,10.88,158.19,23.82,151.88,25.23
T6,2.234,1.08,25.18,28.5,10.01,145.49,24.82,165.62,27.46,1.09,25.71,26.49,10.14,156.3,27.13,147.3,26.01
T8,2.246,1.05,24.9,28.59,10.97,178.49,25.33,169.65,26.41,1.04,26.61,29.45,11.6,159.25,26.93,172.62,26.19
T7,2.251,1.0,26.62,25.66,10.62,140.37,27.83,150.62,25.96,1.09,25.15,27.2,10.97,140.56,25.2,165.7,26.46
T2,2.266,1.06,27.3,28.56,9.66,147.39,26.17,154.6,27.82,0.98,26.93,26.47,11.09,149.87,27.33,174.7,24.75
T7,2.281,1.03,27.44,25.1,11.41,144.87,27.12,156.71,25.65,1.07,25.0,29.16,11.61,153.21,25.94,166.14,28.79
T2,2.287,1.01,23.48,24.88,10.22,161.78,28.07,169.61,24.4,1.06,25.79,27.34,10.28,144.56,25.72,171.17,26.26
T9,2.294,0.96,28.52,28.13,11.34,150.84,26.6,153.5,25.1,1.08,25.76,25.26,10.9,162.17,27.89,147.97,28.15
T4,2.3,1.09,24.08,25.34,10.67,168.37,24.78,153.7,27.5,1.1,25.07,27.64,10.14,174.54,24.87,166.0,26.12
T6,2.329,1.05,27.01,25.97,11.08,150.55,25.3,150.65,27.44,1.0,26.29,25.42,11.06,163.1,28.42,150.87,24.99
T2,2.35,0.97,26.7,25.78,9.66,139.44,28.87,173.83,26.08,1.04,24.07,25.48,11.19,138.86,27.05,154.43,24.57
T9,2.431,0.97,25.33,24.4,10.57,148.22,25.75,161.75,25.99,1.09,25.1,24.49,10.63,147.51,24.82,160.84,27.13
T10,2.439,1.08,25.14,25.87,9.88,170.73,27.96,174.5,26.18,1.09,23.82,24.91,9.56,150.79,28.65,162.89,29.38
T7,2.444,1.06,25.2,25.66,10.91,153.69,24.3,150.92,28.95,0.95,25.88,28.84,11.01,139.95,24.79,163.46,27.59
T1,2.447,1.02,25.96,28.12,10.19,140.78,24.81,153.97,26.77,1.13,25.38,26.85,10.3,142.53,23.8,149.86,27.24
T2,2.455,1.03,26.06,25.39,9.48,149.61,27.27,167.48,26.36,1.06,26.06,25.58,11.12,145.9,26.78,159.03,28.15
T2,2.456,0.99,24.59,27.21,10.39,158.01,25.97,159.21,25.85,1.05,25.36,26.64,10.21,146.25,28.58,173.15,28.21
T2,2.463,0.98,25.16,29.34,9.94,144.34,24.75,167.29,27.51,1.05,26.22,26.4,10.91,143.22,28.53,151.6,26.51
T6,2.48,1.06,25.79,24.7,9.99,150.28,28.05,164.76,27.57,1.01,24.71,25.8,9.8,161.83,27.07,167.19,25.07
T5,2.48,1.05,23.88,25.38,11.1,163.67,23.06,161.66,26.41,1.08,25.26,26.51,11.3,151.34,23.44,162.5,25.9
T6,2.484,1.0,26.99,24.97,9.78,157.27,27.98,150.01,27.17,1.01,24.48,27.55,10.4,160.35,28.1,159.42,27.33
T1,2.486,1.14,25.12,24.35,10.37,159.74,27.44,152.58,28.04,1.1,23.9,24.08,10.68,148.97,25.94,162.92,26.98
T8,2.513,1.12,27.14,25.19,10.83,176.79,24.37,175.17,25.33,0.95,26.74,27.38,10.4,150.95,26.37,157.28,27.25
T7,2.517,0.96,27.69,29.02,11.72,152.95,28.59,155.24,26.14,1.08,26.38,25.74,9.88,149.1,25.62,156.19,26.93
T3,2.532,1.03,26.82,26.46,11.78,165.96,26.68,157.89,26.8,1.15,26.68,25.68,11.83,165.99,26.06,159.63,25.55
T9,2.556,1.07,29.37,26.11,10.5,152.84,24.53,156.64,26.7,1.04,29.07,24.39,11.17,162.89,26.92,141.04,27.06
T9,2.585,1.03,25.6,28.22,10.54,156.6,27.89,152.35,24.59,1.06,26.14,25.83,11.34,148.43,24.84,151.87,26.45
T10,2.597,1.06,24.43,24.3,10.22,158.87,27.06,157.89,26.6,1.09,25.39,24.25,10.15,174.29,26.8,157.94,28.07
T8,2.599,0.95,25.67,27.02,10.8,165.64,24.68,168.14,23.71,1.05,25.48,27.09,10.71,162.72,26.41,170.98,26.1
T2,2.601,0.99,26.56,29.48,11.12,145.19,28.33,174.28,27.85,0.99,26.01,25.14,10.43,142.45,25.07,159.3,26.75
T5,2.604,1.07,25.98,25.83,10.14,162.92,26.63,165.34,25.46,1.02,23.35,23.62,11.16,151.62,24.57,177.1,24.9
T2,2.618,1.02,25.55,25.39,10.43,158.1,25.14,158.43,27.53,1.1,24.3,24.86,10.03,145.51,26.36,171.69,28.42
T3,2.618,1.12,25.38,27.49,11.83,167.9,23.91,155.61,25.78,1.12,26.95,26.68,10.11,172.02,25.08,145.31,25.39
T6,2.638,0.99,24.9,28.06,10.27,142.54,24.59,152.68,25.79,0.98,27.21,25.01,10.33,156.25,27.75,164.49,24.58
T8,2.643,1.01,28.45,29.37,11.06,151.62,28.35,152.62,25.21,1.01,25.16,27.52,11.67,165.27,25.82,150.32,26.04
T7,2.647,0.95,28.3,27.91,10.2,143.69,25.95,154.78,25.9,0.99,24.74,27.3,11.41,157.19,26.83,156.19,28.71
T7,2.651,1.0,27.68,27.04,10.53,154.27,25.67,147.75,29.47,1.02,24.8,27.6,11.45,142.11,24.89,162.04,25.09
T10,2.655,1.0,27.66,24.54,9.42,167.33,26.31,176.17,26.76,1.14,27.11,25.98,9.4,168.67,26.56,167.73,26.43
T4,2.658,1.05,27.91,25.4,9.34,154.8,26.53,170.04,24.98,1.04,24.1,27.6,10.73,149.56,24.68,162.76,25.67
T8,2.67,0.97,26.25,25.52,9.96,176.34,25.84,165.85,23.27,1.04,27.34,27.28,11.61,167.55,26.31,157.4,24.74
T5,2.671,1.0,24.58,24.53,10.83,162.52,23.58,170.43,25.75,1.02,24.44,27.76,9.69,153.11,25.83,156.07,29.01
T9,2.674,0.97,25.3,26.79,9.9,159.26,24.13,143.68,27.02,1.08,25.64,27.94,10.78,144.21,26.64,163.19,26.87
T2,2.694,1.01,27.5,29.44,10.34,143.97,27.93,148.23,26.52,1.05,25.5,28.78,9.51,157.16,26.71,157.15,28.15
T9,2.727,1.11,26.64,25.22,10.27,160.34,27.21,141.3,26.31,1.03,26.14,28.14,10.19,141.64,24.96,160.19,26.95
T10,2.768,1.04,25.85,26.73,10.51,158.55,28.72,167.92,25.16,1.02,23.96,25.49,10.17,167.0,28.25,169.41,25.08
T4,2.773,1.12,26.4,25.5,10.9,158.32,25.08,158.47,24.64,1.12,26.99,27.15,10.09,162.95,23.89,153.8,24.98
T5,2.774,1.04,25.36,25.18,10.6,153.16,24.29,156.7,25.22,1.03,26.09,25.03,11.26,166.74,23.19,151.34,25.8
T3,2.786,1.03,26.56,24.59,10.56,149.37,26.84,160.13,27.37,1.12,24.6,27.47,11.6,168.9,26.53,147.17,27.2
T5,2.807,1.07,25.38,26.15,9.88,174.64,24.7,172.46,26.15,1.12,24.32,27.95,9.83,150.28,27.06,162.75,27.68
T2,2.807,1.11,24.2,26.52,9.6,142.77,27.74,150.87,26.27,0.94,26.87,26.28,9.87,145.89,26.86,158.53,24.99
T7,2.81,0.95,25.76,28.66,10.57,154.61,28.79,161.4,29.53,0.93,25.65,26.3,9.92,148.58,26.65,161.3,25.58
T3,2.841,1.09,26.39,26.22,11.27,161.74,28.16,165.97,25.32,1.11,26.83,25.07,10.05,165.28,25.08,157.9,25.18
T3,2.844,1.12,24.44,25.12,10.83,154.74,26.47,156.65,23.41,1.05,23.74,25.73,11.06,164.24,26.6,165.03,24.23
T7,2.858,1.08,24.84,28.4,10.96,151.3,24.87,167.49,26.02,1.06,28.13,26.99,10.95,145.47,26.52,146.5,29.66
T5,2.864,1.1,26.12,26.89,11.36,168.8,23.15,158.58,27.33,1.02,26.54,27.12,10.16,170.52,24.4,159.29,28.91
T5,2.866,1.03,26.49,26.81,11.2,154.38,25.34,165.52,25.18,1.07,24.38,25.69,10.45,164.85,25.61,164.46,28.64
T6,2.871,1.05,27.09,28.59,9.65,161.68,24.13,156.77,23.68,1.05,27.26,25.54,10.6,151.15,25.18,169.27,25.05
T2,2.88,0.96,24.34,27.71,11.23,139.49,26.04,154.18,27.79,0.94,24.63,28.25,10.03,138.97,25.91,162.47,25.43
T7,2.885,1.08,26.27,25.13,10.98,163.81,28.46,164.59,29.05,1.08,26.13,28.36,10.36,161.76,24.48,158.68,28.02
T1,2.892,1.13,24.87,24.0,11.34,150.76,26.49,159.6,25.55,1.0,24.16,27.32,11.21,154.15,25.55,159.15,28.37
T3,2.904,1.02,25.14,25.58,11.14,166.93,27.64,145.55,24.6,0.99,28.11,24.34,11.21,155.0,27.54,161.14,24.43
T10,2.911,1.0,26.51,24.66,9.63,161.44,27.07,175.27,26.87,1.05,26.5,23.76,10.19,163.99,28.48,163.14,28.95
T3,2.915,1.0,24.7,27.78,10.34,146.47,25.34,164.03,26.42,1.06,26.28,24.57,11.11,162.78,28.12,154.24,27.61
T6,2.928,1.0,26.29,26.77,9.74,145.17,26.0,152.68,27.56,0.98,24.78,24.71,10.34,145.76,24.36,153.22,26.12
T8,2.937,1.04,24.74,25.63,10.58,174.23,26.96,170.53,27.16,1.0,28.57,28.82,10.71,164.32,27.73,160.4,25.62
T2,2.954,0.97,24.37,27.26,9.94,152.17,26.6,160.29,27.23,0.98,27.58,27.11,10.11,145.1,26.16,169.84,25.5
T9,2.963,1.0,25.05,28.42,10.68,160.75,27.84,163.51,25.79,1.0,25.2,24.8,10.36,156.36,27.61,163.62,28.32
T10,2.985,1.06,25.5,27.16,10.14,152.22,27.56,154.85,26.27,1.16,23.55,26.3,10.19,155.6,25.89,151.3,26.7
T9,2.993,0.97,24.89,25.52,11.48,143.33,28.47,146.38,25.74,1.07,25.72,28.52,11.33,163.77,28.1,143.02,28.33
T10,3.001,1.13,23.8,23.98,10.06,158.04,24.88,157.55,25.27,1.04,26.38,26.59,9.2,148.24,28.34,164.95,29.02
T5,3.003,1.04,24.62,26.15,9.7,151.44,26.82,163.8,28.59,1.06,27.59,24.58,9.94,161.85,24.3,175.21,27.28
T7,3.015,0.99,27.08,24.96,10.8,147.92,28.3,146.81,28.77,1.0,25.86,26.97,11.41,152.99,25.02,168.94,29.18
T1,3.016,1.12,26.56,24.86,11.24,159.7,25.75,156.73,24.71,1.16,26.63,26.83,11.13,154.43,27.09,162.0,26.21
T2,3.016,0.94,24.74,25.06,10.51,153.89,24.64,166.32,26.96,1.08,26.83,28.72,9.72,152.44,25.01,172.82,27.1
T2,3.044,1.0,25.48,25.58,10.95,139.44,24.9,163.08,28.27,1.03,25.44,26.85,10.95,151.08,25.91,167.2,25.78
T9,3.045,1.03,27.58,25.42,10.8,162.47,26.74,157.43,24.31,0.96,28.49,27.25,11.02,164.83,24.46,160.78,26.18
T8,3.048,1.09,26.54,27.47,11.53,168.29,25.16,159.92,26.92,1.12,24.95,27.63,10.98,177.8,25.31,169.24,26.18
T3,3.085,1.06,24.78,26.79,11.72,164.83,24.41,170.27,26.1,1.14,25.97,25.48,11.12,169.32,27.21,148.56,25.18
T7,3.088,1.07,26.82,25.5,10.66,150.98,28.89,158.82,28.33,1.08,24.42,27.52,11.29,140.79,24.44,149.87,25.7
T8,3.103,1.07,28.17,25.6,11.66,161.24,24.82,172.93,24.66,1.0,27.38,29.38,11.04,173.0,26.62,172.86,25.87
T4,3.112,1.03,23.83,24.92,9.88,173.76,27.33,162.97,24.77,1.16,24.67,24.82,9.56,170.24,26.43,164.9,25.9
T6,3.145,1.04,26.28,27.21,9.7,160.09,27.62,170.55,23.45,1.03,26.33,26.64,10.77,149.11,25.33,162.78,26.5
T10,3.153,1.16,25.98,25.35,9.27,156.1,27.57,172.91,27.24,1.13,26.07,24.24,9.66,154.44,27.32,175.2,29.06
T5,3.175,1.08,27.25,26.38,10.84,177.35,23.61,156.29,27.66,1.07,25.67,27.96,11.08,159.9,23.4,161.5,28.78
T10,3.176,1.06,27.51,24.73,9.76,164.63,29.12,161.25,27.91,1.14,25.49,24.07,10.36,167.35,28.66,176.62,27.2
T10,3.186,1.11,25.5,23.4,9.59,168.79,28.82,166.49,27.23,1.14,27.37,24.99,9.83,153.69,29.28,168.76,25.89
T7,3.201,0.93,25.25,26.96,11.43,163.64,25.08,158.93,27.79,1.06,25.11,27.21,11.24,151.99,24.66,162.74,27.02
T5,3.202,1.1,26.47,25.21,10.32,171.33,24.22,160.4,25.14,1.03,27.59,27.1,11.01,159.55,24.16,176.1,27.4
T3,3.205,1.07,24.15,24.44,10.32,158.91,25.96,150.93,26.14,1.14,23.93,24.0,10.8,165.46,26.11,150.63,27.26
T8,3.211,0.97,25.23,25.96,11.04,166.54,24.44,164.73,23.42,1.08,28.68,29.48,9.87,154.5,27.72,170.38,23.89
T6,3.225,1.07,27.54,28.63,11.3,161.07,26.4,166.82,27.19,1.12,25.2,27.78,11.28,147.81,26.74,149.53,27.77
T10,3.248,1.11,26.98,23.96,10.72,168.59,27.97,178.27,26.52,1.07,26.46,23.85,9.99,172.19,29.21,156.78,24.96
T10,3.251,1.01,27.58,23.96,10.12,148.9,26.05,152.01,27.11,0.99,25.36,24.4,9.86,168.41,25.28,161.53,27.9
T10,3.254,1.07,26.51,24.08,9.54,171.04,26.28,170.24,27.15,1.11,25.01,23.2,9.7,173.98,25.39,150.8,27.6
T9,3.263,1.08,25.0,27.42,11.52,157.16,26.58,162.28,24.65,1.1,26.18,27.18,10.93,150.24,26.6,160.04,27.01
T1,3.271,1.01,24.15,26.61,10.38,147.49,25.17,146.66,26.81,1.05,24.63,26.5,10.88,149.27,25.05,169.35,27.73
T2,3.287,0.94,23.54,28.57,11.08,146.31,28.64,174.07,24.92,1.03,24.52,27.36,9.56,158.57,25.72,151.05,27.76
T3,3.288,0.98,27.62,23.62,10.59,167.86,28.33,156.65,26.15,1.13,27.68,26.32,11.68,146.35,26.55,167.73,26.29
T4,3.297,1.16,24.31,23.96,10.1,163.12,25.88,172.34,26.22,1.01,24.24,25.88,10.51,162.98,25.42,153.4,26.63
T2,3.298,0.98,26.91,28.5,9.67,147.8,24.69,152.03,26.08,1.03,24.89,26.62,11.13,155.17,26.9,150.87,26.86
T3,3.32,1.16,27.46,27.06,10.77,155.08,24.09,149.73,27.26,1.03,25.26,23.76,10.49,170.1,24.66,158.85,25.82
T4,3.321,1.04,25.79,25.39,9.53,172.21,24.91,171.18,27.2,1.1,25.68,27.23,10.18,166.32,26.13,149.34,27.96
T4,3.336,1.13,24.28,24.21,9.85,172.17,27.32,169.26,24.81,1.16,25.27,25.86,9.47,157.63,23.98,149.72,24.98
T9,3.354,1.06,28.62,26.54,10.51,148.36,25.08,161.74,27.24,1.03,24.83,27.0,10.89,158.31,25.24,146.57,25.55
T8,3.363,1.02,26.84,28.25,11.05,177.53,25.75,158.88,25.31,1.08,27.75,28.67,10.33,161.59,25.93,174.3,25.52
T2,3.364,1.0,26.21,25.02,9.84,146.26,25.79,155.66,24.84,1.02,26.1,26.38,10.06,144.94,27.21,147.64,26.17
T7,3.373,1.09,25.0,26.5,11.15,142.19,24.51,158.08,29.49,1.01,27.53,28.21,10.8,140.52,28.07,156.45,27.88
T4,3.378,1.11,27.36,26.49,10.54,160.33,25.64,168.67,26.06,1.03,26.21,25.32,10.3,162.07,24.24,160.22,27.66
T5,3.413,1.0,26.5,23.67,11.19,168.8,23.23,166.82,29.17,1.13,27.25,25.48,10.9,158.84,25.02,150.8,25.87
T8,3.413,0.95,26.78,27.59,10.65,158.22,27.78,168.49,26.1,1.09,28.3,29.45,9.9,164.23,24.97,152.9,27.31
T7,3.419,1.1,26.94,27.63,10.6,146.45,27.76,147.12,25.48,1.09,28.74,26.36,10.45,160.44,27.07,166.64,26.14
T4,3.449,1.03,24.41,26.26,10.4,148.52,25.1,151.81,27.93,1.12,26.26,27.83,10.68,172.74,27.86,172.31,28.4
T7,3.48,1.05,28.01,24.84,11.58,158.36,24.63,155.82,27.73,1.09,25.18,25.72,10.99,152.91,24.51,156.94,29.55
T4,3.483,1.02,25.78,26.36,9.54,171.42,27.67,152.75,26.36,1.06,24.66,26.39,10.65,152.68,26.49,162.61,25.58
T2,3.502,1.0,23.89,28.56,10.22,143.3,27.47,170.54,26.72,1.01,27.49,29.11,11.23,151.61,25.6,149.02,27.28
T9,3.516,1.1,29.04,27.74,10.67,148.26,25.36,160.84,27.66,1.07,25.8,24.94,10.03,151.94,27.38,142.85,25.9
T9,3.52,1.04,28.44,26.0,11.33,156.09,23.98,161.57,27.86,1.09,26.56,26.37,10.41,156.46,26.91,156.66,28.05
T10,3.534,1.06,25.08,23.53,10.02,158.87,26.78,162.45,25.3,1.15,23.73,25.26,9.74,148.72,28.84,160.35,27.37
T2,3.551,0.97,26.85,24.94,10.24,154.71,29.04,150.63,24.22,0.97,23.98,27.36,10.24,140.21,26.92,160.47,25.65
T4,3.558,1.04,26.52,25.55,10.19,163.86,25.94,148.24,27.5,1.14,25.19,23.96,10.72,148.44,26.32,166.0,25.01
T7,3.578,1.02,27.88,24.87,10.67,143.58,26.02,144.94,26.89,1.05,28.83,26.74,10.4,153.9,27.84,167.82,26.2
T7,3.6,1.03,26.34,25.06,10.31,156.97,28.37,148.64,29.49,1.08,28.37,28.84,11.61,140.14,26.47,150.24,25.87
T4,3.602,1.06,25.03,27.76,10.73,172.25,27.33,171.0,29.03,1.18,26.27,24.17,9.77,165.91,24.56,163.45,28.96
T8,3.62,1.02,28.08,28.25,11.37,160.43,26.54,174.74,24.7,1.1,28.36,28.9,10.87,177.76,24.3,150.61,23.54
T10,3.628,1.17,23.52,25.56,10.31,173.98,26.92,160.93,29.45,1.06,24.61,23.19,9.45,148.99,28.24,154.1,26.6
T5,3.656,1.12,27.42,24.78,10.7,178.01,23.34,156.7,25.79,1.11,25.63,25.75,11.18,159.12,25.79,150.83,24.81
T6,3.659,1.03,26.81,26.39,11.33,165.34,27.24,166.6,23.96,1.01,26.37,28.28,10.46,147.56,27.27,160.07,26.57
T5,3.662,1.14,24.83,27.94,10.64,166.24,25.64,172.5,27.04,1.1,25.8,26.96,10.77,173.45,24.08,150.98,27.96
T7,3.67,1.08,25.88,25.15,11.0,155.91,25.08,153.52,25.41,1.04,25.51,25.68,11.06,164.88,26.74,148.51,25.37
T8,3.683,1.1,24.9,26.08,10.52,173.75,24.32,174.96,27.0,0.96,25.27,27.86,11.42,164.23,24.6,166.27,24.64
T8,3.686,1.02,28.44,28.53,11.7,163.26,26.82,154.12,24.12,0.97,26.56,27.87,11.22,161.59,27.78,174.28,24.12
T2,3.69,1.0,24.36,26.87,10.98,156.97,28.99,166.88,24.36,1.0,24.68,25.91,10.73,152.54,25.43,165.1,27.39
T9,3.69,1.0,27.08,26.37,11.03,163.76,23.98,159.31,28.23,0.95,28.49,24.16,10.81,162.88,24.9,162.82,24.21
T9,3.701,1.02,29.32,26.3,9.81,147.91,26.67,148.33,27.58,1.12,26.2,26.36,11.04,153.85,27.35,154.93,27.06
T9,3.709,1.09,25.06,26.38,9.83,152.65,28.31,140.44,25.26,0.97,26.2,24.36,11.58,161.01,26.45,150.86,26.3
T1,3.72,1.0,23.38,26.07,11.48,157.44,27.17,164.68,25.61,1.14,27.27,24.96,10.67,143.75,25.3,172.88,28.12
T5,3.731,1.01,26.12,26.72,9.7,171.28,23.15,164.86,26.32,1.11,25.85,25.45,10.76,165.21,25.95,151.01,27.02
T6,3.742,0.98,25.17,27.7,10.25,148.32,27.74,170.92,27.5,1.02,25.94,29.26,11.37,158.18,25.92,167.08,26.48
T10,3.744,1.11,27.38,27.06,10.27,169.17,28.29,178.28,26.77,1.01,23.71,27.03,10.78,156.69,29.29,176.38,26.59
T9,3.768,1.11,26.3,26.82,10.96,164.39,24.1,146.48,27.78,0.99,25.03,28.1,10.07,152.89,28.42,163.62,27.09
T8,3.781,1.07,26.63,28.39,10.8,158.84,25.68,157.4,24.89,0.99,27.08,29.01,10.9,152.26,26.83,152.75,26.35
T7,3.79,0.96,26.35,28.46,11.71,154.12,27.42,148.44,29.15,1.05,25.98,25.1,11.48,155.58,25.64,154.47,25.83
T7,3.792,0.96,27.19,27.74,11.47,141.34,24.59,166.93,28.7,0.93,27.37,25.3,10.63,160.02,24.52,144.18,27.01
T10,3.794,0.99,26.89,24.81,9.67,154.61,27.29,167.08,26.7,1.02,25.34,26.92,9.91,151.58,24.69,176.17,28.01
T8,3.8,1.13,25.63,28.94,10.43,170.42,26.21,160.92,25.31,1.04,25.96,25.15,11.31,165.14,24.52,160.2,23.58
T2,3.833,1.07,25.96,28.07,9.8,146.45,25.34,159.21,27.75,0.96,27.39,28.32,10.92,141.14,24.75,169.03,24.54
T7,3.84,1.04,27.47,28.7,10.66,159.34,24.92,156.61,25.17,1.09,24.61,27.93,10.54,159.78,26.09,149.29,25.7
T5,3.84,1.11,27.28,26.85,11.01,164.84,23.48,154.04,29.11,1.06,24.31,27.48,11.28,168.85,24.91,173.2,25.1
T1,3.85,1.06,25.4,24.8,10.7,157.17,26.93,170.83,25.24,0.99,27.24,25.24,10.72,146.19,28.0,152.04,25.64
T7,3.851,1.02,25.32,26.11,9.93,140.24,27.21,170.2,26.46,1.02,28.52,25.65,10.57,144.7,24.46,144.38,28.78
T8,3.859,1.09,27.01,27.15,10.66,152.34,25.15,153.68,26.33,1.08,26.37,28.62,11.08,174.82,26.36,174.69,25.77
T2,3.867,1.08,25.72,26.23,9.75,156.5,26.88,150.51,24.74,1.03,27.2,27.72,9.64,154.81,24.68,171.35,27.71
T1,3.89,1.03,23.46,26.62,10.6,152.17,26.39,160.21,25.98,1.11,26.16,27.98,10.46,139.95,26.01,163.79,27.93
T8,3.911,1.08,25.2,27.5,11.47,163.05,25.82,158.56,26.33,1.07,24.92,27.57,10.21,160.67,26.29,175.12,23.82
T1,3.921,1.01,25.55,25.92,10.98,160.99,25.82,156.5,25.47,1.1,23.48,25.93,10.4,144.78,24.41,149.77,28.46
T1,3.932,1.0,26.7,28.28,10.38,141.78,24.56,159.21,27.5,1.1,25.77,25.03,10.37,156.44,25.05,156.33,24.9
T10,3.938,1.04,23.89,25.81,9.59,151.97,25.05,170.78,28.6,1.05,23.75,27.32,10.55,159.93,26.28,152.77,25.07
T5,3.939,0.98,23.33,24.51,11.02,150.06,24.52,156.6,24.88,1.11,23.55,26.54,10.21,172.65,26.01,164.18,24.83
T1,3.953,1.06,24.69,25.09,10.75,143.12,27.66,159.84,26.02,1.09,26.22,25.29,10.41,147.39,25.1,147.37,26.27
T8,3.962,1.01,28.61,26.39,10.78,168.3,24.27,168.76,23.98,1.0,27.13,28.99,10.08,175.44,24.27,161.11,27.1
T9,3.964,1.08,26.4,24.52,9.9,161.49,26.01,143.68,25.74,0.95,28.2,27.26,11.07,144.55,25.39,152.98,25.32
T3,3.969,1.12,25.26,24.57,10.41,149.97,24.51,158.03,27.31,1.12,27.58,25.36,10.47,171.0,24.74,150.23,26.68
T10,3.97,1.12,25.29,24.05,10.1,160.92,26.32,154.57,25.34,1.1,25.91,25.94,10.26,156.1,24.74,174.42,26.71
T6,3.974,1.05,28.14,28.62,10.57,161.67,28.1,165.58,27.15,1.04,26.93,27.59,9.94,163.55,25.56,151.62,25.96
T5,3.974,1.01,23.93,25.22,11.02,165.52,23.41,174.49,28.93,1.0,27.56,24.76,10.6,174.3,25.51,164.59,28.44
T4,3.975,1.05,25.09,26.75,9.82,153.84,25.8,159.62,28.74,1.03,27.52,27.45,10.66,149.56,26.45,152.78,25.37
T1,3.975,1.1,24.02,27.18,10.86,156.41,24.74,171.92,24.94,0.99,25.3,23.94,11.79,143.24,27.24,149.45,24.44
T2,3.979,1.08,24.96,25.39,11.11,154.1,24.83,174.46,25.8,1.08,24.51,25.5,9.6,150.31,28.21,167.74,28.33
T3,3.984,1.0,27.7,25.85,10.58,154.09,25.71,158.04,24.46,1.02,27.66,27.74,11.29,161.69,25.77,171.02,24.56
T8,3.986,1.13,27.97,28.09,10.85,168.95,26.87,163.0,25.3,1.01,25.26,26.53,9.95,160.9,25.68,151.48,26.61
T7,3.989,1.06,28.41,25.08,11.02,150.12,27.24,152.27,25.87,1.07,25.28,25.51,11.06,153.16,24.63,165.89,25.76
T8,3.998,1.04,25.78,25.86,11.21,150.79,25.37,165.92,23.43,0.99,28.56,28.46,11.69,165.87,27.68,163.63,27.22
T2,3.998,1.04,26.64,25.33,10.49,142.69,24.67,151.4,27.79,1.06,24.14,28.79,10.79,154.26,28.55,167.81,27.8
T9,4.004,1.0,26.85,24.89,10.91,142.57,26.57,162.43,26.2,1.09,26.4,24.47,9.84,154.51,26.9,160.73,24.21
T9,4.016,1.11,25.71,28.46,10.8,159.61,25.46,156.28,24.36,1.03,29.33,28.4,10.27,152.99,26.26,152.13,25.35
T7,4.031,1.01,26.93,29.06,10.06,153.36,25.62,158.93,25.55,0.93,26.87,28.4,11.09,140.87,26.46,150.65,27.39
T6,4.057,1.01,23.9,27.73,11.16,141.71,27.58,156.21,25.32,1.01,26.85,26.47,10.23,154.22,28.09,171.4,26.59
T1,4.062,1.14,26.42,28.22,11.21,144.64,26.2,160.64,26.16,1.14,25.46,24.16,11.36,158.65,26.5,154.11,28.59
T6,4.067,1.0,25.88,27.67,11.09,156.88,24.1,166.09,27.1,1.02,25.68,29.22,10.73,150.7,24.66,166.98,24.75
T7,4.072,1.0,25.74,25.58,10.68,140.9,25.86,162.26,25.42,0.93,27.11,25.46,10.3,156.4,26.88,160.59,28.02
T3,4.079,0.98,28.12,24.33,11.53,159.86,26.64,146.04,23.53,1.15,23.7,23.98,11.35,157.05,25.99,163.33,26.4
T8,4.089,1.04,28.57,24.86,10.1,156.27,27.12,172.26,27.16,1.03,25.91,28.57,11.24,161.13,27.39,169.0,23.96
T1,4.091,1.05,24.96,24.08,11.54,143.84,26.26,159.75,28.55,1.03,25.43,24.67,11.13,156.69,23.8,160.4,25.64
T7,4.093,1.09,26.23,26.38,10.65,150.37,24.48,160.42,27.4,0.96,25.16,27.48,11.08,146.46,24.6,152.01,26.93
T2,4.109,0.96,26.34,27.56,10.62,159.55,25.54,170.72,27.16,1.02,24.8,28.1,10.68,145.91,28.18,168.24,24.36
T9,4.123,1.02,27.3,24.25,10.64,143.85,25.26,160.91,27.36,1.0,26.38,25.1,11.54,145.34,25.38,158.76,24.64
T1,4.131,1.14,24.66,24.26,10.23,164.81,27.14,170.06,26.98,1.11,25.71,28.3,10.12,147.32,27.29,147.55,27.44
T7,4.135,0.96,25.5,26.32,10.32,155.46,27.39,153.74,27.5,1.07,26.41,27.26,11.59,141.18,26.29,148.74,29.62
T8,4.14,1.01,27.35,28.62,9.93,177.62,25.51,159.14,25.28,1.01,27.51,29.48,11.01,169.94,26.16,155.88,26.84
T1,4.14,1.12,26.43,24.96,10.19,150.22,25.1,167.58,25.74,1.04,24.26,24.44,10.34,142.69,27.24,153.04,26.22
T2,4.145,1.06,27.74,29.22,10.22,143.05,26.27,152.3,25.63,0.98,27.02,28.91,10.91,160.33,25.74,150.04,27.59
T3,4.146,1.0,27.12,25.4,11.87,147.32,25.92,144.99,26.76,1.01,23.73,25.22,10.91,155.66,26.96,164.4,25.09
T5,4.149,1.01,25.85,23.88,10.39,156.07,27.16,162.6,28.56,1.13,27.6,27.12,11.06,158.62,23.75,169.4,28.87
T6,4.163,1.07,24.73,27.67,10.58,157.88,25.81,149.09,24.39,1.0,25.85,27.92,11.18,141.27,26.18,173.21,26.47
T7,4.165,1.03,28.75,26.17,10.52,150.24,28.01,161.28,26.71,0.94,27.72,24.96,11.45,165.91,26.54,162.68,26.98
T8,4.169,0.96,24.61,27.57,10.69,151.31,26.68,162.58,26.99,1.05,28.63,26.68,10.97,164.13,27.23,149.7,24.27
T6,4.169,1.01,27.73,28.26,11.32,142.51,25.24,173.21,25.14,1.09,23.96,25.97,10.33,161.86,27.33,148.52,26.12
T10,4.172,1.16,23.76,23.06,10.59,152.21,25.4,151.72,28.62,1.08,25.28,26.99,10.72,147.5,28.27,163.87,25.1
T8,4.174,1.0,25.42,28.23,10.36,164.13,24.76,149.62,26.74,1.13,28.31,28.56,10.49,166.38,27.49,172.21,26.06
T10,4.184,1.08,27.64,25.16,9.75,159.43,25.79,173.14,28.66,1.07,24.64,23.38,10.01,171.04,25.51,156.96,26.42
T3,4.198,1.15,26.89,23.58,10.27,169.26,26.0,152.27,25.52,1.11,26.01,24.36,10.22,169.76,28.18,159.66,23.41
T2,4.216,1.06,27.38,27.34,10.55,138.35,29.02,168.8,27.68,0.95,23.41,26.5,11.08,141.36,25.0,163.54,27.43
T8,4.233,1.0,25.35,24.89,11.37,155.52,27.83,156.93,23.2,1.1,28.46,29.01,10.61,154.81,25.28,174.49,24.16
T2,4.245,1.08,25.94,28.38,10.22,158.25,29.17,153.8,25.69,1.08,24.03,28.23,10.86,150.9,27.45,149.0,24.56
T7,4.254,1.02,24.53,27.93,11.67,140.75,28.22,160.17,29.15,1.0,25.13,27.12,10.79,150.26,28.15,149.32,27.12
T6,4.256,1.05,26.38,27.74,10.29,158.75,24.29,156.88,26.86,1.05,27.51,26.79,10.33,163.27,26.58,150.34,24.42
T1,4.265,1.12,27.47,26.57,10.72,145.89,23.78,169.73,26.66,1.12,27.13,27.16,10.4,140.68,25.72,155.62,27.35
T4,4.277,1.0,27.33,26.31,10.65,169.26,27.37,163.86,24.98,1.02,24.52,25.03,10.22,161.27,26.21,146.41,25.92
T10,4.283,1.08,24.4,23.62,9.86,157.06,25.79,164.93,25.98,1.06,24.75,26.42,10.46,160.88,26.61,174.45,25.85
T1,4.299,1.04,24.99,27.41,11.37,144.28,28.0,156.86,26.7,1.02,26.52,26.65,10.51,140.44,27.64,169.73,27.28
T5,4.299,0.98,25.12,24.35,11.06,162.25,26.94,163.01,26.8,1.1,24.01,23.95,10.14,154.29,24.05,165.66,28.78
T5,4.3,0.98,23.68,26.93,10.24,171.33,25.44,158.47,26.38,0.98,23.65,27.68,10.51,168.5,26.05,150.34,29.0
T4,4.316,1.12,25.98,24.57,10.81,147.99,23.7,147.55,27.25,1.09,26.05,24.3,10.41,153.06,28.02,156.28,28.62
T10,4.319,1.0,25.11,24.16,9.86,166.17,28.16,153.47,27.26,1.15,25.46,26.57,10.12,147.25,27.56,160.71,29.5
T7,4.32,1.03,24.59,28.09,10.42,147.59,27.02,162.28,27.28,1.03,27.69,25.74,11.76,148.22,26.82,166.62,28.74
T2,4.321,0.95,23.62,25.96,10.25,153.78,27.22,161.74,27.28,1.06,27.29,25.99,10.79,152.44,25.13,150.14,27.76
T9,4.325,1.01,27.7,26.04,9.89,166.26,24.36,157.49,24.79,1.09,27.89,24.54,10.74,158.71,25.38,154.2,26.83
T3,4.328,1.15,25.35,27.25,11.22,167.06,27.09,171.12,23.29,1.09,24.74,23.88,10.07,162.97,26.28,160.13,26.2
T9,4.332,1.04,28.29,26.52,10.43,155.79,24.23,164.4,24.8,0.95,29.04,25.26,10.68,140.43,28.26,150.3,27.12
T9,4.333,0.95,28.01,24.9,10.53,143.72,24.76,165.31,24.32,1.06,25.55,25.84,10.73,152.31,24.16,156.69,28.23
T2,4.336,1.08,25.3,28.37,9.88,153.55,27.78,148.01,24.49,0.97,26.21,29.48,10.05,161.87,26.79,167.27,26.34
T9,4.339,1.1,25.2,25.55,10.96,157.04,24.72,152.11,28.66,1.05,25.84,25.87,9.96,149.55,24.74,165.9,24.73
T10,4.356,1.04,24.41,26.85,10.29,173.35,24.96,176.98,27.29,1.11,26.81,23.46,9.35,154.6,29.09,161.51,29.21
T8,4.366,1.05,26.81,25.27,10.41,172.38,27.12,150.56,25.96,1.04,25.1,29.2,10.59,167.22,25.15,163.87,25.05
T3,4.367,1.12,24.64,25.2,11.26,158.71,26.34,149.13,25.04,1.05,26.16,24.06,11.79,162.96,26.65,164.87,24.26
T8,4.369,0.98,26.15,28.72,10.39,162.72,25.46,159.14,24.53,1.01,26.62,25.93,10.87,150.95,26.83,167.48,23.6
T10,4.37,1.0,23.54,23.74,10.28,171.37,28.68,160.94,24.92,1.14,27.38,26.39,10.77,164.14,24.79,165.79,27.22
T1,4.372,1.17,27.11,24.03,10.89,145.73,26.51,161.32,24.54,1.11,26.85,25.5,10.73,148.93,25.43,165.84,26.46
T9,4.374,1.12,29.0,27.81,10.66,148.43,26.44,152.92,28.08,1.04,26.45,24.79,10.73,159.49,24.11,152.42,26.02
T4,4.386,1.06,25.05,27.28,10.72,165.98,24.24,152.56,25.21,1.09,27.53,24.42,10.72,159.17,23.93,169.8,29.04
T8,4.386,1.09,28.43,27.86,10.17,152.19,27.05,172.73,25.08,1.1,24.72,28.96,11.07,170.01,26.5,149.56,25.8
T1,4.397,1.02,24.65,25.24,11.03,158.31,24.39,146.8,24.98,1.07,27.42,25.79,10.25,162.84,26.8,150.79,26.16
T9,4.413,1.08,28.92,24.34,11.57,152.84,26.76,156.54,24.71,1.09,28.84,28.36,11.59,148.76,26.55,149.67,25.41
T3,4.418,1.13,26.89,26.92,11.55,154.44,26.59,156.69,27.26,1.13,24.62,25.84,11.81,160.55,26.38,163.83,24.53
T8,4.428,1.07,27.52,25.08,11.56,159.0,26.67,175.39,23.46,1.05,27.47,26.23,10.02,161.31,26.65,157.04,25.66
T2,4.432,1.06,26.2,25.72,11.13,144.34,25.84,160.82,28.26,0.96,23.78,26.82,11.19,151.08,27.63,152.32,27.12
T4,4.436,1.16,23.69,26.53,10.87,168.86,24.36,153.5,28.75,1.18,26.11,25.42,9.83,156.18,27.52,146.7,26.8
T10,4.443,0.99,27.12,24.67,9.25,171.37,27.6,162.52,25.18,1.01,24.48,23.05,10.68,166.04,28.85,177.52,25.23
T1,4.443,1.06,23.74,25.76,10.99,161.69,27.39,164.85,27.41,1.02,25.27,24.44,10.21,156.02,25.76,163.74,24.94
T3,4.456,1.15,28.09,25.8,10.2,173.25,25.11,169.7,26.12,1.12,24.67,26.34,10.99,160.29,27.82,151.53,26.82
T6,4.461,1.03,24.85,25.98,10.24,140.98,24.22,167.94,26.68,1.04,25.08,27.55,10.41,145.49,27.75,159.77,26.25
T8,4.479,1.04,24.94,26.02,9.97,163.32,26.74,149.41,23.85,0.98,26.85,25.58,10.72,158.81,25.07,175.5,25.42
T1,4.485,1.14,27.3,25.9,11.41,161.5,25.63,169.28,25.93,1.1,23.58,24.91,11.49,155.56,24.87,162.0,26.0
T8,4.493,1.03,25.45,27.1,10.77,167.12,24.95,152.33,26.35,1.02,25.68,25.78,10.9,167.1,27.12,173.72,26.84
T8,4.494,1.12,28.63,29.1,10.89,176.23,25.05,166.72,27.41,1.02,25.0,27.6,9.99,162.27,25.17,161.94,24.24
T2,4.495,0.97,27.2,27.02,9.59,142.16,29.02,150.88,28.37,1.06,26.26,28.87,11.24,157.52,28.92,166.22,28.15
T10,4.497,1.11,26.42,24.69,9.89,160.92,28.85,164.76,27.16,1.0,27.63,23.55,10.06,164.95,28.44,166.14,26.68
T4,4.502,1.02,24.98,25.21,9.35,154.44,26.36,151.19,28.62,1.14,25.05,24.73,9.47,161.36,27.87,166.42,27.38
T1,4.502,1.04,26.65,28.08,10.85,140.24,24.87,160.03,27.27,1.02,24.91,28.23,11.92,154.6,23.82,155.49,24.51
T9,4.53,0.97,25.87,26.21,10.97,166.44,26.33,145.44,25.2,0.99,26.76,26.21,11.0,161.42,27.12,157.29,28.58
T8,4.556,0.96,28.41,28.31,10.73,166.46,26.69,153.38,26.38,0.96,26.25,27.36,10.56,168.03,27.36,163.65,26.7
T5,4.558,1.0,27.12,23.95,11.12,164.68,26.07,173.18,25.36,1.1,23.83,25.85,11.38,174.62,25.29,155.28,27.3
T10,4.577,1.1,23.85,26.21,9.24,154.34,27.39,158.82,26.06,1.0,25.94,26.83,10.3,163.68,27.32,168.05,28.65
T10,4.591,1.06,23.57,23.62,9.64,173.63,27.8,165.45,28.43,1.11,24.0,23.72,10.74,172.75,25.52,162.91,26.26
T8,4.614,1.1,26.64,26.2,10.89,161.38,24.35,153.36,24.1,1.11,28.55,25.96,9.93,158.7,25.61,165.41,26.05
T6,4.622,0.97,25.49,25.91,9.67,155.43,24.33,147.47,23.77,0.99,25.0,27.86,9.82,153.7,26.45,166.08,24.89
T4,4.626,1.06,26.85,27.68,11.09,155.83,27.61,150.98,24.75,1.11,26.37,27.13,9.57,164.72,24.22,149.14,25.18
T8,4.627,0.96,28.64,28.24,10.98,152.35,27.85,158.19,25.41,1.0,26.01,25.02,10.61,165.16,26.16,150.76,25.49
T6,4.629,1.13,27.47,27.41,10.73,163.89,25.13,164.49,25.44,1.12,27.4,26.74,11.09,145.68,26.46,158.13,26.54
T6,4.635,1.01,25.79,27.12,9.59,158.62,25.22,146.15,25.32,0.96,27.4,24.92,11.36,161.94,27.12,154.28,24.6
T5,4.662,1.13,26.17,26.3,10.84,153.0,26.71,155.68,26.73,1.11,27.5,25.88,10.42,163.79,27.0,174.49,27.88
T1,4.682,1.03,24.89,25.51,10.52,159.51,24.32,158.91,27.3,1.14,24.73,24.91,11.79,154.28,23.94,163.69,26.07
T9,4.703,1.03,28.12,24.79,9.82,144.94,28.14,166.96,26.95,0.94,26.23,26.7,10.96,158.0,25.15,157.77,27.04
T1,4.715,1.17,25.04,27.8,10.12,159.02,26.34,145.92,28.18,1.13,27.71,25.15,10.21,164.65,26.78,171.66,25.93
T4,4.722,1.17,27.63,24.0,9.41,156.71,25.3,169.86,27.18,1.08,25.57,24.23,9.58,158.97,26.41,155.76,25.98
T3,4.75,1.03,27.24,24.81,11.16,154.09,27.51,166.15,25.15,1.1,27.92,27.56,10.58,148.78,24.39,165.97,26.45
T8,4.764,1.04,25.75,27.49,10.67,159.82,24.17,172.93,26.93,1.11,25.6,27.92,10.87,159.23,27.29,163.33,25.62
T10,4.767,1.01,23.56,24.13,10.29,174.78,25.73,169.76,28.31,1.12,27.81,25.1,9.24,170.76,26.78,163.85,27.58
T1,4.773,1.11,26.92,27.71,11.52,140.41,26.98,173.03,24.46,1.02,25.86,26.47,11.21,145.32,27.78,148.85,26.16
T10,4.777,1.08,27.66,26.83,10.87,156.7,27.55,152.22,29.29,1.04,24.37,26.92,9.22,152.21,24.84,160.09,28.74
T10,4.797,1.16,25.08,24.39,9.24,170.14,27.77,161.51,27.96,1.05,26.98,23.33,9.87,156.34,24.97,168.12,28.08
T2,4.797,1.09,23.69,27.97,9.56,158.16,25.43,147.51,24.22,0.96,26.37,26.3,10.46,147.14,27.91,163.02,24.71
T4,4.807,1.12,27.3,24.04,9.41,169.08,27.88,145.61,24.74,1.03,24.86,27.32,10.81,154.16,25.77,161.55,28.53
T9,4.83,1.05,29.08,25.92,9.98,145.23,25.46,163.52,28.76,1.12,29.43,25.81,11.58,155.69,28.4,164.86,25.05
T2,4.841,0.97,25.96,27.14,10.14,138.34,25.54,160.24,26.25,1.02,26.8,26.71,9.77,161.16,29.22,162.72,26.48
T6,4.865,1.08,27.78,28.89,10.12,158.1,28.26,155.7,25.88,1.09,27.17,27.62,9.58,159.71,25.6,171.74,27.02
T5,4.879,1.11,24.01,24.63,11.28,166.1,25.46,167.95,28.49,0.99,25.25,27.22,10.07,160.1,25.26,176.41,26.5
T4,4.88,1.06,27.0,26.51,10.04,157.71,27.97,149.03,26.14,1.02,25.01,24.44,11.1,165.98,27.32,148.75,24.77
T7,4.884,1.05,24.91,27.65,11.09,159.71,26.17,158.08,29.37,1.07,28.58,25.35,11.45,154.25,27.63,146.74,29.58
T10,4.885,1.04,23.8,23.96,9.31,149.63,27.74,167.73,25.03,1.0,23.64,23.14,9.77,170.36,28.23,155.87,28.49
T5,4.892,1.1,26.86,25.25,10.07,171.16,24.59,157.82,26.84,1.03,27.54,23.7,10.64,167.49,24.51,177.02,28.67
T7,4.903,0.98,27.4,26.78,11.56,162.82,26.27,159.56,29.74,1.07,25.74,26.69,10.12,148.65,26.02,145.64,26.9
T9,4.914,0.98,26.24,25.94,11.32,165.3,25.24,164.42,28.76,1.09,26.64,28.3,10.39,165.07,26.35,161.29,25.32
T8,4.921,0.98,27.61,26.04,11.52,159.39,26.63,166.7,27.41,1.05,26.08,25.57,11.49,171.94,27.18,156.69,23.24
T10,4.927,0.99,26.6,26.21,10.62,175.0,25.55,169.8,26.92,1.14,27.59,23.16,10.47,158.11,28.6,173.56,28.65
T9,4.935,1.12,28.93,26.46,11.37,155.65,26.65,148.53,26.09,0.98,26.6,26.14,11.34,165.9,24.8,161.03,28.47
T9,4.935,1.04,27.62,25.42,11.34,153.87,26.64,140.54,24.61,1.11,29.02,25.85,10.56,143.1,23.97,160.63,26.51
T4,4.939,1.04,23.57,27.31,11.02,169.27,25.98,161.44,26.57,1.16,25.56,27.4,9.82,157.94,25.86,156.55,26.33
T6,4.968,1.12,23.9,28.82,10.88,154.42,28.29,169.98,27.56,0.96,28.01,26.43,9.7,150.31,26.41,163.69,23.97
T9,4.973,1.09,26.49,27.92,10.1,161.16,27.92,166.94,26.78,0.94,27.1,27.31,11.59,141.23,26.98,161.93,27.46
T4,4.992,1.18,27.08,27.24,9.6,167.58,24.27,167.9,27.56,1.19,25.98,25.08,10.14,167.74,25.72,157.45,27.83
T3,5.001,1.13,25.01,23.73,10.79,163.56,28.12,165.87,24.83,1.03,24.88,24.79,11.02,153.64,25.42,169.96,25.23
T4,5.005,1.16,24.09,24.24,10.26,165.08,23.98,161.83,28.69,1.08,23.91,26.24,10.57,157.82,25.72,146.89,28.86
T7,5.047,0.95,25.11,24.77,11.09,156.84,28.5,170.7,26.37,1.06,28.91,25.83,10.42,161.77,25.3,167.35,29.05
T8,5.052,1.1,28.38,25.64,11.44,163.39,28.02,155.15,23.97,1.02,27.06,28.31,11.09,152.45,24.24,155.18,24.4
T9,5.052,0.98,28.55,24.49,11.22,157.46,27.95,154.01,26.8,0.99,28.97,26.66,10.4,157.11,27.38,155.4,27.6
T10,5.076,1.12,27.12,25.4,10.73,160.1,27.24,155.32,27.67,1.01,27.41,24.3,9.49,153.33,26.3,155.52,26.41
T6,5.078,1.0,27.24,28.97,10.86,156.29,26.62,171.36,24.8,1.03,25.45,28.63,10.73,165.96,25.57,165.48,24.47
T6,5.089,1.03,27.62,24.91,11.11,152.63,24.26,149.99,26.61,1.12,28.04,25.76,10.89,165.5,24.13,170.29,26.03
T5,5.091,1.09,26.31,23.83,11.38,166.25,24.04,153.3,27.57,1.08,23.88,26.91,10.96,165.13,26.58,165.42,27.53
T10,5.099,1.01,25.0,26.6,10.87,171.28,25.68,167.64,26.41,1.04,27.63,23.32,9.64,151.45,24.72,152.95,27.16
T8,5.104,1.11,25.81,25.98,11.47,154.53,27.16,167.95,26.88,1.06,24.72,28.65,10.17,153.86,25.16,163.09,24.06
T5,5.119,1.06,25.48,26.0,9.77,177.68,25.14,172.86,28.7,1.03,26.95,27.84,10.28,175.74,26.27,156.71,28.75
T4,5.122,1.1,23.73,25.34,10.42,155.53,24.17,168.4,28.88,1.19,25.62,28.23,9.43,163.74,25.48,168.86,28.32
T4,5.142,1.16,26.34,27.8,9.85,147.53,23.79,150.25,26.32,1.12,27.74,24.33,10.22,156.58,26.76,153.8,27.87
T10,5.165,1.12,25.47,25.48,9.52,167.1,26.62,156.58,27.26,1.14,27.33,24.26,10.72,151.45,26.29,174.36,26.92
T5,5.165,1.03,23.39,26.6,11.2,151.6,23.62,151.59,25.12,0.98,26.74,24.6,9.75,178.27,26.2,152.79,28.8
T3,5.17,1.15,25.14,26.5,11.85,150.03,26.23,149.23,27.26,1.1,24.19,26.52,10.8,152.32,25.83,171.23,25.04
T3,5.173,1.15,24.48,25.53,10.54,168.18,27.76,169.64,27.51,1.14,24.06,26.76,11.53,161.32,27.9,164.98,24.89
T8,5.19,0.97,26.79,28.18,11.6,151.36,24.59,175.9,26.63,0.97,26.42,27.1,10.06,161.39,26.79,165.44,24.88
T6,5.193,1.04,25.75,25.28,10.78,163.6,28.45,167.85,27.08,1.11,23.97,28.1,11.32,159.93,24.4,159.5,25.85
T6,5.197,1.13,25.15,27.59,10.29,153.64,24.48,156.16,24.61,1.06,26.72,27.59,11.17,153.54,28.4,172.08,24.88
T5,5.224,1.14,26.39,23.71,10.5,155.08,26.01,162.76,24.68,1.07,26.57,23.98,10.18,167.99,25.4,165.75,28.8
T7,5.228,0.95,24.8,26.54,10.25,145.93,25.22,152.67,27.97,1.06,28.92,25.51,11.51,158.33,27.39,151.73,28.29
T10,5.228,1.03,23.63,26.89,10.15,151.22,26.09,155.74,29.52,1.04,23.99,26.83,9.49,168.77,28.33,160.82,26.29
T2,5.237,1.03,26.7,26.3,9.72,157.91,28.92,173.62,24.43,1.05,26.38,27.52,9.63,142.07,28.08,164.82,27.42
T10,5.243,1.13,26.22,23.36,10.1,167.44,25.27,154.01,26.06,1.16,27.58,25.42,10.75,159.22,26.22,168.86,29.21
T10,5.265,1.11,26.78,23.71,10.75,163.58,27.23,173.95,25.01,1.03,26.89,25.45,10.04,149.99,26.18,168.22,28.89
T5,5.267,0.98,24.69,25.99,10.99,164.42,24.5,155.88,26.02,0.99,25.64,25.52,10.76,167.46,23.83,154.21,29.2
T5,5.278,1.12,27.59,27.61,11.08,167.69,26.14,161.54,27.49,1.0,26.2,27.97,10.76,150.66,26.82,152.06,25.79
T9,5.289,0.96,27.16,26.06,11.28,150.76,24.42,148.92,28.51,0.97,24.81,27.2,11.6,154.97,25.8,164.34,28.69
T6,5.293,1.03,24.09,28.82,11.06,162.7,27.08,164.26,27.79,1.14,24.36,27.7,10.96,150.53,25.14,154.14,27.04
T9,5.293,1.01,25.39,24.53,10.42,163.3,26.8,146.97,28.15,0.98,27.59,25.62,11.41,140.3,27.82,141.88,25.42
T10,5.316,1.0,26.64,26.21,9.87,150.25,27.57,172.64,28.46,0.99,23.8,26.94,9.6,153.86,24.86,168.15,28.64
T6,5.323,0.98,26.38,27.45,10.26,151.81,25.54,167.27,25.11,1.05,25.99,24.92,11.32,153.74,24.11,156.42,25.55
T1,5.337,1.04,26.79,24.08,11.62,154.25,25.15,161.07,27.81,1.09,24.44,27.33,11.87,159.62,28.11,168.58,25.43
T2,5.405,1.09,27.14,27.01,10.71,139.72,26.68,166.06,27.5,0.94,26.98,25.47,9.97,138.34,24.9,157.79,25.68
T5,5.441,1.15,23.7,25.86,11.09,151.89,23.31,163.39,29.11,1.02,27.12,27.8,10.72,161.57,24.34,170.33,25.21
T5,5.446,1.11,27.56,27.11,11.08,166.54,26.47,162.64,25.03,1.03,26.43,27.97,10.36,164.56,26.62,176.84,26.9
T6,5.45,1.11,25.98,27.98,9.81,147.88,26.51,147.7,25.67,1.12,23.93,28.54,10.97,157.5,25.27,154.54,26.96
T3,5.46,1.02,24.82,27.77,10.13,161.11,24.76,162.83,23.41,1.02,23.86,26.35,10.66,155.77,27.83,162.15,25.11
T9,5.48,1.04,26.46,26.19,11.62,165.65,24.29,155.65,24.65,1.01,27.05,27.88,10.71,141.97,24.7,146.95,24.68
T8,5.484,1.11,26.76,28.32,11.08,169.16,24.72,148.79,24.21,0.96,26.79,26.75,11.49,174.13,26.63,173.67,25.38
T7,5.512,0.96,27.06,25.5,11.04,153.42,28.56,156.24,27.94,0.98,27.08,25.97,11.52,166.08,27.25,165.89,29.16
T5,5.517,1.11,27.15,24.17,11.33,157.41,24.8,156.43,26.44,1.13,24.72,25.26,10.93,173.48,26.16,152.43,27.68
T5,5.526,1.04,27.61,26.34,10.09,152.06,26.57,152.09,25.14,1.09,25.92,26.02,10.48,162.8,26.82,166.4,25.28
T10,5.552,1.05,27.1,25.18,9.31,173.82,28.72,170.57,26.6,1.1,23.87,26.83,10.12,154.93,26.28,174.5,28.72
T4,5.557,1.1,24.84,27.05,9.52,169.44,23.96,171.99,26.84,1.18,25.58,25.39,10.68,148.47,24.21,150.99,24.57
T10,5.565,1.0,27.63,25.67,9.59,152.46,28.96,163.32,28.13,1.07,25.19,23.89,10.52,150.38,26.9,160.78,29.38
T9,5.572,0.98,26.78,24.38,9.91,149.08,27.09,163.34,26.64,0.99,25.25,27.11,11.14,142.87,25.01,145.76,25.65
T7,5.61,1.07,26.85,27.44,11.13,144.71,25.59,156.77,27.77,0.97,27.46,25.22,10.66,142.56,24.32,156.24,26.86
T2,5.613,1.04,25.11,28.45,9.76,142.94,27.16,160.06,26.11,1.07,26.93,27.04,9.59,144.38,28.37,160.9,28.12
T7,5.626,1.05,24.81,27.73,11.09,161.29,28.0,152.65,28.01,1.05,27.69,28.06,10.46,160.26,26.9,162.73,28.96
T8,5.637,1.02,27.01,28.13,10.14,159.28,26.67,161.48,25.22,1.07,25.06,26.43,11.39,154.82,27.12,161.4,26.18
T7,5.645,1.02,27.98,27.53,10.57,158.01,27.12,168.36,25.38,1.04,27.75,27.85,10.96,152.86,25.68,156.43,28.68
T2,5.653,1.0,23.76,28.3,9.7,150.72,28.1,170.4,26.93,0.97,23.57,27.6,10.75,154.26,26.47,156.09,24.33
T1,5.727,0.99,26.66,27.22,11.56,145.59,25.4,169.2,27.4,1.05,26.14,27.28,10.18,151.24,27.12,154.65,28.12
T4,5.731,1.11,24.22,25.01,10.47,156.78,24.89,168.59,25.24,1.08,23.75,28.35,10.9,160.17,26.97,166.95,27.49
T9,5.733,1.09,29.23,26.14,10.36,160.21,24.42,155.47,27.71,0.97,25.04,25.87,10.87,141.86,27.38,163.48,26.19
T9,5.737,1.11,25.87,25.55,10.73,149.45,28.01,142.85,27.64,0.99,27.66,28.52,10.78,163.9,28.29,145.6,25.63
T3,5.761,1.03,25.77,27.42,10.35,150.46,25.22,149.09,23.52,1.06,24.43,24.27,10.01,156.22,25.16,148.52,27.54
T1,5.769,1.03,26.32,26.23,11.44,149.44,26.37,154.92,25.05,1.17,24.51,28.34,11.24,148.1,27.51,164.08,25.32
T4,5.79,1.12,25.97,25.37,10.64,171.79,27.0,146.66,28.3,1.11,26.84,24.22,10.38,159.46,23.98,152.14,27.84
T8,5.794,0.97,24.63,25.68,11.36,160.05,28.42,174.28,25.87,1.05,27.31,29.21,10.28,172.03,27.11,154.85,26.1
T5,5.809,0.99,24.86,26.33,10.79,152.79,25.45,151.61,26.64,1.06,23.32,28.02,10.75,174.56,24.3,149.49,25.4
T9,5.818,0.96,25.71,25.73,10.8,141.31,28.15,164.32,25.48,0.97,26.96,25.66,10.33,159.0,25.46,164.63,28.64
T5,5.833,1.15,23.89,26.96,10.23,173.1,26.74,158.94,26.0,1.14,27.35,27.95,10.28,171.16,26.38,158.95,25.57
T8,5.836,0.99,25.02,26.05,11.22,160.74,26.07,148.96,24.57,1.07,28.56,25.69,11.17,160.0,24.17,148.62,25.73
T2,5.848,1.04,25.68,26.33,9.93,141.16,29.13,165.04,25.68,0.95,27.74,28.17,9.67,158.0,28.07,173.62,28.36
T8,5.884,1.06,25.48,28.86,10.63,155.49,27.84,158.5,26.59,1.04,24.62,27.56,11.06,170.43,27.79,155.17,26.28
T1,5.888,1.1,26.35,23.95,10.83,162.62,25.39,166.6,28.25,1.15,27.01,25.59,10.86,163.07,27.86,147.37,28.07
T8,5.921,1.12,27.0,25.94,10.4,178.99,24.81,171.84,25.87,0.99,26.01,25.97,10.35,168.06,24.58,176.12,26.16
T3,5.925,0.99,26.74,27.18,11.84,158.91,28.16,161.16,27.21,1.0,23.97,26.84,10.61,157.61,27.59,149.76,24.2
T2,5.96,0.95,23.7,27.21,10.74,145.86,28.01,162.15,25.15,0.99,26.76,28.99,10.77,138.47,26.31,168.8,25.46
T7,5.965,1.05,28.57,25.37,9.95,140.12,28.82,154.28,29.76,1.09,27.1,25.22,10.73,146.28,28.56,155.19,26.32
T2,5.969,0.96,24.28,26.25,11.23,138.26,26.83,173.64,26.11,1.02,25.55,26.2,9.76,158.07,26.46,156.35,26.3
T3,5.99,1.14,26.34,26.27,10.93,159.62,26.28,165.65,25.86,1.1,25.1,27.69,10.17,161.7,27.55,166.42,24.8
T9,5.998,1.04,25.6,26.46,10.06,150.97,26.56,164.92,26.26,1.02,25.2,27.57,10.1,141.36,24.34,143.62,27.72
T7,6.021,0.99,24.68,28.66,10.19,147.92,28.07,165.88,26.59,1.1,26.5,24.87,10.28,163.2,25.97,160.52,27.42
T1,6.023,1.08,26.25,28.14,11.08,165.24,27.7,171.66,26.79,1.15,27.52,25.51,11.76,154.7,27.2,167.03,26.07
T8,6.024,0.99,26.22,24.96,10.78,160.87,27.41,156.55,23.65,1.09,26.89,28.6,11.64,171.39,27.84,167.79,27.22
T1,6.025,1.06,26.69,28.1,10.26,158.19,27.58,154.71,25.65,1.08,23.85,24.45,10.58,143.14,26.4,150.07,25.71
T6,6.026,1.12,26.76,27.77,10.55,161.55,28.26,151.74,27.52,1.08,25.99,26.91,11.1,143.41,24.92,172.93,25.84
T4,6.029,1.05,26.95,25.7,10.19,162.95,27.24,159.3,25.46,1.16,27.34,26.58,9.87,161.21,27.51,161.12,28.08
T9,6.052,0.98,26.14,27.25,10.24,160.88,27.4,148.25,26.64,1.04,28.78,26.33,10.03,140.74,26.99,157.24,27.9
T6,6.056,0.98,26.82,26.07,10.58,162.73,28.0,150.16,24.02,1.08,24.23,27.57,10.58,141.95,24.62,148.31,24.93
T1,6.062,1.14,26.74,24.57,11.52,151.04,25.61,148.79,26.71,0.99,25.91,27.35,11.16,150.25,25.44,170.26,26.31
T4,6.07,1.06,26.6,24.65,10.88,162.08,24.56,156.12,27.32,1.02,27.12,27.05,9.59,153.12,27.97,159.66,26.51
T6,6.095,1.12,25.06,27.3,10.6,162.05,25.55,159.36,27.21,1.06,28.17,26.34,11.3,147.35,25.1,161.1,24.3
T4,6.106,1.18,25.09,24.9,10.06,167.33,25.58,145.5,26.17,1.11,24.24,27.26,9.58,155.51,27.89,155.88,27.8
T6,6.112,0.98,26.86,26.19,10.58,159.01,26.45,148.43,24.75,1.0,27.76,26.95,11.37,145.76,26.25,146.72,26.06
T6,6.113,1.04,25.34,26.6,9.76,162.56,26.09,152.04,26.57,1.1,25.22,26.7,10.73,166.95,27.43,154.18,25.36
T5,6.118,1.09,25.48,25.5,10.4,165.49,24.32,163.47,26.09,0.99,25.31,25.72,10.91,158.8,24.64,164.89,26.67
T10,6.147,1.06,26.82,23.64,10.86,154.4,27.55,171.48,26.06,1.17,25.36,24.52,9.76,163.47,26.81,160.29,27.75
T2,6.152,1.04,25.7,26.01,10.05,150.57,29.29,166.94,25.22,1.06,23.67,25.35,10.76,146.01,27.5,172.19,25.41
T9,6.161,1.0,25.65,26.68,10.2,165.77,26.21,163.32,26.35,1.12,28.75,24.95,10.39,145.41,28.41,151.13,28.57
T4,6.162,1.09,27.88,25.96,10.79,148.53,25.62,166.25,25.95,1.09,26.35,26.97,10.74,147.53,24.06,149.72,28.01
T9,6.168,0.97,25.45,27.51,10.7,153.4,25.52,156.73,24.85,1.0,29.25,28.54,10.95,160.17,26.61,159.26,27.85
T6,6.181,1.03,24.05,29.27,10.3,146.14,25.67,165.68,27.37,1.14,25.94,26.69,10.64,163.54,25.54,161.1,26.59
T6,6.208,1.11,26.86,27.54,9.79,161.12,26.96,164.1,26.27,0.98,28.1,26.5,10.96,159.2,24.04,159.84,24.28
T6,6.219,1.07,27.52,27.67,9.59,157.86,25.88,170.99,26.24,1.09,25.58,28.4,10.95,165.9,27.96,157.07,26.33
T8,6.223,1.1,27.12,27.24,11.58,159.24,27.8,169.05,26.3,0.97,27.43,28.87,10.79,166.23,27.18,162.95,23.68
T7,6.226,0.95,25.56,25.15,11.02,145.5,28.84,146.5,29.62,1.08,24.77,27.21,10.16,150.29,26.31,154.45,27.76
T5,6.228,1.11,24.37,27.59,10.31,160.94,25.78,161.53,25.53,1.1,23.35,25.1,10.76,176.15,23.6,153.53,28.26
T5,6.248,1.09,26.46,26.96,9.84,175.46,26.07,174.48,26.9,1.06,25.33,25.56,11.15,158.73,25.84,165.91,26.64
T1,6.254,1.16,23.36,25.9,10.13,149.18,25.33,157.92,24.93,1.07,26.41,27.46,11.91,159.59,25.13,147.22,28.22
T4,6.257,1.06,23.72,26.91,10.57,160.33,26.41,160.55,26.14,1.03,23.99,24.98,10.01,150.78,26.04,161.95,25.92
T5,6.259,0.98,25.25,25.1,11.2,173.39,24.94,169.53,28.22,1.03,26.08,26.45,10.48,163.81,26.52,172.38,28.91
T9,6.266,1.07,27.05,28.19,10.96,153.85,27.1,147.79,25.57,0.98,25.39,28.04,10.02,151.39,24.84,162.47,28.33
T8,6.271,0.97,28.46,29.38,11.24,156.29,26.98,160.25,24.33,0.96,28.61,26.87,10.56,151.82,28.26,166.78,26.83
T8,6.304,1.07,27.94,26.28,9.96,177.82,25.1,157.84,26.95,1.02,28.59,28.87,11.67,177.16,27.83,150.51,24.18
T3,6.331,1.09,27.52,25.62,11.69,170.16,24.37,170.64,25.66,1.1,27.73,27.94,10.74,149.58,24.83,147.15,27.21
T7,6.337,0.93,25.63,28.45,10.06,161.77,24.3,154.59,28.48,0.95,25.04,26.84,10.76,147.5,28.87,152.86,25.92
T7,6.347,0.95,26.31,26.88,11.16,155.99,28.14,165.89,26.9,1.04,26.85,28.96,10.71,162.94,25.72,161.36,26.29
T4,6.367,1.02,24.49,26.79,10.76,160.96,24.49,163.59,27.85,1.08,23.77,28.03,9.68,163.83,25.11,158.67,25.09
T3,6.385,1.12,27.53,25.3,11.62,163.07,27.99,160.74,26.0,1.06,23.92,25.37,10.23,166.47,26.48,169.96,27.49
T1,6.395,1.16,27.57,26.19,10.87,151.52,24.08,161.29,27.11,1.0,26.79,27.46,11.42,141.22,27.38,168.02,28.46
T1,6.396,1.02,26.62,26.67,10.54,163.38,28.0,161.32,25.92,1.04,26.32,24.42,11.7,145.25,24.97,148.3,27.16
T2,6.396,1.02,24.82,24.98,10.18,138.4,29.03,161.34,27.29,0.98,26.93,26.71,10.35,161.16,29.02,156.29,24.52
T4,6.405,1.05,23.59,26.79,10.3,161.18,23.72,151.25,27.98,1.19,26.66,26.48,10.68,171.78,27.29,167.3,27.81
T3,6.423,1.0,28.06,25.18,11.08,173.29,26.12,166.45,27.54,1.12,26.04,24.24,10.26,170.79,26.0,146.56,26.11
T8,6.425,1.06,27.42,26.12,11.6,166.3,26.9,152.62,23.88,1.12,24.65,28.15,9.89,178.86,24.98,164.27,23.34
T3,6.425,1.04,25.46,27.66,10.2,146.5,26.82,168.43,27.54,1.08,27.12,24.9,11.32,147.41,26.77,153.94,25.8
T3,6.429,1.13,27.54,24.01,11.85,155.74,28.07,156.29,25.94,1.09,25.33,25.36,10.19,154.97,24.32,149.21,23.89
T3,6.434,1.01,25.53,24.78,10.33,169.54,26.64,151.95,24.06,1.03,23.8,23.88,11.19,154.26,26.32,170.23,24.59
T5,6.434,1.04,24.16,26.06,10.69,161.96,25.8,160.18,28.04,1.14,27.56,24.1,10.1,160.34,25.84,153.65,27.47
T9,6.445,1.1,29.49,24.66,11.37,158.0,27.61,150.4,24.41,0.95,26.83,24.71,10.26,165.66,27.45,166.9,28.26
T3,6.448,1.03,24.98,26.24,10.39,169.86,26.32,162.3,24.84,1.03,25.46,24.51,10.54,146.68,24.87,149.21,23.34
T5,6.45,1.07,26.66,23.59,10.2,159.37,23.83,161.71,27.33,1.0,27.07,27.1,11.01,165.25,26.51,151.82,28.15
T3,6.451,1.01,26.28,27.82,11.53,160.83,26.32,156.92,24.98,1.13,25.15,25.14,10.49,164.29,28.36,160.42,25.93
T2,6.463,0.96,23.74,29.3,10.44,143.97,27.99,149.26,28.35,1.02,25.13,25.02,10.34,144.13,27.92,148.6,24.59
T5,6.471,1.13,23.79,26.39,10.79,157.3,26.82,171.5,26.9,1.14,25.77,25.65,11.16,172.52,24.71,176.12,28.41
T3,6.477,1.16,25.16,24.2,11.53,165.1,25.59,167.01,26.07,1.14,24.67,26.51,11.38,167.26,24.69,153.93,24.32
T8,6.482,0.96,27.33,27.57,11.37,159.99,25.46,156.63,24.65,1.11,28.58,27.7,10.86,153.58,28.4,150.32,26.38
T6,6.51,1.11,27.83,24.78,10.07,165.81,25.4,148.38,24.01,1.11,27.74,28.89,10.93,142.56,27.65,150.5,25.06
T1,6.528,1.14,24.08,27.64,11.01,157.41,25.05,157.79,26.92,1.12,27.71,28.21,10.86,145.48,23.9,160.97,24.11
T1,6.537,1.07,25.34,25.2,10.71,149.86,23.93,165.22,25.5,1.01,26.98,28.31,11.22,158.66,25.16,163.57,28.06
T2,6.541,1.0,26.64,27.75,10.02,144.94,26.33,147.76,27.5,0.94,24.74,28.63,10.89,157.06,26.57,159.88,26.3
T3,6.556,1.09,24.98,25.04,10.12,169.44,23.96,148.01,25.07,1.12,27.2,26.23,10.34,162.02,23.91,161.82,24.66
T1,6.556,1.08,27.3,26.0,11.47,144.78,24.32,151.7,27.11,1.13,26.71,26.63,11.13,151.01,23.96,168.85,25.45
T9,6.561,1.07,29.27,26.51,11.1,157.14,25.58,160.66,24.62,0.96,27.92,27.52,11.5,157.06,25.34,159.75,25.95
T3,6.575,1.1,25.9,26.26,10.46,153.82,27.99,161.52,27.09,1.0,25.15,23.85,10.01,153.55,27.17,152.78,23.48
T10,6.575,1.15,27.41,23.19,9.27,170.49,26.05,160.32,26.52,1.09,25.35,23.16,10.33,171.34,25.81,155.47,26.06
T9,6.59,0.99,26.81,28.17,9.97,149.55,24.93,160.47,24.57,1.02,28.44,24.18,10.99,141.01,25.69,162.07,25.76
T3,6.595,1.0,24.46,24.57,10.01,171.07,26.9,162.99,24.8,0.98,25.13,24.5,11.63,172.62,26.09,150.43,27.4
T8,6.608,0.98,26.68,29.52,10.04,160.17,24.21,150.47,25.72,1.09,25.6,24.89,10.94,152.83,24.54,150.54,27.56
T5,6.609,1.04,24.37,24.84,11.16,162.32,27.13,176.46,26.33,1.0,23.59,23.67,10.64,175.92,24.32,165.34,28.65
T3,6.611,1.01,27.35,24.84,10.17,168.23,24.3,151.26,25.18,1.09,24.08,24.74,10.84,160.03,24.98,162.86,25.64
T7,6.613,1.07,25.26,27.78,11.07,142.19,26.65,167.86,26.93,1.06,26.55,29.28,10.99,157.94,28.31,151.28,27.47
T2,6.64,1.02,25.96,29.24,9.46,163.63,28.7,161.94,27.2,1.02,27.23,29.09,10.35,158.57,29.22,152.81,26.78
T10,6.651,1.06,24.55,24.77,9.76,159.98,28.64,154.06,25.44,1.11,23.94,26.32,9.93,165.91,25.97,152.84,25.69
T2,6.667,1.0,25.4,28.88,9.48,156.93,27.19,168.98,27.68,1.02,23.55,25.13,10.4,159.36,25.29,154.55,24.01
T7,6.683,1.04,26.86,26.18,11.02,153.49,25.29,146.69,29.07,1.03,25.76,28.78,10.01,150.93,26.0,146.83,29.35
T1,6.687,1.1,23.62,26.07,10.67,141.13,27.6,155.58,25.89,1.09,24.78,25.51,11.04,143.59,24.37,172.75,26.83
T2,6.687,1.07,23.89,28.71,10.62,148.79,27.63,172.66,24.56,1.1,26.96,25.44,10.58,148.18,26.05,172.94,25.22
T3,6.726,1.16,25.04,26.88,11.56,173.53,25.42,170.12,26.77,1.11,24.0,27.12,10.33,157.94,26.75,170.72,26.49
T6,6.732,1.09,26.49,24.78,10.63,159.61,27.94,167.15,23.4,1.0,23.89,25.97,10.86,143.41,25.05,163.23,25.26
T8,6.734,1.08,24.8,26.79,11.6,170.33,25.92,175.7,23.47,1.03,25.73,27.49,11.04,177.03,26.7,174.86,25.74
T1,6.745,1.1,23.38,26.83,10.23,151.63,26.42,161.58,25.65,1.08,27.64,24.4,10.85,166.31,25.98,170.52,26.58
T1,6.746,1.12,27.02,26.59,11.42,153.85,26.99,170.38,28.17,1.15,26.85,25.56,10.39,146.86,26.61,149.25,25.1
T2,6.75,0.95,27.56,29.16,10.82,142.81,25.07,157.67,25.86,1.04,27.24,28.75,10.78,146.58,25.4,148.03,27.92
T6,6.765,1.1,25.79,27.36,10.53,147.88,24.28,164.18,27.76,1.09,24.01,26.61,11.31,141.64,26.48,147.68,26.02
T8,6.772,1.11,27.26,27.64,11.39,176.92,27.37,164.41,24.33,1.09,25.63,27.25,10.89,153.82,25.68,169.44,27.35
T5,6.772,1.14,25.84,26.18,10.72,169.56,23.4,152.52,28.32,1.09,23.93,26.88,10.98,167.4,27.14,169.56,25.49
T10,6.773,1.11,27.61,24.35,10.7,147.82,28.01,178.81,27.26,1.02,26.55,23.78,9.49,162.7,26.79,157.84,26.6
T1,6.775,1.12,26.9,24.42,10.49,161.63,26.45,170.88,25.8,1.05,26.37,25.24,10.37,158.19,25.88,153.49,27.44
T3,6.789,1.14,27.68,25.01,11.12,168.82,28.29,165.81,26.75,1.0,24.65,26.89,10.8,168.29,25.0,165.9,25.21
T9,6.802,1.04,26.55,25.82,11.59,160.36,27.33,159.34,27.05,1.02,25.61,26.0,10.93,140.69,26.15,149.85,24.24
T10,6.812,1.04,25.91,27.24,9.79,162.06,25.27,170.51,25.72,1.08,23.8,26.38,10.22,157.61,28.22,166.46,26.47
T1,6.833,1.14,26.53,27.86,11.18,156.07,23.97,150.07,24.76,1.1,27.12,24.2,11.59,146.47,26.23,153.53,28.04
T1,6.848,1.1,27.71,25.2,11.01,142.58,24.79,157.93,26.08,1.13,27.67,26.64,10.3,165.08,24.26,148.97,27.75
T10,6.853,1.08,24.2,27.38,9.41,170.04,26.39,167.28,25.59,1.13,25.74,24.25,9.87,161.75,28.33,152.67,27.6
T7,6.862,0.94,27.41,28.34,10.61,161.45,24.43,150.28,26.59,1.02,25.98,26.02,9.9,148.65,26.81,155.72,25.42
T1,6.879,1.08,23.83,27.71,11.68,147.08,25.05,157.92,26.49,1.02,27.4,26.48,10.64,158.26,24.94,168.04,25.4
T9,6.879,1.08,26.01,28.32,11.4,143.4,27.0,144.82,26.38,1.04,27.21,25.2,10.81,158.84,27.33,146.76,28.66
T9,6.892,1.03,25.34,26.99,10.05,158.39,27.83,151.27,25.2,1.06,26.11,24.73,11.49,160.35,26.76,142.67,27.75
T4,6.905,1.01,27.63,25.51,10.66,170.52,24.02,168.59,24.62,1.1,23.54,27.9,10.01,163.77,25.61,164.56,26.27
T1,6.914,1.0,23.42,26.3,10.95,156.38,24.9,171.78,25.89,1.1,23.41,25.02,11.56,145.98,26.67,172.69,24.66
T2,6.928,0.95,24.51,28.15,9.56,159.46,27.07,164.88,25.33,0.95,25.22,26.65,11.15,143.08,28.83,160.73,25.1
T3,6.936,1.02,25.72,26.27,10.66,169.26,27.31,153.38,25.93,1.09,25.29,27.55,11.06,164.28,24.46,154.72,27.29
T6,6.94,1.08,25.49,25.21,9.99,148.32,25.55,161.12,26.56,1.06,24.19,28.99,11.24,145.93,24.26,150.49,26.47
T7,6.976,0.96,24.59,27.81,10.1,165.59,27.14,148.94,25.37,1.06,27.88,27.77,11.27,159.68,28.6,152.73,27.37
T2,6.978,0.94,25.43,26.38,10.91,144.87,29.1,156.86,26.77,1.1,23.85,28.88,10.81,149.39,26.42,167.02,24.15
T1,6.978,1.07,24.2,27.88,11.93,148.31,26.51,168.74,28.0,1.12,27.32,25.04,10.32,154.26,24.7,146.75,24.8
T6,6.999,0.96,27.37,29.04,10.09,141.13,25.65,151.23,25.34,0.97,27.24,27.85,9.61,146.88,27.02,149.51,24.13
T6,7.001,1.02,25.48,28.76,10.58,155.8,24.53,168.55,25.44,1.05,25.12,25.1,9.64,161.05,25.55,161.94,24.57
T10,7.01,1.01,24.16,24.53,10.01,159.26,25.24,164.75,28.53,1.13,25.71,24.07,9.83,171.18,26.43,170.73,26.67
T7,7.021,1.05,25.97,26.18,10.18,151.72,28.61,167.04,28.85,1.03,28.69,24.9,11.62,151.33,24.54,145.33,26.27
T9,7.022,1.08,28.66,28.36,10.01,160.66,26.65,153.86,28.49,0.99,24.86,27.18,11.2,149.27,24.42,150.04,26.49
T3,7.046,1.0,24.59,26.73,11.36,148.59,26.56,154.12,25.93,0.99,26.14,26.59,11.08,152.13,27.97,153.75,27.08
T8,7.049,0.95,25.05,28.21,10.96,176.72,26.0,159.6,23.32,0.95,25.88,25.61,11.23,155.26,24.95,162.28,24.98
T10,7.052,1.08,26.51,24.13,9.73,148.11,26.42,155.74,26.67,1.11,27.19,25.66,10.81,174.72,28.31,166.46,26.2
T9,7.062,1.08,26.52,26.04,9.97,164.29,24.52,167.0,25.33,0.97,25.6,24.83,10.55,145.67,26.57,165.22,25.52
T3,7.104,1.07,26.77,25.14,11.31,164.83,26.46,163.38,24.05,1.12,27.31,25.45,10.59,148.08,27.48,171.12,24.08
T1,7.111,1.04,26.19,24.38,10.98,156.41,24.35,156.87,26.14,1.09,24.56,24.95,11.7,150.59,25.58,172.76,25.46
T4,7.114,1.14,26.55,25.58,9.95,169.08,25.02,156.4,27.55,1.15,24.4,27.64,9.9,160.96,25.89,153.44,27.43
T9,7.122,1.08,28.02,25.32,11.36,165.88,24.19,143.62,25.73,0.96,24.97,26.36,9.83,140.19,27.28,151.98,26.33
T2,7.145,1.07,25.7,28.6,10.62,145.17,28.27,154.4,28.36,1.1,27.55,29.21,10.22,146.58,25.75,166.61,27.72
T4,7.147,1.03,26.94,26.74,9.82,159.46,25.02,168.52,26.02,1.08,26.35,27.8,11.07,167.13,27.27,149.83,27.95
T9,7.157,1.09,25.69,26.53,10.87,155.85,26.03,140.57,27.74,1.07,28.4,28.21,11.49,166.15,26.64,142.03,28.61
T4,7.183,1.12,27.19,27.28,10.46,166.46,25.9,149.1,27.98,1.06,24.24,26.5,9.54,160.14,24.59,169.44,25.74
T3,7.195,1.07,28.09,25.18,11.83,146.35,25.04,149.6,27.03,1.01,27.56,23.53,10.49,156.03,27.32,156.93,27.07
T2,7.204,1.07,27.51,27.36,10.97,152.96,27.07,174.46,26.96,1.0,24.92,25.72,10.37,139.28,27.47,160.03,28.21
T4,7.222,1.14,26.77,25.68,9.77,168.51,23.82,159.31,25.81,1.12,24.49,28.06,10.0,165.99,25.57,154.04,26.89
T5,7.231,1.13,25.54,25.22,10.2,169.81,24.81,160.45,26.95,1.0,27.55,25.73,10.6,164.33,23.02,162.8,27.51
T6,7.236,0.99,24.23,26.5,10.13,155.43,26.73,158.21,25.59,0.98,24.48,28.11,10.68,158.16,26.92,164.31,25.14
T3,7.257,1.04,25.29,25.86,10.74,173.35,26.47,166.16,27.38,1.01,28.0,24.1,11.48,152.53,27.11,149.39,25.0
T9,7.259,1.1,25.0,24.52,11.12,160.17,26.96,142.36,26.15,1.0,29.25,26.37,10.48,158.88,27.79,146.54,26.41
T8,7.273,0.97,26.66,27.49,10.6,176.35,27.36,156.77,27.1,1.07,25.7,28.86,10.24,159.36,27.91,173.85,25.2
T2,7.281,1.07,26.14,27.71,11.07,140.59,25.59,171.69,27.11,0.99,26.48,29.2,10.72,145.3,26.09,159.68,27.9
T8,7.282,0.98,24.69,25.84,9.98,170.84,26.41,167.68,23.52,1.0,27.05,29.1,10.05,173.3,25.06,176.08,24.44
T9,7.289,0.99,26.88,28.57,11.34,155.4,26.4,156.62,24.73,1.02,25.55,26.38,10.16,162.88,26.89,160.87,27.46
T6,7.338,1.06,24.94,26.0,9.72,145.87,27.99,167.25,24.34,0.98,26.29,27.15,9.68,146.07,24.11,168.51,27.56
T10,7.342,1.0,26.62,25.39,9.86,158.28,25.42,151.55,27.41,1.1,25.49,24.04,10.73,171.73,28.46,150.45,27.18
T9,7.357,1.08,25.4,28.2,10.47,143.7,24.96,142.03,26.04,0.94,29.43,28.27,11.28,160.36,24.04,152.92,24.8
T8,7.373,1.01,24.17,28.21,10.98,171.86,26.19,174.29,24.68,1.04,25.0,28.77,11.42,158.13,25.71,170.95,25.45
T2,7.378,1.04,25.25,29.2,11.09,146.31,25.18,162.58,26.34,1.0,27.49,26.89,10.1,146.47,27.84,147.83,26.74
T4,7.388,1.14,26.12,26.09,10.9,161.71,23.98,152.57,25.58,1.1,27.82,24.15,9.74,152.97,27.52,155.2,25.65
T2,7.402,1.09,27.42,26.12,9.65,147.87,25.44,150.57,27.11,1.01,25.63,28.24,10.06,150.84,26.58,172.94,24.02
T8,7.407,1.05,27.89,28.87,10.59,176.41,28.35,159.55,25.11,1.03,27.06,27.18,11.63,154.23,24.18,174.35,24.05
T1,7.416,1.04,26.43,24.71,11.74,144.44,24.17,168.85,25.63,1.1,25.5,24.73,10.53,147.32,24.31,146.75,24.92
T9,7.423,1.02,24.8,27.82,11.16,153.81,27.58,144.92,25.52,1.04,26.23,27.27,10.32,154.91,28.38,159.51,24.79
T6,7.432,1.02,27.18,28.28,10.34,148.79,25.71,172.74,26.59,1.06,24.68,26.57,11.13,153.64,25.05,149.39,25.25
T1,7.439,1.17,24.14,25.38,10.98,157.9,24.89,155.95,28.11,1.14,27.01,26.2,10.68,152.81,26.26,148.92,27.88
T9,7.457,0.95,27.96,26.23,10.95,150.76,28.16,146.06,25.87,1.09,27.05,27.78,9.91,164.31,24.38,150.65,28.56
T10,7.505,1.05,23.71,26.94,10.77,157.17,27.58,168.13,28.79,1.12,26.5,26.34,9.69,156.1,27.94,150.53,29.44
T6,7.521,0.99,26.86,27.05,10.1,161.88,24.55,155.66,25.38,0.97,26.41,25.13,9.9,146.68,26.19,156.52,23.55
T10,7.537,1.15,24.61,23.98,10.31,153.78,28.59,175.86,26.83,1.12,23.74,23.53,9.27,156.49,28.98,159.57,27.72
T8,7.54,1.0,28.58,28.48,10.01,164.85,26.55,149.36,26.56,1.08,25.32,26.75,10.96,151.94,24.61,160.71,25.46
T9,7.547,1.09,29.02,27.45,11.28,158.12,27.45,151.57,27.31,1.06,26.96,27.62,11.61,146.86,27.98,155.94,28.25
T6,7.561,1.11,25.8,28.72,9.93,144.91,28.37,159.74,25.1,1.08,24.97,25.04,9.81,155.43,25.52,160.18,23.9
T4,7.569,1.04,23.9,25.46,10.24,162.95,25.0,151.05,28.7,1.17,25.68,27.04,10.8,152.93,24.93,163.93,26.94
T5,7.573,0.98,24.4,25.8,10.68,172.61,26.87,152.8,28.32,1.12,27.55,24.6,11.34,158.23,26.83,170.96,25.65
T3,7.587,1.03,26.15,24.38,11.62,152.14,26.48,163.72,24.45,1.15,25.46,23.64,10.45,155.33,26.5,145.99,27.34
T9,7.588,1.07,26.93,24.22,10.57,165.9,24.3,142.63,27.78,0.98,27.67,24.4,9.93,157.03,26.96,153.5,26.44
T6,7.591,0.96,24.9,28.89,10.72,157.81,27.69,169.72,27.05,1.0,24.03,27.44,9.85,142.78,28.43,166.32,25.84
T9,7.597,1.09,27.16,25.68,10.56,159.83,25.53,142.36,24.79,1.05,27.25,26.14,10.39,155.57,26.96,144.18,27.37
T3,7.603,1.15,25.82,25.9,10.85,157.95,27.84,162.83,26.58,0.98,25.07,26.13,11.41,157.05,24.16,152.51,25.28
T9,7.603,0.98,26.16,28.54,10.76,142.18,26.73,162.76,26.45,1.04,25.72,28.68,11.4,147.95,24.45,157.29,25.4
T8,7.605,1.07,24.42,28.2,9.93,159.52,27.32,158.46,25.77,1.1,26.32,27.7,10.28,165.45,27.4,150.61,23.85
T5,7.615,0.98,23.92,24.44,11.37,163.95,23.92,158.4,28.71,1.13,26.52,26.4,10.74,154.28,24.59,165.45,28.58
T7,7.623,0.96,26.03,26.18,11.45,155.65,24.37,169.69,27.9,0.95,27.32,25.16,10.43,141.53,25.67,161.57,29.7
T9,7.64,0.99,28.13,24.75,11.3,163.1,26.52,149.85,25.49,1.09,29.46,25.58,11.53,158.84,28.2,157.55,27.64
T6,7.64,1.01,24.07,26.0,10.57,149.77,27.8,159.74,25.05,1.1,26.9,28.04,10.01,141.47,27.63,170.17,23.85
T9,7.643,1.1,27.22,26.81,11.03,159.22,27.71,166.72,25.62,1.0,29.27,24.92,10.32,141.81,25.01,161.97,25.75
T4,7.648,1.15,24.96,25.54,9.45,172.91,24.83,167.69,24.63,1.13,23.91,25.76,9.9,169.6,27.85,146.66,24.98
T4,7.685,1.12,23.73,28.08,9.53,153.39,24.63,170.47,25.66,1.07,23.75,24.82,9.85,153.06,25.37,156.14,28.49
T4,7.685,1.07,25.75,27.12,10.84,172.61,27.12,172.62,24.92,1.16,25.05,27.71,9.49,166.22,25.53,153.74,28.91
T10,7.687,1.02,25.46,27.38,9.91,148.29,26.42,176.19,25.52,1.01,25.03,26.81,9.99,150.31,27.58,156.12,28.45
T4,7.695,1.08,24.4,26.89,10.29,163.12,24.59,153.39,25.89,1.18,25.87,28.41,10.9,162.27,28.07,153.41,25.58
T9,7.708,1.03,25.45,27.26,11.05,162.6,27.21,159.4,26.7,1.0,26.01,24.93,11.02,146.67,27.52,153.19,26.33
T9,7.713,1.05,28.36,27.68,9.89,163.77,25.24,156.28,27.9,0.99,27.68,24.75,11.17,162.5,25.52,160.84,24.82
T6,7.716,1.11,28.35,28.5,11.03,155.07,28.05,163.32,25.75,0.97,25.12,25.37,11.31,154.3,24.87,163.58,27.26
T4,7.722,1.19,24.16,25.96,10.43,174.46,25.55,145.23,28.28,1.12,27.84,27.08,10.8,156.72,23.86,168.73,28.55
T4,7.723,1.11,25.36,24.3,9.59,159.79,26.79,164.81,25.13,1.09,23.94,24.83,9.43,170.52,25.95,150.66,25.9
T5,7.725,1.0,23.5,24.1,11.09,170.04,24.83,163.01,27.82,1.14,25.16,27.69,11.28,161.9,26.52,172.01,29.22
T4,7.728,1.03,25.41,26.73,10.96,152.19,26.75,152.4,28.27,1.15,24.27,25.06,9.78,156.18,24.24,165.28,25.65
T2,7.728,1.07,25.23,28.62,9.84,150.42,28.66,150.7,27.76,1.07,23.44,28.61,10.36,139.29,26.17,168.31,27.53
T10,7.765,1.0,25.04,25.4,10.62,157.82,26.3,166.25,25.08,1.15,24.38,23.96,10.73,147.82,26.26,156.4,29.22
T7,7.806,1.06,24.42,28.84,11.1,141.18,25.38,149.34,29.03,1.1,25.41,27.46,11.41,153.9,25.51,167.15,26.44
T4,7.81,1.13,27.81,24.19,10.42,154.44,25.86,155.16,24.77,1.14,24.62,27.59,9.45,172.2,27.04,153.38,28.29
T7,7.823,0.96,24.68,27.6,10.95,150.77,25.73,145.21,27.24,1.09,28.3,28.11,10.19,151.3,26.25,164.23,29.36
T3,7.84,1.04,24.78,23.98,10.9,164.82,27.36,151.14,25.68,1.07,25.85,24.87,11.7,147.63,25.76,159.69,25.37
T2,7.878,1.11,26.59,24.86,10.43,155.41,26.0,169.44,25.56,0.97,25.42,25.71,9.51,152.64,24.64,170.82,24.52
T7,7.879,1.02,25.11,26.84,11.74,161.62,25.8,158.4,25.32,1.02,26.94,27.65,10.8,150.71,25.91,158.1,29.76
T9,7.892,1.08,28.94,25.16,10.77,156.91,24.46,145.81,28.61,1.0,26.24,28.55,11.13,164.29,25.11,148.05,24.21
T3,7.909,1.15,24.14,23.9,11.32,152.43,26.19,168.97,23.79,1.15,27.11,24.49,10.24,168.06,26.68,152.71,24.22
T5,7.938,1.12,25.03,23.94,10.7,167.53,26.27,160.08,25.13,1.06,23.79,26.9,10.02,159.95,25.48,162.1,26.1
T9,7.938,1.1,29.34,26.37,10.77,164.79,24.25,163.62,27.84,1.08,27.85,27.77,10.31,144.71,24.55,163.19,27.13
T10,7.943,1.04,27.54,25.4,9.37,167.71,25.16,169.8,26.26,1.12,27.07,25.52,9.7,163.52,25.1,171.52,25.26
T9,7.952,0.96,26.8,24.47,11.03,140.3,28.14,141.39,24.52,0.94,27.17,28.71,11.22,165.33,26.39,165.33,27.51
T7,7.953,1.01,26.94,27.06,11.4,154.97,28.23,150.24,25.09,1.0,27.15,27.93,11.06,149.56,28.58,157.24,25.14
T2,7.955,0.95,26.93,25.19,10.15,140.17,28.08,173.66,26.91,1.1,23.91,27.23,10.87,143.25,26.57,148.24,28.42
T2,7.959,1.03,23.75,26.75,10.83,139.74,29.0,148.87,27.03,1.03,27.19,28.52,10.88,144.12,25.6,165.2,24.07
T8,7.96,1.12,27.34,28.07,9.85,171.13,28.15,165.81,23.47,1.09,26.25,25.74,9.85,163.15,27.36,162.38,23.63
T2,7.975,1.02,26.05,28.95,9.91,150.16,27.39,153.96,24.74,0.95,23.74,25.66,9.77,160.15,25.54,172.66,24.2
T7,7.985,1.08,25.22,28.55,10.24,160.27,24.92,144.75,27.79,0.93,27.22,27.94,10.34,160.24,25.84,153.46,26.2
T1,7.999,1.0,24.83,25.32,10.32,162.93,26.59,168.65,27.44,1.0,24.8,26.97,10.31,146.66,25.65,162.59,26.7
T3,7.999,1.15,27.23,25.36,10.67,149.54,25.37,160.42,24.28,1.09,25.12,26.75,10.42,157.05,25.49,155.06,24.26
T5,8.006,1.14,23.32,25.2,10.91,156.0,25.24,167.85,25.65,1.08,23.71,26.32,10.45,162.59,26.94,165.56,24.75
T4,8.011,1.1,27.74,27.2,10.06,151.62,25.16,154.84,24.74,1.18,26.71,27.89,9.37,174.43,27.71,151.51,25.96
T9,8.013,1.01,26.93,26.29,11.29,142.93,24.13,163.23,25.6,1.11,26.77,24.34,10.77,145.16,24.32,166.11,25.87
T2,8.019,0.99,24.51,27.77,9.7,149.49,29.0,163.02,26.64,1.03,23.99,26.76,9.45,158.32,26.15,159.02,26.3
T4,8.027,1.09,26.8,24.76,11.05,162.87,25.14,158.47,26.96,1.01,25.4,26.82,9.9,171.84,25.57,170.56,27.77
T9,8.041,1.01,26.42,28.24,9.94,155.02,26.06,142.03,25.37,1.11,27.82,26.05,10.95,145.19,24.69,159.94,28.48
T4,8.073,1.15,24.43,27.05,10.09,162.91,27.89,147.07,24.99,1.07,23.74,25.54,10.27,157.64,26.78,159.0,27.62
T9,8.073,0.98,28.32,24.31,9.93,152.02,27.98,147.42,25.0,1.01,27.14,27.0,11.52,159.78,26.94,148.6,24.62
T6,8.073,1.08,26.61,27.3,10.55,140.99,24.12,169.18,26.8,0.98,25.11,27.65,9.75,142.11,27.99,167.79,25.55
T4,8.082,1.03,26.16,28.1,10.05,154.02,26.45,162.4,25.71,1.04,26.67,25.5,9.5,148.78,25.86,167.69,26.23
T8,8.084,0.95,27.06,24.86,11.43,169.93,26.54,168.8,26.14,1.07,24.6,27.15,10.97,176.59,28.02,172.33,23.64
T1,8.108,1.06,23.41,26.78,11.68,146.92,24.75,162.33,25.85,1.1,26.1,24.24,11.23,155.72,25.6,152.51,28.56
T3,8.114,1.16,25.05,23.79,11.85,156.8,25.35,153.87,25.94,1.11,25.13,25.32,11.76,163.03,24.47,171.44,24.97
T10,8.116,1.1,23.63,27.39,10.79,173.24,27.08,152.1,26.91,1.06,23.96,24.83,9.35,163.23,27.9,158.45,28.37
T5,8.133,1.02,25.04,23.83,10.87,156.28,27.17,165.64,28.1,1.03,25.43,27.51,10.86,154.13,26.26,150.38,27.94
T3,8.134,1.09,24.7,23.57,10.51,161.11,24.49,146.84,26.66,1.0,23.92,24.95,10.53,166.18,25.91,155.29,25.01
T4,8.15,1.04,25.84,26.72,9.45,150.75,24.56,157.45,28.7,1.06,23.96,27.31,9.59,148.99,24.38,150.61,26.1
T1,8.188,1.11,23.92,24.43,10.2,140.09,24.35,166.4,25.22,1.02,25.45,26.07,11.88,165.22,27.94,151.99,24.15
T9,8.198,1.07,25.64,28.21,10.94,146.4,27.77,165.77,27.74,1.09,26.89,25.85,11.43,142.65,25.37,157.71,24.88
T8,8.204,1.04,25.6,28.52,10.85,152.63,26.83,175.7,25.55,1.04,25.41,28.31,10.87,154.63,27.02,154.12,24.02
T1,8.24,1.13,27.36,28.34,10.27,160.44,23.75,147.9,27.51,0.99,26.38,25.47,11.7,146.48,24.69,157.98,25.6
T1,8.244,1.15,27.47,28.26,11.07,154.26,24.15,156.86,28.47,1.12,25.54,24.99,11.13,158.66,26.38,171.42,27.23
T4,8.268,1.09,24.97,24.06,10.26,155.8,26.79,158.78,26.21,1.1,27.73,28.0,11.09,166.05,26.65,145.52,29.06
T10,8.278,1.12,25.21,23.32,10.06,149.89,29.3,177.33,26.16,1.16,26.49,26.02,10.4,161.74,29.15,173.41,25.06
T2,8.29,1.09,23.74,25.99,11.13,158.0,27.22,163.54,26.25,1.01,24.15,26.13,9.54,141.14,26.01,164.57,25.74
T7,8.32,0.96,26.33,25.2,11.4,164.86,26.84,158.67,25.11,1.02,27.98,24.96,11.38,152.1,26.87,147.12,28.4
T2,8.326,1.02,26.59,25.72,10.31,155.41,24.64,160.08,27.13,1.01,26.69,28.79,11.23,157.53,28.22,165.28,27.26
T3,8.334,1.07,25.98,24.15,10.2,161.87,25.37,164.4,24.28,1.09,27.85,24.51,10.26,152.0,26.86,171.36,23.75
T1,8.348,1.09,23.73,27.43,10.1,140.62,24.89,151.53,27.95,1.1,26.98,26.5,11.56,149.37,25.32,162.05,27.52
T6,8.354,1.02,24.32,27.85,10.33,158.76,28.4,171.73,25.46,1.12,25.76,29.3,11.22,155.7,28.0,163.11,26.06
T1,8.36,1.17,25.66,28.1,11.64,166.29,25.78,147.24,25.73,1.02,25.67,26.13,11.04,146.94,27.38,161.32,28.61
T8,8.362,1.03,27.34,26.53,11.32,177.05,27.98,157.13,24.48,1.09,26.95,25.99,10.58,172.32,28.38,167.01,23.64
T4,8.364,1.02,27.66,25.23,9.77,156.18,24.43,159.97,24.69,1.14,24.76,28.1,10.84,147.99,26.94,149.42,25.84
T6,8.366,0.97,27.47,27.7,10.21,143.56,27.87,154.76,27.54,0.96,28.03,26.39,11.24,148.81,24.4,172.44,24.14
T2,8.368,0.98,27.38,25.67,10.08,153.23,25.15,153.59,24.17,1.1,25.79,27.81,11.09,148.3,28.96,167.93,28.5
T8,8.389,1.06,27.62,27.01,10.07,155.27,24.13,149.88,23.65,1.07,28.08,26.53,10.42,154.69,26.65,148.43,26.44
T8,8.4,0.99,25.42,29.03,10.95,152.12,26.87,154.28,26.67,1.11,26.89,27.98,11.25,169.87,23.98,148.42,23.96
T3,8.4,1.01,23.73,24.22,10.01,169.22,26.5,161.2,24.89,1.15,24.83,26.82,10.87,165.23,25.36,147.05,26.42
T8,8.4,1.08,26.77,26.39,11.27,159.0,27.0,170.84,27.0,0.99,27.92,27.3,10.89,170.77,24.16,172.51,23.4
T3,8.407,1.02,25.9,25.83,11.46,149.51,24.15,162.26,27.24,1.1,26.57,23.87,11.34,160.55,26.61,147.83,23.46
T7,8.407,1.08,26.64,24.98,10.79,139.99,27.39,145.49,29.08,0.95,24.58,24.86,11.16,140.84,26.57,158.73,29.55
T2,8.407,1.1,23.73,28.74,10.66,142.55,29.23,163.65,25.77,1.01,23.82,29.27,10.33,149.11,29.29,165.69,26.15
T7,8.422,1.04,28.62,27.93,11.68,150.81,24.43,169.63,27.71,1.02,24.48,25.18,10.31,147.17,28.75,167.16,27.02
T7,8.425,1.0,28.21,25.15,11.39,150.95,24.62,156.43,25.92,0.97,25.41,28.09,10.84,144.2,26.87,151.12,28.75
T4,8.429,1.18,23.73,25.23,9.99,173.76,24.93,153.38,29.02,1.12,25.05,25.43,11.0,159.8,24.85,151.94,25.01
T5,8.434,1.0,26.52,27.27,10.76,157.96,25.76,166.36,25.98,1.09,27.3,26.92,10.01,156.26,23.83,168.31,25.14
T8,8.437,0.95,25.38,28.46,10.01,169.27,26.09,153.77,23.82,0.99,24.92,26.87,11.39,155.13,25.93,169.61,25.23
T4,8.44,1.19,26.93,24.86,9.48,165.0,27.86,151.55,24.74,1.06,24.36,24.99,10.66,151.64,26.99,170.18,25.02
T2,8.447,1.11,23.57,25.06,10.46,143.41,25.56,155.28,25.22,1.02,23.73,29.38,10.94,152.4,24.9,163.64,25.57
T3,8.452,1.02,26.19,27.1,11.08,158.42,25.98,165.78,27.6,1.06,25.02,24.89,11.87,170.09,26.57,168.24,24.26
T4,8.466,1.19,27.22,26.89,10.61,159.35,26.62,165.84,29.02,1.06,24.48,25.86,10.77,156.63,25.22,165.86,28.74
T3,8.497,0.98,24.79,26.49,10.58,147.41,24.36,154.83,27.36,0.99,24.6,24.24,11.39,155.35,26.54,151.42,25.15
T8,8.503,1.12,28.7,27.9,11.03,153.69,26.65,157.73,25.12,1.01,27.19,26.12,10.55,174.16,26.96,159.32,25.28
T8,8.51,0.96,26.64,26.7,10.1,162.81,26.12,164.28,23.94,1.0,28.26,25.7,10.54,178.6,27.13,172.79,27.54
T4,8.511,1.16,23.89,25.8,10.28,165.84,27.29,170.42,26.96,1.12,25.45,25.79,10.43,165.48,23.96,170.48,27.51
T4,8.518,1.04,23.96,24.2,9.51,169.86,26.38,158.15,28.68,1.09,27.13,26.57,10.29,152.98,24.46,150.61,25.54
T8,8.529,0.97,26.52,28.59,10.79,171.66,26.78,175.45,23.92,1.12,26.26,24.89,11.44,152.37,27.0,163.19,24.7
T7,8.529,0.97,26.41,26.11,11.39,152.74,28.76,153.67,25.52,0.97,26.06,29.03,10.24,147.06,25.0,163.94,26.58
T4,8.529,1.08,26.92,27.72,10.41,168.62,26.65,169.03,28.29,1.18,27.37,26.55,11.0,166.58,23.78,165.49,26.1
T8,8.557,1.0,27.13,28.7,10.39,169.77,25.12,163.11,24.14,0.98,28.34,29.24,10.14,159.61,27.83,156.99,26.12
T3,8.561,1.04,25.37,24.86,11.55,170.62,24.78,166.76,27.61,1.01,25.59,24.79,10.2,164.82,26.96,162.87,23.47
T2,8.581,1.04,25.16,26.24,10.44,150.49,25.27,161.08,25.54,0.96,24.86,26.62,10.86,158.89,26.0,162.29,26.9
T3,8.581,1.12,24.75,24.64,11.05,164.54,25.22,147.66,26.04,1.05,24.19,23.85,10.78,170.15,24.57,170.17,25.82
T8,8.586,1.05,27.48,28.19,10.74,173.36,26.55,175.11,26.47,1.11,24.86,25.28,10.07,163.6,25.47,160.93,23.55
T3,8.6,1.0,27.14,24.81,11.71,154.28,24.36,146.36,24.45,1.01,23.67,23.81,11.51,158.49,26.71,171.23,24.53
T10,8.628,1.16,24.88,25.64,9.29,150.26,27.56,178.58,28.97,1.14,24.75,24.81,10.65,162.69,26.35,171.32,25.44
T7,8.635,0.97,24.52,29.08,11.54,160.88,25.01,155.54,29.06,1.08,27.84,27.96,11.43,153.49,26.84,161.28,29.22
T1,8.647,1.09,27.18,27.31,10.74,157.0,24.11,163.6,27.65,1.05,27.1,27.44,11.91,155.78,23.8,164.2,28.37
T5,8.652,1.03,26.19,26.72,10.16,170.74,26.77,151.64,27.31,0.98,24.54,26.12,10.2,175.9,23.27,155.1,27.3
T8,8.656,0.98,27.51,25.02,11.1,178.49,25.21,154.21,24.17,1.11,27.62,25.12,10.88,153.13,25.96,156.77,23.62
T8,8.682,1.01,25.18,27.76,10.86,177.02,28.26,164.35,24.16,1.01,28.55,29.28,11.61,169.9,24.6,158.7,27.01
T7,8.696,0.97,25.37,28.43,11.45,144.87,27.13,166.96,26.76,0.98,25.46,27.53,10.0,152.26,28.71,144.4,28.57
T10,8.696,1.13,23.76,25.1,9.49,148.98,27.87,159.5,28.32,1.05,24.14,23.44,9.33,147.61,29.09,171.93,29.45
T8,8.713,1.09,25.29,28.82,9.92,171.48,25.05,158.7,25.1,1.0,25.02,25.0,11.25,177.21,24.52,162.35,26.34
T6,8.716,1.03,27.94,28.87,10.91,165.63,26.02,168.11,27.66,1.08,26.9,24.88,9.7,157.11,26.34,173.53,25.41
T8,8.719,1.05,27.67,24.86,10.43,164.27,27.46,162.97,26.79,1.03,25.18,27.33,10.9,162.62,26.55,168.92,23.25
T1,8.731,1.16,24.57,24.37,10.67,163.07,25.84,149.54,28.46,1.17,27.05,28.18,10.7,162.64,24.87,150.66,27.35
T7,8.733,0.95,26.95,29.0,10.76,152.58,24.5,157.44,27.67,1.04,25.84,28.07,11.03,154.85,26.25,146.33,29.29
T5,8.747,1.15,25.8,24.84,11.09,175.03,25.19,149.49,27.32,1.14,25.99,27.3,9.67,176.37,24.46,167.87,26.72
T4,8.748,1.09,25.17,25.48,10.14,174.5,27.36,171.13,25.13,1.1,27.55,24.01,9.9,149.32,26.0,167.3,28.08
T7,8.769,1.01,27.12,25.04,10.44,141.9,25.85,165.27,29.45,0.95,27.83,26.54,11.26,146.72,28.18,170.26,28.02
T6,8.795,0.98,24.3,27.12,11.08,165.18,24.97,163.5,25.26,0.96,23.86,27.79,10.33,163.02,28.36,151.99,27.05
T7,8.795,0.95,24.68,25.53,11.12,154.49,24.89,149.87,26.55,0.99,26.94,27.6,11.39,159.82,25.7,167.42,27.42
T2,8.8,0.94,25.12,29.52,10.68,141.48,25.17,153.07,26.52,0.96,24.89,25.7,9.46,155.49,27.25,167.29,24.21
T8,8.819,0.98,26.68,24.96,11.48,164.8,23.97,155.01,26.86,1.03,26.76,26.23,10.53,178.68,27.57,174.98,25.89
T2,8.823,0.94,25.53,26.0,9.57,156.06,28.29,169.15,28.42,1.09,25.32,27.94,10.63,146.45,28.73,157.15,25.78
T6,8.858,1.11,25.56,27.76,10.96,165.83,24.04,158.95,27.13,1.13,26.18,28.79,9.84,143.42,26.88,171.7,24.21
T4,8.858,1.14,26.02,23.96,9.7,163.16,23.9,149.97,25.99,1.19,23.99,27.81,10.65,151.7,28.15,168.42,28.27
T7,8.897,0.93,26.92,25.22,10.96,151.49,26.19,146.56,25.39,0.99,24.38,29.26,10.54,157.09,25.57,151.64,28.77
T3,8.898,1.09,24.3,25.99,10.6,165.75,27.55,152.13,23.61,1.1,25.9,24.79,10.53,173.16,25.0,160.59,25.15
T6,8.915,0.98,26.24,27.92,10.91,145.14,28.32,168.3,26.35,1.11,28.18,28.52,10.26,151.14,27.46,169.78,26.28
T6,8.94,0.97,27.8,27.59,11.28,144.44,27.69,172.74,25.85,1.09,24.94,25.35,10.96,156.94,25.35,168.0,24.07
T4,8.958,1.18,25.83,23.97,11.05,153.15,25.11,162.22,25.52,1.1,25.09,24.98,10.22,168.32,24.55,163.09,28.74
T8,8.972,1.04,27.13,28.61,11.63,154.67,25.48,163.97,25.03,0.98,26.77,26.61,10.04,172.68,27.54,152.23,26.0
T10,8.975,1.09,26.73,23.96,10.55,170.77,26.8,156.78,26.59,1.0,27.62,23.95,10.81,173.98,28.95,154.06,28.87
T6,8.977,1.11,24.94,25.35,10.12,153.56,25.29,156.74,23.8,0.99,27.64,28.92,10.53,152.09,25.8,159.74,24.8
T8,8.986,0.98,27.47,25.28,11.04,162.62,27.12,162.12,25.38,1.04,28.7,25.7,10.4,171.13,27.2,155.86,26.86
T3,9.005,1.1,27.49,24.2,10.69,173.25,25.93,149.85,24.24,0.98,27.56,27.03,11.6,162.04,24.97,160.1,26.56
T3,9.019,1.14,24.3,23.69,11.37,148.98,25.47,147.24,23.68,1.03,27.41,25.56,11.17,170.93,25.71,170.85,25.25
T1,9.02,1.01,26.0,27.87,10.26,151.31,23.75,165.14,27.75,1.06,26.67,24.57,10.56,161.88,24.7,158.94,24.51
T1,9.029,1.09,27.65,28.16,11.37,154.6,25.11,160.18,27.13,1.16,27.67,24.42,10.3,152.06,24.19,147.16,27.83
T2,9.036,1.0,24.0,27.62,9.73,143.32,24.75,149.34,28.16,0.99,23.54,25.92,10.17,158.11,28.56,169.28,24.2
T4,9.043,1.13,24.7,25.27,10.75,149.46,23.76,159.42,25.12,1.14,26.63,26.72,9.37,159.59,27.26,163.82,28.27
T8,9.064,1.06,28.27,24.88,11.57,157.5,27.14,159.42,25.45,1.12,26.02,26.7,10.95,173.57,24.44,151.99,23.24
T5,9.093,1.09,26.61,25.19,10.15,177.56,23.83,159.65,28.66,1.11,27.56,26.37,9.77,172.14,24.58,166.53,28.36
T10,9.138,1.13,23.93,24.2,9.53,173.49,25.49,157.44,26.45,1.1,24.75,25.22,10.52,153.4,27.97,151.37,26.5
T8,9.172,1.02,26.84,27.28,11.02,165.48,25.99,153.68,26.17,1.05,27.72,28.46,10.45,167.22,26.94,150.04,25.89
T10,9.183,1.01,24.88,24.54,10.24,170.85,28.19,170.68,25.72,1.01,25.92,27.23,10.43,154.13,29.19,175.32,26.77
T4,9.204,1.18,26.9,26.38,10.27,160.24,27.61,152.48,25.89,1.08,27.45,28.42,9.6,166.85,25.18,172.03,28.53
T6,9.212,1.09,25.77,28.95,9.61,148.03,28.03,146.51,23.64,1.03,24.97,27.06,11.13,148.99,24.37,160.81,24.14
T4,9.213,1.17,25.75,25.57,10.75,174.5,24.0,168.1,25.13,1.19,25.52,27.71,9.36,148.61,26.05,146.7,27.99
T1,9.214,1.12,26.4,25.24,11.26,145.09,26.27,170.61,27.39,0.99,27.08,25.4,10.86,152.56,25.95,165.22,26.88
T1,9.242,1.14,26.43,25.31,10.43,145.35,24.21,150.83,26.39,1.0,24.47,25.56,10.96,158.34,26.61,151.72,28.21
T1,9.276,1.09,26.03,24.26,10.41,145.98,26.34,159.53,25.32,1.09,23.68,25.04,10.18,158.65,27.41,152.46,24.24
T3,9.282,1.06,27.7,26.41,11.08,152.31,25.41,151.76,24.21,0.98,24.26,25.68,10.04,162.57,25.65,170.48,27.11
T1,9.285,1.07,24.3,24.44,10.12,152.17,25.23,166.34,24.19,1.04,24.3,24.67,11.05,143.3,27.62,171.78,26.56
T1,9.315,1.11,27.28,25.96,11.83,145.59,26.02,147.33,26.37,1.11,26.04,27.11,10.26,155.78,26.38,148.28,28.37
T5,9.316,1.07,24.74,25.23,10.42,177.64,26.56,170.73,25.63,1.03,25.0,24.38,9.9,169.85,25.32,154.0,25.58
T5,9.326,1.04,26.98,25.35,10.4,170.85,23.95,160.01,28.1,1.13,24.71,24.06,10.65,156.83,25.87,158.72,26.77
T1,9.332,1.02,24.3,26.31,11.94,153.53,24.89,158.77,25.56,1.1,26.61,24.06,11.37,156.17,27.79,149.94,26.87
T10,9.335,1.11,26.99,23.27,9.52,166.77,26.01,169.7,26.7,1.07,24.56,26.62,9.8,174.0,25.63,176.77,26.5
T7,9.347,0.95,26.65,26.1,10.93,156.15,25.03,167.82,25.68,1.01,25.66,28.36,10.42,164.82,27.92,157.57,27.04
T1,9.357,1.14,26.56,25.25,10.31,142.89,27.64,166.67,26.72,1.02,24.45,26.75,10.67,152.6,26.95,167.47,25.34
T1,9.371,1.04,27.47,27.68,10.49,158.19,26.42,146.64,28.57,1.1,25.94,26.53,11.09,165.42,26.44,155.04,26.68
T7,9.385,1.08,27.4,28.02,10.69,146.93,27.01,156.62,27.24,0.97,28.74,27.43,11.04,164.27,27.42,152.12,26.29
T1,9.395,1.05,23.58,26.78,11.28,148.88,24.1,170.12,26.27,1.01,27.65,26.72,10.56,147.67,26.78,168.86,25.37
T5,9.417,1.07,24.99,25.39,10.17,164.13,24.68,173.15,26.79,1.08,25.31,27.97,10.13,151.46,23.87,170.33,29.14
T7,9.452,1.08,28.14,24.82,10.82,160.72,26.97,163.66,27.26,1.01,25.07,27.07,10.66,165.21,25.07,147.93,28.72
T4,9.463,1.06,26.2,24.6,10.75,155.38,26.91,153.63,27.86,1.05,24.82,24.96,10.35,148.26,28.01,171.4,26.13
T3,9.466,1.06,25.21,27.73,11.17,156.43,27.16,171.85,25.14,1.04,25.89,24.2,11.16,155.0,26.32,146.02,25.1
T7,9.47,0.93,25.33,26.69,11.46,154.83,27.72,150.64,28.86,1.02,24.49,24.74,11.17,142.41,26.56,153.58,27.52
T3,9.472,1.16,25.97,27.12,10.58,154.03,28.41,158.84,27.35,1.12,25.57,24.64,11.76,172.02,27.94,164.89,25.52
T3,9.495,1.11,26.17,24.25,11.53,167.64,25.09,152.98,26.49,1.08,25.43,27.12,11.62,170.97,27.62,147.08,23.87
T5,9.502,1.03,27.2,24.38,11.28,167.97,25.87,163.7,28.3,1.11,26.08,25.08,10.31,171.85,24.68,165.34,28.73
T1,9.504,1.13,25.1,26.09,10.68,153.49,27.38,172.85,25.82,1.13,27.2,27.95,10.26,157.32,23.99,147.81,24.59
T5,9.52,1.06,25.1,26.81,11.28,154.87,23.16,170.43,26.06,1.06,26.62,23.99,10.91,157.21,26.07,159.98,28.21
T2,9.555,0.94,25.04,28.46,10.4,150.65,28.03,152.09,25.19,1.1,25.77,25.31,10.69,150.58,26.2,151.19,27.42
T6,9.56,1.08,25.0,27.03,10.1,148.95,26.62,171.97,24.51,1.01,27.67,25.5,10.24,165.49,25.92,156.16,24.46
T10,9.568,1.11,26.46,25.5,9.62,170.8,24.95,168.75,27.0,1.13,24.04,25.4,9.62,159.54,26.02,157.35,26.08
T5,9.589,1.13,27.28,27.76,11.33,151.69,24.98,167.77,25.45,1.03,24.62,24.98,10.74,157.3,27.08,162.82,25.42
T1,9.59,1.08,27.57,27.54,10.09,154.22,27.62,162.78,27.39,1.03,25.72,27.12,10.36,148.1,25.7,166.37,26.79
T7,9.624,0.98,25.25,29.26,10.77,139.94,24.93,144.93,27.11,1.06,25.53,27.36,10.85,142.99,28.27,167.75,26.45
T7,9.631,0.98,26.44,25.16,11.09,155.87,28.01,170.91,29.03,0.98,25.76,24.93,11.58,153.9,27.06,145.64,29.45
T10,9.631,1.05,26.94,24.64,9.61,167.33,25.98,171.47,27.31,1.15,26.16,27.01,10.32,155.66,29.29,158.46,29.21
T5,9.634,0.99,26.07,26.75,10.79,160.74,23.6,168.58,28.06,1.15,27.34,23.72,9.94,158.82,22.94,162.28,29.29
T6,9.64,0.99,28.19,25.46,11.34,157.45,25.6,166.64,23.81,1.02,27.84,25.73,10.79,164.24,25.34,171.6,25.98
T6,9.678,1.03,27.55,27.69,10.12,142.59,25.24,167.36,25.04,1.07,26.93,27.7,9.78,150.55,27.95,168.6,27.35
T5,9.681,1.01,24.62,23.68,10.71,158.53,25.66,160.9,25.7,0.99,26.41,27.64,10.29,152.37,26.38,161.99,28.3
T1,9.682,1.0,25.17,26.5,11.91,146.04,26.02,170.98,27.55,1.02,24.44,27.64,11.09,151.01,24.32,168.58,24.59
T3,9.7,1.08,24.23,25.69,11.31,164.96,26.22,172.22,27.25,1.13,25.05,24.11,11.01,154.41,26.23,148.19,25.64
T6,9.711,1.09,27.84,28.23,9.77,147.93,25.4,155.3,27.66,0.98,26.45,26.11,11.08,160.85,28.09,148.96,27.25
T7,9.796,0.93,28.91,25.47,11.68,165.33,24.46,154.78,27.49,0.93,27.53,28.21,11.39,156.76,28.61,162.49,26.89
T6,9.81,1.04,25.96,26.88,10.33,161.18,27.34,159.24,24.57,1.11,25.69,27.72,10.6,151.05,24.06,152.02,24.32
T3,9.813,1.01,26.21,26.34,11.63,148.31,27.99,146.68,24.25,1.03,26.16,25.48,11.41,158.27,28.2,145.72,25.32
T6,9.825,1.01,28.34,27.98,10.06,142.59,26.21,149.19,24.44,1.1,25.49,26.79,9.59,166.82,28.42,166.6,23.44
T1,9.826,1.11,26.91,25.81,10.44,157.46,28.03,162.12,24.32,1.09,24.75,27.37,11.83,152.6,26.64,161.99,27.86
T1,9.831,1.06,27.34,26.26,11.76,146.33,27.86,163.02,28.44,1.09,24.69,25.32,10.61,153.21,26.88,162.12,26.68
T3,9.848,1.16,25.77,27.14,10.36,164.87,27.13,149.85,26.35,1.15,25.17,26.24,11.08,164.13,24.24,166.83,26.8
T7,9.863,1.04,25.44,25.22,11.66,158.01,27.76,151.04,26.67,0.98,27.37,28.64,10.12,157.23,27.39,155.3,29.33
T5,9.88,1.06,23.55,28.01,10.07,151.63,23.09,151.05,26.99,1.14,26.57,26.86,9.93,153.96,23.59,164.2,26.9
T6,9.884,1.03,24.27,28.23,9.7,148.65,28.13,155.42,25.85,1.0,25.19,26.05,10.8,153.64,27.89,162.42,26.9
T1,9.891,1.17,23.6,26.49,10.53,142.58,23.76,148.79,27.28,1.06,24.87,25.76,10.05,165.55,24.57,170.38,26.48
T5,9.9,1.08,24.43,26.81,10.38,154.6,27.0,161.2,25.49,0.99,25.02,26.96,11.28,171.73,26.2,156.47,24.84
T5,9.937,1.1,23.65,26.7,10.61,160.44,25.33,166.78,27.18,1.06,26.89,23.8,11.25,155.29,24.89,171.34,27.4
T6,9.947,1.12,25.6,25.76,10.7,162.73,24.15,156.74,25.98,0.96,24.74,26.68,11.12,158.18,24.94,173.07,26.36
T5,9.951,1.05,26.98,24.59,10.1,177.71,26.48,159.84,26.08,0.99,26.11,26.8,10.64,159.44,23.26,165.45,27.35
T10,9.953,1.05,26.04,25.59,9.82,158.11,25.2,169.34,27.48,1.06,24.44,26.86,10.61,167.99,26.14,172.61,27.16
T10,9.968,1.17,23.96,25.67,10.04,163.69,25.49,160.85,25.95,1.08,25.89,26.06,10.38,150.33,25.46,154.61,29.48
T3,9.98,1.08,27.2,24.9,10.76,158.29,27.43,146.2,26.07,0.99,27.0,26.54,10.32,149.81,27.22,157.65,26.03
T7,9.983,1.02,24.76,27.86,11.27,166.07,27.27,158.68,26.89,0.99,26.64,27.32,10.71,150.12,24.48,153.71,27.49
T6,9.99,1.01,25.13,27.82,9.83,145.03,27.88,153.9,25.72,1.02,28.26,26.17,11.2,150.38,25.88,151.15,25.26
T5,10.01,1.09,25.43,27.45,11.34,161.74,24.29,167.62,24.95,1.13,25.98,24.25,11.03,165.42,22.99,149.91,28.13
T7,10.026,1.02,25.5,27.04,11.53,148.87,28.12,147.07,29.74,1.09,26.52,24.95,11.73,145.18,26.41,167.17,28.99
T10,10.038,1.15,25.0,26.51,10.38,166.03,26.87,175.32,27.46,1.01,27.91,23.53,10.09,150.87,27.6,163.45,28.79
T5,10.04,1.08,23.71,25.56,10.19,162.2,24.31,164.96,26.09,1.12,24.4,26.08,10.49,171.16,25.06,159.17,27.6
T10,10.069,1.03,25.63,24.78,9.53,155.14,26.39,176.91,24.96,1.08,27.41,26.37,10.58,168.07,27.98,172.14,27.65
T3,10.077,1.12,26.69,27.62,11.66,173.42,25.64,153.04,23.78,1.01,27.96,23.86,11.6,162.81,26.48,171.85,24.89
T6,10.099,0.98,26.49,27.07,11.0,147.4,26.76,147.19,25.41,1.03,25.58,27.73,10.16,165.26,27.37,161.25,23.71
T3,10.1,1.07,27.89,25.68,10.41,157.56,25.22,162.66,27.25,1.02,27.18,24.02,11.85,170.16,24.48,166.27,27.21
T2,10.121,1.05,24.7,28.95,10.38,156.19,26.05,153.41,24.82,0.96,25.65,26.83,9.98,138.34,27.71,175.2,24.19
T2,10.125,0.94,26.76,24.98,11.03,152.59,26.08,161.51,25.11,1.08,25.84,26.4,10.68,140.42,24.91,149.76,24.66
T2,10.134,0.96,23.64,26.38,10.37,147.18,26.87,171.33,24.7,1.1,25.64,28.86,10.06,159.55,28.48,171.12,24.82
T2,10.169,1.07,27.02,26.01,10.74,143.7,28.02,149.49,25.93,1.06,25.68,26.17,11.07,145.88,28.63,158.22,26.91
T10,10.233,1.15,27.46,26.04,10.36,166.08,29.02,175.86,27.39,1.05,24.11,24.6,10.82,147.91,25.65,170.64,27.95
T10,10.257,1.01,23.66,26.53,9.6,151.12,27.93,152.83,25.96,1.01,24.64,25.6,10.57,154.94,25.35,155.88,25.18
T3,10.262,1.03,27.43,25.99,11.29,163.29,24.02,149.73,26.92,1.16,26.1,25.66,11.31,173.66,28.42,146.99,23.64
T10,10.276,1.09,27.63,26.93,9.67,157.84,28.56,161.59,27.2,1.03,23.52,24.04,9.98,172.01,27.89,155.32,26.2
T7,10.351,1.07,25.93,28.1,10.64,143.2,24.67,160.5,27.82,1.01,27.58,25.22,10.05,152.77,27.41,170.53,29.27
T10,10.38,1.08,26.05,23.95,10.12,170.6,26.1,157.89,25.02,1.09,24.26,25.24,10.42,166.35,25.85,163.89,28.26
T7,10.381,0.93,25.84,28.96,11.45,155.24,28.0,157.98,28.12,1.04,26.72,28.78,10.02,152.2,24.46,143.96,29.08
T6,10.387,1.0,25.79,25.44,10.03,165.78,27.54,166.18,25.05,1.07,25.42,25.97,10.62,163.81,25.13,161.29,25.98
T7,10.421,1.02,28.56,27.97,10.71,164.62,27.11,148.76,25.9,1.03,25.14,28.13,11.61,144.64,25.94,165.88,28.93
T6,10.425,1.06,24.77,27.93,10.19,148.0,26.82,148.47,26.27,0.99,26.4,27.65,9.94,143.66,27.78,160.5,27.19
T6,10.435,0.97,24.32,24.76,9.7,147.78,24.7,156.81,23.58,1.12,26.1,25.92,10.82,165.18,27.86,167.44,26.96
T6,10.468,1.0,26.43,25.97,11.24,161.63,27.86,162.31,27.56,1.02,24.04,27.66,10.3,158.15,27.14,148.2,26.26
T10,10.47,1.11,24.11,24.4,10.1,168.72,29.04,173.55,28.85,1.0,24.38,23.18,10.24,170.26,29.01,156.13,25.24
T6,10.475,1.12,28.25,27.95,9.75,149.11,26.88,150.11,26.0,1.0,25.77,27.2,10.58,151.05,25.47,164.17,24.9
T7,10.506,1.03,25.9,28.54,10.91,160.68,24.35,155.62,26.56,1.07,28.23,29.01,10.31,159.94,26.32,169.19,27.67
T7,10.538,1.02,28.13,26.04,10.68,149.45,25.58,148.88,26.37,1.01,27.42,26.7,11.16,153.42,28.0,169.4,26.16
T5,10.572,1.0,24.02,25.91,11.09,170.73,25.72,164.63,25.71,1.12,23.6,23.95,11.18,151.71,23.71,157.31,28.47
T5,10.61,1.14,25.41,23.61,10.31,178.02,24.6,150.47,28.57,1.06,27.6,25.05,10.06,169.42,27.01,176.74,26.36
T7,10.624,1.09,25.84,25.42,11.75,154.67,28.56,145.01,27.66,0.96,24.82,28.36,10.67,146.23,28.67,149.39,25.9
T7,10.626,1.0,25.5,24.9,10.9,142.71,27.7,156.41,26.1,0.95,24.88,28.8,11.35,158.01,27.47,158.12,25.46
T5,10.66,1.03,25.17,27.39,10.56,152.81,26.94,173.31,29.01,1.07,25.57,26.17,11.0,172.2,25.74,158.39,27.18
T5,10.685,1.02,25.37,25.54,10.11,160.58,24.92,162.76,26.98,1.14,27.2,26.86,10.48,174.73,27.1,151.97,28.56
T5,10.686,1.08,26.98,27.17,9.7,169.58,25.67,154.29,27.47,1.15,23.39,27.84,10.86,165.49,24.92,170.44,25.83
T10,10.759,1.02,24.29,27.29,10.83,167.83,27.16,162.36,27.25,1.11,23.98,25.24,10.41,167.83,26.45,167.91,28.08
T10,10.785,1.06,23.86,23.43,10.16,164.96,27.2,153.66,28.49,1.16,27.5,24.18,9.79,170.41,24.89,151.07,26.68
T10,10.823,1.03,24.24,27.04,10.44,168.78,29.32,176.08,29.09,1.08,27.37,27.2,9.7,168.98,28.25,167.73,25.66
T10,10.921,1.07,25.33,25.26,10.26,164.81,29.26,164.18,29.32,1.09,27.08,23.36,10.32,159.61,25.31,152.14,26.85
T5,10.966,1.11,27.35,27.15,10.76,158.17,23.75,176.85,25.44,1.07,27.6,26.46,11.05,165.75,23.61,167.85,26.71
