task_type,arrival_time,est_m1,est_m2,est_m3,est_m4,est_m5,est_m6,est_m7,est_m8,ext_m1-1,ext_m2-1,ext_m3-1,ext_m4-1,ext_m5-1,ext_m6-1,ext_m7-1,ext_m8-1
T3,0.343,167.19,28.38,157.5,162.74,163.31,1.16,155.09,0.99,167.95,27.3,160.56,166.98,155.25,1.07,166.71,1.03
T8,2.443,140.71,24.7,144.99,175.56,162.05,1.09,163.97,1.11,159.84,29.13,172.0,160.93,166.23,1.08,160.5,0.95
T9,4.542,158.63,25.76,163.2,162.41,156.35,0.99,155.63,1.01,156.98,25.84,154.35,167.54,167.71,0.99,165.02,1.04
T2,4.693,156.12,26.47,160.27,150.76,163.72,1.11,157.57,1.08,143.68,25.09,163.83,151.29,144.15,1.06,169.58,1.1
T3,7.059,170.56,27.49,165.78,146.65,152.18,1.13,166.12,1.07,161.14,25.0,151.12,167.56,146.12,1.17,171.0,1.12
T8,7.868,145.85,28.77,155.53,176.69,172.48,1.19,169.73,0.97,147.06,24.92,163.1,173.18,152.82,1.01,178.21,0.95
T7,11.542,154.75,24.52,168.35,154.38,160.53,0.97,162.13,1.07,158.58,24.72,155.29,140.94,177.56,1.09,156.78,1.0
T7,12.11,153.13,27.41,175.04,152.87,157.56,0.98,176.15,1.09,142.2,25.95,154.91,158.84,162.36,1.09,175.09,1.06
T8,13.217,155.71,27.12,152.82,170.17,173.9,1.06,166.64,1.04,163.18,26.81,147.33,150.08,160.1,1.17,172.02,1.02
T8,15.084,156.69,28.22,167.59,174.33,148.37,1.13,165.11,1.03,159.2,28.77,150.28,176.0,156.41,1.07,150.27,1.05
T5,15.182,156.83,24.99,154.56,177.99,167.16,1.06,162.56,0.97,155.25,26.0,143.63,176.22,164.86,1.16,177.16,1.0
T1,19.582,159.34,27.81,149.76,152.19,155.99,1.07,146.45,1.02,158.06,26.85,162.27,165.96,163.16,1.06,146.68,1.12
T5,19.981,151.93,28.83,162.62,153.36,151.59,1.15,154.72,0.97,152.71,27.72,142.73,167.2,166.92,0.99,176.99,1.06
T10,20.105,164.22,25.42,162.58,160.79,164.49,1.11,157.93,0.97,156.1,27.22,149.62,165.84,148.71,0.99,160.35,0.96
T6,20.921,158.73,26.36,158.62,166.91,159.26,0.98,145.58,1.14,171.14,26.99,150.8,155.49,141.66,1.0,147.52,1.06
T6,21.57,169.88,24.4,149.58,167.43,159.49,0.96,151.02,1.07,161.07,26.07,152.04,159.7,150.01,1.04,148.44,1.06
T4,21.705,147.65,26.7,167.52,152.41,150.24,0.98,145.35,1.08,155.04,26.05,160.68,169.73,139.95,1.12,155.31,1.0
T7,22.539,158.04,27.61,178.02,161.39,175.05,1.13,170.06,1.01,154.95,25.48,170.63,145.59,166.98,1.02,160.02,1.01
T6,22.847,165.55,25.58,156.92,145.72,160.02,1.1,144.5,0.97,155.72,28.49,155.55,143.77,152.19,0.99,162.32,0.96
T1,24.246,155.26,27.05,159.09,148.92,161.63,1.0,154.08,1.09,142.05,28.32,164.78,155.39,153.19,0.95,159.83,1.1
T3,25.773,150.93,26.01,165.91,166.2,147.06,1.15,153.22,1.03,160.31,26.94,153.14,156.3,155.6,1.17,145.53,1.04
T9,30.395,160.35,24.97,161.47,150.4,174.94,1.04,149.29,1.09,151.63,27.58,166.42,159.57,176.98,1.07,161.72,1.06
T9,31.047,153.35,26.38,147.94,155.12,156.72,1.06,167.4,1.14,159.95,28.49,153.75,165.85,176.23,1.0,169.16,1.0
T3,31.073,164.73,24.51,160.29,160.89,144.44,1.14,152.47,0.99,166.53,28.44,164.41,162.22,151.74,1.16,145.53,0.98
T7,31.207,156.22,24.31,152.76,158.96,173.35,1.11,166.86,1.09,147.47,28.02,158.42,160.32,166.28,1.01,150.68,1.1
T1,32.345,146.57,26.22,170.6,159.16,149.1,1.1,158.87,0.98,148.94,26.46,171.99,144.97,166.3,1.07,145.33,1.03
T2,34.794,157.26,26.64,164.94,146.71,161.74,1.14,158.66,1.07,163.39,26.8,140.95,168.21,151.01,1.13,146.49,0.96
T8,35.194,145.56,24.89,156.91,177.18,152.65,1.05,156.16,0.97,143.62,26.25,159.19,164.78,164.11,1.05,174.01,1.05
T7,35.314,153.36,25.1,155.35,157.92,177.58,1.07,175.28,1.1,159.27,26.41,164.02,150.25,170.9,1.03,158.13,0.94
T7,36.451,148.16,25.03,167.73,145.59,152.57,1.03,174.79,1.06,150.35,26.48,151.26,162.18,166.97,1.0,176.42,0.94
T4,37.244,157.24,24.2,171.84,146.38,158.28,1.08,161.67,0.96,161.0,26.33,164.53,167.23,143.62,1.08,145.71,1.05
T5,37.621,162.54,25.18,150.94,154.19,151.59,1.14,177.29,1.0,139.58,26.14,163.52,159.07,152.81,1.05,160.31,1.05
T6,38.339,173.63,26.06,159.91,167.12,156.66,0.97,160.55,1.05,159.51,25.2,167.82,144.76,141.84,1.06,155.9,1.0
T3,41.054,163.39,26.0,152.01,161.3,168.36,1.04,168.49,1.0,156.6,27.97,158.68,168.92,161.6,0.99,164.84,1.13
T4,42.773,162.68,26.7,152.95,160.52,159.88,1.02,159.49,0.98,169.31,23.39,162.8,158.84,141.89,1.05,147.24,1.03
T3,44.492,171.13,24.46,165.5,162.13,152.83,1.08,163.79,1.1,147.78,26.2,155.91,157.11,164.72,1.16,161.48,1.06
T8,44.888,143.46,27.76,145.91,165.9,153.64,1.04,175.69,1.04,164.9,26.26,150.81,163.23,155.31,1.15,151.35,0.97
T7,46.279,162.79,26.47,156.61,139.19,159.82,1.08,163.94,1.0,155.07,27.14,151.26,137.61,160.39,0.98,152.26,0.96
T2,47.961,141.81,26.66,159.24,152.0,166.87,1.05,161.85,1.04,145.73,26.96,163.59,159.38,151.11,1.14,155.56,1.01
T4,49.291,160.28,26.19,160.78,145.72,156.71,1.0,160.94,1.03,149.77,25.79,169.46,147.13,147.85,1.0,154.11,0.94
T4,49.294,149.82,27.21,164.61,161.72,160.99,1.08,153.68,1.11,147.9,25.58,156.21,157.64,148.49,1.06,156.05,1.09
T8,50.616,163.43,29.03,160.9,151.82,172.23,1.13,166.11,0.96,144.15,26.07,149.73,174.31,158.36,1.12,169.57,0.98
T10,51.448,166.16,24.96,138.89,141.62,152.36,1.03,155.11,1.12,146.05,26.02,151.54,156.91,158.71,1.13,168.65,1.08
T3,52.318,152.57,26.92,165.13,152.81,166.2,1.03,146.43,1.11,173.73,26.85,165.78,162.29,153.15,1.08,165.94,1.14
T5,52.839,143.97,24.97,146.17,164.28,168.97,1.1,160.63,0.93,163.51,29.03,153.09,167.26,171.1,1.06,149.8,0.94
T3,54.908,158.52,24.68,168.89,154.88,158.48,1.17,149.92,0.98,162.72,23.98,157.06,162.06,161.1,1.17,146.5,1.06
T2,57.091,153.2,28.4,164.01,166.5,155.1,1.14,164.03,1.03,159.67,28.05,148.89,154.97,161.41,1.01,154.61,1.01
T3,57.656,168.98,24.3,171.1,152.14,158.98,1.12,169.09,1.09,151.87,24.23,152.5,158.26,158.15,1.14,166.66,1.05
T2,58.787,159.56,26.45,161.7,149.77,164.07,1.01,160.44,1.05,160.09,26.77,166.46,145.31,145.92,1.04,152.31,1.0
T2,60.483,146.58,28.04,166.16,158.0,166.7,1.13,144.28,1.02,140.11,26.34,140.38,151.91,160.82,1.09,153.78,1.01
T2,61.081,150.44,28.77,140.12,159.38,141.39,0.98,149.74,1.06,154.34,27.26,159.32,164.98,152.2,1.0,143.32,1.07
T8,62.153,146.65,27.73,154.12,152.17,164.13,1.01,154.75,0.98,163.02,26.18,171.12,152.5,168.14,1.07,156.07,0.98
T8,62.775,157.26,26.49,165.68,170.6,152.88,1.05,178.2,0.97,162.57,29.19,150.88,149.01,153.31,1.03,173.68,1.0
T1,63.503,140.93,26.58,173.02,145.07,156.44,1.1,165.23,1.08,160.28,28.62,154.77,153.97,155.52,1.11,154.29,0.99
T7,64.595,151.12,27.81,176.34,162.81,174.58,0.96,155.9,1.05,160.88,28.14,178.55,162.3,155.88,1.02,170.02,0.95
T10,64.919,155.92,25.98,148.6,146.54,160.9,1.11,146.43,0.95,158.08,25.14,144.07,164.83,142.62,1.02,164.63,1.09
T7,66.345,144.91,24.62,151.73,160.97,153.35,1.05,170.02,1.03,155.58,24.66,169.84,150.52,167.18,1.14,165.42,1.0
T7,66.996,140.8,25.88,165.8,151.38,160.57,1.11,170.51,1.03,140.73,26.76,169.05,147.36,169.94,1.12,173.12,1.01
T7,68.458,141.43,26.12,151.44,139.74,162.85,1.11,159.94,1.04,166.23,26.36,165.24,155.42,166.31,1.01,158.89,1.02
T4,68.699,160.94,24.34,149.97,154.51,160.56,0.98,167.01,1.06,158.74,27.36,149.81,160.54,158.71,1.11,144.83,1.0
T5,69.014,152.15,25.22,141.77,163.44,167.58,1.1,173.15,1.09,141.73,26.34,155.16,154.99,150.16,1.06,161.14,1.02
T4,73.058,164.1,26.56,160.96,154.5,147.89,1.05,144.46,1.09,146.18,23.95,166.96,145.01,150.79,1.02,140.89,1.01
T5,73.428,147.97,27.83,164.2,175.52,155.73,1.05,149.7,1.08,147.2,28.48,149.53,169.75,168.99,1.16,159.34,1.05
T9,76.172,173.82,25.17,158.88,158.22,150.02,0.99,160.7,1.04,150.51,26.89,167.25,163.23,174.88,0.95,169.34,0.97
T6,76.239,159.6,26.04,156.69,156.15,162.73,1.04,153.82,1.08,152.07,24.46,163.75,163.3,142.22,1.06,155.46,1.14
T1,76.847,147.17,28.78,159.83,144.84,155.52,1.11,158.56,1.11,160.21,26.73,160.83,154.88,162.98,0.98,150.02,1.05
T10,78.568,148.99,26.24,154.76,166.28,162.78,1.0,150.29,1.01,164.71,27.55,138.21,141.45,144.32,1.06,170.38,1.0
T6,79.412,166.47,24.56,163.63,160.96,155.46,0.94,167.25,1.09,164.8,24.4,150.62,161.88,151.45,0.96,165.61,0.98
T4,79.728,159.55,24.71,157.82,167.74,153.7,1.06,152.47,0.97,147.35,25.1,173.27,150.13,156.65,1.09,162.6,1.0
T2,81.194,152.92,25.11,163.58,145.89,163.74,1.06,149.5,0.96,157.06,27.9,142.86,164.38,153.95,1.04,162.96,1.08
T4,85.549,161.15,25.48,161.47,165.14,157.66,1.08,145.83,0.96,145.49,27.26,160.02,150.44,149.42,0.98,144.06,1.01
T9,86.518,152.77,26.84,148.91,148.54,166.74,1.1,155.87,1.01,156.19,24.92,153.72,157.52,161.28,1.07,160.59,1.07
T3,88.33,169.76,25.03,157.96,167.63,163.52,1.11,145.95,1.0,151.87,24.81,162.86,155.18,163.49,0.99,170.91,1.14
T8,88.99,156.92,27.74,164.72,166.49,151.63,1.17,155.65,1.02,164.33,27.14,146.1,165.75,166.08,1.1,175.48,1.1
T8,90.238,149.85,26.47,171.35,152.92,171.44,1.02,163.77,1.1,159.98,28.45,160.56,157.04,155.85,1.04,151.66,1.09
T2,90.385,151.54,28.03,153.77,166.15,151.75,1.1,144.35,0.95,156.37,26.77,143.82,165.8,155.1,1.13,157.75,1.07
T1,93.786,141.23,25.11,159.9,154.75,161.21,1.08,166.75,1.11,139.21,27.95,161.1,165.99,149.4,1.07,147.1,1.01
T1,94.852,158.06,26.36,156.23,144.57,167.85,1.09,154.98,1.06,150.27,27.76,169.45,153.88,167.85,1.0,156.83,0.96
T9,96.875,176.47,26.1,161.8,167.74,151.16,1.0,163.65,1.04,166.91,27.29,148.65,157.49,165.66,1.09,161.46,1.15
T7,97.875,163.0,24.87,155.7,144.41,155.88,1.13,153.94,0.96,159.83,28.47,164.96,160.74,169.51,1.09,165.65,1.05
T3,98.71,172.09,24.77,155.26,154.96,150.63,1.06,160.07,1.01,169.15,23.96,162.52,168.96,143.33,1.12,158.65,0.99
T3,98.89,164.98,28.38,159.92,152.86,166.04,1.13,144.78,1.01,169.35,24.1,157.86,152.99,146.57,1.03,148.39,0.98
T6,100.152,156.5,24.51,149.71,145.44,157.82,1.03,170.71,1.02,155.32,24.84,162.35,144.82,148.68,0.93,153.47,1.0
T8,101.114,141.79,28.37,147.79,157.8,170.06,1.13,157.68,0.96,159.9,28.84,159.62,161.1,169.39,1.01,153.58,1.02
T7,101.202,163.59,27.67,176.29,148.8,168.38,1.08,162.78,0.96,160.57,25.9,151.53,161.39,160.32,0.97,161.91,1.09
T2,102.697,141.59,28.27,164.31,153.52,150.5,1.02,157.97,0.96,140.74,25.52,149.93,151.95,155.3,1.14,161.04,1.08
T7,102.741,160.16,27.63,166.41,158.63,152.52,0.96,154.25,0.94,165.16,28.66,152.4,148.26,170.07,1.01,158.89,1.07
T10,102.743,165.12,25.53,152.67,157.05,159.37,1.02,148.56,0.99,156.1,26.85,161.52,149.15,145.88,1.0,169.36,0.99
T2,102.905,165.11,28.1,143.68,151.47,147.03,0.99,145.15,1.02,152.43,27.63,142.88,168.07,160.47,1.16,168.44,1.05
T10,104.341,150.02,28.07,155.64,155.36,142.05,1.05,147.15,1.0,143.85,25.91,137.41,151.62,157.64,0.98,171.01,0.98
T10,105.609,160.95,26.9,141.45,149.98,147.42,1.06,169.22,1.07,146.05,25.94,142.27,167.1,145.85,1.04,163.78,0.99
T8,106.018,144.52,26.45,163.88,150.55,173.2,1.07,165.38,1.1,155.38,27.45,171.16,165.23,173.83,1.01,167.56,1.02
T5,106.162,149.22,26.85,157.99,157.48,146.18,1.01,173.03,1.09,146.29,26.56,147.51,178.39,150.65,1.02,169.98,0.96
T6,106.292,162.5,27.46,148.42,167.09,161.48,1.04,150.81,1.08,165.55,26.32,165.65,154.21,141.66,1.11,166.15,1.05
T7,110.221,166.19,25.03,171.52,148.64,173.71,1.09,178.27,1.03,140.71,28.73,168.35,153.86,174.7,1.13,176.38,1.08
T5,110.566,155.91,28.77,140.61,167.38,150.89,1.13,170.59,0.95,147.1,25.58,153.82,175.1,146.6,1.08,155.82,0.97
T9,110.665,168.34,24.97,150.13,168.22,167.71,0.99,153.67,1.06,165.37,25.18,170.88,162.31,169.92,1.02,155.54,1.06
T7,110.866,140.94,24.72,172.64,142.33,170.78,1.07,150.49,1.09,163.58,25.9,161.12,159.23,161.79,1.09,157.28,1.09
T9,112.258,158.72,28.62,169.5,149.46,156.6,1.05,160.36,1.06,153.01,24.51,169.31,160.15,152.6,1.01,153.3,0.99
T10,112.928,165.03,26.42,145.36,153.98,147.44,1.08,146.88,1.01,157.95,25.94,138.26,155.61,148.22,1.1,173.42,1.01
T4,113.45,150.74,25.47,154.76,157.94,158.11,1.05,141.15,1.11,147.04,25.16,153.06,148.43,161.02,1.0,153.68,1.03
T6,116.475,152.02,26.92,168.95,152.53,156.22,1.06,147.4,1.0,169.27,26.07,162.26,167.95,156.12,0.99,148.05,1.04
T7,118.991,142.11,24.61,151.26,144.52,174.11,1.13,174.19,1.01,158.5,25.9,173.94,158.44,155.11,0.98,159.67,0.95
T10,119.84,157.66,25.46,141.91,166.97,149.6,1.02,156.7,1.06,164.22,26.64,139.54,145.38,150.38,1.03,170.0,1.01
T9,121.129,157.4,25.3,152.02,150.27,171.47,0.94,170.54,0.99,155.03,28.93,166.24,150.74,162.09,0.96,162.76,1.01
T1,121.231,139.35,26.09,176.51,157.45,146.9,0.98,148.57,1.08,150.09,28.83,169.11,160.88,154.07,1.03,155.27,1.14
T9,123.808,160.2,25.49,148.19,169.95,151.16,1.02,155.56,1.11,167.42,28.94,151.1,158.28,176.17,1.01,152.68,0.98
T9,125.495,149.51,28.81,158.84,150.53,156.68,1.03,171.26,1.08,173.72,28.98,148.92,164.98,154.9,1.05,149.16,1.13
T4,126.097,150.81,24.76,157.94,166.64,138.26,1.02,141.87,1.06,155.5,25.65,153.16,157.28,138.21,1.1,141.66,1.09
T7,126.525,151.34,27.87,162.01,142.08,151.69,1.1,165.81,1.1,153.01,28.28,152.64,148.45,175.28,1.06,174.49,1.1
T7,126.817,162.76,28.5,154.76,138.36,166.07,1.05,161.92,0.95,161.49,24.77,159.96,155.8,173.6,1.02,157.67,0.96
T8,127.192,145.56,28.96,165.5,157.05,164.84,1.16,159.45,1.05,161.06,25.54,152.82,165.91,155.71,1.12,154.58,0.95
T5,127.636,154.24,27.68,159.41,167.63,166.16,1.11,159.57,0.95,142.3,27.12,151.37,173.69,163.76,1.07,173.25,0.93
T1,130.624,156.25,27.53,173.61,152.65,145.13,1.12,159.09,1.08,142.47,28.48,176.64,152.94,145.98,1.11,157.48,1.13
T8,130.816,143.97,28.04,148.54,152.17,165.78,1.16,151.14,1.06,156.85,28.46,152.14,149.28,168.36,1.03,157.24,1.01
T6,131.696,174.18,24.4,145.52,162.52,153.18,1.07,145.15,0.98,170.94,27.74,153.28,145.91,151.04,0.95,158.82,1.07
T10,135.804,160.53,25.78,145.44,157.17,142.2,0.96,147.35,1.1,168.7,27.61,152.1,158.61,157.91,1.09,147.3,0.99
T2,137.941,141.07,26.9,159.94,159.67,158.3,1.14,165.4,1.03,165.79,25.84,154.53,167.0,162.16,1.12,144.59,1.01
T1,139.701,149.7,24.65,154.57,165.64,167.44,1.04,164.82,1.05,144.49,28.3,154.77,151.01,166.93,1.03,163.91,1.03
T8,139.759,162.65,28.04,158.06,160.04,163.42,1.09,156.07,0.94,146.33,24.92,171.36,167.23,162.68,1.03,162.54,0.99
T1,140.664,149.09,28.57,155.54,141.99,171.0,0.97,158.26,1.06,149.38,24.36,166.7,160.85,168.94,1.11,152.88,1.02
T8,140.675,153.84,28.28,146.57,149.33,159.88,1.01,170.57,1.08,158.12,26.38,160.84,158.4,151.84,1.1,165.36,1.01
T8,141.688,145.47,26.6,155.21,155.89,163.12,1.18,164.26,1.1,151.93,29.26,162.87,154.19,171.44,1.01,166.32,1.07
T6,141.703,173.16,25.79,151.41,164.04,156.19,1.0,147.72,1.08,175.44,26.69,163.8,151.88,143.59,1.09,145.18,1.12
T6,143.061,150.1,24.95,145.8,148.08,157.18,1.01,150.07,1.02,150.22,27.52,150.28,146.91,139.38,0.94,151.43,1.02
T4,144.444,150.91,24.65,169.52,165.02,148.46,1.01,160.94,1.04,162.15,25.8,157.32,155.22,157.91,1.02,149.71,1.01
T1,144.898,156.5,25.77,161.67,148.51,148.73,1.03,150.12,1.09,155.98,26.27,156.23,158.7,160.86,1.07,142.04,1.12
T10,147.676,169.66,27.52,150.72,154.78,148.22,0.99,157.62,1.13,168.85,24.89,140.53,160.07,158.82,0.96,158.14,0.97
T4,147.891,152.05,25.14,171.38,156.9,158.98,1.03,148.96,1.02,161.18,27.02,173.39,164.4,158.06,1.16,152.37,1.09
T9,149.039,172.55,26.31,158.13,148.09,156.56,0.99,154.73,1.04,167.29,24.66,161.6,152.65,177.26,1.04,173.99,1.08
T5,151.194,152.54,28.72,148.18,158.3,147.76,1.03,157.5,1.05,162.49,28.4,139.72,168.61,151.84,1.1,173.91,0.93
T8,151.311,161.87,27.4,159.19,175.63,150.43,1.19,167.04,1.05,152.19,28.68,147.69,151.16,165.33,1.02,155.79,1.02
T5,151.631,164.47,25.72,141.18,176.77,158.29,1.0,152.53,0.96,142.07,25.53,141.58,170.58,146.53,1.09,169.29,0.99
T5,151.795,164.38,25.01,145.0,172.34,159.31,1.1,160.53,1.06,143.6,24.94,142.73,173.72,152.54,0.99,167.09,1.03
T3,154.424,170.34,24.76,145.9,149.1,156.44,1.08,167.31,1.12,157.23,28.2,169.73,148.1,150.45,1.04,153.92,0.99
T1,155.767,156.28,26.0,155.21,158.28,155.72,1.08,141.5,1.02,158.78,28.39,148.67,154.51,149.15,1.1,149.0,1.02
T2,155.805,153.74,28.36,145.77,153.13,143.3,1.08,163.79,1.03,158.21,28.64,164.3,142.64,145.38,1.07,151.16,1.0
T10,156.199,151.63,24.45,154.67,163.67,154.82,0.98,165.46,0.98,157.08,26.59,138.36,165.84,161.62,0.96,159.09,0.96
T2,158.192,160.96,28.1,145.65,147.17,149.48,1.14,157.81,0.98,144.9,25.24,145.06,153.81,157.41,1.14,166.9,1.01
T7,159.003,151.57,26.43,150.79,154.34,155.94,1.02,157.28,0.97,159.86,27.5,162.78,151.07,169.94,1.06,170.61,1.06
T7,159.166,142.08,25.14,151.59,158.43,162.41,1.01,169.74,0.98,150.59,24.92,167.88,144.62,172.19,1.0,161.91,1.03
T5,159.915,139.41,26.65,160.08,160.23,151.74,1.06,157.49,1.0,154.7,25.88,158.54,161.17,153.81,1.16,159.56,0.95
T2,160.199,158.44,28.62,162.13,152.24,165.49,1.1,158.99,1.1,142.37,29.05,165.55,166.19,144.93,1.06,143.37,1.0
T5,160.755,148.35,24.66,143.99,168.86,157.01,1.02,173.85,1.01,164.19,27.44,163.73,170.83,149.59,1.14,171.77,1.1
T1,161.596,150.96,24.92,159.89,146.14,151.14,0.96,153.91,1.02,155.64,26.24,152.51,163.86,169.58,1.05,161.93,1.06
T2,162.225,153.53,25.55,144.38,160.14,150.64,1.15,161.56,1.04,150.56,26.15,150.21,151.6,166.9,1.0,162.67,1.06
T8,164.78,152.04,26.39,165.24,164.25,148.5,1.12,163.41,1.07,146.16,25.85,163.89,161.74,159.58,1.1,169.44,1.12
T10,164.944,155.6,26.75,161.21,146.57,156.73,1.08,147.8,1.03,148.74,27.54,151.04,164.03,153.13,1.0,150.2,1.1
T2,165.852,161.5,28.17,154.42,143.39,165.37,1.09,151.31,1.09,150.94,28.61,148.9,162.18,156.4,1.1,159.5,1.07
T4,165.923,158.21,26.81,152.1,163.71,138.35,1.06,162.93,1.08,166.76,24.76,168.2,147.13,163.29,1.02,152.25,1.07
T3,167.712,154.44,28.24,155.99,152.23,162.21,1.05,166.14,1.08,172.51,25.46,170.49,150.9,143.7,1.09,147.2,1.12
T1,169.614,148.94,24.56,162.09,152.04,161.55,1.11,152.98,0.99,141.88,27.32,150.8,143.91,161.48,1.07,166.7,1.0
T4,171.855,150.91,23.5,156.08,167.7,143.96,0.99,152.24,1.09,164.49,24.95,151.08,160.7,160.09,1.0,158.27,1.03
T2,173.291,157.63,26.95,161.56,166.34,146.45,0.99,145.76,0.96,160.69,25.44,155.32,165.66,141.85,1.16,152.08,1.03
T10,174.588,144.51,25.35,150.31,144.27,157.59,1.09,164.38,0.95,155.68,25.29,148.46,156.56,153.73,1.07,172.51,1.07
T4,175.27,154.72,25.14,148.61,143.48,161.88,1.07,147.26,0.94,147.04,24.11,157.46,164.6,156.6,1.16,151.29,1.1
T7,178.911,156.43,26.74,151.41,154.88,176.72,0.98,171.08,1.08,155.79,27.23,173.7,147.68,166.38,1.12,157.91,1.05
T2,178.947,160.01,27.19,165.83,166.37,163.64,1.03,161.88,0.94,160.4,27.56,151.63,157.7,161.29,1.15,166.64,0.96
T7,179.463,162.26,28.28,161.75,160.31,170.0,1.12,171.44,1.04,150.74,28.37,151.59,143.07,170.12,1.02,175.72,1.06
T4,180.434,146.77,26.95,175.32,158.95,139.87,1.12,163.92,1.05,152.05,23.71,162.61,150.2,155.07,1.03,165.96,1.03
T3,180.511,161.99,24.73,170.62,167.22,146.02,1.13,147.34,0.99,157.88,26.18,145.08,165.52,169.52,1.0,151.13,1.08
T10,181.697,148.79,23.73,160.77,166.36,164.44,1.08,160.49,0.95,168.99,26.12,150.01,145.66,143.72,1.09,168.58,1.09
T1,181.778,151.91,28.65,158.84,162.92,156.44,1.05,153.41,0.96,144.76,24.47,150.87,158.75,147.91,1.07,145.23,1.04
T2,182.389,153.53,27.88,163.59,159.55,162.43,1.08,170.03,1.09,156.15,27.49,147.64,143.49,155.3,1.1,159.5,1.02
T9,182.75,172.69,28.44,150.37,152.03,160.96,0.93,158.74,0.99,174.42,26.94,157.71,157.38,154.3,1.01,162.47,1.13
T8,185.538,159.08,28.71,149.99,157.36,154.71,1.03,154.53,1.05,162.07,25.84,157.89,155.63,150.99,1.05,165.95,0.98
T3,185.796,153.14,24.89,146.31,156.19,144.18,1.02,146.43,1.11,155.51,25.59,157.37,153.7,163.24,1.06,168.05,1.12
T10,187.62,148.18,23.93,143.69,153.32,166.03,1.1,152.83,1.1,154.76,26.54,160.41,150.23,147.03,0.96,173.03,1.07
T3,188.074,174.07,25.0,164.55,164.13,142.96,1.07,150.74,1.11,167.1,25.48,156.76,168.4,145.95,1.06,163.93,1.14
T1,190.68,149.31,28.2,154.94,156.03,157.26,0.96,159.1,1.02,155.92,24.55,173.33,162.06,156.94,0.99,160.9,1.1
T1,191.192,138.85,28.78,163.0,144.58,164.49,0.96,156.1,1.05,146.76,26.73,162.16,160.09,170.27,1.02,160.38,1.04
T2,191.853,154.13,25.96,149.88,166.15,161.22,1.05,158.66,1.09,146.26,27.0,149.25,157.18,148.56,1.14,152.44,1.11
T10,193.125,168.73,23.86,150.96,162.81,147.88,1.09,161.99,1.02,169.35,27.69,150.36,153.4,152.94,1.1,168.9,1.03
T2,193.355,144.45,27.5,164.31,155.44,156.47,1.09,154.5,1.02,156.9,28.08,149.94,158.06,150.17,1.16,154.21,1.06
T5,194.069,163.78,25.4,152.66,166.65,160.39,1.01,150.69,1.09,146.72,29.06,151.78,175.52,162.87,1.12,170.3,0.93
T4,196.493,150.55,26.62,160.29,158.41,156.18,1.03,158.51,0.96,144.58,24.08,148.17,149.34,158.97,1.09,162.6,0.98
T2,196.81,145.55,26.3,155.57,145.86,151.15,1.02,155.68,0.94,156.12,26.47,166.47,156.45,156.67,1.09,145.34,1.06
T7,198.921,166.45,28.47,161.66,155.37,160.55,1.02,168.5,1.06,157.14,24.73,165.3,161.74,156.65,1.12,157.52,1.01
T5,199.32,144.29,25.59,153.78,153.72,147.42,1.1,150.88,1.04,151.23,28.21,143.18,166.18,164.35,1.1,173.2,0.98
T1,199.443,145.51,25.65,172.13,143.93,154.52,1.02,145.73,1.06,146.98,26.22,151.15,165.61,165.47,0.96,166.6,0.96
T2,201.373,163.6,27.96,149.83,166.12,159.02,1.15,169.85,0.93,152.5,27.39,142.35,144.66,160.07,1.06,150.51,0.94
T10,202.592,145.72,28.07,147.53,147.95,153.44,1.11,168.86,1.01,157.82,26.01,154.6,146.85,146.34,0.99,148.17,1.02
T6,203.113,168.85,26.88,158.77,166.92,146.99,1.04,148.16,1.01,165.52,28.47,167.88,152.32,146.34,1.05,152.51,1.05
T5,203.258,161.8,26.22,140.0,177.45,148.26,1.16,173.08,1.01,159.79,27.7,150.6,156.82,147.18,1.07,176.14,0.98
T7,204.897,165.24,28.07,166.29,158.47,175.56,0.98,174.79,1.05,157.56,28.03,156.61,145.78,152.6,1.0,171.52,1.02
T7,205.209,142.78,27.99,155.53,162.39,166.07,1.13,175.91,0.98,142.11,26.0,155.26,142.56,154.88,1.07,150.97,1.02
T7,205.3,147.87,24.31,159.94,139.12,166.06,1.03,175.76,0.97,141.51,27.57,151.23,143.56,166.97,0.99,170.51,1.1
T7,206.617,158.19,26.11,170.88,151.4,164.97,0.99,160.67,1.09,145.45,25.2,167.65,157.56,159.38,1.11,158.01,1.05
T2,207.462,146.67,26.65,141.7,161.95,154.4,0.98,145.39,1.05,157.29,25.58,150.7,144.29,166.41,1.05,166.69,1.09
T8,207.569,146.16,28.88,146.18,165.19,163.14,1.01,156.34,1.08,158.32,25.36,155.01,175.47,149.09,1.03,168.15,1.05
T9,208.284,176.84,28.98,151.96,146.27,168.56,0.97,150.35,1.04,161.22,24.61,169.34,153.1,150.58,1.08,148.29,1.06
T8,208.488,161.55,28.68,163.09,153.16,159.1,1.19,174.07,1.03,152.43,28.72,146.18,163.0,165.29,1.16,176.35,1.06
T10,209.163,147.05,24.3,160.76,157.17,159.45,1.08,158.44,0.98,145.26,27.32,159.15,156.18,150.25,1.09,159.85,0.96
T5,209.502,144.45,26.12,164.08,167.0,170.98,1.0,172.86,1.06,144.5,24.73,162.43,156.99,170.79,1.07,149.79,1.07
T6,212.97,169.4,24.84,165.74,160.13,165.17,0.94,147.98,1.02,151.8,28.3,152.66,168.63,164.25,0.99,170.32,1.13
T9,213.363,149.97,26.96,172.82,171.33,154.75,1.05,174.15,1.03,174.71,24.97,164.88,152.88,170.75,1.01,157.06,1.03
T6,213.441,154.86,25.71,145.23,151.2,156.64,0.96,155.06,1.05,174.63,25.99,144.71,161.01,161.97,0.93,156.75,1.08
T1,213.982,139.55,25.68,173.88,150.89,156.65,1.09,163.67,1.03,144.88,25.25,159.83,165.43,160.45,1.0,166.92,1.07
T9,214.164,176.92,24.59,152.16,150.27,172.7,1.04,152.61,1.15,158.0,25.02,161.66,148.48,174.16,0.98,156.99,1.13
T4,215.861,158.5,26.42,173.58,164.53,138.26,1.04,150.87,0.96,157.35,24.31,151.45,165.26,154.48,1.11,155.68,0.99
T7,217.438,151.87,25.1,157.29,154.94,166.03,1.02,175.18,1.0,154.4,27.8,157.61,153.53,161.39,1.12,171.78,1.07
T7,219.655,143.42,24.37,177.53,151.71,158.35,0.99,159.1,1.07,149.12,24.25,177.68,144.91,177.93,0.98,174.94,1.01
T8,219.989,148.17,28.48,149.82,165.01,148.45,1.08,166.09,1.07,144.95,28.26,156.71,149.28,168.36,1.08,178.62,0.97
T3,220.803,167.38,24.38,165.46,144.01,151.75,1.06,157.83,0.98,169.99,24.35,155.55,146.68,143.92,1.12,167.27,1.12
T8,220.915,148.32,24.99,160.78,172.13,148.14,1.14,153.47,1.0,155.67,25.68,161.7,167.39,158.68,1.09,175.22,1.04
T2,222.842,162.11,27.37,148.34,166.67,147.92,1.07,166.33,1.05,156.85,26.97,157.53,163.95,143.85,1.1,166.32,1.08
T6,223.138,176.78,24.36,162.91,158.9,158.12,0.95,150.18,1.11,168.14,26.76,150.8,158.9,143.43,0.93,165.55,1.12
T3,223.345,147.88,24.97,171.31,149.86,167.95,1.17,160.06,0.98,164.93,24.0,169.87,168.49,163.46,1.07,159.57,1.01
T3,223.835,149.23,24.54,146.72,163.5,163.5,1.15,170.42,0.99,158.45,27.7,147.19,148.9,143.4,0.99,144.63,1.01
T2,225.069,161.43,28.48,153.22,159.0,151.33,1.08,170.05,0.98,159.77,26.74,166.63,162.38,142.67,1.15,157.57,1.06
T9,225.557,169.35,26.2,147.25,165.93,150.02,1.01,153.86,1.04,167.63,28.93,154.62,167.39,177.06,1.03,153.39,1.04
T6,227.234,175.39,26.23,146.04,151.94,152.84,1.04,159.24,1.01,171.81,27.01,165.51,166.07,151.78,1.06,145.13,1.13
T4,228.451,165.7,24.26,160.85,170.19,138.36,1.14,165.37,1.06,159.43,27.13,160.78,160.72,153.11,1.01,163.61,1.0
T9,229.089,152.01,28.13,163.0,171.81,155.33,1.08,164.77,1.05,159.96,24.56,159.71,151.94,178.24,1.02,173.59,1.01
T5,230.021,144.32,29.13,147.89,160.52,147.22,1.14,161.15,1.03,146.35,27.2,159.46,176.21,159.81,1.01,165.29,0.95
T2,232.289,144.78,26.95,144.01,159.38,155.05,1.11,163.94,1.11,147.72,27.06,149.57,150.41,160.87,1.0,149.74,1.04
T7,233.843,155.82,27.9,160.37,149.15,163.62,1.01,171.04,1.0,149.34,25.15,156.43,163.06,176.86,1.14,166.41,1.04
T5,234.375,149.74,29.26,162.74,155.84,149.05,1.09,162.22,0.96,141.28,27.5,145.0,178.85,147.76,0.99,175.78,0.95
T9,235.437,176.67,25.13,167.47,154.58,158.15,1.06,165.69,1.04,155.79,25.97,156.97,160.95,156.6,1.04,171.12,1.05
T9,236.521,173.68,25.45,160.87,158.06,165.85,0.95,155.8,1.1,174.27,27.24,151.13,151.77,155.06,0.95,148.82,1.08
T5,236.804,165.43,25.19,149.85,158.34,153.93,1.01,156.08,1.03,142.02,28.4,150.96,164.3,160.11,1.08,160.33,1.05
T10,237.171,146.92,27.04,153.14,160.9,146.3,1.07,163.02,0.99,161.75,25.64,152.1,167.24,150.37,1.12,164.54,1.03
T1,238.163,153.52,26.36,162.45,147.43,171.09,0.99,154.96,0.99,159.34,26.84,155.32,159.73,151.27,1.11,146.71,0.98
T5,239.057,159.64,25.49,163.74,161.16,148.28,1.13,172.78,0.98,160.58,27.19,144.29,159.65,150.1,1.15,169.65,0.99
T1,239.138,160.59,24.59,175.68,143.51,166.57,1.1,145.74,1.02,141.44,26.53,153.16,153.48,155.43,1.06,147.92,1.08
T9,239.434,157.42,28.74,166.38,151.46,167.15,1.07,149.54,1.04,162.71,26.32,156.86,150.68,177.94,1.08,157.51,1.08
T9,239.576,151.62,25.76,155.71,156.1,161.62,0.98,171.28,1.06,177.3,27.1,172.34,170.81,158.71,0.97,152.6,0.99
T10,239.579,149.24,23.74,147.67,164.2,160.88,1.04,173.3,0.98,164.43,26.6,154.5,146.15,167.64,1.09,158.44,1.1
T2,241.264,162.24,26.88,157.64,150.91,163.94,0.99,162.32,1.07,164.63,25.08,145.32,153.12,155.63,0.99,160.31,0.94
T6,241.623,169.54,24.39,145.8,158.94,146.36,1.03,164.3,1.01,151.12,27.24,165.2,157.77,154.9,1.05,162.16,1.13
T2,241.74,145.55,26.9,163.73,155.15,158.83,1.09,163.78,1.04,149.9,27.63,163.64,148.06,150.0,1.14,146.26,1.04
T7,241.765,162.94,24.41,161.83,155.42,151.11,1.13,163.79,0.94,156.17,28.46,165.68,160.87,153.98,1.05,156.22,1.05
T5,241.815,160.65,25.39,159.84,166.01,143.92,1.04,158.79,0.96,143.11,28.75,164.27,156.89,165.13,1.11,159.9,0.97
T6,242.787,164.1,24.99,144.24,143.74,152.94,1.05,160.8,1.12,162.49,25.65,154.27,169.55,145.9,0.94,151.02,0.98
T7,243.686,159.68,26.76,167.73,148.26,169.03,1.04,157.42,1.09,141.18,25.61,170.54,144.91,151.14,1.03,154.92,1.01
T4,243.751,166.32,25.73,163.4,160.69,138.34,1.0,163.46,0.99,158.24,26.89,159.79,168.34,157.63,0.99,141.93,1.05
T5,244.228,151.5,28.74,152.04,152.2,170.62,1.05,153.53,0.99,163.7,27.04,161.39,160.46,160.12,1.05,156.43,1.06
T3,245.363,162.38,24.73,163.76,161.79,159.92,0.99,157.97,1.01,153.4,26.75,145.42,147.26,163.11,1.07,167.31,1.11
T5,247.121,163.13,27.79,158.72,154.84,151.54,1.13,149.79,0.96,152.03,24.68,145.55,170.92,165.64,1.06,156.61,0.98
T6,250.066,173.53,28.08,147.02,158.79,163.01,1.08,154.27,1.03,158.29,28.3,150.92,156.49,142.38,1.05,157.03,1.08
T10,250.209,161.45,25.1,150.01,164.83,159.64,1.04,156.89,0.98,155.1,23.79,139.94,151.87,161.82,1.02,151.45,1.1
T10,250.561,166.5,23.84,144.38,156.93,166.29,0.97,160.02,1.1,169.74,24.42,151.73,145.47,167.64,1.02,153.05,0.98
T5,250.99,151.33,24.76,152.77,171.44,163.21,1.12,158.94,1.02,152.62,26.36,149.12,163.43,147.7,1.09,176.81,1.07
T2,251.093,166.02,26.01,141.51,144.82,164.04,1.01,165.26,1.01,158.1,26.69,154.27,166.5,162.68,0.99,148.64,1.1
T2,252.963,155.74,26.19,157.71,155.21,152.53,1.02,166.53,0.98,158.65,29.21,164.41,142.02,166.23,1.04,164.76,1.05
T10,252.992,154.48,26.18,145.67,158.8,149.55,1.1,172.81,1.04,156.59,28.11,138.75,148.34,163.79,0.95,147.81,1.09
T10,253.288,165.37,24.49,159.23,156.48,162.78,1.12,159.35,1.11,167.09,27.13,152.96,156.92,148.71,1.02,163.36,0.97
T2,253.636,159.72,28.32,150.17,154.1,163.08,0.98,162.68,1.09,152.52,26.19,146.98,162.56,149.4,0.98,159.64,1.08
T10,254.345,159.23,27.55,162.72,141.81,164.03,1.01,155.54,0.96,150.52,25.76,150.32,150.19,145.68,1.0,171.57,1.07
T8,256.46,149.34,26.42,160.15,166.82,167.82,1.13,177.78,1.07,147.79,26.84,152.69,172.08,159.37,1.06,157.64,1.05
T5,258.686,150.54,27.51,164.11,168.74,157.4,1.1,171.37,1.08,146.3,26.72,138.89,163.08,163.74,1.07,162.98,1.1
T8,258.821,162.28,26.45,166.6,158.66,175.24,1.01,175.47,0.95,159.26,27.9,150.19,149.84,154.53,1.15,171.22,1.06
T5,259.528,154.67,25.26,157.74,157.17,151.79,0.99,153.28,1.09,153.35,29.21,140.64,157.68,148.41,1.02,160.09,1.03
T6,259.946,151.85,25.42,144.24,160.39,148.62,1.05,151.62,1.0,174.97,24.67,170.14,150.73,152.43,0.95,164.9,1.05
T5,259.962,140.73,29.04,162.08,150.56,145.57,1.1,168.65,0.98,157.91,26.91,145.67,163.85,162.88,1.14,166.55,1.04
T7,260.098,157.76,27.76,150.41,150.25,153.62,1.12,171.9,0.95,163.48,28.34,163.81,151.87,173.51,1.07,164.48,0.96
T1,262.42,163.02,27.43,160.91,153.03,164.49,0.98,164.61,1.04,145.58,26.33,170.9,149.18,147.11,1.03,153.17,1.1
T10,263.535,149.02,25.27,143.29,155.61,157.31,1.01,165.99,1.01,144.88,27.44,156.66,167.79,145.8,0.98,155.54,1.06
T4,264.163,156.58,25.18,172.56,148.1,159.9,1.16,154.91,1.03,152.28,26.06,151.66,160.79,147.17,1.0,141.87,1.08
T9,264.949,161.25,27.91,173.2,164.7,169.14,1.08,149.06,1.04,154.7,25.11,159.63,155.12,176.14,1.03,158.88,1.11
T4,266.038,146.98,25.86,164.75,147.72,156.65,1.02,150.17,1.01,154.61,26.56,169.17,144.57,162.68,1.16,156.83,1.04
T10,267.011,164.71,26.35,149.44,150.51,155.6,1.06,149.63,0.99,166.81,26.79,159.8,152.86,160.9,1.08,156.22,1.09
T3,267.357,172.63,24.95,169.89,150.09,158.3,1.05,150.87,1.07,154.6,27.16,155.98,168.47,146.94,1.09,152.98,1.16
T1,268.599,144.29,25.7,165.44,148.39,163.18,1.08,167.89,1.03,161.86,26.03,173.16,150.88,171.67,1.11,145.74,1.0
T7,270.287,149.3,27.95,159.31,153.17,175.28,1.05,176.42,1.07,144.32,26.47,165.23,149.47,164.51,1.08,165.0,0.94
T8,270.395,146.32,26.8,146.44,156.41,164.11,1.18,169.73,1.03,147.05,27.73,150.49,169.18,169.12,1.02,152.32,0.94
T4,271.843,150.03,25.12,166.01,152.58,159.81,1.07,145.61,1.02,145.04,24.42,171.77,158.17,148.31,0.99,153.78,1.0
T5,272.22,158.75,28.24,148.62,153.64,149.1,1.1,163.68,0.98,144.72,28.16,154.72,157.8,151.8,1.16,155.94,1.03
T8,273.795,164.33,27.81,145.64,165.03,155.92,1.14,155.42,1.08,164.9,27.99,154.42,173.68,159.57,1.01,166.11,1.06
T1,274.614,149.18,24.63,148.94,155.71,162.68,1.03,157.13,1.11,164.23,26.51,152.25,144.48,147.2,1.03,157.98,0.99
T10,275.078,146.26,25.93,138.36,162.18,157.82,1.11,170.62,1.08,156.6,26.29,144.83,156.28,154.7,1.06,150.31,0.96
T10,277.37,159.66,27.25,138.24,149.66,161.55,1.07,159.3,1.02,151.59,26.51,144.34,151.62,163.29,0.97,147.81,1.09
T9,277.451,150.41,28.17,163.03,145.58,174.21,0.98,161.72,1.04,168.38,25.76,159.54,151.34,171.74,1.01,168.64,0.98
T6,278.484,160.31,26.84,164.92,160.16,157.56,1.03,157.46,1.04,152.12,26.02,159.31,149.11,141.53,1.09,150.91,0.98
T6,279.69,150.47,26.06,151.58,150.16,152.48,1.1,156.85,1.08,149.28,25.36,150.64,158.99,154.26,1.02,161.98,0.99
T9,280.237,158.77,27.79,149.81,154.58,160.39,1.01,169.13,1.08,170.97,26.82,153.83,147.2,156.64,0.95,149.6,1.13
T9,282.257,176.35,27.8,155.43,170.8,177.51,0.95,150.72,1.08,164.07,24.74,160.87,152.88,175.1,1.02,150.48,1.06
T10,282.397,168.94,27.72,153.18,141.34,141.64,1.12,166.87,0.96,161.22,23.86,154.67,145.08,149.49,1.11,151.96,1.1
T8,282.764,150.97,25.64,160.84,163.9,175.65,1.17,161.51,0.98,158.83,25.52,170.51,177.15,150.85,1.17,160.74,0.99
T6,283.149,161.72,24.57,164.59,150.39,154.38,1.06,152.31,1.0,158.96,26.72,162.74,144.82,150.24,1.02,147.63,1.0
T7,283.251,158.59,26.08,158.0,151.01,167.45,1.0,151.44,1.02,145.91,27.56,153.28,140.12,151.2,1.07,177.36,1.06
T2,283.373,164.27,27.49,166.1,162.49,150.7,1.0,161.99,1.02,160.41,25.07,164.28,158.01,159.02,1.13,152.88,1.0
T6,283.91,165.23,28.39,158.71,158.91,148.52,1.1,161.05,0.96,163.02,25.51,151.77,162.05,152.03,1.04,145.15,0.98
T4,286.689,157.95,27.15,171.05,149.34,137.99,1.07,156.8,1.1,168.68,26.71,149.94,169.01,156.96,1.09,140.95,1.03
T8,287.557,163.7,26.67,149.84,154.89,173.56,1.12,166.86,1.1,142.54,27.17,145.86,163.32,169.05,1.08,150.65,0.98
T8,288.094,151.13,27.5,159.97,177.12,153.85,1.17,168.9,1.04,162.07,28.52,146.39,153.42,174.94,1.04,155.65,1.02
T10,294.64,158.73,26.68,161.46,157.4,157.82,1.13,161.33,0.98,166.97,26.9,143.51,149.47,153.15,1.1,170.41,1.01
T10,294.83,170.45,27.56,152.93,146.38,166.19,1.06,159.62,1.04,150.34,26.38,159.19,157.34,158.61,1.04,159.09,1.02
T6,294.916,158.82,26.58,157.82,165.0,156.09,1.05,162.0,1.07,169.11,24.22,164.36,143.96,148.75,1.09,148.49,0.99
T6,297.472,150.78,24.8,159.23,170.08,152.91,1.09,149.08,1.08,170.24,27.12,167.88,146.92,147.88,0.96,155.54,0.98
T7,298.052,142.88,24.66,170.25,138.05,171.97,1.06,171.24,0.95,145.12,28.36,172.04,155.46,176.15,1.09,174.14,1.09
T9,299.454,153.59,27.54,153.19,155.56,160.95,0.99,170.66,1.05,174.38,26.68,150.28,171.16,162.14,1.0,157.92,1.05
T3,300.267,164.2,28.22,163.79,161.39,167.81,1.0,159.56,1.14,151.8,25.99,149.33,167.02,158.91,1.04,168.53,0.99
T5,303.152,145.38,25.22,148.11,170.98,148.87,1.15,157.79,1.03,139.55,24.77,138.85,150.79,164.76,1.01,166.12,0.96
T9,303.574,164.11,25.66,172.52,146.82,152.75,1.08,148.29,0.97,171.42,28.5,164.51,163.15,153.93,1.03,149.07,0.97
T8,304.728,157.0,24.96,169.8,150.32,163.21,1.07,155.77,1.03,141.51,26.07,166.76,158.25,154.88,1.1,151.71,1.08
T6,304.786,156.54,27.78,147.51,157.11,146.99,1.08,156.25,0.98,155.24,28.68,162.39,159.85,152.99,1.05,144.0,0.97
T8,305.209,149.65,28.09,165.05,162.26,159.57,1.07,170.16,1.01,151.35,28.2,158.87,157.81,159.75,1.19,153.43,1.06
T10,305.226,145.82,26.78,141.44,146.38,162.66,1.08,156.26,1.1,169.6,24.3,148.11,153.4,156.41,1.07,157.23,1.03
T8,305.578,160.98,26.94,159.76,153.56,168.66,1.11,153.69,1.07,147.44,26.75,159.96,169.32,160.7,1.02,171.67,1.0
T9,305.936,173.41,27.39,160.62,161.56,156.93,0.93,151.31,1.12,174.32,25.89,148.42,171.18,177.92,0.93,170.73,1.12
T8,306.186,164.17,27.91,147.68,165.68,155.86,1.18,172.28,0.94,160.29,28.91,164.18,150.55,156.8,1.14,158.23,0.97
T9,307.532,175.57,27.02,156.7,157.51,170.81,0.98,167.24,1.04,171.9,26.83,163.95,164.24,157.84,0.96,164.58,0.98
T3,309.713,161.17,25.56,161.92,166.2,145.28,1.06,150.01,1.11,160.09,24.54,149.68,162.0,152.06,1.12,152.59,1.14
T10,310.31,148.52,26.22,154.07,150.07,152.54,0.98,146.43,1.12,163.67,25.89,152.84,156.07,164.91,1.04,172.6,1.08
T9,310.462,150.93,26.06,157.19,146.6,168.14,1.05,148.77,1.14,174.27,28.62,165.28,163.05,171.94,1.06,158.88,1.01
T8,311.188,158.66,25.5,145.34,162.05,171.12,1.11,153.89,0.96,147.44,26.05,154.93,156.65,149.09,1.12,166.97,1.01
T4,311.961,166.0,23.52,148.9,148.93,148.21,1.08,155.74,1.08,166.74,26.41,165.62,161.96,142.44,1.08,165.94,1.0
T5,312.657,154.7,26.5,160.47,177.76,151.21,1.12,177.37,1.02,141.03,24.81,138.56,154.14,166.69,1.14,165.94,1.06
T8,313.326,146.33,26.97,148.28,173.22,151.65,1.12,175.83,1.01,154.15,27.73,150.49,174.02,158.84,1.05,171.42,1.05
T8,313.431,152.34,25.3,145.28,152.68,162.68,1.09,178.34,0.98,166.5,26.01,149.81,162.86,166.08,1.07,169.23,1.1
T6,313.655,161.78,24.52,167.66,146.14,156.41,1.01,162.19,0.97,152.68,24.43,149.58,144.14,147.29,1.1,161.05,1.0
T9,316.073,152.05,28.82,151.13,166.45,155.33,1.07,162.66,0.97,176.92,28.65,168.71,150.57,151.69,1.05,156.47,1.14
T4,316.308,162.28,24.84,172.19,158.1,138.08,1.13,152.41,1.08,159.16,25.95,161.05,143.24,158.71,1.11,143.1,1.11
T2,317.079,162.42,25.24,151.28,146.22,160.53,1.1,165.72,0.98,165.94,24.92,163.71,167.59,141.42,1.09,154.75,1.09
T4,317.575,165.37,25.59,169.52,165.63,151.84,0.99,166.42,1.01,148.01,26.86,152.79,152.07,144.86,0.98,151.12,1.1
T7,317.706,141.01,26.1,150.69,139.26,152.78,1.02,170.46,1.06,142.66,28.31,154.38,155.68,157.18,1.12,152.64,1.04
T7,318.355,154.88,26.38,170.12,145.91,178.28,1.01,166.62,1.09,157.05,25.47,165.96,161.62,174.4,0.96,175.76,0.95
T6,319.667,169.48,25.48,163.03,166.98,147.65,1.04,147.63,0.98,176.95,28.65,152.04,152.44,141.26,1.02,161.67,0.96
T7,320.387,160.34,26.99,171.63,139.74,169.26,1.01,151.4,1.09,165.07,28.27,177.39,149.77,178.41,1.08,163.23,0.96
T4,322.251,162.68,24.69,165.53,154.13,156.67,1.16,165.89,0.96,147.35,23.25,171.07,160.14,162.68,1.04,153.15,1.06
T10,322.588,159.74,26.84,158.57,150.19,166.91,1.05,166.48,1.03,153.31,27.94,143.43,147.75,150.01,1.12,158.3,1.1
T4,324.266,166.0,26.62,147.93,163.77,138.07,1.04,164.53,1.08,162.14,24.55,162.17,158.04,161.55,1.07,143.2,1.0
T5,324.272,147.37,25.83,156.34,160.52,148.71,1.01,170.37,1.09,142.26,28.87,143.38,150.92,159.25,1.16,153.29,1.07
T4,324.344,168.05,26.57,161.68,156.91,152.99,1.07,161.1,1.02,167.04,24.79,153.72,146.82,149.0,1.08,161.12,1.08
T7,325.965,161.74,26.74,172.56,140.87,171.96,1.0,159.07,1.04,154.78,27.12,155.26,153.86,167.7,1.1,159.77,0.94
T8,326.621,152.66,26.75,152.45,161.33,171.26,1.11,178.24,1.06,165.42,25.52,166.95,175.78,152.1,1.11,155.39,0.96
T5,326.733,143.47,29.04,159.35,177.61,169.74,1.12,177.84,0.99,157.85,28.27,147.35,154.5,157.24,1.01,165.96,1.05
T9,328.17,160.41,25.6,172.97,152.8,169.28,0.98,162.55,1.1,149.47,27.0,166.36,147.14,174.73,1.05,149.9,1.08
T7,328.244,148.45,27.68,165.05,161.39,171.84,1.06,175.66,1.0,158.04,28.52,170.49,153.04,177.22,1.11,174.17,1.05
T10,328.726,147.26,25.32,137.62,141.62,163.5,0.98,167.59,1.11,168.39,25.67,142.1,155.73,158.63,1.02,155.0,0.97
T7,328.948,160.14,26.26,162.01,150.62,160.71,1.05,154.89,1.04,163.74,26.22,174.89,153.55,162.3,1.03,165.8,1.04
T9,328.972,164.17,26.53,161.99,168.01,156.68,1.09,172.44,1.14,164.05,27.85,148.82,159.15,161.9,1.09,174.56,1.07
T9,329.328,151.88,24.83,167.49,155.16,174.51,0.96,151.22,1.02,173.82,26.71,147.59,168.09,175.3,1.01,152.82,1.0
T8,330.752,147.68,27.54,170.56,153.15,156.62,1.18,177.81,1.03,166.12,24.72,167.04,168.27,156.27,1.12,153.76,1.1
T8,331.256,150.18,26.52,151.18,166.32,148.93,1.07,173.47,1.07,140.45,27.45,160.15,172.91,159.57,1.18,162.46,1.07
T6,332.789,174.84,25.68,165.51,156.11,155.6,1.05,146.8,1.08,177.29,27.98,152.78,164.52,155.61,0.99,148.32,1.12
T2,333.602,154.26,26.95,142.91,145.75,160.35,1.03,161.3,1.01,154.81,26.9,142.68,144.9,161.29,1.06,149.89,1.07
T9,333.974,177.34,25.44,157.68,165.46,152.23,0.96,157.14,1.07,154.87,26.73,173.74,152.25,168.89,0.97,158.44,1.04
T2,337.235,143.4,25.89,166.09,141.77,167.64,1.07,151.54,0.97,149.8,24.66,150.71,157.01,159.89,1.12,170.27,1.09
T8,337.925,153.09,26.2,155.01,155.05,159.61,1.12,161.97,1.0,164.9,26.19,151.69,154.77,168.16,1.12,169.6,1.0
T2,338.263,151.33,27.57,146.15,151.12,160.31,1.05,168.99,0.94,149.92,28.56,165.59,144.36,147.48,1.12,148.98,0.96
T10,338.69,144.31,27.24,137.67,161.53,147.35,1.02,161.33,1.01,156.56,26.94,137.3,143.38,166.61,1.09,162.83,1.04
T10,339.294,147.54,24.06,155.79,145.33,168.15,1.12,161.23,1.09,151.76,25.96,148.79,161.55,163.25,1.02,168.86,1.0
T10,342.157,156.98,27.79,160.89,158.95,165.52,1.03,152.24,1.11,155.86,27.04,144.86,160.88,156.69,1.07,157.93,0.98
T7,344.838,143.44,24.74,173.63,148.68,169.5,1.1,177.85,1.02,160.79,24.87,154.01,160.34,165.69,1.11,155.16,1.08
T5,347.683,149.33,26.78,144.04,166.65,159.76,1.04,170.87,1.07,158.12,27.21,158.26,168.84,161.76,1.12,154.39,1.07
T4,349.205,144.1,27.49,154.69,161.83,162.35,1.01,152.31,1.03,166.07,25.44,169.77,157.9,150.25,1.13,143.57,0.98
T1,349.234,149.68,24.58,164.72,143.57,151.27,1.01,149.0,1.06,145.66,25.83,149.91,159.62,152.92,1.1,160.83,1.02
T5,349.419,162.56,27.07,155.59,172.51,149.2,1.06,173.39,1.06,144.94,24.88,161.2,171.38,170.53,1.01,162.81,1.01
T2,349.79,155.1,28.44,155.87,144.91,143.33,1.1,159.67,0.94,161.97,26.69,160.46,159.66,158.02,1.02,154.61,1.07
T1,351.007,143.79,28.5,149.63,140.31,153.47,0.99,152.03,1.01,152.36,26.01,157.91,144.39,147.33,1.02,151.25,1.11
T8,351.834,159.38,25.24,170.29,173.26,151.44,1.19,163.22,0.97,165.71,26.98,160.15,162.48,175.56,1.09,169.23,0.98
T3,352.268,166.42,28.01,158.34,148.05,164.01,1.03,162.34,0.98,173.23,26.1,161.54,144.4,155.28,1.01,165.82,1.03
T2,355.591,151.1,24.84,150.8,160.37,163.25,0.98,154.69,1.0,143.5,25.32,141.82,154.18,165.58,0.99,145.98,1.02
T10,356.081,165.29,27.4,141.02,148.92,145.55,1.02,171.37,1.0,170.27,25.79,155.14,149.32,166.98,1.13,163.4,1.1
T7,356.532,160.08,27.44,173.49,151.55,150.74,0.97,159.65,1.05,153.08,24.92,165.44,155.42,172.84,1.11,161.86,1.06
T5,356.574,145.3,24.88,153.27,161.42,160.41,1.08,157.75,0.94,158.07,27.72,152.57,177.76,148.81,1.01,152.1,1.1
T7,356.842,161.42,24.42,168.14,148.75,169.57,1.09,162.89,0.99,156.16,27.82,157.54,140.42,178.16,1.05,151.2,0.94
T2,356.893,157.15,28.8,157.22,159.35,163.43,0.98,163.89,1.01,147.76,26.14,144.11,152.73,163.72,1.11,155.71,1.03
T7,357.212,164.94,28.75,176.94,139.01,174.03,1.1,167.51,1.0,162.45,25.68,178.55,148.26,172.28,1.14,166.17,1.03
T3,357.428,173.23,26.39,171.29,144.52,151.75,1.12,169.93,1.08,153.81,25.49,163.62,146.32,143.62,1.08,157.72,1.02
T9,357.824,153.3,25.06,166.23,159.42,160.39,1.03,167.28,1.0,168.38,27.93,171.68,154.42,163.85,1.03,155.63,1.05
T5,358.917,162.56,26.43,164.11,160.46,153.79,1.15,158.22,1.0,152.62,26.47,149.3,163.85,148.03,1.07,165.36,0.98
T3,359.135,149.31,28.16,149.96,143.21,169.34,1.05,157.77,1.07,160.14,27.12,167.44,162.46,153.77,1.09,155.1,1.13
T7,361.225,151.34,24.56,152.27,141.53,157.93,1.08,156.84,1.04,152.4,24.74,172.03,143.97,169.05,1.02,158.09,1.0
T9,361.986,149.94,27.48,172.83,168.73,159.83,1.03,165.26,1.06,166.21,25.84,161.06,157.44,173.62,1.06,150.48,1.04
T4,363.168,154.64,24.96,149.58,169.14,149.51,1.08,160.55,1.04,167.87,25.26,149.72,157.82,148.35,1.02,158.51,1.03
T1,363.364,163.28,28.1,156.55,151.48,168.89,1.04,162.82,1.13,149.82,25.79,154.46,162.95,151.11,1.1,141.94,0.96
T5,363.379,160.29,28.76,141.58,156.99,165.06,1.0,162.29,1.04,157.82,28.8,144.24,160.69,158.05,1.1,156.96,0.96
T2,363.728,165.11,26.43,165.45,149.76,156.57,0.98,159.95,1.11,158.21,28.83,161.83,158.14,167.5,1.14,166.04,1.02
T8,363.768,166.24,26.82,160.56,159.0,165.66,1.16,164.45,0.98,166.24,26.62,154.86,160.35,160.82,1.11,169.24,1.06
T2,364.078,158.8,28.3,145.26,147.81,148.48,1.0,158.92,0.96,157.29,28.26,140.54,156.83,155.78,0.98,144.0,1.08
T5,364.296,154.02,27.07,162.74,160.49,161.65,1.04,149.95,1.05,139.47,28.19,153.22,169.47,165.97,1.01,166.69,0.99
T4,364.307,166.05,24.28,151.71,159.58,149.52,1.01,151.79,1.09,153.88,26.8,152.62,153.93,149.42,1.02,160.59,1.03
T9,364.767,160.52,28.66,159.78,148.24,160.96,1.05,172.47,0.97,155.2,24.57,158.13,159.0,158.66,0.99,150.44,0.98
T1,365.115,164.58,27.46,176.49,151.59,156.05,1.0,145.44,1.13,160.76,24.97,153.35,142.67,155.43,0.97,152.5,1.04
T10,365.132,159.91,26.65,148.48,142.53,153.81,1.1,153.08,0.98,159.66,26.86,149.18,152.25,151.15,0.97,173.17,1.12
T5,365.59,140.21,27.88,141.94,170.2,163.11,1.14,154.34,0.94,153.57,26.5,140.61,170.46,158.45,1.08,159.52,1.01
T10,366.756,153.16,26.57,145.13,151.76,163.36,1.08,162.51,1.02,157.63,26.56,142.37,147.32,145.92,1.09,172.07,1.08
T6,366.839,157.43,27.43,163.47,150.52,144.03,1.0,146.27,1.1,171.87,24.41,165.2,163.58,162.05,1.04,170.66,1.01
T3,367.989,168.84,25.75,150.68,167.36,158.88,1.04,147.54,1.13,153.01,27.44,152.87,144.71,166.91,1.17,154.08,1.03
T6,369.025,158.06,25.68,167.58,151.54,157.14,0.95,170.66,1.05,156.92,25.86,164.35,152.54,147.51,1.05,151.62,1.03
T3,372.843,157.04,27.6,151.1,161.67,153.03,1.16,154.98,1.11,152.36,28.45,169.48,165.53,158.59,0.99,145.49,1.04
T4,375.591,166.18,24.28,159.23,165.14,144.89,1.13,155.07,0.99,150.83,27.05,161.18,148.62,143.51,1.03,142.69,1.08
T3,376.323,163.73,24.03,149.88,146.85,156.66,1.09,147.37,1.0,171.26,28.05,149.06,161.73,169.34,1.13,154.54,0.99
T3,376.5,150.04,25.55,164.75,153.99,150.92,1.09,164.16,1.16,165.05,26.7,156.06,164.0,164.26,1.1,161.85,1.12
T7,377.679,148.16,27.73,167.77,147.03,164.59,1.09,177.84,1.01,161.42,27.76,152.43,138.24,157.69,1.07,158.13,0.98
T1,381.763,150.76,28.0,155.13,162.88,159.48,1.01,163.67,1.0,161.5,25.51,165.16,160.65,150.87,1.1,158.56,1.05
T6,381.903,170.11,27.14,151.41,156.17,163.46,0.95,144.33,1.09,170.96,24.57,145.86,149.03,151.1,0.98,149.08,1.01
T1,382.121,159.94,27.42,152.51,158.7,158.78,0.99,143.16,0.98,153.53,24.92,170.14,153.13,169.85,1.03,154.99,1.08
T3,382.79,168.96,28.32,163.8,163.5,155.64,1.12,145.39,1.05,149.98,26.67,150.68,167.08,165.06,1.03,156.79,1.02
T4,383.333,151.12,27.37,154.95,155.45,162.8,1.1,141.05,1.06,151.82,24.03,149.4,164.85,140.4,1.09,162.6,1.12
T2,388.082,141.74,28.26,142.42,154.41,156.59,1.14,159.34,1.11,143.9,25.5,161.02,148.69,166.92,1.03,145.88,1.02
T10,388.804,156.84,26.69,145.98,147.44,149.94,0.99,163.49,0.97,147.6,27.0,153.47,146.9,153.83,1.07,149.08,1.01
T1,389.776,161.87,27.91,157.01,150.52,163.28,1.1,158.48,1.14,152.34,25.55,155.93,147.28,167.06,1.1,147.1,0.98
T8,390.442,156.42,27.12,160.39,174.4,175.77,1.14,152.66,0.95,161.93,28.39,171.2,169.88,153.84,1.11,162.46,1.07
T4,390.776,157.0,23.43,170.51,164.27,149.52,1.07,163.72,1.11,146.85,24.9,172.06,157.2,139.49,1.02,151.94,1.04
T7,390.814,159.68,25.2,152.29,148.28,178.41,1.11,165.04,1.07,149.97,26.07,166.89,159.84,164.73,1.0,156.35,0.97
T2,391.077,148.47,24.99,140.46,165.39,154.7,1.09,147.06,1.02,146.64,28.14,147.39,143.49,150.64,1.13,161.04,0.96
T1,391.597,155.95,28.6,168.6,156.63,170.75,1.08,152.05,1.07,144.49,27.05,157.93,159.73,156.77,1.03,157.27,1.13
T7,394.929,154.66,24.63,175.59,139.49,175.52,1.12,173.65,0.95,154.26,27.18,155.53,151.77,166.5,1.14,171.04,1.08
T7,395.145,150.94,27.57,156.61,159.43,156.48,1.01,175.31,0.94,162.42,26.25,162.08,139.18,151.09,1.14,170.35,0.96
T1,395.284,159.98,28.75,159.39,151.27,156.44,0.99,164.87,1.09,153.21,24.75,160.14,151.98,151.99,1.11,157.17,1.09
T10,395.393,147.81,23.76,156.49,150.69,160.9,1.01,171.51,0.96,160.59,25.96,161.77,155.85,164.49,1.13,170.81,1.03
T1,395.745,153.86,24.63,161.9,148.98,160.09,0.98,164.13,1.08,138.95,24.92,150.09,164.69,152.73,1.07,157.56,1.09
T8,396.148,146.86,27.88,146.98,162.72,148.64,1.05,170.84,1.03,155.71,26.24,162.1,172.15,171.82,1.06,160.27,0.96
T10,396.551,146.97,27.62,154.37,165.4,157.71,1.02,161.04,1.04,149.36,25.26,151.76,159.02,145.16,1.11,147.23,1.0
T7,397.302,146.47,24.58,171.72,144.75,152.01,0.97,169.89,0.99,161.22,25.9,152.2,148.68,152.57,1.04,158.37,0.98
T6,397.303,163.74,25.52,150.6,155.71,151.88,1.02,164.1,1.14,149.98,28.23,152.75,148.21,157.07,1.06,163.46,1.13
T1,398.471,155.45,27.43,162.73,157.98,160.4,0.99,160.05,1.1,162.87,25.94,153.79,142.81,144.74,1.07,152.85,0.96
T9,399.093,168.21,25.89,152.53,145.64,152.07,1.0,161.46,1.13,166.76,25.58,151.36,165.35,177.8,0.96,155.19,1.14
T4,400.308,165.28,25.55,174.26,151.71,150.35,1.04,149.02,1.05,158.06,23.55,175.77,155.45,162.65,1.1,147.73,1.02
T7,400.36,146.18,27.89,176.4,161.96,175.03,1.05,163.52,1.1,151.57,28.47,169.17,158.8,176.64,1.1,176.38,1.1
T7,400.455,160.62,27.81,151.74,143.83,166.96,1.06,163.7,1.05,146.34,26.36,155.54,141.08,170.82,1.06,156.1,1.01
T2,401.94,155.72,24.7,156.78,165.27,149.85,1.09,145.76,1.06,157.26,28.65,151.26,146.43,151.21,1.06,159.98,1.06
T6,405.181,168.46,28.17,144.91,156.15,161.2,1.05,161.36,1.03,165.35,25.42,153.46,150.2,158.11,1.1,162.15,1.09
T2,405.675,162.9,27.49,154.94,166.72,165.02,1.04,169.85,1.08,157.34,28.75,166.62,148.26,145.34,1.07,146.86,0.95
T3,406.876,151.54,28.19,147.75,145.99,156.93,1.02,170.09,1.12,160.33,26.79,169.64,143.19,145.62,1.14,152.02,1.09
T7,407.524,146.25,24.64,172.49,160.6,160.88,1.03,161.18,1.11,150.91,25.34,168.52,143.63,154.56,1.05,165.0,1.01
T3,407.958,162.6,26.93,172.34,163.5,149.91,1.02,144.8,1.0,150.96,25.88,147.78,160.93,151.75,1.08,153.92,1.1
T7,408.044,141.44,28.47,157.29,154.72,174.7,1.1,152.98,0.96,158.93,27.28,173.12,138.4,157.18,1.0,164.86,1.11
T1,409.705,151.63,25.72,174.79,142.68,165.34,0.98,166.63,0.99,160.8,28.95,150.9,150.6,166.41,1.04,144.24,1.13
T8,411.788,158.52,26.08,154.05,163.45,156.41,1.17,154.78,0.97,146.87,27.52,149.76,152.84,154.53,1.06,164.43,0.99
T2,413.016,154.26,28.5,146.9,151.16,167.36,1.1,168.06,1.09,157.54,24.81,158.8,150.41,148.29,1.02,153.94,1.07
T4,413.188,148.74,26.42,172.63,164.09,158.15,1.03,149.71,0.97,144.87,25.48,157.82,159.85,155.87,0.98,159.28,1.08
T3,413.555,172.83,26.76,154.82,156.5,168.15,1.17,154.79,1.09,153.6,24.53,147.78,152.44,154.81,1.0,146.58,1.09
T4,413.894,162.46,27.26,153.83,166.89,154.31,1.07,160.55,1.12,150.54,24.24,169.27,150.16,156.6,1.07,145.57,1.04
T9,414.46,175.54,26.95,169.4,147.77,166.07,0.94,157.51,1.08,165.24,28.06,158.09,158.5,162.63,0.99,157.92,1.05
T3,414.958,175.26,24.3,167.19,157.18,152.6,1.13,160.34,1.07,155.87,25.66,168.79,155.04,157.4,1.13,163.4,1.0
T3,416.146,172.04,28.44,147.9,169.61,157.63,1.12,165.57,1.12,171.74,26.65,146.7,168.17,156.93,1.1,154.03,1.01
T5,418.36,156.41,27.64,145.78,172.95,160.66,1.05,151.34,0.96,153.9,28.69,156.63,152.26,168.75,1.06,165.38,1.1
T4,420.188,161.92,23.17,172.65,146.8,146.99,1.02,151.35,0.98,157.16,24.91,156.78,164.08,154.28,1.14,146.44,0.97
T2,420.928,157.08,25.58,150.2,152.19,164.32,1.1,149.49,1.08,143.71,25.45,145.46,149.2,149.58,1.0,157.53,0.94
T10,421.273,149.98,25.23,147.16,156.02,142.48,1.01,148.67,1.07,164.11,27.08,147.53,151.4,166.96,1.01,147.83,1.11
T2,422.972,139.86,24.85,144.08,146.1,148.68,1.14,157.32,1.02,150.07,28.49,162.83,156.82,153.0,1.03,143.78,1.04
T6,423.078,165.04,28.21,167.26,162.52,141.14,0.94,162.62,1.0,151.07,27.87,146.37,153.94,145.08,0.94,149.24,0.99
T6,423.322,164.1,25.85,168.41,162.73,144.01,0.97,170.72,1.04,156.53,27.54,164.67,148.46,155.12,0.94,163.56,0.99
T1,424.955,164.1,24.51,158.51,146.14,154.07,1.03,159.88,1.01,144.53,27.16,150.5,151.21,165.26,0.95,143.67,1.06
T5,425.578,160.24,28.77,139.72,160.93,165.25,1.13,175.11,0.97,149.93,27.67,161.72,167.33,151.31,1.14,175.04,0.98
T4,426.378,168.47,24.28,155.41,159.54,154.28,1.05,158.42,1.01,150.33,23.31,156.71,170.14,154.59,1.03,166.21,1.09
T7,429.928,151.85,25.56,171.98,150.33,166.62,1.0,175.31,0.98,153.91,27.64,151.66,158.93,164.62,0.98,176.83,1.06
T6,431.998,177.16,26.84,144.23,144.13,158.06,1.1,162.07,0.99,171.03,24.93,157.07,165.75,151.13,1.08,165.46,1.11
T10,432.594,160.64,24.81,151.61,145.9,143.72,1.0,163.15,1.06,165.24,26.64,144.77,162.24,150.66,1.08,146.67,1.06
T10,432.905,146.88,26.18,153.04,147.25,161.93,1.04,162.34,1.08,165.76,27.94,150.2,148.1,147.8,1.01,169.42,1.11
T8,435.316,158.18,28.06,157.76,159.0,167.69,1.08,173.95,1.11,159.38,25.22,171.87,174.57,159.73,1.14,165.43,0.96
T9,435.973,161.23,28.02,162.23,147.2,157.97,0.94,163.97,1.12,169.64,26.24,166.57,151.57,154.39,1.05,155.56,1.06
T7,436.245,154.4,26.22,176.94,149.08,159.96,1.04,167.56,1.07,158.11,26.88,166.44,137.41,157.19,1.0,153.2,0.94
T10,436.723,144.2,26.98,150.11,149.6,144.09,0.96,161.0,0.99,150.34,27.26,156.13,163.1,161.62,1.05,146.36,0.98
T1,436.837,162.35,28.12,165.35,140.03,162.65,1.06,148.77,0.96,153.29,24.91,171.46,142.85,154.93,1.05,155.11,0.96
T5,437.074,140.38,26.24,146.76,169.4,145.73,1.14,150.0,1.05,162.34,26.24,161.82,155.6,153.83,1.12,154.52,1.0
T5,438.245,163.5,25.0,155.48,166.48,159.17,1.13,151.29,1.1,151.13,24.69,163.36,160.48,170.02,1.16,163.01,1.07
T8,438.658,159.78,27.41,158.1,167.36,148.57,1.05,157.28,1.0,156.48,26.6,166.01,150.51,166.27,1.03,167.85,1.02
T6,440.58,168.64,27.04,154.34,146.07,158.06,1.05,152.01,1.08,174.69,25.44,162.46,164.88,149.92,1.09,165.07,1.12
T1,440.826,149.05,28.67,173.76,155.78,156.17,1.11,150.03,1.05,159.9,27.77,169.11,150.76,150.38,1.0,163.28,1.04
T3,442.573,157.04,26.22,164.89,156.48,167.28,1.09,164.88,1.05,168.46,26.82,170.34,156.51,151.52,1.14,152.05,0.99
T10,443.264,149.84,25.68,144.3,158.53,153.01,1.07,164.43,0.97,163.29,27.59,142.34,149.15,159.07,1.08,155.9,1.09
T4,443.726,162.73,24.41,165.59,165.7,146.53,1.16,166.92,0.96,145.6,25.44,154.76,156.79,160.06,1.02,166.06,0.97
T7,444.16,157.76,26.1,177.68,161.91,169.81,1.0,175.18,0.96,164.61,26.25,163.82,146.52,177.58,1.12,177.14,0.93
T8,444.849,149.49,27.84,157.51,150.76,156.27,1.19,155.22,1.11,144.26,24.88,170.01,173.74,162.68,1.03,160.24,1.01
T7,444.882,140.4,26.07,170.8,149.91,171.1,0.97,152.21,1.02,154.33,25.2,167.42,163.08,155.13,0.99,153.98,0.94
T1,447.639,157.32,28.48,164.36,161.16,162.9,0.96,143.21,1.11,162.72,24.45,148.94,150.28,159.04,0.95,165.58,1.12
T4,448.327,152.75,24.27,171.84,150.64,150.79,1.0,145.0,1.09,166.6,23.64,169.78,145.16,156.84,1.13,161.41,1.02
T5,448.352,142.49,27.71,153.78,168.25,164.57,1.09,163.53,1.04,162.35,29.07,155.21,170.1,146.03,1.17,160.29,1.05
T6,448.584,168.16,26.5,162.39,162.53,143.39,1.08,161.35,1.0,151.91,25.25,160.96,161.94,164.04,1.07,152.06,1.11
T8,451.08,155.98,28.94,154.33,168.68,153.32,1.09,161.98,0.97,164.7,27.25,151.47,172.15,165.78,1.04,170.55,1.12
T7,451.914,150.6,25.34,167.33,141.64,169.03,1.0,160.26,1.04,160.48,26.66,152.61,145.54,166.66,1.02,167.93,0.93
T3,452.23,158.56,27.9,149.03,166.88,147.91,1.16,163.76,1.14,148.5,25.28,172.09,142.91,153.9,1.05,153.67,1.16
T5,453.051,163.51,25.2,150.97,168.35,156.52,1.08,151.66,1.08,147.26,25.67,144.04,159.98,168.99,1.13,158.88,1.05
T4,453.076,150.4,25.49,159.54,160.06,162.45,1.1,142.62,1.06,151.18,23.8,154.82,165.74,145.86,1.02,162.93,0.97
T5,453.215,157.14,28.57,142.34,158.68,165.67,1.02,164.0,1.02,144.01,27.48,140.72,168.2,149.1,1.11,151.66,0.96
T4,453.769,142.76,27.23,157.11,151.74,143.07,0.98,165.75,1.02,142.76,24.23,170.34,150.7,161.09,1.08,164.08,1.03
T1,455.064,152.07,27.16,176.16,139.72,153.66,0.95,156.9,1.02,161.94,27.42,153.79,139.81,151.41,1.09,158.41,1.03
T3,455.39,149.78,25.66,162.34,149.22,157.1,1.14,153.31,1.08,165.84,26.61,166.18,166.98,143.5,1.12,163.86,1.16
T8,456.786,165.58,25.12,166.37,157.68,171.39,1.15,172.56,1.05,149.06,26.34,168.18,153.37,171.99,1.1,158.02,0.97
T4,457.354,162.51,25.12,172.06,166.08,152.79,1.05,147.64,0.97,152.66,23.88,169.25,153.28,143.41,1.08,154.86,1.07
T2,457.9,148.91,28.75,141.45,152.86,144.65,1.01,154.46,1.03,159.74,24.8,149.21,157.53,149.87,1.02,153.07,1.06
T1,458.61,141.78,27.7,167.29,155.14,170.43,0.96,157.18,1.1,143.47,25.77,153.7,153.84,156.02,1.12,146.32,1.06
T5,463.53,152.71,27.72,139.5,169.07,147.49,1.15,177.29,1.01,153.07,27.93,153.09,167.2,164.94,1.15,161.5,1.03
T5,464.596,153.66,29.06,147.84,167.23,145.84,1.01,177.56,1.0,144.19,28.55,147.31,160.48,167.58,1.03,150.76,0.99
T10,464.757,149.12,23.95,155.2,158.95,151.15,1.07,157.54,1.03,147.61,28.01,151.73,149.98,148.55,0.97,162.99,1.06
T1,464.83,148.03,25.7,158.98,157.48,158.48,1.04,146.53,1.0,141.27,27.61,167.53,146.49,153.66,1.0,145.33,1.08
T9,465.972,166.52,24.46,152.53,159.57,162.96,1.01,155.37,1.11,171.94,28.78,156.67,150.5,160.67,0.99,153.9,1.01
T7,466.061,159.31,28.66,167.62,156.79,174.08,1.13,166.07,1.03,149.45,25.2,154.32,140.62,150.09,1.12,165.22,1.1
T9,466.222,176.7,27.86,163.81,171.8,177.51,1.08,162.54,1.0,164.94,25.81,147.15,169.94,164.01,1.0,160.19,1.03
T5,466.331,156.83,25.0,148.71,168.35,161.47,1.09,157.26,0.97,151.0,28.76,161.89,170.68,159.66,0.99,163.87,1.08
T3,468.665,166.76,24.46,159.84,149.86,152.37,1.11,153.77,1.05,164.97,27.48,163.06,151.67,152.18,1.06,149.45,1.07
T9,469.904,166.56,26.64,149.47,146.72,161.96,1.08,160.32,0.99,168.75,26.81,162.61,171.32,158.56,0.96,159.54,1.06
T6,469.953,172.91,25.55,156.18,159.38,164.98,1.11,155.87,1.08,150.85,26.96,168.75,151.32,149.92,1.04,156.29,1.01
T3,470.76,172.0,25.39,163.27,142.73,147.25,1.1,166.07,1.12,148.08,27.82,151.9,165.54,154.03,1.08,160.1,1.11
T2,472.823,151.51,28.59,157.64,152.82,146.74,1.0,164.68,1.09,151.33,24.84,144.08,157.46,159.02,0.99,149.49,1.11
T3,474.078,170.52,24.89,155.44,149.24,143.6,1.1,149.72,1.15,172.9,24.84,147.82,160.68,152.14,1.12,166.5,1.01
T8,475.878,142.68,28.68,170.44,164.1,161.78,1.15,174.99,1.07,154.35,28.67,163.1,154.36,158.2,1.05,163.4,1.09
T3,477.523,165.35,24.49,146.29,152.47,154.48,1.14,164.84,1.05,158.02,28.43,149.06,165.54,147.96,1.07,156.31,1.04
T4,477.878,145.72,27.38,159.23,148.63,150.79,1.04,165.15,1.02,144.82,26.5,155.13,154.51,143.24,1.06,152.44,1.1
T5,478.286,155.55,28.48,149.25,178.31,166.87,1.17,169.8,1.06,144.54,28.0,140.73,162.27,169.42,1.1,170.69,1.01
T8,481.45,145.11,26.34,148.02,175.12,174.71,1.14,159.84,0.96,159.66,24.94,149.66,159.95,163.14,1.11,158.78,1.01
T5,481.608,141.8,25.0,144.32,156.17,157.24,1.1,175.76,0.93,153.72,28.2,148.05,166.8,152.84,1.0,166.63,1.07
T9,482.92,165.09,26.78,153.44,159.81,158.28,0.93,172.47,1.03,159.38,24.42,155.55,163.28,161.28,1.04,174.47,1.05
T4,484.531,162.44,24.73,166.9,154.0,155.43,1.13,153.72,1.04,165.73,23.55,147.87,145.72,152.46,1.01,157.09,1.08
T3,484.814,170.25,24.54,163.27,144.23,143.92,1.09,160.47,0.99,175.51,25.0,167.8,153.08,146.08,1.09,169.64,1.16
T6,484.99,161.57,25.3,168.7,154.54,160.16,1.01,156.93,1.07,161.8,25.64,149.22,160.08,149.82,1.0,168.3,1.03
T4,486.889,165.73,24.79,155.14,143.82,147.38,1.03,146.61,1.08,169.14,23.46,162.23,150.5,161.73,1.06,154.94,1.07
T10,487.603,169.65,25.76,153.72,154.42,145.95,1.03,165.99,1.13,163.29,27.05,141.73,160.24,162.58,1.0,148.12,0.98
T4,488.338,162.35,25.75,153.96,146.71,163.53,1.15,158.66,1.02,167.97,26.46,150.53,145.55,148.13,1.05,157.61,0.97
T6,488.969,165.18,24.26,150.63,145.93,163.06,1.11,158.66,1.12,164.95,28.63,156.23,144.54,139.55,1.03,161.48,1.02
T4,489.243,169.1,26.8,151.51,168.34,161.38,1.11,158.4,0.99,145.6,24.28,152.64,153.79,160.4,1.1,144.54,1.07
T3,489.689,147.99,25.04,169.83,154.25,145.07,1.06,162.14,1.06,163.47,28.44,168.2,159.61,146.38,1.05,159.9,1.06
T8,490.948,155.85,25.6,159.51,175.23,164.84,1.19,162.22,1.0,147.15,25.02,149.15,176.12,169.7,1.09,162.0,1.08
T3,492.328,156.61,25.0,151.79,164.96,169.88,0.99,146.06,0.99,149.21,27.22,166.15,166.42,151.69,1.08,144.39,1.03
T9,493.701,155.59,25.94,170.88,157.69,150.58,0.95,148.21,1.07,156.62,24.82,174.7,150.57,160.06,0.99,152.72,1.06
T7,494.854,156.89,24.58,160.58,147.74,162.36,1.03,164.68,1.04,150.27,24.44,172.63,160.94,173.81,1.05,171.36,0.93
T8,495.0,146.51,27.44,170.84,150.52,148.08,1.14,157.31,1.07,154.7,26.48,150.86,151.41,172.18,1.07,168.25,1.07
T10,497.114,170.11,26.02,143.98,164.06,149.85,0.99,149.54,1.08,147.1,26.78,155.79,163.1,159.57,0.99,151.63,1.09
T9,499.093,154.03,26.36,167.82,156.38,171.74,1.08,171.62,1.04,165.67,24.71,163.01,168.14,151.86,0.97,174.11,0.98
T7,499.309,145.04,27.42,163.64,149.82,168.84,0.98,167.24,1.06,150.35,25.2,164.61,152.73,175.14,1.07,150.22,1.01
T5,499.505,152.71,25.08,160.1,177.35,164.36,1.16,164.87,0.98,143.97,26.41,157.99,177.61,167.53,1.0,169.47,0.94
T2,500.874,154.91,27.3,149.25,165.99,149.47,1.14,156.54,1.0,159.51,26.91,141.05,162.21,154.52,1.05,145.1,1.09
T6,502.618,170.61,25.37,157.79,168.63,139.57,1.1,157.96,0.97,175.66,26.93,170.14,169.72,143.46,1.0,158.8,1.02
T4,504.955,162.28,25.08,159.19,144.58,148.08,1.15,144.46,1.0,150.83,24.19,174.6,153.46,140.99,1.11,151.27,1.09
T1,506.684,146.86,24.68,171.95,150.05,169.06,1.12,162.61,1.01,152.11,28.84,172.58,141.92,169.36,1.09,166.12,1.13
T3,508.739,169.76,26.04,169.73,149.8,160.08,1.07,164.84,1.07,158.5,26.59,169.57,167.75,153.09,1.15,156.79,1.09
T7,509.509,160.14,26.74,178.03,151.22,172.86,1.06,152.77,0.93,165.07,28.62,161.91,141.65,176.11,1.02,174.91,0.97
T10,511.021,145.33,24.44,154.47,160.96,160.91,0.99,168.96,1.07,170.15,25.01,157.64,154.86,157.55,1.06,154.72,1.01
T9,512.572,170.32,26.32,152.28,147.54,169.12,1.0,158.43,1.05,172.25,25.47,157.7,151.25,175.22,0.96,166.45,1.05
T1,513.638,157.05,25.63,152.51,140.83,168.8,0.99,162.72,1.12,147.23,26.86,148.6,155.02,169.88,0.97,148.44,1.05
T8,517.482,143.19,28.81,145.64,172.76,172.57,1.12,154.9,1.09,144.49,27.4,164.92,176.68,157.27,1.16,172.75,1.07
T4,518.444,144.04,23.34,172.45,155.05,151.56,0.98,146.56,0.99,160.38,23.48,151.86,146.38,139.29,0.99,157.3,0.98
T1,518.715,142.25,27.06,173.8,146.05,154.15,0.98,159.62,1.08,153.22,27.7,153.48,156.13,169.04,1.04,142.95,0.98
T8,520.094,157.43,26.23,155.57,155.54,152.2,1.08,169.55,0.96,162.66,26.12,148.54,176.69,167.22,1.19,155.39,1.02
T7,520.685,154.26,28.65,153.16,153.65,171.2,1.01,177.52,1.09,164.61,27.38,158.75,159.38,157.11,1.01,177.43,1.05
T3,521.038,153.72,27.82,156.68,152.5,159.69,1.07,149.9,1.13,161.17,26.79,158.34,147.96,145.65,1.11,154.88,1.07
T2,523.395,149.45,25.28,160.77,168.12,157.86,0.98,154.02,0.93,166.1,27.79,163.71,162.01,142.64,1.1,169.97,1.07
T6,524.014,161.66,24.52,156.8,152.91,149.62,1.03,148.49,1.01,159.4,26.78,156.54,147.85,147.91,1.02,152.0,1.08
T10,524.139,148.1,26.24,138.99,160.47,142.72,1.1,167.59,0.95,159.31,26.43,155.03,150.53,142.72,0.96,159.19,1.09
T4,526.309,145.06,25.61,149.93,160.28,145.14,1.02,154.49,1.1,158.72,25.58,156.34,154.77,148.68,1.09,163.1,1.07
T5,526.833,151.79,27.42,160.32,151.37,145.89,1.08,157.88,0.93,152.99,24.76,140.6,162.39,158.05,1.17,157.12,1.09
T7,527.584,155.73,25.2,177.09,157.11,178.28,1.13,153.39,1.02,159.92,28.58,155.7,145.41,170.03,1.13,155.0,1.01
T9,527.773,162.04,25.83,160.87,148.73,169.2,0.94,153.46,1.04,160.86,28.65,152.75,145.4,154.04,0.99,152.16,1.02
T4,528.536,156.41,23.58,155.89,168.27,142.5,1.1,158.27,0.97,168.45,25.81,170.58,145.12,162.72,1.05,152.55,1.04
T5,529.022,160.29,25.12,138.68,170.28,160.79,1.08,158.02,0.93,147.8,26.93,142.86,163.96,146.32,1.03,170.87,0.96
T1,531.731,155.49,27.47,167.28,154.93,162.9,1.06,143.68,1.01,142.76,25.91,163.83,162.63,160.06,1.11,166.5,1.06
T10,531.816,166.47,27.2,154.48,153.98,157.37,1.12,165.93,1.13,166.96,24.26,141.37,153.54,153.15,1.03,149.35,0.96
T2,532.506,154.34,27.37,161.98,164.37,159.75,1.08,152.31,1.01,163.04,27.26,144.62,143.04,145.34,1.06,166.02,0.98
T6,534.093,150.23,25.78,168.23,154.54,160.23,1.1,149.05,1.07,168.21,28.3,153.36,150.16,152.59,1.05,169.44,0.96
T5,534.695,156.72,25.7,151.56,157.22,152.9,1.09,159.9,0.93,141.8,25.22,147.01,176.55,150.43,1.1,164.58,1.07
T10,535.297,147.41,26.79,155.66,152.01,158.93,1.08,147.76,1.06,149.1,26.0,162.43,153.04,146.34,1.11,165.31,0.97
T9,535.346,150.19,28.26,165.49,150.06,157.57,1.1,164.58,1.13,151.78,26.22,150.87,169.9,161.94,0.93,153.12,1.05
T8,536.813,160.12,25.74,152.65,158.71,171.36,1.1,152.39,1.11,164.31,25.18,155.21,172.91,170.14,1.08,168.0,0.99
T3,539.991,162.4,25.24,149.96,156.49,158.77,1.16,148.06,1.16,156.83,25.99,156.52,156.04,153.53,1.01,145.16,1.04
T8,540.356,145.44,24.72,167.92,173.45,162.83,1.04,155.79,1.0,145.34,28.66,159.96,152.09,159.18,1.03,174.6,0.98
T4,541.18,158.74,23.26,173.07,148.1,154.08,1.07,158.83,1.06,148.57,26.78,161.36,168.11,159.92,1.06,151.56,1.04
T4,541.479,143.01,25.75,161.16,162.55,157.1,1.04,162.73,0.95,149.6,24.3,171.4,143.83,147.76,1.14,166.77,0.99
T8,543.915,155.5,26.46,157.49,162.1,148.72,1.02,174.05,1.05,140.97,28.89,154.0,158.93,163.85,1.19,156.96,0.97
T7,544.45,144.94,25.15,152.26,153.01,176.3,1.02,171.78,0.99,163.64,26.47,178.55,137.35,150.96,1.09,165.79,1.03
T3,544.514,159.2,24.06,147.94,150.23,163.52,0.99,149.36,1.03,163.22,25.25,165.37,163.02,162.04,1.11,157.3,1.07
T4,544.571,162.22,26.24,164.47,149.94,142.04,1.04,150.94,1.04,165.84,24.95,161.75,145.72,142.58,1.09,162.23,1.11
T6,544.572,176.08,25.21,153.88,147.81,147.0,0.96,159.56,1.12,149.63,24.7,154.34,154.37,140.0,1.05,145.03,1.09
T7,545.581,157.47,26.08,171.85,155.17,151.39,1.12,153.77,0.94,148.55,25.42,157.78,151.07,167.56,1.13,164.48,1.07
T8,546.887,159.03,26.31,169.37,162.84,164.74,1.18,164.92,0.96,147.32,28.25,166.22,170.98,164.16,1.17,161.54,0.98
T8,547.468,150.15,28.88,160.31,163.38,174.54,1.12,171.3,1.07,147.68,27.28,164.85,151.22,168.2,1.04,171.24,1.06
T8,548.181,152.24,26.6,155.06,171.06,154.4,1.12,156.71,1.08,159.73,28.69,170.36,164.14,150.4,1.07,172.95,1.06
T3,548.604,154.17,25.96,151.93,166.98,143.45,1.08,167.98,1.02,168.25,26.25,154.27,169.54,156.32,1.13,161.17,1.13
T6,550.093,160.53,28.56,147.99,158.76,155.22,1.0,159.45,1.0,153.57,27.14,144.25,151.84,152.91,1.1,158.97,1.01
T7,550.839,147.09,24.77,153.02,154.81,160.37,1.08,162.53,0.98,155.91,27.8,162.78,158.86,162.61,1.01,162.51,0.96
T6,550.937,169.55,26.75,158.01,158.57,152.03,1.02,145.14,1.1,166.91,28.72,156.31,160.94,146.99,1.0,168.27,1.08
T1,551.633,148.26,26.32,151.74,164.01,145.96,1.09,167.89,1.1,142.76,26.47,151.51,155.42,161.65,0.97,165.48,1.14
T1,551.898,150.9,24.57,160.75,152.78,161.62,1.09,166.12,1.06,164.1,25.98,172.87,164.84,156.93,0.98,142.28,1.11
T5,552.197,150.35,29.12,142.05,175.62,164.3,1.04,167.27,0.94,150.4,27.28,147.91,164.71,144.59,1.15,158.35,1.07
T5,554.407,149.63,26.76,145.41,174.66,170.42,0.99,152.97,0.96,144.34,27.47,142.76,178.66,160.42,1.04,160.29,1.0
T1,555.323,141.63,24.63,170.01,155.78,152.37,1.03,166.63,1.08,142.56,25.08,167.6,144.2,151.98,0.95,167.71,1.0
T8,555.56,156.8,29.05,150.29,155.57,164.08,1.08,161.04,0.95,158.52,28.71,170.52,149.53,173.5,1.13,166.04,1.07
T6,556.643,151.07,25.22,157.91,154.66,159.01,1.0,152.79,1.13,153.9,24.99,152.62,160.58,159.53,0.95,160.1,0.97
T9,557.145,150.66,26.39,156.18,156.19,160.32,1.09,150.48,1.03,151.75,25.21,171.93,161.67,173.61,0.94,151.62,1.06
T10,557.296,148.7,28.14,158.0,152.86,164.49,1.12,156.11,1.09,145.34,25.83,158.16,164.68,163.56,1.05,164.51,1.11
T2,558.0,139.89,27.35,153.01,144.82,161.68,1.05,145.88,1.0,159.18,26.91,160.48,165.12,147.03,0.98,151.76,0.95
T2,558.927,162.34,26.62,164.03,145.81,153.51,1.05,164.7,1.01,156.28,27.38,140.56,151.59,153.78,0.99,149.93,0.94
T2,561.108,160.01,26.03,165.78,163.35,154.03,1.1,152.85,1.0,144.44,24.57,164.85,153.15,156.6,1.02,149.49,0.94
T2,561.571,162.66,26.56,162.02,150.71,145.1,1.14,151.76,1.06,144.78,26.47,160.44,156.55,160.87,1.11,162.32,0.96
T8,561.858,146.51,27.44,151.77,157.21,166.47,1.16,177.25,0.95,143.97,25.0,157.8,168.08,169.68,1.08,150.88,1.06
T6,561.928,152.54,25.48,168.74,166.07,164.75,0.97,166.51,1.11,170.8,27.68,149.5,153.68,143.38,1.04,164.02,1.13
T9,562.027,176.84,25.16,163.28,172.53,160.98,1.07,158.26,0.98,168.19,26.0,156.43,172.12,162.82,0.98,158.35,1.13
T6,563.224,149.2,28.27,158.77,158.76,153.82,0.99,144.34,0.99,162.28,24.4,149.26,147.44,155.46,1.02,162.52,1.02
T4,564.537,159.21,23.8,164.53,147.26,139.94,1.13,160.42,1.08,145.6,24.48,152.1,165.66,152.07,1.1,165.9,1.07
T2,565.506,162.81,26.3,161.41,156.14,153.06,1.03,166.71,0.94,157.15,25.85,151.16,154.32,162.88,1.01,150.21,1.01
T2,570.427,141.74,28.01,163.1,162.65,141.86,1.15,154.24,1.0,146.08,25.24,157.7,165.43,160.87,0.99,167.17,0.95
T1,570.885,150.29,24.69,162.79,147.29,165.81,1.0,164.24,0.96,161.02,26.95,166.86,164.58,145.17,0.98,154.83,1.09
T5,571.367,164.2,26.16,162.32,158.22,148.81,1.1,156.64,1.03,147.1,27.03,156.69,176.89,157.99,1.01,156.05,0.96
T7,572.033,151.33,26.94,162.42,156.64,157.0,1.12,177.27,1.01,163.48,24.58,178.67,147.43,168.56,0.99,169.55,1.03
T5,572.222,144.94,25.67,149.2,178.72,163.82,1.09,169.58,0.98,147.14,25.35,159.1,162.18,146.03,1.17,155.57,1.04
T2,573.593,140.66,26.13,145.52,151.64,159.19,1.11,164.91,1.06,154.84,27.18,153.3,158.81,152.25,1.08,152.72,1.03
T9,574.226,151.73,27.44,164.72,149.46,169.28,0.96,163.65,1.09,170.35,26.84,156.03,146.43,154.41,1.01,158.04,1.0
T3,575.184,159.2,26.08,161.1,166.69,148.73,1.0,152.59,0.99,168.25,27.55,149.49,166.89,147.06,1.17,159.42,1.02
T1,576.994,162.66,28.56,160.14,164.69,156.06,1.05,156.72,1.0,151.26,25.62,167.65,150.2,171.42,1.04,161.66,1.08
T1,577.063,152.28,25.27,172.7,155.56,155.53,0.98,150.51,1.09,143.67,28.22,163.17,164.19,163.6,1.03,156.27,1.09
T5,577.36,142.29,27.3,143.4,156.3,167.58,1.07,165.24,1.07,142.04,24.82,156.82,169.73,154.94,1.07,176.55,1.09
T8,578.35,154.32,29.32,168.66,170.6,171.18,1.18,159.62,0.96,148.82,27.56,149.18,175.2,175.64,1.1,171.07,0.95
T10,579.524,151.74,26.65,143.55,151.94,165.96,1.07,146.43,1.05,156.03,23.86,154.41,157.44,159.48,1.03,165.47,1.03
T4,581.445,148.01,25.62,164.8,147.27,155.16,1.03,143.09,1.07,148.86,24.23,164.87,155.22,153.02,1.0,161.25,1.08
T1,582.499,160.88,25.17,151.39,160.7,155.87,1.08,148.0,0.98,156.24,25.37,167.65,158.24,152.37,1.03,166.57,1.04
T8,582.76,153.81,27.32,148.22,162.74,154.88,1.08,168.51,1.12,164.08,24.92,157.9,152.09,172.2,1.06,157.95,0.98
T4,585.8,167.66,27.07,162.17,151.99,154.31,0.99,149.11,1.08,167.4,24.84,156.58,160.54,141.93,1.08,158.8,1.1
T9,586.191,154.61,25.45,170.69,158.21,150.6,0.93,174.76,0.98,153.67,24.71,170.83,154.2,171.07,1.08,154.1,1.06
T1,586.514,144.25,28.25,156.12,142.23,163.58,0.99,167.24,1.07,144.88,28.71,172.58,155.59,149.94,0.98,150.05,1.04
T10,586.871,155.67,25.27,143.01,148.62,168.03,1.03,147.01,0.98,154.19,27.39,152.1,158.43,145.23,1.04,150.43,1.11
T9,587.616,162.21,25.25,153.32,151.46,174.66,1.04,170.72,0.98,174.36,27.64,163.95,156.07,154.11,1.02,163.36,1.02
T6,589.313,174.6,26.53,170.16,166.73,153.4,0.94,149.02,0.99,149.53,27.43,164.59,165.42,160.23,0.99,149.33,1.02
T8,589.512,163.0,27.81,151.85,154.34,175.7,1.04,171.71,1.02,160.6,25.49,151.69,157.14,155.64,1.08,158.87,0.98
T3,590.056,156.12,24.29,146.96,146.91,149.02,1.03,148.18,1.0,169.27,26.7,152.69,159.68,151.75,1.07,152.43,0.99
T9,590.666,164.72,28.02,168.26,162.96,162.67,1.06,167.28,1.1,160.14,28.14,164.1,168.54,160.14,0.92,148.8,1.09
T2,591.239,151.48,25.0,140.73,147.87,153.69,1.08,157.0,1.0,164.5,27.72,163.71,146.43,148.38,1.12,154.21,0.97
T2,595.651,159.67,28.48,157.31,155.06,167.67,1.06,147.08,1.1,147.33,24.62,149.09,157.42,156.38,1.12,159.56,0.96
T10,595.771,147.35,27.05,155.99,157.01,159.56,0.96,157.78,0.98,159.11,27.05,153.36,146.03,151.15,1.0,157.36,1.08
T1,595.781,157.95,28.68,172.95,151.0,163.86,1.13,146.07,1.07,143.72,26.44,160.75,163.75,144.79,1.13,155.71,1.08
T2,598.949,163.76,27.24,145.65,161.88,161.23,1.13,168.12,0.94,159.54,29.04,141.19,167.15,160.31,0.99,148.42,1.1
T3,598.992,155.76,25.03,149.17,142.82,169.63,1.16,145.13,1.0,147.91,25.82,157.53,162.63,164.58,1.09,162.14,1.11
T1,599.706,145.51,25.04,150.5,146.06,165.81,1.07,154.83,0.97,141.43,26.96,166.7,145.96,162.9,1.02,145.73,1.13
T8,600.064,150.34,26.22,159.86,158.54,149.09,1.08,166.05,0.95,158.6,28.43,144.78,165.28,169.93,1.14,154.4,0.95
T4,600.83,145.07,23.68,170.12,159.47,152.98,1.12,166.92,1.05,145.87,24.22,172.67,163.31,150.42,1.15,150.16,1.09
T2,606.773,159.3,27.93,145.11,148.23,151.64,1.13,159.99,0.96,147.93,28.59,146.15,164.98,156.38,1.04,149.68,0.99
T2,608.292,141.07,28.68,158.0,147.54,162.59,1.07,149.49,0.95,140.1,26.97,153.22,162.56,153.74,1.02,169.85,0.94
T6,613.02,161.52,26.23,157.73,145.22,149.56,1.06,154.93,1.14,157.15,26.32,160.55,163.44,164.54,1.1,158.06,1.08
T5,613.703,144.1,27.96,152.01,174.88,148.49,1.15,166.64,0.97,146.63,26.1,154.78,164.69,148.87,1.1,172.67,1.03
T9,616.97,149.47,27.52,169.85,166.94,167.52,1.08,151.64,1.08,170.29,26.86,170.48,153.46,158.71,0.94,159.1,1.14
T4,618.318,149.92,26.44,149.81,161.66,159.99,1.09,152.25,1.04,146.68,26.11,174.88,157.89,158.06,1.0,158.54,1.01
T9,620.651,159.05,24.63,162.41,168.27,155.16,1.03,174.47,1.1,170.04,24.56,163.41,161.99,156.31,1.08,163.51,1.02
T3,620.852,152.51,24.74,169.4,158.65,157.65,1.09,150.06,1.11,162.75,27.96,160.0,155.24,151.76,1.16,167.09,1.06
T8,621.123,148.37,28.77,155.83,161.88,163.03,1.19,167.04,1.1,141.31,28.69,154.52,156.06,160.1,1.09,175.54,1.0
T9,623.037,151.66,24.88,166.64,159.62,167.02,1.03,150.24,1.03,152.97,24.46,159.04,164.46,168.4,1.02,149.07,1.06
T6,624.286,174.11,27.7,153.36,168.22,142.22,1.0,154.41,0.98,167.21,26.99,158.35,144.48,151.22,1.03,149.29,1.13
T7,624.48,158.1,27.52,154.01,155.8,158.53,0.97,168.32,1.11,159.27,25.54,171.85,161.61,175.22,1.04,159.68,1.02
T2,624.497,153.27,24.7,164.6,159.89,142.64,0.98,152.36,1.0,149.8,24.6,140.95,161.42,163.76,0.98,153.32,1.0
T2,625.272,140.11,25.96,155.62,157.7,146.15,1.15,165.27,1.02,159.77,26.55,155.55,147.87,158.24,1.1,161.52,1.08
T4,627.315,165.65,27.52,166.47,150.72,148.41,1.14,164.44,1.11,161.52,24.22,154.73,145.26,146.58,1.07,154.39,1.11
T10,629.627,155.92,25.96,141.85,144.92,145.97,1.06,171.89,1.07,169.0,23.91,161.8,159.23,159.03,1.11,169.62,0.95
T3,632.238,154.95,26.49,149.62,143.21,159.11,1.16,170.42,1.07,154.63,26.48,155.91,164.61,169.12,1.13,147.93,0.99
T3,632.418,162.09,26.19,167.08,152.67,169.34,1.14,156.61,1.06,164.84,27.52,152.5,149.71,148.86,1.07,153.1,0.98
T5,634.916,156.53,25.67,144.98,177.75,167.36,1.1,170.2,0.98,140.33,26.85,144.76,170.42,151.31,1.15,161.34,1.06
T5,635.316,157.32,28.75,151.6,152.65,168.99,1.1,172.32,0.94,146.38,29.12,138.89,165.3,170.35,1.06,170.63,0.99
T6,635.724,160.87,26.94,144.51,168.62,164.67,0.97,157.65,1.1,153.5,27.39,164.54,148.08,165.27,1.08,146.65,0.99
T9,636.583,157.56,26.75,160.6,154.42,166.47,1.07,149.33,1.0,175.5,25.94,154.53,169.31,160.38,1.01,150.93,1.04
T5,639.083,156.88,25.23,146.78,170.06,147.41,1.02,172.24,1.09,157.82,24.83,160.01,163.8,147.97,1.07,176.42,1.01
T5,639.173,150.98,27.88,155.3,168.26,143.99,1.01,165.18,0.93,149.24,25.14,161.39,173.99,154.03,1.07,157.72,0.97
T1,639.472,139.72,28.44,160.21,160.7,161.46,1.09,155.51,1.09,160.86,27.74,152.9,164.19,168.49,1.09,156.15,0.96
T5,639.875,157.82,28.0,156.35,171.44,161.47,1.16,156.73,0.94,141.97,28.98,142.9,164.0,162.45,1.15,158.83,1.09
T10,640.235,145.54,24.86,155.53,160.58,143.53,1.04,155.52,1.09,152.98,27.8,155.18,152.59,166.03,1.05,152.97,1.13
T10,640.72,156.79,25.61,137.1,150.11,146.62,1.11,165.09,1.0,162.25,27.15,160.44,150.53,148.62,1.07,167.14,0.98
T7,641.792,146.92,26.73,155.26,154.44,167.67,1.12,170.97,1.1,158.93,25.22,178.46,154.55,150.76,1.07,173.51,0.94
T4,642.15,150.59,27.52,163.13,151.74,158.06,1.16,146.8,1.0,148.28,26.17,166.89,159.03,152.3,0.98,166.57,1.04
T8,643.881,155.18,27.19,168.55,170.6,151.63,1.1,174.55,1.08,148.64,27.5,169.58,150.5,167.02,1.02,170.68,1.1
T5,643.886,142.02,24.97,138.89,174.35,170.48,1.0,169.52,1.07,160.27,29.11,156.63,158.72,170.23,1.07,170.6,0.95
T5,644.377,139.66,27.19,154.72,167.39,156.47,1.14,157.88,1.01,154.01,27.51,145.74,176.22,151.22,1.08,163.63,0.92
T4,648.054,167.18,25.71,162.78,162.45,156.79,1.11,160.68,0.96,144.82,26.11,170.1,169.07,146.99,1.13,142.69,0.95
T1,648.345,155.04,25.76,162.42,146.94,165.72,1.09,155.88,1.09,164.55,27.99,155.9,157.22,161.9,1.08,152.74,1.04
T3,648.515,155.71,25.01,163.29,158.44,164.33,1.15,159.42,1.12,151.75,25.76,164.09,168.96,147.01,1.07,167.23,1.13
T9,648.788,168.79,24.64,154.11,151.93,172.41,1.02,170.38,0.97,166.91,25.48,148.88,146.72,177.03,1.06,174.71,1.15
T9,649.409,175.31,26.75,169.48,154.35,174.38,1.02,170.08,1.09,155.67,24.71,149.04,145.39,178.04,1.02,151.42,1.11
T1,649.75,148.89,27.93,164.58,156.54,148.93,1.08,167.21,0.98,156.09,26.41,169.11,149.39,159.85,1.03,153.41,1.13
T6,653.895,149.53,27.82,160.48,166.2,140.44,1.01,164.6,1.14,156.71,24.76,166.05,149.4,151.78,1.0,154.01,1.1
T4,654.052,153.78,23.61,154.7,157.83,138.07,1.01,165.71,0.96,147.68,26.44,158.2,145.05,145.35,1.09,152.26,0.98
T9,655.713,156.62,28.09,168.63,151.11,150.57,0.99,164.36,1.04,164.53,24.59,150.36,161.6,160.96,1.0,172.61,1.1
T9,655.754,166.85,27.51,174.38,165.56,159.43,1.01,171.27,1.03,162.62,24.56,173.82,166.79,175.3,1.05,167.21,1.02
T10,656.017,158.51,24.11,137.21,160.9,166.4,1.12,173.25,0.99,164.53,23.86,156.75,149.68,146.07,1.08,159.84,1.1
T1,657.111,163.89,26.91,151.69,139.93,168.7,1.05,142.88,0.96,162.33,25.77,173.37,146.29,151.34,0.95,150.5,1.07
T3,659.423,172.16,24.23,146.7,154.77,155.87,1.09,163.02,1.01,148.41,26.82,151.09,162.3,163.55,1.02,155.42,0.99
T4,660.388,158.54,26.25,166.44,164.75,142.2,1.14,163.87,0.98,158.15,26.57,167.09,152.37,158.45,1.03,146.3,1.0
T6,661.181,169.31,27.79,166.01,169.49,140.14,0.99,162.32,1.12,168.07,27.2,169.67,161.43,142.05,0.99,145.03,1.14
T1,661.542,154.34,24.78,161.7,157.19,145.98,1.0,154.09,1.1,152.0,28.14,172.6,148.17,164.08,1.03,156.7,1.07
T1,661.693,138.89,27.28,154.24,160.75,169.79,1.02,163.15,0.99,163.42,28.64,159.66,151.65,152.93,1.12,144.99,1.08
T4,662.429,145.87,23.52,151.39,146.38,152.12,1.13,166.54,0.98,168.35,25.42,170.87,165.74,140.4,1.12,158.8,0.96
T4,662.547,142.87,24.64,169.23,147.38,157.8,1.02,148.05,0.97,152.23,25.02,164.53,149.01,149.21,1.06,142.87,1.05
T1,662.707,147.08,26.82,165.35,142.95,160.47,1.02,156.89,1.05,155.23,27.01,170.17,155.5,146.41,1.12,153.07,1.02
T3,662.974,164.7,25.1,153.89,168.9,164.26,1.12,156.76,1.04,148.56,27.7,151.7,148.22,163.31,1.09,169.54,1.02
T6,667.219,152.34,27.7,155.16,165.12,158.21,1.09,147.89,1.11,170.24,25.55,149.33,147.7,141.55,1.0,165.07,1.01
T2,668.613,153.82,24.81,151.0,145.22,151.18,1.12,144.67,1.01,147.76,26.34,145.31,144.81,164.26,0.98,158.91,1.07
T9,670.112,158.0,28.27,171.89,151.52,165.84,1.03,152.96,1.02,151.63,25.5,164.37,146.1,174.74,1.0,152.12,1.0
T3,670.464,173.74,27.63,147.71,145.17,169.49,1.03,147.54,1.13,164.42,27.3,162.9,145.52,149.57,1.15,154.68,1.08
T6,672.424,175.71,26.28,150.02,158.66,164.37,1.03,160.02,0.97,168.64,25.72,158.25,155.72,149.96,1.09,157.8,1.05
T3,672.64,169.74,28.45,166.78,149.93,153.98,1.12,161.4,1.05,175.05,27.12,162.27,158.29,161.87,1.17,154.99,1.06
T3,674.72,152.36,27.76,169.48,149.62,154.43,1.08,165.63,0.99,172.09,25.07,156.84,167.39,164.72,1.0,169.14,1.1
T8,676.79,146.3,28.25,147.4,174.86,165.08,1.12,154.04,1.0,145.17,26.5,154.35,152.0,162.43,1.17,155.98,0.98
T9,677.288,173.39,24.92,169.31,151.25,166.73,1.04,162.84,1.09,169.6,28.44,160.94,168.46,174.16,0.95,173.94,1.06
T1,678.043,139.85,27.95,172.06,152.4,159.65,1.11,146.07,1.05,145.68,28.74,176.21,163.22,157.21,1.1,165.69,1.01
T8,679.18,148.38,27.37,169.63,155.07,163.47,1.16,163.65,1.08,162.88,25.18,152.49,174.99,148.79,1.13,166.99,1.08
T9,681.773,154.91,26.62,159.06,148.84,168.92,1.07,165.64,1.1,163.18,26.78,156.18,149.91,169.62,1.09,168.85,1.14
T5,683.303,163.21,28.88,141.35,169.11,152.54,1.03,157.97,0.97,159.52,25.2,146.2,178.63,151.59,1.14,153.48,0.96
T2,683.408,163.01,25.14,143.45,162.21,144.93,1.15,165.27,0.97,156.17,25.43,158.41,147.31,146.52,1.14,154.13,1.05
T1,683.611,153.57,27.39,171.18,149.02,147.33,1.08,167.34,1.06,150.51,28.31,164.36,164.26,167.16,1.13,154.37,1.06
T6,683.781,159.42,27.7,169.22,150.85,161.96,0.97,161.55,1.07,151.22,24.78,156.34,154.68,158.49,1.09,154.68,1.12
T2,685.623,147.62,28.7,155.86,158.43,163.96,1.16,165.91,1.02,156.15,27.63,157.07,157.67,165.1,1.04,167.82,0.97
T2,685.679,143.47,29.15,154.34,160.02,142.02,1.08,146.97,0.98,141.24,24.67,164.78,141.64,153.51,1.11,161.21,1.03
T1,685.817,154.17,25.62,173.17,158.62,152.48,0.97,146.5,1.1,163.82,24.76,149.76,154.75,147.11,1.01,151.76,1.05
T9,687.178,150.59,26.51,158.73,167.7,170.05,1.05,152.82,1.06,157.86,25.21,155.56,151.99,171.47,1.06,164.53,1.14
T3,688.999,174.59,27.44,161.91,167.13,167.81,1.05,169.85,1.14,156.13,24.61,147.63,143.13,166.8,1.0,169.85,1.07
T6,689.05,155.88,25.92,145.37,150.61,141.35,1.06,162.02,1.0,167.21,27.7,146.27,164.68,151.28,0.98,161.61,1.09
T10,689.612,160.52,24.0,147.55,156.98,160.51,1.05,156.26,1.07,151.2,25.76,138.63,152.86,163.72,1.12,154.47,1.0
T5,691.83,159.07,25.88,151.78,156.92,144.84,1.16,151.63,1.04,144.22,28.74,162.64,151.59,156.44,1.1,165.6,0.96
T4,693.999,167.95,26.66,172.83,148.17,161.88,1.08,158.28,1.11,148.78,26.4,149.94,166.15,154.89,0.99,165.46,1.07
T1,695.602,157.36,28.58,151.64,163.31,158.68,1.0,165.4,1.0,141.28,24.57,162.0,153.73,170.3,1.13,164.0,1.05
T3,696.808,172.1,23.95,161.64,143.66,152.33,1.12,168.45,1.01,150.64,26.59,164.06,152.5,163.55,1.12,144.73,1.1
T9,698.091,154.52,26.77,148.6,169.15,177.5,1.0,151.41,0.98,171.46,26.79,168.73,164.53,163.99,0.92,152.28,1.01
T9,700.703,173.48,25.21,163.0,158.18,172.94,0.93,152.1,1.1,158.46,28.13,159.51,152.08,160.21,1.03,153.11,1.15
T8,702.096,154.67,28.59,147.68,159.03,158.85,1.07,174.69,0.97,145.44,26.38,170.56,151.36,159.11,1.18,167.56,0.98
T2,702.578,149.7,28.26,145.98,166.1,143.62,1.01,151.41,1.0,141.45,26.69,158.45,161.09,156.83,1.16,151.88,0.96
T7,703.982,141.9,25.6,171.07,153.12,169.62,1.08,162.44,1.04,161.42,26.66,167.9,153.55,152.57,1.1,164.12,0.99
T10,704.549,170.11,27.7,152.07,157.86,155.26,1.01,167.75,1.11,145.1,27.0,138.29,147.16,152.76,1.11,156.01,1.06
T5,705.784,159.54,26.53,148.32,166.97,161.65,1.17,167.65,1.05,142.81,26.07,158.07,158.26,157.82,1.03,169.77,1.04
T1,705.826,146.54,25.98,173.56,142.19,155.2,1.0,163.67,1.08,142.08,24.62,167.82,144.11,159.99,1.02,147.98,1.07
T10,707.569,146.92,27.24,147.25,165.69,148.36,1.05,171.37,1.12,149.78,25.73,153.56,160.38,150.25,0.99,146.48,1.11
T7,708.504,152.4,24.92,176.27,158.46,166.65,0.98,154.25,1.02,162.76,26.85,176.91,144.71,175.84,1.06,168.66,1.0
T1,708.983,144.07,26.3,173.4,165.27,146.42,1.12,164.71,1.13,138.89,26.96,161.85,156.22,163.7,0.98,151.65,1.03
T1,710.373,146.41,28.42,172.91,157.22,145.8,1.05,157.13,1.02,154.21,27.38,172.2,150.15,145.2,1.04,150.36,1.04
T8,712.708,161.88,28.5,153.7,164.75,168.8,1.15,152.14,0.95,141.78,25.87,168.55,162.48,156.15,1.17,155.34,0.96
T10,712.842,156.84,26.17,138.78,163.43,142.81,0.99,169.48,1.07,166.44,24.1,139.94,164.61,142.54,0.97,173.73,0.96
T7,714.248,159.61,27.8,155.57,145.99,156.22,1.03,173.97,1.11,163.6,26.45,178.02,152.57,169.05,1.12,158.39,1.07
T9,714.439,160.86,27.11,157.71,160.31,169.7,1.02,150.48,1.06,176.26,27.36,161.66,162.8,177.26,1.0,169.34,1.0
T2,714.849,144.93,27.63,158.2,158.37,150.24,1.05,164.26,1.03,140.86,24.57,153.32,152.55,160.08,1.11,156.76,1.0
T6,714.976,165.06,25.8,158.18,164.6,149.38,1.01,166.97,0.98,159.78,25.37,151.43,156.33,145.98,0.96,170.05,1.13
T8,714.979,147.13,25.06,156.16,173.26,169.28,1.04,151.25,1.05,140.48,29.31,152.24,160.16,165.71,1.04,156.64,1.0
T9,716.401,173.68,25.37,159.21,151.95,162.55,1.09,164.56,1.0,163.22,26.21,161.53,169.63,174.78,1.02,149.29,0.98
T1,716.774,152.72,24.66,163.41,163.47,148.94,1.01,145.6,1.04,147.17,28.44,167.53,145.96,152.19,1.12,155.87,0.96
T3,717.044,158.48,25.98,162.5,148.35,152.37,1.04,152.64,1.03,164.7,28.05,156.34,147.68,166.39,1.04,144.62,1.05
T3,718.896,160.56,24.55,160.41,163.8,160.0,1.16,161.24,1.11,167.84,25.88,155.91,155.02,149.8,1.13,168.32,1.06
T9,719.426,162.04,27.54,168.9,169.88,176.26,1.01,153.86,1.09,158.0,28.51,147.49,158.12,166.29,0.98,153.39,0.99
T7,719.866,153.13,25.26,177.88,158.76,174.58,1.07,169.51,0.95,145.09,26.45,178.18,159.17,177.88,1.1,159.65,0.96
T1,721.727,144.49,27.3,165.54,139.72,144.99,1.12,157.41,1.02,159.1,25.59,152.25,149.95,166.93,1.08,166.6,1.0
T3,722.172,158.52,27.14,168.39,143.54,158.09,1.11,153.85,1.0,169.58,27.1,165.56,168.69,162.63,1.12,168.05,1.05
T4,722.633,149.12,27.08,159.09,158.68,140.52,1.02,155.72,0.98,152.59,23.53,159.18,151.73,159.83,1.05,144.52,1.0
T4,723.122,150.46,23.43,174.09,149.98,154.62,1.13,148.07,1.0,149.19,26.02,164.75,168.9,144.19,1.1,145.35,1.07
T10,725.476,160.53,25.19,149.62,160.24,163.25,1.04,160.02,1.09,146.71,26.02,137.68,158.53,157.91,1.08,171.13,0.96
T1,726.92,147.12,27.09,160.68,152.93,165.12,0.98,146.41,1.12,156.28,28.78,159.53,157.55,149.77,1.03,163.76,1.05
T5,727.372,162.92,24.94,156.04,175.84,154.68,1.1,162.51,1.05,162.92,25.76,153.83,159.17,158.9,1.14,154.34,0.95
T2,727.905,166.09,26.38,154.04,162.26,156.57,1.13,168.15,1.04,152.67,26.85,152.19,142.35,163.74,1.04,143.2,1.0
T7,729.36,157.01,28.24,176.86,139.15,169.95,1.09,171.43,1.03,161.41,25.58,176.52,160.54,172.95,0.98,166.06,0.96
T3,729.379,151.35,26.82,170.52,142.71,161.57,1.16,144.66,1.05,172.48,26.39,145.29,147.26,145.81,1.1,152.04,1.16
T1,731.639,140.67,26.09,174.05,147.42,144.74,1.01,165.59,0.99,160.44,24.52,172.22,140.03,149.77,0.97,166.63,1.08
T8,731.822,166.67,26.94,166.88,168.29,152.8,1.13,171.09,1.03,162.69,26.8,164.24,163.89,162.42,1.06,172.89,1.08
T1,735.094,153.03,26.65,157.88,165.29,168.46,1.09,153.12,1.08,152.75,27.02,156.87,151.27,151.48,1.04,166.6,1.08
T9,735.357,173.0,27.54,153.72,157.2,151.73,0.96,159.66,1.11,170.97,25.03,163.57,147.0,171.69,1.04,174.96,0.98
T9,736.296,168.35,27.0,159.21,162.0,153.16,1.04,166.22,1.06,167.88,28.97,171.28,158.06,166.9,0.98,170.66,1.08
T3,736.705,149.73,25.84,149.06,144.35,154.93,1.09,148.53,1.06,149.31,26.55,151.25,166.78,149.58,1.16,167.23,1.02
T3,737.105,154.03,25.05,146.21,162.78,168.8,1.0,161.48,1.14,163.62,24.45,171.52,168.93,153.1,1.01,158.18,1.06
T7,739.798,143.76,26.84,161.95,144.61,162.25,1.08,153.67,1.06,161.29,26.39,158.22,151.37,171.49,1.07,161.06,1.1
T7,740.078,142.86,24.53,162.78,149.16,159.24,1.06,153.57,0.98,147.18,25.13,161.21,140.48,152.95,0.99,163.16,0.99
T2,742.657,146.04,25.52,151.78,144.59,150.0,1.05,166.16,0.99,149.63,28.22,166.34,150.02,165.15,1.01,145.76,1.0
T1,743.144,164.45,24.63,169.74,163.43,170.65,0.96,150.81,0.98,144.87,27.43,170.4,144.65,171.4,1.11,161.47,1.0
T2,743.427,159.56,26.0,142.93,148.69,160.82,1.06,161.78,1.08,148.01,28.61,146.77,153.21,146.41,1.01,161.13,1.09
T9,743.868,163.67,25.47,155.37,149.04,154.11,0.99,156.62,1.02,156.03,25.52,163.22,154.2,152.7,1.02,155.7,1.0
T5,744.23,140.02,27.81,156.35,166.71,160.59,1.03,166.77,0.92,154.67,27.96,143.99,158.62,147.7,1.15,165.34,1.04
T10,744.473,143.74,26.64,144.38,161.45,166.59,0.98,170.24,0.95,145.46,27.93,145.13,152.25,157.82,1.08,156.22,1.08
T9,744.999,157.07,26.53,170.66,169.46,167.75,0.96,164.76,1.13,152.24,25.84,163.39,154.88,160.98,1.06,167.21,1.12
T9,745.409,161.94,28.35,167.46,156.38,158.16,0.93,149.4,1.12,159.1,24.42,163.8,167.72,159.04,0.95,149.01,1.01
T9,747.196,159.91,26.34,156.67,169.97,177.89,0.98,148.82,1.0,172.84,27.02,164.88,146.6,167.41,1.03,173.77,0.97
T5,747.505,157.78,27.79,163.73,174.92,149.77,1.13,175.11,1.06,147.49,26.57,144.64,155.44,154.49,1.09,155.06,0.92
T8,747.827,159.59,29.16,168.32,156.32,155.31,1.02,164.69,0.99,145.56,28.01,147.03,149.3,172.72,1.08,176.12,1.04
T8,747.834,158.52,28.0,152.73,170.96,149.07,1.08,161.98,1.06,155.94,25.96,148.93,160.89,170.82,1.01,171.71,1.11
T2,747.866,164.4,25.11,164.85,165.65,146.96,1.1,150.6,0.94,139.97,28.07,153.41,150.92,155.63,1.02,159.37,1.03
T1,748.786,154.36,24.51,176.61,146.95,157.82,1.12,147.44,1.07,164.95,28.74,160.2,148.12,151.45,0.98,158.39,1.02
T2,749.097,156.28,26.14,148.34,150.97,148.59,1.05,160.17,0.94,155.1,26.76,144.79,163.36,145.77,1.08,145.39,1.06
T6,749.465,151.85,28.35,169.33,151.91,160.14,1.04,164.11,1.13,159.68,25.72,167.66,157.77,165.34,1.01,170.66,1.05
T3,750.282,150.38,26.03,152.15,167.78,148.48,1.01,161.52,1.07,166.5,27.14,165.6,155.91,149.57,1.02,168.24,1.1
T8,750.943,158.73,25.87,170.89,153.7,172.57,1.08,171.68,0.97,160.7,28.87,145.56,150.23,150.43,1.08,177.92,1.11
T4,751.831,157.55,25.49,155.91,167.94,144.34,1.06,156.9,0.98,146.79,24.26,166.7,163.81,147.55,1.07,151.7,1.12
T10,753.252,158.4,27.11,147.53,160.69,150.37,1.09,162.99,0.99,167.42,28.07,139.66,165.33,155.07,1.02,167.5,1.1
T3,753.417,147.91,26.57,166.84,154.14,162.31,1.13,150.45,1.11,172.51,24.01,149.17,146.91,157.58,1.17,147.68,0.99
T6,754.504,176.99,25.16,152.05,154.22,159.2,1.08,154.94,1.02,163.38,24.99,167.26,155.31,154.65,1.05,149.88,0.96
T6,755.828,166.99,27.24,168.81,152.28,159.48,1.1,170.04,1.08,169.4,27.87,169.42,158.76,147.51,0.95,146.53,1.07
T7,756.413,140.93,28.15,175.39,150.15,167.61,1.09,153.48,1.02,151.85,25.22,167.39,157.94,175.85,1.03,168.6,0.95
T7,757.93,164.68,27.17,177.76,153.63,174.58,1.03,150.35,1.06,160.93,26.69,164.24,141.86,169.8,1.04,155.34,1.08
T4,759.517,145.04,26.46,169.25,146.71,143.86,1.11,155.86,1.06,166.22,24.08,156.28,161.41,155.54,1.0,165.75,1.02
T6,761.471,159.79,27.96,169.4,169.16,155.04,1.01,166.46,1.08,176.94,24.4,146.04,147.05,155.52,1.03,144.34,1.01
T4,761.593,169.58,26.94,166.1,162.18,162.65,1.16,164.53,1.06,143.28,25.62,149.58,146.27,138.38,1.13,156.18,0.95
T9,762.248,171.93,24.83,151.86,154.54,175.75,0.98,157.3,1.04,163.61,28.98,172.01,151.47,153.81,1.09,151.12,1.14
T9,762.977,174.25,26.69,149.36,158.86,151.79,0.95,158.15,1.07,174.32,25.51,158.3,146.44,160.99,1.05,169.75,1.04
T1,764.099,138.78,26.48,161.83,153.16,157.5,0.97,167.71,1.05,158.98,28.56,159.83,150.53,150.58,0.99,163.68,1.12
T4,764.873,146.27,23.23,167.29,153.32,156.65,1.06,161.86,1.08,162.41,23.8,148.19,159.57,154.02,1.1,152.32,1.02
T8,765.161,143.8,24.73,145.54,159.55,175.48,1.18,162.32,0.97,157.76,25.65,164.24,164.02,152.45,1.18,170.67,1.05
T9,765.789,156.96,27.47,163.98,161.88,153.23,1.04,149.47,1.09,170.51,24.71,159.99,171.34,151.47,0.92,152.38,0.97
T6,766.182,171.42,27.22,144.74,163.32,146.96,0.96,155.63,1.12,168.51,25.32,160.32,158.85,152.99,1.03,168.49,1.07
T2,768.982,147.75,27.78,145.72,145.21,161.35,1.12,162.67,1.0,157.63,25.87,156.31,156.35,154.36,1.1,149.64,1.01
T6,770.055,166.4,26.79,153.06,145.23,152.64,0.96,166.29,1.09,156.85,24.32,170.01,164.11,155.46,0.93,153.44,1.03
T5,771.244,162.64,28.06,151.15,177.26,170.31,1.17,168.42,1.02,157.69,27.06,146.62,159.99,156.7,1.04,167.19,1.08
T4,773.432,145.87,23.58,156.45,149.48,155.49,1.03,164.11,1.0,167.47,25.75,153.85,153.78,156.5,1.01,141.85,1.06
T10,775.131,154.57,26.02,153.15,153.2,152.1,0.98,165.73,1.1,163.86,26.64,138.11,163.99,151.2,1.06,162.79,1.0
T5,775.174,140.02,27.61,151.37,163.38,162.69,1.13,154.25,1.05,153.68,26.41,158.38,163.43,148.03,1.03,165.96,1.01
T9,775.321,165.46,25.22,154.12,171.8,172.98,1.0,164.2,1.01,152.03,25.43,148.9,156.98,160.99,1.04,159.65,1.08
T6,775.97,171.09,26.2,149.86,143.92,143.94,0.99,154.94,1.14,152.07,25.62,169.52,170.08,148.04,1.06,148.67,1.13
T1,776.165,146.08,26.79,166.3,159.92,159.95,0.98,144.87,1.05,158.32,26.45,170.68,158.28,163.37,1.11,142.32,1.05
T8,776.45,150.24,26.5,152.71,149.53,167.84,1.05,176.73,0.97,149.19,28.3,155.21,165.87,162.02,1.05,172.28,0.95
T3,777.309,153.26,27.99,156.76,147.37,156.95,1.17,144.25,1.09,167.1,25.03,164.09,148.61,152.51,1.13,165.91,1.14
T2,778.745,157.65,27.52,150.54,164.37,143.5,1.14,149.93,1.08,155.24,26.79,144.82,164.84,163.08,1.05,156.09,1.01
T4,779.933,156.64,25.68,154.06,147.9,149.84,1.05,142.97,1.05,152.43,25.01,169.47,165.08,159.04,1.1,158.54,1.12
T2,782.764,153.72,27.61,153.21,145.84,157.44,0.98,154.31,1.06,147.62,28.6,145.72,167.27,143.02,1.14,168.58,1.06
T2,783.42,149.7,27.65,158.2,144.06,161.16,1.01,157.63,0.97,143.58,26.47,157.89,166.19,161.45,1.16,166.54,1.07
T8,783.807,154.44,26.82,146.71,174.73,175.83,1.15,175.78,1.06,153.09,26.32,158.4,155.54,172.11,1.19,150.79,1.05
T8,784.365,144.9,29.02,156.25,165.28,172.11,1.02,173.49,0.94,156.6,25.38,154.1,166.19,167.82,1.07,169.02,0.95
T2,787.145,154.37,29.17,164.01,164.4,141.86,1.07,165.1,1.02,155.76,28.57,153.92,158.93,163.25,1.06,157.11,0.95
T7,789.805,151.34,26.38,178.73,144.41,159.76,0.99,172.6,1.0,156.39,24.77,155.9,139.64,151.69,1.07,154.78,0.93
T9,789.962,172.41,24.69,161.66,169.58,164.84,1.1,173.83,1.07,158.72,26.24,171.28,164.74,152.83,1.02,168.93,1.04
T10,790.253,165.76,25.75,141.42,167.77,152.21,1.09,149.36,0.97,156.49,25.16,154.21,152.11,155.7,0.99,170.63,1.11
T8,790.733,166.5,29.29,166.54,168.13,161.81,1.17,170.59,1.1,149.78,28.09,155.29,162.69,158.63,1.03,160.84,1.08
T2,791.078,158.4,25.12,146.85,148.29,147.88,1.04,161.35,1.05,159.12,26.54,142.44,146.15,149.01,1.14,159.98,0.97
T1,791.144,156.81,26.31,154.25,150.08,154.22,0.96,145.02,1.02,152.49,25.94,174.68,155.15,145.96,1.06,153.47,1.09
T1,794.539,152.38,28.81,165.22,150.82,144.85,0.97,164.71,0.99,143.69,25.3,169.66,152.63,167.41,1.08,154.76,1.02
T1,796.9,158.06,25.9,155.9,163.7,150.74,1.08,144.02,1.02,141.65,24.6,169.21,150.28,156.22,1.11,166.23,1.08
T3,798.452,160.34,28.38,166.56,161.46,145.51,1.03,147.54,1.1,168.8,24.86,159.13,166.98,155.03,1.13,169.62,1.16
T8,800.382,163.3,28.25,159.49,164.02,157.59,1.11,164.92,1.1,158.03,26.66,148.79,155.97,168.59,1.16,168.9,0.95
T4,801.643,161.88,26.24,149.3,147.81,144.4,1.08,146.61,1.02,146.22,24.34,174.12,145.45,138.73,1.06,155.24,1.04
T10,801.803,157.08,27.08,138.6,162.17,164.24,1.07,163.02,1.09,168.98,25.46,159.27,160.29,142.38,1.01,156.2,1.0
T5,802.125,163.82,27.28,161.98,158.36,167.54,1.02,170.37,1.01,139.95,27.4,139.23,168.74,154.94,1.14,176.46,1.0
T3,802.711,149.21,27.82,162.97,154.36,161.34,1.12,165.06,1.09,156.67,28.33,158.06,150.39,149.27,1.04,145.39,0.99
T1,803.914,156.78,27.4,174.15,154.05,156.17,1.03,159.31,0.97,159.99,27.74,160.49,152.65,158.68,1.07,163.51,1.12
T2,804.157,147.18,25.17,161.44,142.02,154.69,1.13,155.02,0.99,143.26,24.8,144.08,161.09,149.53,1.06,165.89,1.03
T4,804.279,154.71,27.44,170.24,168.82,153.45,1.0,162.35,0.98,168.82,26.04,151.31,149.54,140.74,1.07,143.69,1.02
T1,805.343,142.15,25.45,170.14,160.44,169.04,0.98,146.53,1.06,155.82,25.06,158.04,152.8,153.62,1.12,146.55,1.03
T3,806.975,168.66,28.36,151.94,167.4,156.12,1.07,163.95,0.99,149.26,26.82,159.03,164.95,149.44,1.14,164.15,1.12
T1,807.222,141.93,25.28,163.32,163.16,167.24,1.12,163.93,1.01,148.16,24.89,165.33,146.69,165.39,1.01,165.7,0.99
T8,807.568,162.42,27.11,155.53,173.38,157.86,1.04,175.22,1.07,144.52,26.32,144.72,157.04,153.41,1.04,159.34,0.97
T5,808.085,150.32,27.48,149.73,168.03,145.83,1.08,163.8,0.96,154.74,24.83,148.11,157.43,161.2,1.06,164.13,1.0
T1,810.039,155.66,27.85,163.11,159.16,154.5,1.0,142.64,0.97,146.86,25.84,168.42,144.03,154.32,1.0,156.13,1.06
T1,810.475,163.89,26.26,152.89,144.95,145.53,1.04,154.3,1.14,155.3,28.39,156.98,140.7,145.98,1.0,158.85,1.04
T6,811.109,164.1,24.58,167.39,158.73,143.34,1.1,154.75,1.06,164.5,26.11,164.71,145.72,141.72,0.97,166.33,0.96
T1,813.042,142.14,27.63,171.08,164.8,154.05,1.07,149.66,1.04,149.09,25.97,174.81,140.69,148.28,1.0,142.46,0.97
T2,814.306,154.54,28.31,161.06,145.86,162.68,1.09,146.19,0.95,140.92,27.97,153.3,153.35,164.42,1.06,146.19,1.03
T10,815.663,146.79,26.24,160.29,159.35,159.24,1.06,165.62,1.0,165.09,26.82,142.98,152.98,162.35,1.05,150.49,1.01
T5,816.584,143.42,25.14,144.63,158.35,154.73,1.02,159.77,1.0,147.18,25.38,146.73,151.34,148.65,1.08,153.87,1.02
T10,816.667,159.89,25.82,160.91,162.58,157.4,1.11,164.97,0.97,163.95,25.61,151.66,154.1,143.25,1.12,167.5,1.01
T3,817.7,169.35,27.94,172.23,148.63,166.54,1.02,149.75,1.02,169.96,24.54,146.21,165.15,151.32,1.12,155.16,1.02
T5,818.876,154.57,26.25,145.09,178.73,161.32,1.06,160.49,1.02,158.06,26.75,139.9,171.58,149.06,1.02,167.84,1.01
T8,820.851,159.35,28.34,152.3,158.66,153.31,1.08,159.78,0.95,141.43,29.08,167.47,158.71,172.74,1.18,159.58,1.0
T1,822.869,159.22,27.28,159.89,164.26,169.36,1.02,148.57,0.98,145.35,27.77,169.75,156.75,165.44,1.02,160.05,1.12
T9,822.932,166.3,27.27,156.97,171.59,172.17,1.0,165.3,0.98,149.55,25.3,172.82,155.69,163.34,0.98,158.54,1.09
T7,825.129,148.46,27.78,153.67,144.37,152.01,1.13,162.67,1.07,148.58,24.8,157.16,151.19,164.98,1.12,178.18,0.96
T10,828.094,168.37,27.05,146.84,159.2,159.45,0.99,154.74,1.09,164.79,24.26,153.09,143.62,157.91,1.06,150.49,1.01
T6,830.085,176.34,28.28,163.2,148.56,146.77,0.97,149.49,1.03,159.42,28.62,158.31,143.94,155.78,0.99,152.09,1.08
T1,832.93,162.39,27.12,159.53,144.77,162.09,1.04,145.0,1.1,157.46,26.34,149.05,161.74,149.44,1.07,153.12,1.12
T3,833.408,149.3,25.59,151.68,154.27,162.28,1.01,167.41,1.14,169.78,25.1,154.2,149.43,151.75,1.12,170.43,1.02
T6,834.09,157.21,24.15,168.46,161.0,159.17,1.02,151.43,1.08,153.58,24.68,152.12,144.74,162.47,1.0,156.7,1.0
T6,835.999,161.07,26.62,147.75,151.08,149.8,1.02,167.25,1.01,161.91,26.01,144.56,156.18,162.67,1.01,165.46,1.0
T2,836.128,153.53,25.11,166.12,164.78,146.48,1.03,159.5,0.94,143.28,28.62,149.94,157.65,141.33,1.03,161.71,1.01
T10,837.026,153.64,27.3,143.72,154.96,157.46,0.96,150.78,1.09,165.66,28.06,142.66,163.51,163.61,0.97,147.26,1.02
T3,838.387,150.1,25.91,168.62,159.94,167.63,1.14,148.67,1.02,172.24,27.33,166.44,144.38,162.64,1.05,170.03,1.01
T5,839.016,163.83,28.87,163.57,153.87,154.14,1.01,170.47,1.01,158.34,27.79,147.68,160.18,147.42,1.09,171.37,1.0
T1,840.543,153.01,24.55,160.6,156.88,157.35,1.05,153.44,0.97,158.72,26.96,153.66,165.61,151.28,1.03,151.62,0.99
T5,842.192,152.65,25.2,145.37,163.12,154.49,1.13,157.61,1.07,151.93,26.76,157.47,155.49,156.76,1.05,150.46,0.98
T2,842.519,149.7,24.72,153.25,160.81,144.38,1.09,155.71,1.0,164.34,24.69,160.35,158.47,147.48,0.99,149.03,1.08
T7,842.634,152.3,26.16,178.79,141.86,177.15,1.06,177.97,1.0,146.99,24.42,175.06,147.75,169.51,0.96,177.34,1.06
T2,843.793,141.45,26.76,154.4,156.45,151.44,1.1,143.5,1.09,157.78,24.74,142.92,149.11,156.36,1.09,146.1,1.08
T6,844.493,155.32,27.19,159.23,170.15,163.81,0.95,162.02,1.01,164.45,25.68,144.24,164.84,162.47,1.07,146.28,1.04
T6,845.447,151.18,28.25,164.98,147.85,142.17,1.08,147.98,1.04,166.02,28.02,153.25,144.6,157.87,1.01,145.72,1.06
T10,846.466,163.64,26.01,160.77,159.93,154.15,1.1,162.46,1.12,160.57,28.05,140.59,162.81,142.24,1.1,168.0,1.12
T4,849.43,161.54,25.07,168.2,154.11,149.62,1.08,161.48,1.03,160.42,26.4,161.17,150.69,148.23,1.02,156.24,1.01
T5,849.537,144.78,28.96,146.5,152.29,166.87,1.15,164.33,1.02,142.06,26.17,146.57,178.34,163.96,1.15,165.96,1.02
T1,853.837,141.94,27.84,149.73,147.2,161.57,1.09,156.83,0.98,162.08,27.06,175.71,146.9,158.11,0.98,146.78,0.98
T6,855.477,171.62,28.4,153.0,155.31,140.0,1.01,145.01,1.14,168.16,28.6,156.46,148.08,155.07,1.04,154.31,1.08
T5,855.956,152.47,27.4,162.83,158.62,170.81,1.04,160.93,1.05,150.76,29.16,150.78,158.34,167.14,1.12,164.18,0.95
T2,856.284,140.67,27.63,142.37,146.1,157.26,1.02,148.85,0.99,149.57,27.18,156.64,146.65,149.47,1.04,167.04,1.08
T4,858.679,158.77,26.25,165.43,148.02,144.54,1.06,151.79,0.96,163.23,25.03,165.05,167.85,161.3,1.16,152.26,1.06
T8,859.266,148.38,27.22,153.0,170.54,158.63,1.01,152.58,1.04,141.17,26.03,160.42,169.47,169.22,1.11,154.83,1.07
T9,859.414,165.04,27.84,161.53,154.0,164.6,0.93,158.66,1.08,176.81,26.76,153.94,155.21,154.13,0.94,169.27,1.15
T7,860.063,147.99,26.95,177.18,153.06,175.51,1.07,153.24,1.01,157.71,28.78,173.12,153.6,167.7,1.08,170.97,1.07
T10,860.461,161.41,27.0,139.96,166.0,166.34,1.05,159.23,1.02,151.63,25.32,143.41,161.24,163.79,1.07,147.77,1.03
T5,863.116,143.66,26.45,151.04,176.53,169.24,1.11,169.42,1.02,146.41,27.31,150.89,158.81,162.82,1.16,168.25,0.99
T6,865.494,161.8,27.17,150.01,150.54,159.14,1.01,157.44,0.98,164.19,27.77,149.85,162.18,142.8,0.94,151.23,0.96
T5,866.862,141.43,25.04,152.5,156.01,158.25,1.16,170.1,1.01,142.06,29.13,164.36,160.33,156.46,1.1,159.79,0.94
T7,870.054,160.9,25.21,173.18,151.71,168.18,0.96,172.1,1.02,158.05,28.42,156.59,155.06,171.28,1.0,170.24,0.94
T9,870.524,174.12,25.31,163.32,151.36,177.21,1.04,156.07,1.07,165.5,25.01,158.68,164.78,155.16,1.08,167.65,1.05
T2,870.588,151.52,28.12,150.03,147.28,165.59,1.05,158.2,1.06,158.22,25.76,155.62,165.27,157.37,1.03,150.79,1.02
T1,870.72,157.13,26.56,158.51,158.09,163.84,1.1,160.83,1.05,141.78,25.48,155.25,151.48,146.32,0.99,143.82,0.99
T7,870.892,156.71,25.98,173.94,155.06,151.35,1.09,154.43,0.97,159.81,27.18,158.98,155.77,168.38,1.07,173.36,1.02
T3,873.734,152.06,26.02,155.96,163.0,143.76,0.99,147.26,1.07,156.9,24.22,165.92,160.4,167.46,1.13,156.68,0.98
T9,874.358,151.09,26.32,171.75,147.93,176.51,0.96,149.53,1.08,166.89,25.76,164.51,151.46,162.26,1.09,162.05,1.03
T1,875.418,163.83,28.77,166.69,157.01,145.88,1.03,166.92,0.97,162.85,26.36,169.77,151.59,170.66,1.03,153.12,1.03
T6,877.438,174.1,24.32,151.97,165.77,164.05,0.94,166.0,1.14,167.65,26.09,159.33,161.63,162.39,1.05,149.48,1.1
T10,877.628,160.99,27.16,159.99,145.18,158.29,1.02,169.36,0.99,146.62,26.44,158.99,143.61,161.57,1.12,146.58,1.0
T2,878.827,155.41,25.46,160.95,167.77,161.23,1.07,166.32,0.99,165.87,25.07,141.74,156.53,150.16,1.15,160.25,1.07
T10,878.976,149.1,26.53,142.94,166.39,157.74,1.08,171.38,0.99,164.4,24.3,158.79,145.76,153.2,1.08,157.62,0.95
T9,880.278,175.58,26.02,156.45,154.88,175.28,1.1,170.49,1.14,161.78,27.87,168.42,155.12,160.39,0.94,151.62,1.03
T4,880.433,162.01,24.63,157.1,147.99,147.55,1.09,161.79,1.1,166.49,25.73,164.75,164.6,163.8,1.13,143.57,0.96
T6,882.489,168.43,26.59,148.68,165.92,145.5,1.1,163.54,0.96,172.98,28.11,149.38,154.23,143.32,1.09,159.45,1.14
T5,885.845,150.4,28.53,139.34,153.91,165.76,1.16,167.31,1.06,147.62,25.0,146.01,161.13,166.84,1.17,164.24,0.98
T3,885.999,150.74,27.04,165.49,164.39,150.47,1.1,161.26,1.14,161.74,26.89,169.64,164.78,160.36,1.06,159.4,0.98
T4,886.455,166.36,25.27,155.84,146.37,140.88,1.04,148.19,1.0,152.88,24.72,160.26,166.95,145.78,1.08,165.41,1.01
T7,886.513,159.0,24.57,159.53,156.0,156.48,1.1,173.82,0.96,162.83,27.26,178.18,155.46,165.68,1.07,165.95,1.06
T6,887.352,175.49,25.33,168.83,150.59,139.72,1.0,155.59,1.05,166.15,28.17,146.98,149.94,148.71,1.0,148.22,1.14
T9,888.508,162.0,27.26,163.82,148.24,155.55,0.99,163.33,1.01,171.91,24.79,154.79,150.82,163.89,1.04,159.1,1.1
T6,888.982,164.16,24.73,169.94,151.72,157.49,1.03,164.21,1.06,151.89,26.01,160.09,150.2,155.12,0.94,164.94,1.06
T8,889.695,143.97,28.94,168.32,173.72,163.21,1.08,163.12,1.07,140.57,26.48,163.61,161.03,169.61,1.12,171.36,0.96
T1,891.762,161.03,26.44,151.15,155.27,161.19,1.1,160.73,1.04,157.31,28.57,175.47,142.52,154.65,1.13,148.58,0.98
T2,893.566,157.76,28.78,140.54,155.16,146.45,1.07,159.4,1.04,139.86,28.94,156.92,165.15,143.17,1.11,161.9,0.93
T7,896.29,140.75,25.34,175.65,141.83,174.54,0.97,175.04,1.09,152.18,25.67,168.12,139.99,158.87,0.97,158.74,1.1
T4,898.263,153.62,26.16,152.9,167.13,150.67,1.08,159.18,0.95,164.11,24.48,159.19,168.15,163.57,1.15,140.99,1.02
T6,898.632,168.51,24.4,156.34,144.48,163.58,1.05,145.07,1.03,171.16,26.97,160.7,153.88,159.01,1.08,150.07,1.11
T2,900.374,159.12,25.68,144.55,157.7,153.62,1.04,157.63,1.02,162.63,24.64,144.41,167.1,156.52,0.98,156.57,1.09
T8,901.445,165.06,27.42,164.49,162.4,151.02,1.1,169.84,1.05,141.54,28.69,163.1,166.3,171.12,1.02,157.65,1.02
T8,901.849,163.08,29.23,155.83,157.72,150.95,1.13,170.57,0.97,146.3,28.44,170.55,174.36,176.02,1.19,177.18,1.01
T8,903.184,158.85,26.45,157.34,158.92,162.41,1.17,163.47,1.08,160.31,28.89,154.11,169.32,164.73,1.01,172.89,1.08
T3,905.281,152.92,25.05,153.2,151.45,147.51,1.13,158.18,0.98,170.89,26.82,149.33,144.01,158.48,1.15,165.15,1.16
T5,906.823,163.83,26.14,145.33,174.75,152.0,1.02,161.35,0.97,146.33,28.75,139.64,176.2,143.96,1.09,168.74,1.04
T2,907.771,145.76,26.85,154.0,166.18,148.92,1.07,148.98,0.97,158.4,28.82,153.18,159.05,146.68,1.1,144.94,1.01
T10,907.877,154.04,27.82,142.92,162.38,167.88,1.11,162.21,1.0,164.04,23.73,151.11,166.99,144.45,0.97,161.24,1.05
T7,912.818,140.57,26.43,171.69,145.5,151.35,1.03,169.74,1.07,148.77,27.39,158.11,139.59,166.33,1.09,174.82,1.03
T1,912.935,144.25,26.46,166.69,147.09,158.26,0.98,141.93,1.1,164.45,24.56,149.23,162.52,157.65,1.02,165.98,1.14
T2,913.349,141.74,27.5,146.76,163.82,146.1,1.06,160.43,1.07,156.32,27.25,156.78,146.6,166.9,0.98,151.75,1.01
T2,913.606,148.47,26.22,140.96,166.28,162.16,0.98,144.69,1.08,140.92,27.41,158.68,144.29,164.1,1.04,163.33,1.04
T2,914.748,143.5,27.26,153.28,144.66,167.47,1.05,148.69,1.01,156.0,26.6,148.54,160.34,159.75,1.12,157.18,0.96
T7,916.549,141.33,24.58,169.29,143.98,162.85,1.12,156.86,0.96,153.33,25.64,152.06,145.23,156.07,0.98,162.14,1.05
T6,918.903,158.99,24.72,164.81,169.2,163.32,0.99,148.52,1.06,150.27,25.64,166.35,159.76,149.8,0.98,148.59,1.0
T1,921.775,141.77,24.63,174.59,142.14,145.13,1.1,158.51,1.11,144.78,26.69,154.95,146.6,158.78,1.11,153.12,1.08
T5,923.175,150.2,27.2,142.47,165.26,158.93,1.09,175.22,1.07,157.42,28.65,153.01,169.72,170.48,1.05,169.16,1.09
T4,927.431,154.61,24.84,170.1,144.7,159.55,1.08,149.05,1.09,152.54,25.07,173.22,144.39,156.71,1.09,154.55,1.08
T10,929.229,149.48,24.14,160.11,157.92,155.4,1.01,160.49,1.01,163.62,24.98,152.11,162.61,167.01,1.1,168.58,1.04
T6,930.214,173.11,26.87,165.43,149.56,157.82,1.03,148.15,1.1,156.0,26.62,146.63,164.58,163.26,1.0,164.49,1.07
T3,930.736,155.54,24.88,160.27,148.54,161.43,1.05,163.67,0.99,148.95,27.2,147.83,166.79,144.44,1.12,153.1,1.04
T4,930.897,145.28,24.74,157.46,156.7,162.84,1.03,161.67,0.94,159.75,26.67,158.93,151.78,145.55,1.07,155.89,0.94
T5,932.269,154.64,27.79,158.57,158.62,144.4,1.06,155.04,0.94,144.17,25.97,160.14,168.09,152.23,1.06,176.5,1.09
T1,932.442,157.31,24.4,174.89,156.06,148.83,1.09,155.89,1.04,163.58,28.5,158.51,164.99,170.12,1.06,152.66,1.1
T9,932.794,163.13,24.82,172.96,170.45,162.49,0.93,161.77,1.09,174.68,26.68,167.01,164.37,167.71,0.96,158.75,1.09
T5,933.264,143.37,27.63,145.6,173.22,157.75,1.06,168.12,1.02,157.92,27.14,151.33,153.8,147.5,1.06,170.48,0.99
T6,933.673,163.38,28.69,154.21,149.86,151.88,1.03,162.71,1.05,168.07,26.14,146.35,144.93,165.1,1.02,145.14,0.98
T8,934.567,151.82,27.45,165.31,162.04,159.69,1.14,160.24,1.06,157.0,24.75,159.76,156.41,169.47,1.13,170.62,1.08
T10,935.539,150.42,23.96,162.1,159.93,142.64,1.05,151.45,0.99,161.38,26.49,155.33,155.0,150.02,1.1,150.09,1.06
T8,936.831,142.68,27.61,156.14,154.38,166.08,1.07,167.64,1.06,143.14,27.32,154.14,172.94,173.71,1.08,162.46,1.05
T3,937.858,160.0,27.61,163.59,144.7,168.68,1.14,143.96,1.09,168.25,26.65,145.56,143.26,155.9,1.07,146.39,1.05
T8,938.077,158.12,27.56,164.86,164.15,170.34,1.08,150.4,0.96,164.17,29.14,163.75,152.52,161.5,1.15,174.69,1.05
T5,938.4,160.9,28.42,141.42,178.3,159.11,1.1,160.5,1.08,145.38,27.43,147.96,156.92,158.93,1.14,170.63,1.05
T5,939.222,142.13,24.95,140.5,163.85,150.16,1.17,173.85,0.97,161.46,24.66,163.37,164.71,170.09,1.12,161.24,1.07
T6,940.089,165.78,27.46,144.31,147.51,164.54,0.96,159.21,1.05,164.95,27.4,153.02,147.49,140.44,0.99,158.24,0.99
T7,941.31,164.22,25.69,174.66,144.68,169.66,1.04,163.48,0.95,156.01,26.43,165.27,140.17,175.03,1.03,162.44,1.04
T4,941.318,158.57,27.52,160.78,163.03,162.84,1.09,164.12,1.08,149.01,23.45,175.47,151.71,145.55,0.99,150.07,1.01
T9,941.552,173.81,25.06,162.11,162.4,164.7,1.0,167.08,0.98,172.54,24.79,169.82,165.28,172.83,1.06,167.31,1.0
T9,942.803,169.6,27.68,152.24,147.42,160.74,1.08,151.71,1.02,153.55,26.45,153.68,160.37,172.77,1.09,156.66,1.04
T4,943.37,146.77,25.68,171.42,157.93,156.6,1.11,161.13,1.1,154.12,24.03,153.77,153.46,141.77,1.0,152.37,0.95
T9,947.085,151.67,24.68,153.88,151.78,167.4,1.09,157.56,1.03,166.01,24.58,159.51,160.12,165.24,1.0,167.28,1.07
T4,948.228,164.43,23.88,172.64,156.09,156.1,1.01,145.04,0.98,160.06,25.62,161.38,162.55,160.29,1.09,157.78,1.11
T4,948.472,148.14,27.23,170.16,156.52,153.75,1.11,149.49,0.96,164.66,23.58,173.64,160.21,162.65,1.02,166.69,0.99
T5,949.512,152.96,26.28,146.5,162.39,151.9,1.02,150.44,1.04,165.24,27.56,148.36,158.8,154.12,1.1,175.85,0.97
T8,949.68,143.87,25.64,160.48,156.78,161.63,1.04,161.98,0.97,153.94,27.28,171.87,161.03,156.22,1.12,177.28,0.98
T8,950.112,162.06,25.11,156.17,173.63,159.75,1.07,154.57,1.11,162.57,25.69,146.7,164.78,150.23,1.11,163.73,1.09
T3,951.537,168.36,27.16,170.71,143.66,162.13,1.0,152.49,1.02,164.2,24.97,170.41,159.58,163.24,1.12,164.13,1.06
T3,952.961,170.2,27.69,163.59,169.42,155.85,1.06,149.31,1.09,163.65,24.38,164.13,147.89,142.96,1.02,167.54,1.11
T10,953.759,153.33,27.47,155.39,142.11,151.84,1.06,155.98,1.11,152.99,26.08,142.79,152.76,162.66,0.98,165.73,1.03
T5,953.777,159.52,25.96,152.16,150.52,148.02,1.1,170.22,0.99,154.76,26.53,146.53,175.36,148.65,1.04,167.27,0.93
T10,954.302,162.41,27.18,139.66,166.36,156.07,1.08,162.1,1.08,152.88,25.65,155.35,155.97,148.18,1.05,150.74,0.96
T5,955.315,141.03,27.28,140.44,176.92,168.21,1.13,154.78,1.02,141.28,25.22,139.0,156.24,163.33,1.16,170.47,0.96
T4,956.58,166.22,26.91,161.6,164.82,154.44,0.98,144.05,1.03,168.56,23.98,157.13,161.66,140.72,1.14,152.77,1.04
T10,956.745,167.69,26.02,160.01,166.55,161.85,1.13,161.59,1.08,156.52,27.3,140.49,159.09,157.31,0.98,152.06,1.07
T3,956.864,155.69,27.51,171.46,160.73,163.42,1.03,167.86,1.14,166.75,24.13,148.36,154.64,160.73,1.11,151.72,1.12
T10,957.177,146.2,26.98,153.56,149.97,158.4,1.12,167.86,0.99,150.82,24.38,137.76,164.78,152.03,1.01,167.86,1.06
T5,958.957,152.89,29.26,154.24,175.26,157.1,1.08,177.16,1.08,140.41,26.17,139.23,164.08,163.22,1.16,163.26,1.07
T7,959.633,163.0,28.32,175.32,148.76,164.62,1.09,166.09,1.1,161.76,27.34,151.82,148.35,157.0,1.1,171.51,1.0
T7,960.544,141.39,27.1,153.56,152.27,154.75,1.01,173.8,1.03,154.84,24.76,167.77,147.87,161.84,0.97,151.76,1.09
T6,961.405,153.9,28.5,157.07,163.47,147.95,1.05,160.87,1.08,150.36,24.97,164.81,153.56,153.4,1.01,154.8,1.13
T6,965.45,160.48,27.28,143.63,151.66,155.78,1.0,162.99,0.97,158.74,28.61,153.37,148.3,143.72,1.0,169.86,1.01
T9,965.53,151.88,24.57,148.91,162.39,173.44,1.09,174.94,1.08,155.31,26.02,148.19,155.21,157.57,1.03,160.73,1.05
T10,967.632,169.18,26.4,143.51,153.04,142.35,0.97,173.74,0.95,153.68,26.19,161.03,149.25,144.49,1.06,158.02,0.99
T6,968.415,157.04,28.54,147.26,162.38,163.32,0.98,155.92,1.07,163.33,28.3,168.19,149.6,148.14,1.04,164.21,1.12
T7,970.742,159.24,24.81,178.55,147.07,176.32,1.12,172.08,1.04,145.44,27.18,178.04,139.31,177.61,1.12,166.66,0.94
T4,972.441,152.81,27.44,150.53,151.27,162.04,0.99,149.11,1.07,144.93,24.77,154.15,166.94,154.59,1.04,140.55,1.01
T5,972.569,148.94,26.76,143.91,177.68,155.01,0.99,154.28,0.94,163.54,25.49,139.08,168.7,149.2,1.11,165.24,1.06
T7,973.156,146.84,27.68,161.42,157.94,159.93,0.99,155.73,1.06,157.42,27.93,177.33,151.01,159.93,1.07,175.75,1.0
T9,975.957,156.37,25.68,163.91,151.72,158.35,0.94,152.09,1.14,150.41,27.11,167.54,158.14,165.71,0.98,158.54,1.14
T7,978.064,156.39,27.69,163.26,159.63,156.99,0.98,170.35,0.95,143.42,28.49,173.81,160.56,173.88,1.12,158.32,0.98
T4,978.95,146.43,25.01,171.78,169.0,163.17,1.09,153.0,0.99,165.82,25.89,153.68,152.79,142.47,0.98,153.66,0.96
T4,979.274,148.55,27.21,151.31,145.12,157.91,1.1,143.05,1.08,166.16,26.24,171.84,154.73,163.25,1.01,145.0,1.08
T4,979.637,149.38,24.81,161.58,158.44,139.95,1.08,152.77,0.95,150.46,26.73,156.6,143.61,152.05,1.05,157.55,1.03
T3,982.901,172.81,25.83,149.85,147.91,165.14,1.14,161.86,0.99,165.42,24.52,153.49,143.24,146.99,1.05,152.98,1.16
T9,986.189,172.14,27.24,149.6,158.86,157.94,1.01,149.97,1.08,167.59,27.73,163.81,146.51,152.38,1.06,147.65,1.15
T7,988.293,164.63,28.56,156.47,156.06,168.18,1.07,168.16,0.96,161.15,28.56,162.42,140.42,160.43,1.05,177.05,0.98
T10,995.678,170.23,24.71,158.31,142.86,153.8,1.13,151.67,1.1,156.92,26.78,152.58,146.55,145.23,1.02,157.23,1.02
T10,1000.859,143.52,26.36,138.15,142.24,151.93,1.08,162.46,1.06,166.61,23.86,142.95,144.92,145.17,1.08,163.87,1.11
T9,1001.794,157.42,28.27,158.15,159.38,164.04,1.04,148.15,0.97,172.19,27.73,158.62,160.15,169.92,1.0,156.57,1.1
T9,1004.109,172.88,27.52,170.12,163.12,161.46,1.02,148.15,1.05,163.13,25.94,154.03,151.22,160.39,0.96,158.02,1.07
T6,1009.281,170.04,26.1,154.81,147.94,156.41,1.09,144.52,1.12,154.27,27.93,145.92,160.22,164.98,1.07,158.06,1.09
T6,1011.327,172.16,26.75,160.18,158.41,141.87,1.01,158.12,0.96,156.44,25.52,148.01,144.48,145.61,1.1,144.4,1.01
T10,1012.157,154.63,26.69,154.76,160.98,162.24,1.0,149.36,0.96,164.52,26.76,141.01,149.6,152.44,0.96,146.19,1.11
T10,1019.799,162.76,25.33,152.3,160.24,165.09,1.0,163.53,1.1,144.24,25.87,142.98,152.95,162.59,1.01,155.41,1.02
T10,1020.056,147.85,27.86,141.01,150.87,148.05,1.07,152.36,1.09,165.48,25.16,149.17,151.08,156.36,0.99,148.68,1.11
T4,1021.649,169.19,24.94,160.05,165.55,138.67,0.98,160.24,1.01,153.2,24.63,172.6,153.0,158.97,1.1,156.06,0.97
T4,1033.826,151.61,24.66,159.68,153.88,138.96,0.98,153.68,0.98,146.54,26.79,151.42,156.73,139.94,1.12,162.4,1.11
T6,1046.675,172.5,26.37,168.66,166.2,159.01,0.93,163.31,1.08,168.64,28.64,159.61,147.66,142.81,1.01,143.86,1.11
T6,1048.142,152.54,26.32,144.57,163.37,162.84,1.03,166.3,1.12,151.63,28.06,151.12,156.8,143.87,0.94,157.46,1.01
T10,1060.691,147.75,27.73,147.25,165.66,145.85,0.98,157.59,1.02,163.62,27.99,145.52,148.48,155.94,1.01,171.42,1.09
T3,1060.814,168.84,26.24,160.12,152.44,160.05,1.03,164.9,1.15,163.88,28.44,161.55,156.07,149.56,1.05,149.5,0.98
T10,1061.115,146.87,23.94,154.05,163.36,151.76,1.08,167.29,1.02,156.75,25.22,140.65,163.08,163.25,0.96,155.64,0.98
T3,1061.795,153.21,24.2,161.1,144.01,166.91,1.03,164.29,0.99,155.19,27.14,170.56,168.31,167.11,1.14,166.89,0.98
T10,1063.224,165.24,27.52,159.54,165.95,167.0,0.96,161.59,1.11,157.51,24.6,139.35,166.21,163.91,1.06,154.88,1.07
T3,1087.113,171.16,27.63,148.36,158.94,154.93,1.05,162.57,0.99,154.29,24.45,160.68,161.65,150.02,1.04,152.09,1.11
T3,1087.47,171.92,27.02,149.75,166.29,167.28,1.14,169.78,1.03,151.14,26.32,169.02,161.49,169.52,1.02,148.69,1.0
T3,1088.842,153.81,26.48,161.35,157.66,166.8,1.11,152.43,1.02,149.51,27.9,165.28,164.78,147.29,1.1,145.94,1.04
T6,1105.961,175.62,26.02,161.49,147.6,157.02,1.08,145.92,1.14,177.29,25.71,152.97,143.26,158.07,1.07,165.67,1.06
T6,1106.056,164.95,28.66,155.56,151.28,159.62,1.05,147.31,1.1,151.92,25.19,160.29,164.93,161.95,0.96,168.61,1.06
T3,1110.169,150.38,24.28,168.86,169.42,169.12,1.02,148.34,1.15,166.72,26.86,153.07,163.1,144.09,1.1,152.2,1.02
T6,1116.711,166.55,26.26,167.74,160.45,140.64,0.99,152.57,1.03,173.8,28.32,162.34,168.14,153.27,1.01,143.79,1.07
T6,1116.789,150.55,27.82,145.97,150.74,145.17,1.03,160.03,1.1,161.12,26.72,165.89,167.9,152.03,1.05,156.05,1.11
T6,1126.203,173.23,28.18,161.01,163.45,156.51,0.97,170.32,1.03,155.65,24.74,165.62,158.38,159.49,0.95,150.76,1.13
T3,1127.652,149.51,26.59,156.4,158.26,150.08,1.14,155.23,1.02,172.5,25.4,159.65,160.73,167.95,1.12,151.9,1.07
T3,1134.196,162.89,25.6,169.63,160.79,153.68,1.0,147.58,1.04,160.0,26.8,147.63,162.5,148.95,1.14,162.88,1.04
T3,1136.217,159.08,25.85,155.14,149.71,146.04,1.17,153.29,1.07,166.21,25.46,170.13,149.6,148.73,1.0,170.17,1.06
T3,1147.367,151.35,24.91,150.42,166.17,163.82,1.02,147.46,1.06,150.23,24.88,151.1,147.68,160.73,1.02,158.06,1.09
