task_type,arrival_time,est_m1,est_m2,est_m3,est_m4,est_m5,est_m6,est_m7,est_m8,ext_m1-1,ext_m2-1,ext_m3-1,ext_m4-1,ext_m5-1,ext_m6-1,ext_m7-1,ext_m8-1
T4,0.094,4.99,10.58,1.03,5.62,108.48,11.05,104.54,108.08,5.72,11.31,1.0,5.69,116.02,10.4,103.21,100.21
T4,0.176,5.68,10.18,1.05,5.22,110.72,11.08,100.63,102.45,5.18,11.37,1.05,5.18,110.57,10.22,106.37,114.39
T6,0.366,5.59,10.74,1.0,5.11,111.08,10.86,98.99,103.34,5.26,10.79,1.1,5.32,102.88,11.1,114.62,105.52
T8,0.369,5.44,10.61,1.08,5.35,112.06,10.36,107.41,102.47,5.61,11.32,1.08,5.6,98.0,10.46,95.83,101.93
T1,0.393,4.76,9.44,1.1,4.92,99.99,10.3,103.61,108.06,5.26,9.25,1.12,5.12,100.02,10.41,111.23,93.58
T10,0.468,5.03,10.19,1.06,5.51,96.34,9.85,111.57,101.24,5.14,10.57,0.99,5.66,101.26,9.36,108.35,109.01
T8,0.471,5.93,11.48,1.12,5.66,111.92,10.86,104.62,101.42,5.57,11.07,1.03,4.85,99.6,11.23,97.56,98.39
T7,0.538,4.93,11.4,0.97,4.82,101.77,10.83,100.2,103.35,5.55,10.22,1.11,4.78,110.84,10.47,109.3,110.17
T7,0.543,4.99,11.05,1.12,5.34,111.54,11.61,103.2,96.38,4.88,10.22,1.04,5.27,104.13,11.28,108.66,106.36
T3,0.552,5.88,11.55,1.13,5.84,104.99,9.41,112.58,102.1,5.17,11.53,1.0,5.44,106.63,9.81,106.4,99.6
T6,0.674,5.15,11.01,1.15,4.97,103.99,10.82,109.62,99.23,5.28,9.71,1.1,5.11,108.2,9.92,106.0,102.94
T5,0.867,5.53,10.65,1.03,4.92,95.17,10.97,118.14,106.05,5.77,11.33,1.04,4.87,93.89,11.75,104.59,104.29
T6,0.892,5.59,10.46,1.14,4.98,113.27,11.45,112.66,103.39,5.66,11.18,1.1,5.14,100.08,10.1,102.26,115.13
T5,0.919,5.24,10.1,1.11,5.02,94.43,10.76,114.84,97.76,5.18,10.62,1.09,5.55,105.6,11.85,111.31,96.14
T5,0.943,5.91,10.3,1.08,4.88,92.88,11.89,103.73,99.84,5.31,11.26,1.17,5.55,92.44,11.44,114.82,103.8
T7,1.143,5.64,10.0,0.96,4.8,110.03,10.81,98.46,97.91,5.22,11.08,0.96,5.43,115.73,11.0,114.98,113.76
T2,1.365,5.02,9.64,1.05,5.22,111.89,9.82,109.94,103.84,4.8,10.78,1.04,4.9,116.14,11.14,106.47,107.65
T7,1.433,5.05,10.25,1.05,5.13,106.37,10.46,108.17,96.24,5.32,9.97,1.06,4.64,116.29,10.59,114.95,112.33
T6,1.455,5.02,10.8,1.03,5.34,102.09,10.22,110.97,115.5,5.36,10.66,1.06,4.67,105.63,11.52,99.66,100.36
T6,1.478,5.53,10.69,1.1,5.38,104.3,11.1,100.28,98.98,5.19,10.78,1.06,5.17,112.28,10.26,99.5,113.6
T3,1.552,5.22,10.29,1.1,5.44,108.93,10.03,101.6,104.96,5.24,11.17,1.09,5.18,103.36,10.66,106.04,101.15
T1,1.652,4.71,9.77,0.99,5.0,100.85,10.36,104.3,101.76,4.92,10.98,0.97,5.01,105.68,11.35,111.14,104.17
T6,1.696,5.72,9.71,1.16,5.47,97.51,10.06,105.81,111.66,5.73,9.51,1.0,5.2,110.89,11.2,103.4,109.04
T1,1.846,4.89,10.0,1.0,4.59,99.82,10.85,104.52,98.12,5.04,9.37,1.12,5.28,107.1,10.86,98.15,93.17
T4,1.881,5.07,11.04,1.04,5.37,102.39,11.05,100.91,118.04,5.25,10.97,1.1,5.07,115.8,10.31,105.16,100.53
T1,1.948,4.97,10.53,1.01,4.91,108.02,11.52,106.87,103.39,5.04,10.72,1.13,5.33,100.65,10.12,96.82,96.68
T8,2.038,5.78,10.42,1.08,4.84,104.37,11.42,95.5,99.02,5.29,11.29,1.1,5.3,108.46,10.06,108.05,104.46
T3,2.092,5.14,9.93,1.1,5.66,106.26,9.94,113.04,113.45,5.13,10.42,1.04,4.96,104.57,10.71,113.23,101.06
T6,2.131,5.32,11.07,1.1,4.87,107.73,10.66,112.78,104.57,5.18,10.19,1.16,4.84,108.03,10.86,114.15,108.38
T10,2.192,4.95,10.74,0.97,5.19,92.7,9.96,115.56,108.53,4.75,10.11,1.08,5.53,105.76,9.46,115.46,101.03
T5,2.351,5.34,11.15,1.07,5.56,108.48,10.33,102.95,107.13,5.64,10.5,1.14,5.53,105.14,10.81,114.81,107.47
T4,2.367,5.27,11.2,1.01,5.7,106.05,10.19,108.02,102.03,5.38,10.05,1.15,5.83,111.55,10.28,110.79,108.61
T6,2.384,5.04,10.23,1.03,4.9,112.55,11.18,103.13,102.84,5.22,9.78,1.08,5.51,103.12,10.13,100.25,107.77
T1,2.395,5.05,10.12,1.08,4.64,108.53,11.14,106.16,99.28,5.24,9.74,0.99,5.15,108.18,10.73,102.1,103.39
T2,2.553,5.04,10.39,1.11,5.59,111.81,11.08,102.01,96.04,4.79,9.52,1.09,5.3,116.23,11.52,100.92,98.64
T3,2.607,5.23,11.54,1.02,5.68,96.36,10.71,114.27,98.27,5.37,9.83,1.07,5.54,100.01,11.1,104.03,102.77
T9,2.638,5.0,10.17,1.19,5.29,95.3,10.04,109.68,101.63,5.28,9.82,1.16,5.64,109.34,10.8,111.88,95.74
T4,2.652,5.51,10.79,1.11,5.51,113.65,9.61,105.92,106.88,5.11,9.73,1.11,5.09,114.62,10.96,112.04,116.08
T4,2.81,5.85,11.49,1.04,5.1,108.99,9.33,104.55,103.58,5.58,9.94,1.15,5.33,110.48,10.3,116.04,116.69
T1,2.938,5.28,10.9,0.99,4.99,103.04,11.6,111.0,102.25,5.33,10.26,1.11,5.3,109.08,9.83,104.13,100.6
T3,3.029,5.22,9.93,0.98,5.71,101.77,10.79,114.13,105.11,5.29,10.52,0.98,5.0,101.56,9.8,117.32,104.46
T10,3.029,4.81,9.42,1.13,5.25,101.6,9.28,117.47,109.72,5.16,9.29,0.98,5.33,98.77,10.04,101.58,109.16
T2,3.089,4.88,10.4,0.99,5.1,115.24,10.49,103.48,104.28,5.28,11.04,1.03,5.29,99.91,9.99,115.6,105.3
T3,3.304,5.71,10.41,1.12,5.09,109.83,10.27,98.82,105.16,5.18,10.84,1.0,5.53,104.74,9.77,114.92,105.2
T1,3.308,5.13,9.91,1.04,5.09,98.58,10.19,110.04,103.7,4.77,9.46,1.08,4.79,98.03,10.77,96.88,96.29
T6,3.335,5.8,10.36,1.1,4.84,107.0,11.25,112.66,102.8,5.45,10.38,1.01,5.24,102.08,9.94,112.51,106.48
T1,3.418,4.66,10.12,1.15,5.06,108.53,11.01,102.51,98.12,5.23,10.82,1.03,4.91,98.0,11.28,111.51,93.0
T5,3.421,5.44,11.04,1.07,5.1,102.3,10.48,106.42,99.91,5.94,10.23,1.18,4.87,103.43,11.29,110.6,105.65
T4,3.557,5.8,10.4,1.0,5.28,102.74,10.83,112.69,107.6,5.26,9.98,1.01,5.55,99.68,10.35,106.46,104.4
T2,3.591,4.9,11.22,0.97,4.96,99.11,10.59,109.06,96.13,4.94,10.35,1.08,5.19,101.81,10.9,103.0,107.76
T1,3.595,4.86,9.78,1.03,4.88,96.33,11.11,100.09,92.17,5.27,9.58,1.08,5.28,111.79,9.87,110.72,101.64
T2,3.616,5.18,10.06,1.03,5.07,107.08,10.0,115.9,109.29,5.41,10.45,1.01,5.01,115.62,10.54,119.29,110.44
T2,3.77,4.8,10.4,1.02,4.85,116.5,9.82,113.04,96.47,4.96,10.52,0.97,5.19,109.56,10.99,103.93,98.76
T5,3.781,5.31,11.48,1.17,4.92,94.27,10.57,115.93,97.09,5.71,10.11,1.02,5.37,99.84,11.84,114.45,101.26
T1,3.863,5.05,10.4,1.1,5.15,102.01,11.07,102.97,99.3,5.19,10.76,1.05,4.9,95.06,9.95,108.4,94.25
T2,3.888,5.06,9.98,0.96,5.08,111.22,11.07,102.75,107.74,4.99,10.81,1.03,5.11,111.15,10.91,106.6,97.09
T3,4.009,5.18,10.63,1.08,5.37,105.88,10.54,114.64,107.87,5.53,11.44,1.1,5.84,106.53,9.97,105.3,99.34
T5,4.009,5.38,11.22,1.06,5.58,96.79,10.9,116.93,109.15,5.51,10.07,1.18,5.04,107.19,11.54,108.62,106.94
T1,4.015,4.76,9.97,1.1,5.42,103.46,11.46,109.44,106.22,4.7,9.66,0.99,5.36,112.69,10.33,105.4,106.7
T3,4.126,5.52,11.63,1.09,5.06,104.21,9.68,98.83,107.42,5.42,11.12,0.97,5.42,109.95,10.08,116.78,115.64
T6,4.203,5.7,9.52,1.16,4.85,100.21,11.16,106.91,102.04,5.5,10.82,1.11,5.36,98.35,11.06,103.32,112.42
T3,4.208,5.42,9.92,1.07,5.36,98.19,9.69,101.01,105.87,5.88,10.28,1.03,5.89,108.12,10.73,107.01,110.32
T2,4.225,5.28,9.77,1.1,5.33,103.85,10.91,105.19,106.88,5.23,10.5,1.0,5.49,115.36,10.3,117.95,105.24
T4,4.563,5.58,11.12,1.11,5.14,100.07,9.87,105.79,100.69,5.59,10.21,1.05,5.22,114.68,9.52,107.15,104.07
T10,4.655,5.44,10.44,1.13,5.61,103.56,9.34,105.77,101.74,5.45,10.86,1.1,5.09,94.17,10.7,111.43,100.17
T7,4.676,4.91,10.42,1.0,5.24,100.6,11.54,109.02,96.89,4.86,10.44,1.1,5.1,114.61,11.2,108.08,108.16
T7,4.794,5.66,10.72,1.06,5.44,105.5,11.21,101.88,103.35,5.16,11.28,1.09,4.62,107.72,10.5,110.84,97.31
T2,4.824,5.23,11.3,1.13,5.01,104.3,10.18,118.99,111.83,4.8,9.87,1.0,5.6,100.61,10.95,101.84,96.25
T7,4.824,5.66,10.24,1.02,5.11,100.64,10.42,109.66,98.11,5.53,10.18,0.98,4.76,100.06,10.28,107.47,112.22
T5,4.842,5.22,9.92,1.03,5.23,102.58,11.52,116.3,99.3,5.17,11.09,1.18,4.94,105.44,10.95,113.05,93.55
T2,4.87,4.84,10.67,1.05,5.41,103.62,11.28,113.49,99.16,4.99,10.92,1.07,5.44,99.54,10.37,118.18,103.59
T7,4.877,5.12,10.47,1.05,4.72,114.42,9.95,107.84,110.92,5.17,10.55,1.02,4.94,112.05,10.46,99.08,98.37
T9,4.878,5.0,10.9,1.12,5.66,99.49,9.89,112.45,100.52,5.52,11.37,1.15,5.33,97.39,10.04,107.82,98.88
T8,5.053,5.43,9.86,0.99,5.15,109.54,11.35,97.74,98.1,5.93,10.68,0.99,5.68,95.44,10.84,96.09,94.76
T2,5.066,5.19,10.93,1.0,4.92,103.22,10.65,101.46,99.86,5.01,9.68,0.97,5.56,116.75,10.06,105.29,105.3
T9,5.133,4.69,11.32,1.07,5.29,108.22,11.17,105.32,100.46,5.4,9.83,1.05,4.83,103.54,10.87,111.13,105.6
T4,5.193,5.56,11.49,1.01,5.74,113.65,9.59,112.13,106.85,5.55,10.72,1.11,5.56,114.75,10.54,102.14,108.96
T3,5.511,5.82,9.98,1.12,5.2,109.0,10.78,101.32,115.49,5.14,10.65,1.15,5.39,109.53,9.83,114.81,107.21
T8,5.576,5.4,10.78,1.01,4.93,96.32,10.69,92.87,110.88,5.73,11.14,1.02,5.22,111.62,9.91,98.6,106.18
T3,5.703,5.31,10.76,1.04,5.53,97.21,10.03,100.98,102.33,5.43,10.09,1.0,5.15,99.28,10.08,100.7,102.24
T2,5.735,5.1,10.25,1.03,5.17,116.75,10.42,104.35,111.63,5.24,10.51,1.12,5.55,112.66,11.32,105.97,109.08
T4,5.747,4.96,10.13,1.15,5.35,110.66,10.22,113.91,112.94,4.96,11.1,0.99,5.4,104.25,9.48,104.39,106.88
T3,5.829,5.55,10.58,1.12,5.77,94.25,9.93,102.99,100.58,5.35,11.5,0.99,5.35,109.54,9.43,111.07,110.74
T10,5.906,5.4,9.76,1.05,5.21,107.12,10.22,107.69,97.38,4.67,10.28,0.98,5.17,92.6,9.64,118.68,110.84
T5,5.935,5.1,11.1,1.05,4.9,103.97,10.7,107.6,93.9,5.94,11.26,1.04,5.61,103.37,11.43,106.62,94.85
T10,5.955,5.08,10.7,1.1,5.05,109.25,9.94,108.24,103.8,5.12,9.54,1.05,5.27,103.86,10.43,109.11,108.77
T3,6.093,5.47,10.06,1.08,5.56,99.53,10.47,102.92,99.4,5.32,11.26,1.07,5.79,96.75,10.25,99.29,108.16
T6,6.124,5.26,10.76,1.11,5.02,113.48,10.24,111.79,103.14,5.59,10.9,1.17,5.22,107.15,11.05,106.65,97.93
T6,6.166,5.72,11.24,1.08,5.16,100.91,10.5,99.13,110.96,5.79,11.07,1.06,5.34,110.24,11.04,103.73,114.2
T10,6.333,4.95,9.57,1.13,5.27,106.29,10.47,103.19,108.16,4.72,10.81,1.11,5.8,102.21,9.48,113.45,95.32
T10,6.362,5.29,10.76,0.99,5.65,100.04,9.26,105.06,103.26,4.96,10.89,1.04,5.34,109.38,10.41,118.17,98.98
T2,6.493,5.48,10.34,1.02,5.59,112.53,10.84,110.3,96.66,5.41,10.1,0.97,5.3,113.8,11.47,112.5,109.23
T6,6.836,5.32,11.17,1.17,5.22,110.3,11.44,113.9,101.62,5.64,11.12,1.0,5.19,98.79,9.92,100.25,103.35
T2,6.908,5.04,10.65,1.0,5.02,113.08,9.94,118.29,99.21,4.74,10.34,1.02,5.54,107.7,10.92,108.73,97.45
T8,7.039,5.07,11.26,0.97,5.07,95.15,10.42,105.56,104.97,5.66,11.01,1.1,5.5,107.84,10.07,105.05,94.47
T7,7.108,5.57,10.17,1.02,5.19,110.43,10.7,107.6,102.58,5.19,9.82,0.96,4.91,117.2,10.01,109.1,104.82
T1,7.129,5.14,9.86,1.05,5.42,98.06,11.37,108.61,105.44,5.14,9.31,1.05,4.99,95.73,11.16,112.54,94.68
T4,7.236,5.1,11.48,1.03,5.26,104.11,10.01,106.36,114.35,5.29,11.06,1.12,5.05,116.8,10.38,108.28,117.43
T8,7.289,5.86,10.34,1.12,5.35,102.94,11.57,95.86,95.53,5.48,11.48,1.05,5.13,99.58,10.84,104.16,95.21
T2,7.373,5.27,11.1,1.14,5.24,103.22,11.44,115.35,102.14,4.92,11.03,1.04,4.82,103.78,10.66,102.16,101.22
T8,7.815,5.04,9.79,1.05,5.7,95.46,11.22,97.85,102.42,5.96,10.35,1.11,5.61,106.2,10.3,92.03,105.68
T8,7.883,5.41,10.84,1.03,5.01,101.71,10.02,92.05,109.63,5.59,11.3,1.06,5.37,103.66,11.22,92.92,109.62
T10,7.916,4.97,9.5,0.97,5.61,104.55,10.0,112.43,100.98,5.28,9.8,0.98,5.79,105.18,10.82,109.0,99.7
T5,7.983,5.52,11.6,1.07,5.4,107.92,10.64,111.18,102.64,5.46,9.92,1.03,5.21,105.63,11.55,102.56,100.04
T5,8.196,5.54,9.86,1.12,5.18,104.0,11.54,114.31,109.21,5.34,10.9,1.03,5.2,106.39,10.16,106.07,104.5
T3,8.232,5.04,11.46,0.98,5.3,99.53,10.26,116.04,100.72,5.72,10.92,1.04,5.55,108.73,9.63,106.92,103.82
T1,8.265,5.04,9.93,1.1,4.7,104.62,9.89,106.61,107.24,5.48,10.66,1.08,4.79,110.41,10.21,102.36,94.9
T3,8.282,5.28,11.59,1.01,5.51,106.83,9.88,106.69,113.27,5.91,10.85,1.13,5.72,98.42,10.92,113.99,101.98
T7,8.438,5.73,9.86,1.06,5.14,106.37,9.89,108.65,102.61,5.25,9.71,0.96,5.28,105.59,11.51,113.72,111.03
T7,8.658,4.96,11.32,1.12,5.15,112.53,9.96,114.66,101.39,5.47,11.08,1.06,5.25,111.12,11.05,109.67,100.04
T10,8.769,5.15,9.18,1.06,5.04,109.16,9.26,111.74,111.74,4.92,10.6,0.99,5.0,107.23,10.23,111.77,96.02
T4,8.783,5.76,10.72,0.98,5.31,102.08,10.96,99.05,99.86,5.4,10.11,1.13,5.65,117.06,10.53,106.49,110.62
T10,9.134,4.94,10.63,1.12,5.44,101.06,9.67,118.31,110.84,5.28,9.97,1.0,5.52,99.18,10.3,117.0,109.73
T1,9.173,5.0,10.48,1.07,4.92,109.02,11.07,113.24,108.63,4.96,10.78,1.03,4.89,95.19,10.71,99.02,98.95
T1,9.332,5.31,9.78,1.02,5.31,110.21,9.95,98.7,106.44,5.02,10.89,1.14,4.83,98.71,10.21,98.46,98.12
T6,9.372,5.46,10.37,1.16,5.39,108.35,10.46,113.76,102.06,5.4,10.19,1.08,5.0,107.2,11.23,113.85,102.12
T1,9.402,5.14,10.56,1.0,4.63,111.05,11.25,96.83,91.75,5.51,9.74,1.02,4.85,106.58,10.09,108.28,103.61
T8,9.43,5.45,9.91,1.14,4.82,111.58,11.57,98.18,100.53,5.48,10.01,1.07,4.91,111.83,9.94,93.37,99.04
T6,9.488,5.11,10.99,1.0,5.12,97.12,10.66,111.56,99.05,5.74,10.04,1.12,5.48,102.53,9.89,112.85,105.96
T4,9.676,5.75,10.17,1.02,5.76,110.57,9.74,101.82,117.67,5.3,11.06,1.1,5.16,106.3,11.02,116.96,110.96
T8,9.704,5.54,10.75,1.03,5.57,111.2,10.15,93.82,99.89,5.69,11.47,1.03,5.15,99.29,10.43,99.37,96.86
T10,9.73,4.99,10.91,1.08,5.8,92.21,10.07,114.98,109.54,5.2,10.7,0.98,4.92,104.47,10.22,112.01,108.1
T2,9.737,5.14,10.8,1.12,5.54,108.02,10.11,117.03,104.21,5.1,10.47,0.99,5.38,111.17,11.31,105.99,110.67
T7,9.758,5.47,10.68,1.06,4.73,101.89,10.92,112.96,104.05,5.01,11.01,1.11,4.9,100.55,11.04,104.53,104.03
T2,9.774,5.29,10.35,1.12,5.18,102.84,10.78,116.54,107.24,4.94,10.15,1.12,5.24,99.15,11.45,118.02,95.05
T5,9.778,5.92,11.04,1.05,5.32,101.65,11.2,105.23,103.0,5.8,11.58,1.07,5.19,102.84,10.57,112.93,98.81
T8,9.811,5.23,11.46,1.12,4.88,98.88,10.32,96.43,99.09,5.72,10.32,1.1,5.49,96.02,10.22,92.8,98.27
T8,9.854,5.83,11.4,1.14,5.49,104.07,11.41,94.59,98.92,5.03,10.47,1.14,5.69,100.56,10.37,100.49,97.57
T3,9.927,5.32,11.42,1.1,5.38,99.18,9.67,100.2,107.08,4.99,9.84,1.06,5.33,108.68,10.77,112.77,108.55
T2,10.01,4.78,10.52,1.03,5.07,104.3,10.04,102.64,95.07,4.95,10.34,1.02,4.9,108.04,10.24,109.05,99.44
T6,10.017,5.57,10.83,1.13,5.37,102.52,11.37,99.21,102.52,5.1,9.77,1.17,4.92,115.05,11.42,111.24,105.62
T5,10.113,5.8,11.53,1.05,4.83,102.58,11.57,102.03,99.59,5.44,10.94,1.01,4.84,105.18,10.05,116.93,101.05
T3,10.141,5.66,10.53,0.98,5.57,101.71,10.94,115.05,106.85,5.88,10.3,1.14,5.59,104.33,9.86,108.26,106.47
T10,10.153,4.94,10.44,1.13,5.18,99.66,10.19,115.94,100.17,4.88,10.05,1.06,5.16,102.34,10.38,119.28,101.85
T2,10.154,5.19,10.5,1.02,5.13,105.2,9.94,101.03,98.96,5.42,11.3,1.06,5.08,101.53,10.86,110.83,98.32
T3,10.162,5.79,11.0,1.12,5.28,107.26,10.89,112.89,112.72,5.58,10.23,1.03,5.22,109.53,9.68,100.58,104.27
T8,10.301,5.4,9.98,0.97,4.85,94.29,10.66,107.59,99.3,5.18,10.27,1.04,5.2,106.41,10.21,96.65,108.16
T1,10.551,5.04,10.18,1.07,4.83,110.77,11.61,100.83,102.23,5.27,10.41,1.14,4.6,105.04,11.53,102.77,108.12
T3,10.614,5.01,11.07,1.11,5.02,99.22,9.43,115.35,115.45,5.64,11.42,1.02,5.03,100.61,9.91,115.9,103.99
T8,10.635,5.87,9.92,1.09,5.0,108.08,10.08,92.81,97.12,5.09,10.1,1.08,5.23,94.86,9.86,93.76,109.86
T7,10.636,5.1,11.5,1.02,5.12,108.9,9.86,99.38,110.75,5.27,10.21,1.1,5.43,105.1,10.88,107.29,103.7
T5,10.648,5.87,9.93,1.14,4.82,95.76,10.48,117.89,103.0,5.58,10.18,1.17,4.9,95.18,10.96,102.4,101.34
T6,10.652,5.62,9.89,1.1,5.17,97.6,10.01,104.76,110.96,5.35,10.32,1.18,5.09,98.86,10.52,110.89,99.91
T6,10.788,5.24,9.52,1.11,4.99,98.15,9.92,98.83,114.85,5.2,9.51,1.16,4.99,98.39,11.67,109.73,97.8
T4,10.852,5.9,10.79,1.05,5.7,112.03,10.96,114.13,101.92,5.73,10.98,1.05,5.51,101.14,10.15,113.46,107.7
T10,10.945,5.31,9.48,1.14,5.79,106.44,10.78,114.57,106.17,4.74,10.24,1.12,5.35,107.55,9.67,101.82,106.45
T9,11.032,5.34,10.88,1.07,5.03,99.32,11.17,113.59,106.74,4.72,10.25,1.02,5.4,104.12,10.36,103.19,104.95
T1,11.315,4.82,9.26,1.06,4.97,112.69,9.83,103.12,102.9,4.87,10.58,1.13,5.42,98.49,11.08,103.05,106.43
T3,11.376,5.42,11.3,1.05,5.74,101.77,10.34,112.98,100.96,5.79,10.19,1.0,5.4,110.12,10.7,107.71,102.54
T8,11.631,5.72,10.52,1.1,5.27,100.15,11.25,108.37,102.4,5.95,9.98,0.99,4.9,106.83,11.46,107.6,103.76
T5,11.651,5.22,10.11,1.16,5.11,103.12,10.4,103.48,92.75,5.65,10.35,1.17,5.64,105.07,11.23,102.56,102.6
T9,12.147,4.88,9.7,1.19,5.57,96.77,10.8,106.28,94.75,5.38,11.12,1.07,4.96,93.25,11.56,111.47,104.85
T8,12.149,5.87,11.48,0.97,5.31,105.79,10.43,108.1,103.55,5.42,10.56,1.01,4.81,105.95,10.83,103.66,95.43
T2,12.188,5.41,11.16,1.07,4.96,109.83,10.13,119.14,101.62,5.38,9.82,0.96,5.55,108.09,10.1,102.42,98.96
T2,12.274,5.29,10.87,0.97,5.19,114.13,10.59,111.37,109.64,4.81,10.2,1.0,4.96,106.46,10.2,103.83,101.6
T4,12.311,5.61,11.12,1.02,5.25,117.93,9.45,99.64,105.93,5.55,11.23,1.05,5.04,106.83,10.51,99.29,110.96
T3,12.543,5.34,10.54,1.07,5.56,101.78,9.77,115.81,112.36,5.9,11.33,1.13,5.54,102.68,9.4,109.66,114.34
T2,12.626,4.92,10.76,1.01,4.98,114.29,10.59,119.14,99.69,4.93,10.67,1.09,4.9,114.18,10.39,117.22,104.68
T8,12.737,5.05,11.34,1.11,5.44,94.3,11.36,100.14,99.77,5.58,11.32,1.05,4.97,104.26,11.28,107.59,107.32
T5,12.782,5.1,11.46,1.0,5.5,95.11,10.56,102.17,93.37,5.76,11.49,1.01,5.08,94.73,11.28,104.36,99.78
T4,12.807,5.86,10.13,1.02,5.52,105.63,10.71,114.42,104.87,5.07,9.95,1.0,5.54,110.58,10.58,107.24,110.17
T3,13.109,5.03,10.94,1.06,5.22,102.59,10.01,112.29,105.45,5.59,10.36,1.11,4.97,107.66,9.59,105.16,103.67
T1,13.195,4.92,9.81,1.06,5.29,104.91,11.28,106.39,96.94,5.21,10.25,0.97,5.03,105.56,10.58,97.59,108.67
T9,13.301,4.88,10.86,1.04,5.15,100.52,10.68,110.12,99.23,4.84,11.12,1.18,5.58,102.55,11.02,102.03,95.55
T7,13.325,5.43,11.33,0.96,4.87,110.11,10.4,111.5,103.72,5.08,10.11,1.08,5.1,99.94,9.93,99.63,101.5
T10,13.335,5.31,10.06,1.05,5.52,95.04,10.47,113.15,110.11,4.91,9.85,1.11,5.46,92.57,9.23,116.18,97.03
T7,13.338,5.4,10.4,1.07,5.37,112.75,10.17,98.56,111.8,5.15,11.46,1.0,5.41,99.6,10.36,110.16,108.35
T4,13.389,5.15,10.91,0.98,5.04,102.74,9.84,110.66,103.43,5.27,10.04,1.13,5.37,103.81,9.99,110.4,117.83
T8,13.391,5.49,11.1,0.99,4.8,105.26,11.25,97.41,106.23,5.88,10.86,1.01,4.86,101.75,11.48,98.87,98.23
T5,13.561,5.07,10.39,1.03,5.56,102.91,11.54,100.7,98.87,5.1,11.18,1.1,5.49,107.24,11.54,100.48,102.34
T2,13.74,5.46,10.25,0.99,5.6,116.27,10.65,102.32,94.58,5.59,10.12,1.08,4.86,108.66,10.65,104.47,107.91
T8,13.783,5.07,11.43,1.06,5.0,108.52,11.24,92.73,94.81,5.95,10.65,0.97,5.09,106.78,9.91,102.19,104.08
T3,13.816,5.11,10.82,1.03,5.01,105.12,9.62,106.16,116.14,5.26,10.07,1.0,5.78,100.71,10.97,117.16,108.96
T10,13.84,5.25,9.74,1.08,5.11,105.54,9.41,107.73,95.34,5.06,9.78,1.06,5.39,95.02,10.66,103.73,100.23
T10,14.039,5.17,10.6,0.97,5.22,93.16,9.94,102.61,97.78,5.46,10.49,1.04,5.78,95.34,9.81,105.67,102.44
T10,14.079,4.84,10.48,1.12,5.29,104.23,10.06,118.85,95.03,5.2,10.81,1.12,5.81,95.58,10.31,104.77,99.44
T4,14.129,5.74,11.48,1.02,5.42,115.48,10.94,110.66,117.09,5.44,10.03,1.0,5.07,100.36,10.36,113.7,114.73
T8,14.324,5.87,11.04,1.02,4.95,111.71,10.41,94.5,100.53,5.34,11.02,1.09,5.25,100.46,10.74,96.09,107.24
T2,14.469,5.52,10.04,1.03,4.94,107.42,9.88,119.1,94.92,5.48,10.28,1.11,4.98,104.99,10.9,111.65,106.38
T9,14.746,5.41,11.16,1.06,5.05,108.32,10.5,101.86,107.21,4.9,10.12,1.18,5.42,97.96,10.12,102.45,95.03
T1,14.758,5.43,9.43,1.04,5.02,105.88,10.06,100.95,91.57,4.89,9.94,1.08,5.29,97.9,11.18,110.05,103.91
T8,14.765,5.92,10.16,1.11,5.46,96.71,10.98,94.52,100.52,5.15,10.5,1.11,5.27,105.93,10.94,91.62,105.99
T6,14.826,5.33,11.18,1.02,5.4,106.21,11.15,112.46,105.59,5.51,9.66,1.0,4.85,99.24,11.44,112.93,107.45
T6,14.846,5.31,10.69,1.09,4.98,104.96,10.12,98.2,102.58,5.22,10.03,1.01,4.83,112.55,10.9,100.82,103.98
T9,15.183,5.03,10.66,1.03,5.7,109.88,10.34,117.16,107.58,4.78,10.24,1.09,5.14,97.08,10.88,113.65,101.88
T10,15.241,4.99,9.23,1.14,5.73,95.68,9.85,101.99,112.36,4.84,10.78,1.02,5.74,98.92,10.34,105.96,98.23
T8,15.68,5.22,9.88,1.08,4.87,95.31,10.85,101.03,95.92,5.35,11.49,1.02,5.13,102.33,10.5,95.18,96.07
T8,15.693,5.59,10.72,1.02,5.23,99.62,10.89,105.03,105.48,5.66,11.11,1.06,5.63,96.25,10.47,101.33,106.22
T8,15.943,5.08,10.92,0.98,5.34,106.2,9.8,94.78,107.63,5.1,11.47,1.08,5.58,102.44,11.03,98.84,100.84
T6,16.069,5.72,10.67,1.1,4.93,102.56,10.98,109.19,108.9,5.01,9.54,1.1,4.98,108.7,10.74,99.74,99.32
T4,16.121,5.4,10.23,1.06,5.62,101.35,9.87,113.66,109.95,5.62,10.78,1.05,5.59,104.02,9.78,110.41,113.18
T3,16.276,5.76,11.38,1.03,5.0,110.44,10.17,98.81,115.49,5.69,10.13,1.03,5.55,101.94,9.86,102.48,113.67
T9,16.367,5.06,9.81,1.18,5.23,101.08,11.41,113.17,101.76,5.2,10.56,1.19,5.48,99.92,11.49,106.66,97.35
T4,16.467,5.86,9.99,1.06,5.01,109.28,10.34,107.33,116.47,5.1,10.13,1.04,5.71,101.42,10.38,99.04,117.9
T1,16.575,5.17,9.25,1.12,5.43,103.25,9.88,97.34,94.06,5.05,10.57,0.98,4.64,99.48,10.61,100.42,92.51
T1,16.6,4.67,9.76,1.05,4.81,111.51,10.31,108.04,102.84,5.5,10.84,1.01,5.41,101.73,10.8,109.1,93.72
T1,16.643,5.08,10.61,1.03,4.95,109.04,10.13,98.89,106.08,5.29,10.36,0.98,4.83,111.18,10.54,100.01,92.48
T10,16.704,4.95,10.28,1.07,5.56,103.91,10.59,104.62,103.83,5.2,10.75,1.07,5.3,103.17,9.21,112.09,111.76
T2,16.905,4.75,10.82,1.07,5.12,111.15,10.68,103.5,94.14,5.28,10.94,0.96,4.84,101.36,10.12,117.54,95.02
T8,16.942,5.32,10.92,0.98,5.3,106.83,10.31,95.47,110.68,5.96,11.32,1.09,5.54,95.52,11.42,93.25,107.32
T5,17.007,5.76,11.44,1.01,4.82,96.91,10.52,115.04,107.51,5.88,11.13,1.11,5.26,103.76,11.51,102.01,96.99
T4,17.112,5.09,11.29,1.14,5.16,103.0,10.08,108.09,110.62,5.83,10.21,1.05,5.41,104.76,10.7,113.75,113.68
T5,17.237,5.52,11.43,1.16,5.17,104.88,11.54,109.47,102.96,5.67,10.62,1.13,5.65,92.73,11.42,116.86,93.41
T1,17.604,5.32,10.8,1.06,4.9,96.76,10.83,109.1,96.38,5.37,9.65,1.06,4.66,105.87,10.91,99.12,94.15
T5,17.966,5.65,10.94,1.16,5.56,100.73,11.0,106.79,97.85,5.37,10.95,1.16,4.85,95.48,11.64,112.0,98.61
T9,18.042,4.92,10.46,1.18,5.12,99.72,10.96,106.17,102.94,5.47,11.24,1.13,5.3,105.92,11.05,116.86,93.79
T10,18.188,4.91,10.58,1.1,5.15,95.02,10.47,106.21,106.53,4.74,9.4,1.01,5.75,102.68,10.24,110.67,109.31
T5,18.295,5.34,10.58,1.14,5.2,102.84,10.71,99.93,99.59,5.45,11.6,1.06,5.22,105.18,10.37,118.13,92.64
T1,18.305,5.0,10.89,0.97,5.18,97.58,10.6,102.62,100.6,5.19,9.6,1.02,4.59,101.74,11.33,109.2,97.1
T7,18.393,5.52,10.86,1.04,4.61,103.16,11.11,98.58,99.21,5.26,9.99,1.09,4.87,111.32,10.53,100.09,107.06
T3,18.675,5.47,10.65,1.14,5.18,93.01,9.37,107.67,111.38,5.7,11.21,1.03,5.37,100.78,10.99,107.35,102.02
T5,18.797,5.51,11.03,1.04,4.78,99.87,10.77,102.89,109.39,5.39,11.54,1.18,5.59,97.72,10.54,112.7,105.27
T2,18.836,5.39,11.1,1.03,5.32,110.67,10.64,107.04,106.86,4.91,9.73,1.06,4.9,111.22,9.87,101.84,97.07
T5,19.019,5.88,11.25,1.13,5.65,106.53,11.28,115.76,96.34,5.73,11.08,1.0,5.34,100.76,11.25,116.02,103.17
T10,19.072,4.66,9.71,1.12,5.47,108.08,10.43,103.97,99.92,4.61,9.19,1.0,5.72,104.96,9.25,118.62,111.59
T3,19.261,5.14,10.85,1.1,5.21,94.79,10.08,116.49,98.68,5.35,9.83,1.1,5.46,107.46,10.02,104.72,103.5
T3,19.388,5.59,10.42,0.99,5.88,103.44,10.73,111.79,101.86,5.16,10.72,1.01,5.46,108.21,9.68,99.58,114.89
T6,19.436,5.52,9.96,1.11,4.64,105.27,10.88,98.39,103.7,5.02,11.02,1.15,4.92,104.62,10.29,112.51,100.83
T9,19.505,5.25,11.03,1.09,4.84,107.33,11.58,103.92,105.94,5.48,9.63,1.02,4.87,103.96,10.13,113.09,92.6
T6,19.871,5.33,11.1,1.15,5.47,102.17,11.34,97.14,102.69,5.65,10.62,1.06,5.21,97.24,10.59,99.6,112.87
T1,20.014,5.21,10.82,1.15,5.05,98.03,11.36,113.38,99.97,5.1,10.89,1.02,5.45,95.3,11.43,99.79,99.31
T2,20.044,5.39,10.99,1.0,5.01,99.56,10.51,116.0,105.24,5.02,10.95,1.03,4.79,102.82,10.93,110.32,108.62
T5,20.285,5.82,11.34,1.15,5.15,103.49,10.58,108.85,93.41,5.22,11.38,1.01,5.51,94.12,10.02,110.07,107.11
T3,20.324,5.38,10.86,0.99,5.21,100.31,10.14,107.92,99.02,5.77,11.2,1.02,5.25,106.69,9.71,104.72,97.74
T2,20.326,4.92,10.48,0.98,5.51,111.04,10.17,104.9,104.8,4.94,10.76,1.01,4.76,113.51,10.34,113.86,103.09
T7,20.384,5.52,10.6,1.06,4.9,103.52,11.06,115.1,109.15,5.42,10.37,0.96,5.36,117.2,11.23,105.03,102.0
T3,20.44,5.11,10.38,1.08,5.62,103.78,10.59,107.65,101.31,5.73,10.27,1.1,5.77,109.95,10.92,107.32,104.11
T9,20.571,4.7,10.32,1.11,5.57,106.8,9.99,99.26,95.73,4.82,10.38,1.12,5.61,102.78,10.54,102.58,98.82
T4,20.618,5.64,10.65,1.04,5.76,112.6,9.96,106.38,103.49,5.52,10.34,1.04,5.17,102.49,9.59,102.1,103.83
T1,20.749,4.69,9.62,1.07,5.45,107.97,11.29,98.93,100.97,5.48,10.73,0.98,4.73,104.75,10.77,99.64,96.24
T6,20.802,4.92,10.3,1.0,5.0,103.2,10.83,108.5,114.87,5.62,10.41,1.09,5.35,106.19,11.43,98.68,100.9
T4,20.814,5.9,10.47,1.08,5.43,101.15,10.62,113.26,105.08,5.39,11.53,1.09,4.94,117.23,10.12,106.46,105.11
T3,20.983,5.79,10.02,0.98,5.14,101.12,11.04,117.24,100.39,5.68,10.22,1.07,5.39,105.03,9.81,109.52,115.38
T6,21.047,5.43,10.41,1.17,5.2,111.42,9.88,112.93,100.8,5.74,10.62,1.07,4.68,102.68,9.88,108.35,105.0
T2,21.291,4.93,10.82,1.03,5.34,105.66,10.12,106.02,108.4,5.29,10.84,1.08,5.28,104.81,10.89,115.41,107.95
T1,21.501,5.48,10.1,0.97,4.97,96.87,10.96,108.67,107.39,4.98,10.78,0.97,5.33,112.46,11.29,104.87,101.36
T2,21.624,4.86,9.82,1.09,5.33,106.67,10.15,109.79,107.12,5.56,10.33,1.07,4.91,114.29,11.14,105.68,108.05
T4,21.657,5.8,11.29,1.08,4.99,116.28,9.69,104.91,116.87,5.24,10.2,1.03,5.06,104.4,9.57,109.55,100.39
T3,21.762,5.75,10.85,1.03,5.24,109.09,9.79,101.29,100.38,5.19,9.89,1.04,5.08,103.89,9.39,112.91,102.04
T4,21.966,5.1,10.11,1.08,5.24,107.05,10.04,117.6,111.12,5.37,11.49,1.14,5.32,110.06,10.71,116.15,107.95
T2,22.171,5.57,10.48,1.04,4.95,99.84,11.33,111.71,102.38,5.41,11.28,1.03,4.85,111.6,11.41,105.27,106.98
T8,22.256,5.24,11.25,1.0,5.29,109.22,11.4,91.66,102.79,5.34,10.4,1.11,5.46,104.39,11.51,107.36,109.26
T3,22.277,5.84,11.38,1.06,5.83,105.37,10.62,104.54,108.87,5.53,10.75,0.99,5.38,97.12,9.67,109.9,106.3
T9,22.349,5.33,11.12,1.01,5.56,99.03,10.49,103.49,96.29,5.49,9.66,1.13,4.97,96.17,11.57,109.38,93.09
T7,22.448,5.53,10.84,1.11,4.96,116.7,11.41,98.58,99.53,5.68,11.42,1.05,5.42,110.52,11.62,115.93,112.1
T8,22.6,5.12,10.24,1.06,5.23,94.51,10.05,93.82,110.84,5.91,10.39,0.96,5.07,97.02,10.63,104.62,110.74
T2,22.638,5.24,11.06,0.97,5.41,99.91,9.86,118.62,98.33,5.39,10.28,1.14,4.85,114.16,10.45,117.89,95.64
T4,22.845,5.07,10.89,1.16,5.12,100.44,9.47,106.54,106.71,5.1,10.96,1.16,5.56,101.44,11.05,116.35,107.01
T9,22.92,4.89,10.34,1.05,5.26,94.72,11.28,112.74,101.28,4.92,11.24,1.04,5.05,103.41,10.7,115.73,97.41
T5,23.033,5.13,10.59,1.16,5.62,97.77,10.05,106.97,108.33,5.39,10.09,1.06,5.44,98.65,10.19,100.36,93.03
T4,23.15,5.9,10.6,1.0,5.47,112.41,10.49,102.07,101.96,5.08,10.78,1.09,5.08,111.85,9.63,117.69,108.66
T8,23.234,5.04,11.61,1.06,4.97,104.81,11.48,104.69,109.76,5.04,10.73,0.99,5.17,95.47,10.93,94.14,100.5
T3,23.527,5.3,11.15,1.11,5.25,93.25,10.5,106.46,110.84,5.33,10.7,1.11,5.03,102.84,10.48,106.36,114.16
T8,23.836,5.63,10.1,1.11,5.18,109.87,10.74,96.14,99.89,5.46,10.18,1.13,5.04,98.59,10.59,96.0,100.24
T5,23.843,5.53,11.08,1.16,5.42,96.01,10.88,111.71,99.92,5.7,10.4,1.12,5.43,103.3,10.7,107.84,100.8
T3,24.313,5.61,11.53,1.12,5.56,107.21,11.08,109.92,107.8,5.91,10.05,1.1,5.21,98.34,10.34,101.42,112.89
T3,24.337,5.84,10.68,1.07,5.24,108.46,10.65,104.29,100.09,5.63,10.04,1.13,5.83,106.7,10.67,102.97,112.87
T5,24.408,5.45,10.36,1.04,5.08,105.05,10.26,100.47,92.05,5.06,10.42,1.1,5.31,107.21,10.16,109.23,93.92
T4,24.69,5.8,10.56,1.0,5.3,111.79,10.23,117.43,102.8,5.64,9.85,1.14,5.22,110.28,9.87,114.09,114.11
T5,24.697,5.18,11.55,1.06,4.85,93.84,11.07,107.21,99.88,5.42,11.6,1.01,5.63,104.01,11.72,102.54,100.99
T7,24.769,5.18,11.44,0.99,5.22,113.29,10.9,103.77,96.63,5.02,10.07,1.0,5.45,110.18,10.07,108.72,110.69
T10,24.798,5.14,9.48,1.02,5.41,97.25,10.63,101.44,111.13,4.76,10.47,0.98,5.26,107.58,10.28,115.3,96.9
T4,24.8,5.56,10.96,1.12,5.44,117.55,10.48,111.16,103.73,4.96,11.45,1.15,5.62,111.84,9.94,99.29,106.92
T2,24.848,5.28,10.21,1.1,4.84,102.57,10.51,118.96,102.96,5.18,10.36,1.01,5.39,99.86,11.12,103.07,109.87
T7,24.937,5.32,11.5,1.01,5.31,115.34,11.56,101.68,96.63,5.26,11.41,1.06,4.83,111.84,11.54,111.89,109.97
T9,24.939,5.33,10.59,1.05,5.14,100.07,10.18,108.14,94.6,5.05,10.56,1.14,5.48,103.18,10.1,104.13,102.3
T3,25.002,5.24,10.3,0.99,5.73,98.55,11.03,106.94,103.33,5.72,10.48,1.14,5.13,108.37,9.52,101.04,111.84
T7,25.049,5.47,10.92,0.99,4.63,115.59,11.09,98.58,96.52,5.32,10.16,1.03,5.07,110.71,10.34,108.42,110.69
T8,25.097,5.42,10.73,1.06,5.16,95.08,9.91,100.3,94.47,5.26,10.84,1.09,5.47,104.15,10.89,106.79,102.49
T7,25.103,5.64,10.39,0.96,5.41,108.89,10.01,101.97,106.36,5.1,10.04,1.12,5.31,102.05,11.09,112.67,109.72
T8,25.216,5.82,10.78,1.07,5.35,111.58,10.23,95.0,105.08,5.7,11.52,1.03,5.33,109.62,10.41,96.81,95.05
T8,25.225,5.88,10.06,0.98,5.04,107.49,10.39,98.08,105.12,5.77,11.02,1.06,5.27,95.95,11.57,103.94,95.79
T5,25.332,5.66,10.26,1.1,5.08,108.24,10.19,106.74,103.24,5.16,10.42,1.12,5.19,93.01,11.79,110.56,99.59
T7,25.476,5.44,10.74,0.94,5.43,110.3,9.83,105.95,101.58,5.5,10.71,1.0,5.11,102.76,10.08,98.8,111.38
T10,25.549,5.1,9.37,0.98,5.61,94.42,10.37,105.83,98.98,5.04,9.23,1.13,5.14,96.55,10.45,105.32,101.9
T7,25.64,5.69,10.18,1.06,5.28,107.97,10.14,101.3,99.34,4.95,9.83,0.96,5.0,116.11,10.84,113.41,113.13
T10,25.678,5.03,10.25,1.09,5.64,103.08,10.81,113.15,96.51,5.22,10.06,1.12,5.23,96.72,10.2,102.63,97.6
T5,25.742,5.75,11.17,1.09,5.22,108.37,11.9,108.34,93.9,5.5,11.63,1.06,5.48,105.34,10.15,117.88,94.51
T8,25.758,5.33,9.97,1.1,5.38,111.06,11.38,102.66,94.22,5.3,10.89,1.09,5.18,101.65,11.13,91.63,95.18
T3,25.782,5.41,11.55,0.97,5.47,98.19,10.74,102.0,114.84,5.43,11.4,1.01,5.1,94.3,10.44,115.64,99.56
T3,25.811,5.16,10.82,1.13,5.32,110.38,10.73,113.35,107.25,5.47,10.09,1.14,5.24,98.14,10.66,107.28,99.58
T3,25.832,5.16,10.63,1.11,5.47,97.38,10.5,111.04,115.23,5.88,10.56,1.12,5.8,101.03,10.35,109.96,110.52
T4,25.858,5.66,10.03,1.01,5.65,102.03,10.09,115.68,116.12,5.1,10.07,0.99,5.32,117.06,9.8,116.96,112.52
T6,25.872,5.32,10.04,1.13,5.35,107.12,10.45,100.87,106.92,5.78,9.87,1.04,5.44,99.87,10.38,107.22,111.48
T1,25.977,5.0,10.6,1.02,5.31,107.65,10.07,111.22,98.46,5.5,10.6,1.02,5.44,108.9,10.61,111.2,108.59
T4,26.058,5.25,11.31,1.14,5.58,111.82,10.83,117.06,118.22,5.48,11.26,1.0,5.46,113.86,9.75,104.39,109.79
T1,26.196,5.19,10.57,0.98,4.72,97.57,10.06,100.56,93.08,5.03,10.51,1.13,5.2,95.28,10.57,104.72,101.85
T4,26.202,5.18,9.93,1.15,4.98,113.21,10.96,115.78,106.4,5.89,10.37,1.0,5.17,104.18,9.33,112.83,105.86
T1,26.25,4.82,9.55,1.09,5.06,102.35,9.98,99.92,105.87,5.1,10.02,1.07,5.3,99.66,10.23,96.94,94.32
T7,26.456,5.11,10.47,1.12,4.65,112.78,9.79,108.27,112.15,5.28,11.13,1.06,5.2,114.22,10.33,99.06,99.27
T8,26.523,5.17,10.53,0.99,4.93,102.06,11.45,101.6,96.46,5.33,10.78,1.12,5.6,111.85,11.43,94.86,105.45
T4,26.539,5.8,10.75,0.99,5.82,102.06,9.33,106.36,112.25,5.09,11.24,1.14,5.32,103.81,11.06,116.32,101.15
T1,26.632,4.92,9.33,1.07,5.03,112.1,11.36,114.07,100.43,4.69,9.54,1.08,5.2,103.02,11.65,103.6,91.8
T1,26.638,4.94,10.01,1.1,5.16,95.16,11.65,113.6,104.32,4.79,10.26,1.0,4.89,100.04,10.87,103.48,103.99
T2,26.714,4.92,10.82,0.99,5.08,110.17,9.98,103.12,96.6,4.87,9.76,1.06,5.19,110.5,10.56,113.73,100.87
T10,26.754,4.92,9.7,1.06,5.18,102.41,10.49,112.85,112.6,5.09,9.62,0.99,5.57,98.03,9.41,112.58,100.23
T1,26.87,5.39,10.44,1.1,5.35,95.67,10.51,98.72,103.75,4.96,10.07,1.05,5.15,106.34,11.55,111.27,102.84
T9,26.9,4.69,10.34,1.1,5.18,108.84,11.02,111.44,98.08,4.84,9.85,1.08,4.92,97.82,11.55,104.65,105.05
T6,26.978,5.5,11.03,1.01,5.01,112.9,11.24,113.37,99.88,5.11,10.37,1.15,5.49,107.45,11.18,110.34,103.62
T5,27.013,5.91,10.16,1.02,5.46,104.0,11.58,101.97,107.53,5.43,10.23,1.17,5.55,104.23,10.63,102.55,96.14
T1,27.034,4.7,10.61,1.13,4.9,101.63,10.99,102.32,93.97,5.44,9.74,1.06,4.69,101.56,10.46,104.58,100.25
T8,27.113,5.08,9.96,1.1,5.35,104.16,11.02,99.04,94.13,5.38,10.09,1.11,5.19,97.29,10.14,100.46,106.17
T9,27.147,4.66,10.57,1.16,5.54,102.78,10.23,100.02,96.39,5.31,9.72,1.14,4.97,96.12,9.88,109.02,94.08
T10,27.299,5.26,10.73,0.97,5.33,97.39,9.48,114.57,98.19,5.37,10.3,1.07,5.79,106.07,10.31,107.79,96.2
T5,27.687,5.44,10.32,1.17,5.53,99.05,11.76,104.33,100.96,5.27,11.28,1.16,5.06,103.47,11.74,117.52,92.56
T2,27.741,4.75,10.91,0.98,4.98,103.96,11.03,106.24,100.16,5.19,9.61,1.11,4.88,103.32,10.89,107.43,101.17
T10,27.766,5.2,10.2,1.14,5.2,104.27,9.28,103.22,104.08,4.92,9.41,1.14,5.38,102.92,9.66,111.89,98.23
T3,27.841,5.03,10.53,1.13,5.18,105.0,9.42,107.95,102.15,5.34,10.62,1.12,5.71,108.51,10.98,104.96,107.81
T10,27.867,5.45,10.24,1.11,5.78,95.73,10.1,101.15,111.61,4.72,10.72,1.06,5.04,102.23,9.56,103.02,98.21
T10,27.987,4.83,9.51,1.13,5.04,92.55,9.68,119.28,106.75,4.67,9.94,1.02,5.32,102.46,9.2,106.82,96.48
T9,28.038,4.88,11.36,1.05,5.05,104.84,10.13,99.32,94.36,5.33,10.26,1.02,5.23,102.83,11.05,104.98,95.03
T10,28.117,4.71,10.62,1.14,5.52,101.98,10.5,117.66,101.62,5.29,9.58,1.12,5.28,96.39,10.18,115.34,111.43
T2,28.137,5.58,10.04,1.06,5.17,107.54,9.87,109.1,101.15,5.52,10.75,1.1,5.23,101.99,10.2,100.91,100.23
T6,28.159,5.38,10.85,1.03,5.49,111.33,10.62,109.57,110.96,5.02,11.05,1.12,5.24,97.4,10.99,100.87,100.56
T1,28.224,5.21,10.6,1.02,4.63,105.57,11.65,103.99,102.6,4.72,10.87,1.03,5.3,98.65,11.64,97.23,92.86
T10,28.227,5.08,10.61,0.99,5.09,103.21,10.24,112.22,104.25,4.98,10.86,1.01,5.83,99.18,9.36,116.91,97.7
T9,28.261,4.72,10.87,1.1,5.15,100.29,11.46,99.14,94.08,4.95,9.59,1.16,5.45,93.06,10.71,102.31,99.69
T3,28.297,5.64,10.06,1.15,5.71,108.46,10.68,115.03,108.51,5.07,10.72,0.99,5.11,105.75,10.92,111.88,102.15
T6,28.352,5.84,11.13,1.02,5.13,115.1,11.5,109.06,114.87,5.59,10.21,1.11,4.85,98.86,11.51,113.73,113.49
T1,28.385,5.37,10.67,1.05,5.25,95.28,11.17,101.4,101.03,4.97,9.51,1.15,4.98,98.58,11.55,96.41,108.44
T8,28.541,5.6,11.55,1.01,5.68,95.14,11.16,107.76,102.13,5.1,11.24,1.1,5.66,104.89,10.31,94.78,94.5
T7,28.671,5.47,11.01,0.99,5.08,114.32,11.3,110.98,98.96,5.68,10.32,1.08,5.03,100.34,10.24,105.41,108.03
T9,28.722,5.37,10.88,1.06,4.84,104.45,10.23,104.3,95.45,5.1,10.2,1.08,4.87,97.93,11.5,104.47,108.56
T3,29.148,5.8,10.18,0.97,4.98,101.1,10.21,101.23,114.33,5.82,11.1,1.08,5.21,109.84,10.11,106.73,108.36
T1,29.154,4.76,10.03,0.98,5.15,104.42,11.64,111.14,106.08,5.0,10.85,1.1,4.69,97.24,11.48,105.08,96.59
T4,29.238,5.59,10.86,1.04,5.52,117.69,10.31,114.0,105.62,5.9,10.24,1.06,5.22,103.54,11.02,115.11,111.63
T10,29.333,5.04,9.27,0.96,5.14,104.61,9.72,104.15,98.34,4.78,10.2,1.12,5.26,106.99,9.26,118.53,97.52
T8,29.776,5.74,10.12,1.0,5.24,108.5,10.62,94.92,109.9,5.44,11.31,0.99,5.69,98.45,9.76,102.56,104.89
T10,29.779,5.36,10.05,0.97,5.83,104.24,10.06,114.04,98.58,4.89,10.64,1.06,5.36,92.31,9.23,119.27,101.69
T2,29.795,4.87,10.08,1.04,5.38,101.38,10.07,116.1,108.07,5.19,10.96,1.0,5.4,107.52,11.27,114.92,96.95
T1,29.978,4.96,9.7,1.14,5.05,99.72,11.36,108.18,97.55,4.66,10.87,1.09,4.79,105.4,11.14,113.0,106.9
T6,30.126,5.83,11.16,1.03,5.34,114.97,10.22,99.66,108.95,5.41,9.7,1.09,4.68,97.09,9.92,114.28,113.6
T6,30.409,5.56,10.19,1.09,5.51,98.63,10.93,101.72,109.66,5.49,10.8,1.08,4.64,105.27,10.15,113.37,110.96
T10,30.462,4.7,9.47,1.01,5.71,105.79,10.86,106.82,103.98,5.25,10.57,1.08,5.36,93.13,10.77,112.32,96.82
T7,30.478,4.91,11.04,1.04,5.17,100.25,9.98,116.02,103.3,4.95,10.15,1.09,5.14,109.97,11.29,113.19,109.61
T3,30.589,5.73,9.96,1.08,5.52,95.24,10.93,116.88,107.81,5.06,10.34,1.06,4.97,104.4,9.83,116.53,106.94
T3,31.066,5.43,11.52,1.12,5.51,106.65,10.77,112.1,109.75,5.03,11.37,1.15,5.55,95.91,10.08,107.9,99.52
T2,31.069,5.59,11.24,1.11,5.22,114.84,11.29,108.96,107.12,4.9,9.57,1.01,4.87,109.65,10.67,102.57,108.29
T1,31.287,5.26,10.88,1.02,4.77,105.59,9.96,96.6,97.06,5.52,10.87,0.98,4.83,95.27,10.99,101.62,104.12
T6,31.336,5.34,10.04,1.04,5.19,113.06,9.95,99.52,113.79,5.8,9.86,1.13,5.08,98.39,11.19,103.73,100.21
T8,31.401,5.57,10.13,1.09,5.38,95.48,10.14,101.08,95.44,5.85,11.17,1.04,4.98,96.34,11.24,105.77,93.83
T1,31.546,4.87,10.04,1.07,4.67,111.68,11.2,112.29,92.49,4.76,10.07,1.08,4.72,112.42,11.14,108.86,99.9
T2,31.644,5.57,9.79,1.03,5.4,103.76,11.29,108.68,96.82,5.12,10.27,1.08,5.26,114.56,11.5,112.94,111.84
T5,31.659,5.96,10.28,1.1,5.37,108.59,11.61,101.07,94.56,5.95,10.57,1.08,5.53,95.24,10.85,115.42,96.2
T2,31.692,5.45,10.87,1.1,5.18,112.2,9.79,113.12,104.53,5.3,9.56,1.07,4.92,99.06,9.95,105.41,109.53
T2,31.751,4.79,10.82,1.03,5.43,107.78,11.06,113.9,110.61,5.45,10.39,0.98,5.16,113.42,10.71,110.4,94.67
T7,32.052,5.34,9.83,1.07,5.22,108.41,11.14,100.39,102.14,5.7,10.39,0.98,5.3,116.83,11.42,108.66,110.97
T2,32.125,5.5,11.13,1.03,5.31,103.08,11.37,100.38,110.36,4.74,9.79,1.02,4.76,110.87,10.27,110.83,104.8
T4,32.132,5.66,10.98,1.01,5.83,115.19,10.7,114.68,113.76,5.11,11.49,1.08,5.52,103.83,10.33,106.07,116.74
T5,32.195,5.14,10.77,1.11,5.59,93.63,10.95,110.88,102.84,5.13,11.03,1.09,4.9,105.18,10.17,101.92,100.03
T5,32.23,5.42,11.58,1.0,5.23,100.56,10.94,101.06,108.23,5.52,10.68,1.06,5.49,103.9,11.83,117.75,94.97
T3,32.285,5.79,11.53,1.13,5.05,104.94,10.89,103.67,104.66,5.47,10.18,0.97,5.54,107.84,10.22,110.06,103.84
T8,32.51,5.63,9.9,1.11,5.3,99.79,11.22,93.01,94.45,5.82,11.24,1.03,5.27,105.79,10.79,108.29,102.66
T5,32.795,5.45,11.43,1.17,5.6,104.09,11.19,100.05,92.22,5.57,11.54,1.09,4.87,93.59,11.25,104.15,94.43
T10,32.924,4.91,10.35,1.12,5.09,93.73,10.42,117.78,95.48,4.74,10.38,1.02,5.22,104.88,9.69,110.17,96.82
T6,33.042,5.62,9.76,1.03,4.81,104.3,11.58,104.34,114.85,5.63,10.9,1.03,4.83,100.55,10.4,107.2,109.98
T2,33.051,4.98,9.8,1.02,5.39,107.78,10.97,112.04,103.34,5.3,10.51,1.03,5.24,101.35,11.11,117.01,111.23
T9,33.122,4.9,10.46,1.16,5.08,96.52,11.18,99.12,100.73,4.88,10.56,1.1,4.97,95.88,10.81,99.94,109.04
T3,33.16,5.54,11.59,1.0,5.84,96.66,10.33,116.32,111.7,5.44,10.75,1.11,5.86,107.4,10.31,109.12,107.85
T7,33.335,4.99,9.75,1.11,5.19,113.78,10.88,100.29,105.76,5.36,10.16,0.98,5.26,101.33,10.23,115.86,97.79
T7,33.341,5.77,11.38,1.11,4.72,99.91,11.42,101.55,109.11,5.34,11.36,0.99,4.91,111.84,10.3,108.07,97.67
T1,33.344,5.22,9.81,1.06,5.19,111.21,9.97,105.05,96.9,5.44,10.3,1.12,5.41,110.77,9.92,100.14,103.25
T7,33.386,5.32,10.92,0.98,5.12,105.07,10.44,113.93,104.39,4.88,10.12,1.08,5.13,107.52,11.29,100.56,112.28
T8,33.438,5.12,10.84,1.01,5.03,95.14,9.83,108.11,96.31,5.29,10.7,1.14,4.82,94.23,10.76,98.78,99.04
T7,33.541,5.4,11.32,0.96,5.46,112.72,10.27,103.66,106.58,5.65,10.22,1.1,5.35,100.69,11.3,102.47,105.78
T3,33.549,5.85,10.32,1.08,5.73,104.2,10.61,104.24,105.95,5.01,11.53,0.98,5.85,106.88,10.01,110.44,105.98
T6,33.583,5.37,10.21,1.12,5.2,98.68,11.7,113.78,103.25,5.42,10.33,1.0,5.35,98.62,11.47,113.14,112.1
T7,33.597,5.23,10.32,0.94,4.81,116.34,10.5,99.95,96.59,5.11,10.0,1.05,5.09,105.1,10.6,103.77,110.32
T6,33.647,5.69,10.49,1.07,4.83,114.1,10.1,105.29,102.04,5.35,11.25,1.01,5.37,103.57,11.08,108.75,111.66
T4,33.715,5.48,11.48,1.12,5.62,105.26,9.68,112.01,107.36,5.38,10.57,1.0,4.99,101.09,9.75,111.74,113.93
T2,33.747,5.43,10.28,1.02,4.78,105.46,10.52,113.03,111.43,4.83,11.12,1.03,5.47,111.6,11.1,106.34,97.1
T3,33.781,5.4,9.85,1.03,5.84,101.03,10.6,116.6,98.48,5.76,11.5,0.97,5.22,110.46,9.92,105.24,115.48
T2,33.893,5.03,10.6,1.12,4.84,114.3,9.88,112.02,95.98,5.2,10.56,1.08,4.81,103.54,11.16,105.97,109.99
T5,33.916,5.87,11.38,1.02,5.31,104.84,10.23,104.93,99.3,5.36,10.22,1.03,5.39,100.8,11.41,114.82,101.96
T5,34.038,5.32,11.57,1.11,4.79,100.69,11.23,108.91,107.8,5.87,10.54,1.16,5.13,100.01,10.16,111.18,108.2
T3,34.233,5.82,11.25,1.07,5.09,104.18,9.73,112.29,107.75,5.58,11.41,1.1,5.04,101.16,9.55,117.28,101.61
T3,34.351,5.02,10.04,1.11,5.37,99.42,9.48,114.31,98.52,5.64,10.87,0.99,5.21,99.83,10.57,110.64,106.69
T2,34.421,5.46,11.28,0.98,5.36,110.03,11.07,105.66,97.1,5.0,10.96,1.01,5.43,105.79,10.67,109.45,108.34
T9,34.577,5.18,9.77,1.19,5.1,105.79,11.06,111.6,93.79,4.66,9.7,1.06,4.91,100.36,11.31,102.72,100.49
T3,34.693,5.75,9.87,1.11,5.42,104.18,9.41,113.46,106.94,5.68,10.79,1.07,5.28,109.02,10.03,112.77,107.68
T7,35.013,5.32,10.77,1.05,4.9,103.61,9.86,114.42,100.64,5.52,9.76,1.11,4.77,99.5,9.88,108.08,101.56
T1,35.03,5.07,10.17,1.03,4.84,104.75,10.54,114.44,105.09,5.3,9.71,1.13,5.09,96.42,11.29,99.06,103.78
T2,35.057,4.8,10.9,1.01,5.31,106.08,10.9,101.11,102.43,5.58,10.95,1.1,5.27,106.22,10.93,114.1,100.47
T9,35.081,5.04,10.56,1.13,5.62,104.92,11.62,103.84,94.99,5.2,11.24,1.11,5.05,97.54,11.11,115.55,97.24
T8,35.37,5.49,10.34,1.13,5.45,104.3,10.23,100.77,94.25,5.66,9.96,1.0,5.25,100.25,10.61,105.07,99.41
T4,35.456,5.5,10.27,1.14,5.53,113.71,9.99,100.61,111.04,5.5,10.32,1.0,5.19,109.24,10.82,112.8,106.64
T7,35.871,5.25,9.9,1.11,5.45,116.56,9.79,108.04,111.67,5.34,10.34,1.12,4.71,113.09,9.8,105.65,107.85
T1,35.952,5.51,10.36,1.06,4.92,105.06,10.59,110.18,95.47,5.01,9.47,0.98,5.16,111.68,11.3,106.5,94.5
T6,36.024,5.16,10.57,1.13,5.5,99.85,11.34,115.22,102.66,5.5,10.5,1.14,5.19,112.55,10.06,108.71,104.43
T2,36.119,5.5,9.84,1.06,4.9,112.07,10.72,114.44,108.12,5.31,11.19,1.02,5.0,103.66,10.92,110.11,108.07
T10,36.218,4.94,10.12,1.09,5.58,100.1,10.46,114.93,108.62,5.09,9.51,1.14,5.11,93.2,10.79,108.05,110.71
T7,36.442,5.48,10.38,1.01,5.24,117.65,10.23,101.63,98.28,5.7,11.44,0.99,4.98,103.48,10.51,109.2,102.31
T10,36.548,5.28,9.2,1.0,5.81,99.59,9.69,104.28,108.57,5.01,9.59,1.08,5.08,103.59,10.22,110.08,106.09
T8,36.557,5.53,11.61,1.1,5.35,109.38,10.23,105.07,103.09,5.45,10.08,1.01,4.84,95.53,9.92,93.02,97.35
T8,36.567,5.43,11.12,1.12,5.34,98.08,11.1,100.66,103.48,5.77,10.78,0.99,5.33,106.43,9.91,102.32,109.83
T1,36.72,5.13,10.02,1.02,5.17,104.88,11.19,97.33,93.97,5.31,9.38,1.02,4.79,110.62,10.28,105.54,107.76
T2,36.9,5.03,9.72,1.05,5.44,116.3,9.94,105.53,104.4,5.45,11.22,1.1,5.15,110.79,10.06,118.6,101.77
T2,37.248,5.09,10.23,1.06,5.05,110.0,11.23,111.17,96.7,4.8,9.9,1.0,4.91,100.88,10.28,116.26,103.64
T6,37.348,5.66,10.98,1.13,4.7,114.36,10.5,97.43,101.02,5.22,10.62,1.06,4.95,97.28,11.65,105.36,110.89
T10,37.467,5.14,9.97,1.11,4.95,103.0,9.22,112.3,109.78,4.9,9.25,1.04,5.18,107.96,10.79,101.09,111.3
T7,37.514,5.52,9.93,1.07,5.04,107.23,10.88,112.51,96.62,4.99,10.16,0.97,5.2,101.8,10.28,108.34,113.69
T1,37.543,4.94,10.72,1.06,5.01,100.73,9.85,110.52,95.49,5.42,10.38,1.09,5.33,112.56,10.96,98.72,98.14
T3,37.56,5.14,10.12,1.0,5.46,97.15,9.97,101.15,98.16,5.52,10.48,1.08,5.41,102.92,10.0,110.96,108.87
T1,37.635,4.9,9.93,0.97,4.6,101.67,11.19,112.77,96.91,5.27,10.57,1.1,5.1,112.76,10.88,104.23,103.99
T4,37.759,5.8,10.19,0.98,5.48,115.26,10.05,114.53,104.96,5.42,9.88,1.11,5.74,110.13,10.49,108.84,109.89
T5,37.769,5.29,11.02,1.01,4.96,104.53,10.13,105.82,102.34,5.96,10.01,1.06,5.0,97.31,11.76,110.78,108.83
T3,37.793,5.51,10.02,1.02,5.15,101.1,9.53,113.5,101.36,5.88,10.26,1.0,5.63,109.68,10.03,110.63,98.5
T6,37.827,5.32,10.07,1.06,5.17,102.71,10.99,103.35,107.88,5.8,9.79,1.01,5.08,110.02,9.92,113.16,109.53
T9,37.843,4.73,11.24,1.15,5.52,95.71,11.11,105.74,108.49,4.97,10.15,1.19,5.19,105.07,11.02,114.08,108.9
T10,37.893,4.75,9.61,1.06,5.37,104.58,9.84,111.25,100.17,5.25,9.2,1.08,5.74,109.12,9.34,115.14,95.69
T7,37.92,5.61,11.36,0.98,4.77,99.89,10.64,110.16,107.96,5.19,11.36,1.08,4.97,103.49,11.31,107.35,112.69
T10,38.085,4.67,10.84,1.02,5.05,109.58,10.31,101.09,98.51,4.72,10.89,0.99,5.62,94.24,9.33,115.72,109.89
T4,38.174,5.4,10.06,1.11,5.21,102.38,9.74,105.64,104.08,4.98,10.6,0.98,5.54,114.44,9.35,108.1,114.54
T8,38.183,5.94,11.08,0.98,5.07,97.54,11.47,97.03,105.59,5.42,10.39,0.98,5.62,104.69,10.79,97.99,104.7
T6,38.328,4.96,11.05,1.16,4.78,101.11,10.06,107.28,115.06,5.08,9.7,1.13,4.78,105.06,11.2,99.23,109.56
T4,38.492,5.15,10.71,1.07,5.0,116.78,10.52,104.57,108.66,5.24,10.26,1.12,5.79,114.38,10.35,107.41,106.24
T2,38.501,5.03,10.59,1.08,4.83,109.59,11.27,109.76,99.63,5.28,9.64,1.0,5.1,112.39,10.67,118.39,101.51
T9,38.604,4.89,10.22,1.01,5.5,98.77,11.27,115.6,98.38,4.98,11.16,1.18,4.87,106.29,11.2,102.26,99.74
T2,38.689,5.46,10.0,1.08,5.08,103.63,11.45,103.0,99.44,5.54,10.04,1.04,4.77,105.3,11.19,104.41,95.11
T7,38.732,5.57,10.2,1.06,5.26,101.77,9.99,109.38,111.85,5.35,11.2,1.07,5.42,105.32,10.44,114.81,105.37
T8,38.746,5.47,10.92,1.11,4.94,105.45,9.95,104.6,94.49,5.53,10.06,1.07,5.7,104.96,10.94,101.32,110.23
T3,38.777,5.21,10.53,0.98,5.46,108.55,10.58,98.82,113.13,5.53,10.72,1.08,5.06,104.19,9.55,99.4,114.0
T3,39.047,5.68,11.21,1.07,5.56,98.0,10.35,109.96,102.92,5.0,9.82,1.1,5.33,103.51,10.68,111.52,105.92
T4,39.215,5.06,10.41,1.09,5.19,110.7,9.7,105.92,105.41,5.12,10.2,1.04,5.34,100.4,9.49,115.94,108.58
T1,39.503,5.04,9.62,0.99,4.78,111.35,10.41,107.68,97.91,4.92,10.24,1.02,5.41,107.06,10.8,103.5,107.71
T5,39.523,5.05,10.22,1.15,4.96,103.3,11.3,115.52,106.13,5.9,11.51,1.03,5.16,104.09,11.41,108.91,103.42
T10,39.536,4.74,10.18,1.04,5.08,103.59,9.72,102.2,112.22,4.62,9.77,1.14,5.73,93.12,9.48,115.38,103.76
T1,39.537,4.77,10.72,1.01,5.25,111.51,11.19,113.11,105.13,5.08,9.63,1.12,4.66,106.02,11.39,108.61,94.68
T1,39.59,5.14,9.99,1.06,4.69,105.92,11.14,99.56,101.91,4.8,9.27,1.0,4.77,103.16,11.16,98.14,92.13
T2,39.625,5.02,10.58,1.1,5.05,114.3,9.74,102.22,102.72,5.61,11.28,1.09,4.9,104.51,9.75,112.62,96.29
T3,39.654,5.36,11.13,1.04,5.78,105.35,10.7,115.98,108.29,5.58,10.54,1.14,5.21,102.01,10.52,105.36,110.46
T5,39.854,5.97,10.61,1.11,4.94,101.16,10.22,107.22,109.02,5.62,11.09,1.04,5.18,94.56,11.06,113.25,102.65
T2,39.867,4.88,10.94,1.13,4.82,111.82,11.03,116.85,104.48,4.86,10.35,1.0,5.28,111.0,11.46,105.35,96.41
T3,39.882,5.18,10.37,1.06,5.5,101.96,10.24,105.3,100.01,5.09,9.93,1.14,5.5,99.92,10.01,101.92,102.54
T1,39.932,5.24,9.9,1.11,4.88,103.72,11.25,108.39,103.27,5.02,9.92,1.13,4.8,111.33,11.43,104.48,102.22
T8,40.152,5.15,10.46,1.11,5.41,110.67,11.43,97.85,108.43,5.91,10.68,1.12,5.12,98.46,11.5,99.31,100.61
T5,40.178,5.07,10.17,1.05,4.84,100.73,10.46,115.74,95.59,5.81,11.36,1.02,4.92,108.93,10.66,113.25,105.88
T2,40.351,5.16,10.61,1.04,5.0,107.7,10.69,113.65,97.22,5.44,10.9,1.11,4.73,108.44,10.41,100.55,106.92
T3,40.377,5.91,11.23,1.14,5.33,110.06,9.73,98.84,109.8,5.31,10.72,1.1,5.2,103.57,10.87,107.41,103.08
T7,40.389,5.44,10.02,1.04,4.82,109.28,10.85,116.58,109.41,4.88,9.94,1.08,4.89,103.65,10.28,113.19,103.25
T6,40.437,5.15,10.76,1.09,5.47,105.93,10.41,99.13,101.01,5.84,11.27,1.13,4.83,103.41,11.1,101.07,100.5
T6,40.555,5.24,10.03,1.1,4.89,113.18,10.19,102.61,113.27,5.7,10.93,1.13,4.86,110.25,11.62,102.79,109.41
T1,40.574,4.81,9.63,0.98,5.16,105.85,11.28,99.25,102.78,5.22,10.86,1.03,4.99,97.48,10.23,112.16,107.98
T4,40.674,5.61,10.17,1.05,5.65,115.08,11.04,105.39,108.1,5.04,11.04,0.98,5.45,99.67,9.66,105.49,118.04
T8,40.742,5.87,11.14,1.01,4.8,96.8,10.8,94.37,99.9,5.55,11.17,1.09,5.19,106.13,9.85,96.05,105.76
T10,40.744,5.39,9.46,1.08,5.3,101.25,9.63,101.79,109.62,4.64,9.75,1.14,5.26,105.43,10.82,106.36,112.47
T8,40.758,5.35,11.03,1.08,5.64,102.02,9.83,97.11,97.17,5.46,11.51,0.97,5.59,103.29,10.17,103.78,104.6
T3,40.938,5.3,10.6,1.14,5.6,94.93,10.59,113.99,105.3,5.84,10.82,1.07,5.33,94.61,10.83,110.84,102.58
T6,41.125,5.13,10.54,1.14,5.34,100.4,10.76,105.85,97.66,5.54,9.84,1.04,5.13,109.22,10.03,111.6,101.99
T10,41.177,5.32,10.25,1.06,5.28,109.01,10.27,111.89,102.5,4.98,9.25,1.1,5.79,97.44,9.99,115.56,107.94
T10,41.628,5.11,9.91,1.0,5.2,94.4,10.42,118.36,105.74,4.6,9.83,1.0,5.64,92.77,9.89,102.94,98.31
T10,41.682,5.46,9.86,1.14,5.7,96.98,9.53,105.13,106.35,5.21,10.43,1.09,5.55,102.0,10.56,111.52,110.77
T6,41.966,5.44,10.33,1.03,5.2,112.24,11.34,101.07,108.36,5.1,11.14,1.18,4.95,112.04,10.81,113.83,113.06
T6,41.985,5.12,10.08,1.11,4.78,106.95,11.43,99.97,105.32,4.96,10.95,1.13,4.99,99.49,10.1,104.86,103.12
T5,42.051,5.87,10.61,1.06,5.07,104.95,11.21,112.02,101.53,5.48,10.74,1.06,5.49,100.72,10.98,117.05,94.03
T2,42.132,5.09,10.16,1.02,4.8,101.31,10.43,112.23,110.59,5.49,10.97,1.02,4.88,114.42,10.34,102.61,95.65
T5,42.185,5.82,10.15,1.1,5.14,93.41,11.4,105.65,108.43,5.47,10.11,1.0,5.63,103.61,11.5,118.62,109.35
T9,42.197,4.72,9.74,1.19,4.87,101.79,10.79,111.48,95.74,5.35,10.56,1.01,5.16,108.45,11.02,100.51,103.45
T8,42.358,5.37,9.94,1.09,5.66,100.56,10.04,97.64,101.97,5.5,10.82,1.02,5.23,97.5,9.78,99.03,107.94
T6,42.44,5.38,11.14,1.13,5.44,109.49,9.99,111.11,101.62,4.95,9.77,1.13,5.2,106.48,10.74,98.89,116.01
T9,42.451,5.39,10.25,1.15,5.36,108.16,10.03,113.94,93.22,5.5,11.35,1.18,5.05,92.92,11.58,104.01,98.89
T2,42.601,5.18,9.82,1.13,5.11,106.97,11.14,118.6,97.72,4.84,11.16,1.04,5.49,101.61,10.14,102.24,110.56
T3,42.774,5.2,11.18,1.14,5.35,97.67,10.65,109.87,98.68,5.15,10.35,0.97,5.13,102.35,9.66,107.35,113.2
T9,42.807,4.89,10.94,1.12,5.49,107.27,10.34,102.0,96.43,5.52,10.63,1.17,5.66,97.37,10.31,112.73,93.42
T4,42.857,5.57,10.75,1.08,5.49,112.93,11.05,100.81,116.08,5.15,11.1,1.07,5.79,110.2,10.36,101.75,111.66
T10,42.953,4.96,10.19,0.99,5.09,99.7,9.64,108.83,99.28,5.09,9.86,1.12,5.58,103.06,10.29,109.99,94.88
T10,43.013,4.79,9.55,1.03,5.44,92.86,10.45,118.17,102.88,4.84,10.05,0.97,4.98,100.19,10.83,111.33,111.63
T4,43.021,5.31,9.74,1.01,5.47,100.44,10.31,113.75,105.82,5.35,11.11,1.08,4.93,113.78,9.73,104.66,114.85
T6,43.074,5.28,9.64,1.11,5.25,102.86,10.55,112.59,100.6,5.42,10.96,1.15,5.15,98.22,10.28,105.97,109.86
T1,43.253,5.47,10.16,1.14,4.97,101.26,11.52,102.74,97.42,5.42,9.82,1.14,4.95,107.28,10.28,113.05,104.58
T3,43.276,5.53,11.48,1.04,5.47,109.21,9.88,98.82,103.72,5.29,11.07,0.98,5.47,101.77,10.08,104.03,107.0
T6,43.355,5.65,10.76,1.15,5.15,110.12,11.19,106.8,105.61,5.02,10.7,1.15,4.72,114.94,10.08,113.76,113.16
T3,43.747,5.47,10.83,1.04,5.0,94.76,10.94,113.38,103.28,5.46,10.48,1.1,5.58,110.45,10.74,114.62,109.97
T7,43.777,5.64,10.89,0.95,5.12,100.65,10.2,102.54,108.98,5.7,9.73,1.11,5.36,106.25,10.37,101.95,112.66
T3,43.916,5.47,11.32,1.14,5.76,107.84,10.79,104.84,101.36,5.09,11.23,1.14,5.45,100.46,10.18,114.02,106.52
T9,44.036,5.19,10.84,1.18,5.26,104.17,10.68,106.66,95.09,5.16,9.88,1.16,5.5,92.97,11.61,117.51,95.93
T8,44.052,5.85,9.79,0.98,5.58,97.75,10.96,108.14,108.62,5.95,9.88,0.97,4.92,102.47,11.2,106.66,95.9
T6,44.153,5.83,9.6,1.06,5.07,109.73,10.28,99.12,102.82,5.72,10.15,1.1,4.75,97.79,10.38,98.55,112.18
T2,44.323,5.6,11.28,1.1,5.11,103.54,10.23,105.29,111.18,5.63,10.38,1.11,4.83,110.31,9.83,107.79,101.25
T8,44.345,5.08,11.11,1.13,5.34,111.21,10.17,92.79,95.53,5.14,10.15,1.0,5.64,98.57,10.23,94.37,94.38
T1,44.524,4.88,10.26,0.98,5.16,107.93,10.03,107.27,97.6,5.21,10.84,1.04,5.19,99.32,10.62,104.07,94.9
T10,44.585,4.88,10.67,1.06,5.41,99.7,10.6,108.5,103.78,5.44,9.4,1.1,5.09,101.32,10.19,113.2,103.06
T1,44.649,5.17,9.42,1.07,4.62,112.56,11.05,105.24,100.2,5.23,9.34,1.13,5.06,107.22,11.51,106.16,97.27
T2,44.697,5.44,11.16,1.03,5.52,110.53,10.35,109.94,108.37,4.83,10.59,0.99,4.86,106.9,10.8,112.94,99.69
T7,44.712,5.37,10.14,1.08,5.46,106.66,10.57,101.34,98.76,5.67,10.47,1.03,4.89,105.11,10.02,111.59,103.06
T6,44.726,5.84,9.63,1.11,4.85,113.18,9.92,111.88,106.66,5.77,10.32,1.17,5.0,104.19,11.68,102.9,103.7
T10,44.753,4.63,9.97,1.09,5.71,95.63,10.59,112.87,107.55,4.91,9.36,1.05,5.4,104.91,10.24,115.43,97.36
T7,44.769,5.04,10.54,1.08,5.29,103.42,11.49,109.73,106.03,5.05,10.23,1.1,5.09,106.51,11.57,99.59,100.13
T9,44.771,4.86,11.23,1.12,5.37,100.01,11.52,104.13,97.46,4.85,9.89,1.04,5.44,105.12,11.52,111.29,98.79
T3,44.868,5.3,10.73,1.11,5.47,106.45,9.52,98.83,115.07,5.45,10.4,1.05,5.01,101.3,10.49,102.47,115.59
T3,45.189,5.16,10.97,1.07,5.61,110.46,10.93,111.16,98.38,5.31,10.39,0.97,5.62,110.3,10.6,106.24,98.46
T9,45.2,5.12,10.94,1.04,5.47,96.32,9.9,114.36,95.38,5.43,11.12,1.03,5.22,93.14,10.21,113.12,94.48
T5,45.262,5.95,10.32,1.17,4.94,105.08,10.73,111.38,99.8,5.17,9.82,1.0,5.11,99.05,11.72,116.42,94.97
T5,45.66,5.8,10.96,1.09,5.32,101.51,10.54,100.58,99.51,5.22,10.15,1.12,4.78,96.79,11.8,110.88,97.8
T1,45.725,5.47,10.79,1.11,4.96,104.05,10.96,105.77,102.55,4.89,10.46,1.07,5.35,108.24,11.52,114.45,102.47
T7,45.857,5.44,10.9,0.97,5.28,105.09,10.72,116.57,105.4,4.91,11.31,0.99,4.68,100.73,11.29,111.03,105.91
T8,46.385,5.82,10.3,1.08,5.46,96.43,10.95,106.41,102.16,5.52,11.36,1.07,5.06,97.38,9.88,106.69,103.55
T5,46.425,5.17,11.09,1.06,4.9,105.59,10.7,111.28,98.16,5.38,10.21,1.15,5.54,99.03,10.27,104.01,108.84
T8,46.429,5.82,10.25,1.07,5.66,103.24,10.15,105.44,94.84,5.61,10.96,1.09,5.1,94.76,10.86,101.16,108.39
T4,46.479,5.31,11.28,1.15,5.79,102.98,9.54,99.3,113.94,5.73,11.28,1.1,5.05,107.04,10.8,101.86,107.12
T1,46.803,4.97,9.32,1.07,4.82,108.15,11.5,111.61,105.69,5.4,10.89,0.98,5.3,102.72,11.46,104.23,107.8
T1,46.828,5.11,10.36,0.98,5.36,100.32,11.62,105.9,108.63,5.3,10.75,1.06,5.43,106.69,11.48,106.56,93.68
T5,47.024,5.97,10.27,1.06,5.14,108.21,11.87,108.84,100.62,5.2,11.5,1.01,5.65,101.63,11.38,113.23,103.0
T9,47.095,5.18,10.83,1.16,4.96,98.1,10.99,107.22,95.45,5.41,10.76,1.2,5.06,101.15,10.06,101.52,109.33
T1,47.259,4.82,10.47,1.12,5.07,108.7,11.46,105.72,105.27,5.47,10.42,1.02,4.63,102.83,11.37,111.78,105.19
T6,47.41,5.75,10.61,1.11,5.1,97.76,10.16,112.75,112.04,5.63,10.25,1.03,5.25,106.82,10.14,98.11,100.68
T10,47.431,5.12,10.38,1.09,4.91,93.45,9.72,108.68,110.15,5.38,10.31,0.99,5.58,104.06,10.31,112.09,102.57
T4,47.51,5.78,9.93,1.12,5.83,106.71,9.68,112.29,117.36,5.41,10.99,1.12,5.22,108.77,10.53,110.8,108.08
T4,47.564,5.26,10.43,1.08,5.29,112.66,9.94,116.76,104.18,5.78,10.74,1.04,5.56,117.07,9.68,114.34,110.3
T9,47.573,5.33,11.11,1.17,5.41,99.88,11.51,105.86,99.9,5.44,11.07,1.14,5.58,100.84,10.64,116.21,103.7
T3,47.59,5.45,10.77,1.1,5.13,95.19,10.7,100.84,100.96,5.81,11.16,1.01,5.86,100.43,10.41,112.48,98.5
T7,47.73,5.55,9.98,0.97,4.96,112.18,9.81,102.6,105.44,4.95,10.34,0.96,5.37,115.44,9.81,109.28,111.83
T6,47.76,5.54,10.29,1.05,4.78,98.52,10.72,110.49,104.57,5.66,11.06,1.1,5.25,98.54,11.63,111.35,106.5
T2,47.811,4.96,10.09,0.99,4.81,109.21,10.04,100.33,105.31,5.16,10.71,1.05,4.92,100.62,10.05,118.33,103.76
T9,47.879,4.89,11.1,1.1,5.38,107.05,10.27,114.24,104.21,5.3,10.3,1.1,4.88,104.13,10.83,106.72,105.49
T3,47.938,5.27,11.38,1.12,5.64,104.64,10.94,109.4,106.73,5.58,10.47,1.04,5.44,96.98,11.04,112.85,101.81
T8,47.992,5.25,11.01,1.0,5.61,107.27,9.89,94.6,108.8,5.28,10.02,1.04,5.5,95.06,10.69,105.68,102.48
T9,48.252,4.94,10.84,1.19,4.85,102.95,11.55,102.23,107.34,5.27,10.44,1.04,5.58,93.49,10.7,114.52,100.72
T6,48.307,5.69,9.57,1.17,5.37,102.08,9.88,102.41,112.87,5.11,10.74,1.18,4.96,100.05,10.15,108.92,110.83
T3,48.383,5.73,10.6,1.09,5.76,93.18,10.84,110.74,98.04,5.18,10.81,1.1,5.87,108.48,10.63,105.98,110.66
T9,48.445,4.97,10.84,1.03,5.47,101.14,10.22,113.12,107.34,4.79,10.6,1.01,4.82,109.02,10.38,110.6,107.21
T3,48.455,5.59,10.09,1.01,5.74,101.23,10.7,115.36,114.16,5.84,11.39,0.98,5.39,101.57,10.47,103.85,114.46
T6,48.594,5.18,9.59,1.07,4.86,96.88,10.06,108.34,106.17,5.17,10.57,1.07,4.82,107.23,11.46,112.07,102.8
T10,48.688,4.82,10.88,1.07,5.18,102.23,9.15,106.4,111.77,4.79,9.87,1.0,5.32,109.28,10.03,106.85,96.69
T1,48.937,5.21,10.72,1.08,4.89,110.91,11.3,113.72,101.9,5.46,10.69,1.06,5.16,97.2,10.2,111.06,106.15
T3,49.035,5.19,11.08,1.06,5.67,100.52,9.88,102.6,113.42,5.38,10.61,1.0,5.02,109.85,10.17,114.62,115.56
T2,49.056,4.85,11.13,1.07,4.73,113.82,10.28,117.72,102.22,5.41,10.61,1.03,5.09,110.0,11.2,105.88,107.02
T6,49.178,5.2,9.97,1.12,5.36,114.42,10.02,107.12,113.07,5.63,9.79,1.12,5.13,97.16,10.77,107.05,107.26
T7,49.202,5.36,11.2,1.05,4.67,105.08,11.02,116.04,101.79,4.99,10.45,1.08,5.03,101.9,10.72,114.36,105.29
T2,49.221,4.97,10.35,0.99,4.87,114.63,11.54,105.2,95.21,5.29,10.84,1.07,5.59,112.34,11.45,102.73,106.7
T9,49.264,4.78,10.15,1.01,5.02,105.92,11.08,109.6,99.39,4.66,10.9,1.05,4.92,101.46,10.93,99.79,99.58
T8,49.289,5.9,10.88,1.07,5.01,108.88,11.5,92.52,107.91,5.92,10.14,0.99,4.88,111.61,9.87,93.36,105.48
T3,49.45,5.79,11.4,1.02,5.9,98.94,9.37,104.42,102.75,5.72,10.65,1.14,5.62,102.52,10.57,101.15,112.38
T2,49.724,5.19,9.62,1.12,5.43,115.16,10.09,109.76,96.46,4.99,10.59,1.07,5.55,106.4,10.39,104.84,97.4
T1,49.834,5.33,9.95,1.12,5.23,108.21,10.92,104.79,93.34,5.12,9.52,1.13,4.68,110.77,9.91,108.26,98.6
T6,50.053,5.14,9.59,1.17,4.7,106.43,10.35,112.55,99.92,5.34,11.23,1.17,5.34,112.9,10.14,107.9,106.22
T5,50.2,5.52,11.45,1.07,5.03,101.88,10.37,117.52,97.32,5.82,10.11,1.07,4.89,96.79,10.71,102.61,100.99
T7,50.377,5.54,9.95,0.98,4.83,109.25,10.84,105.91,99.15,5.43,10.79,1.05,4.72,99.26,11.22,106.56,102.27
T9,50.45,5.2,11.13,1.1,4.99,96.87,11.11,108.64,95.82,4.85,9.68,1.03,4.99,93.29,10.6,114.33,98.88
T9,50.601,5.26,10.29,1.13,5.53,106.29,10.74,100.46,98.77,5.47,10.2,1.08,5.01,97.97,9.93,112.06,92.9
T8,50.72,5.47,10.29,1.01,4.82,106.79,10.62,97.11,103.87,5.14,9.86,0.97,4.93,105.93,9.96,103.42,100.21
T5,50.758,5.16,10.14,1.02,5.01,101.4,11.64,118.65,95.33,5.87,10.07,1.1,5.17,108.75,10.72,115.76,102.83
T5,50.781,5.31,11.31,1.08,5.5,103.22,11.1,106.65,93.03,5.6,11.35,1.17,5.16,93.25,10.04,118.52,93.56
T3,50.863,5.12,10.19,1.05,5.67,97.49,9.87,115.66,112.09,5.82,10.26,1.02,5.88,104.93,10.18,101.42,98.38
T3,51.177,5.9,11.25,1.05,5.45,92.91,10.82,102.36,100.54,5.08,10.5,1.03,5.76,98.62,9.71,115.24,105.32
T8,51.279,5.55,10.39,0.98,5.24,111.1,10.62,102.41,106.84,5.88,10.12,1.13,5.55,106.2,11.32,105.05,109.74
T4,51.314,5.76,9.87,1.11,4.92,106.95,10.95,112.42,116.83,5.86,9.82,1.13,5.47,100.01,10.66,108.55,113.75
T6,51.481,5.07,10.37,1.14,5.15,105.68,9.91,101.94,98.86,5.44,10.46,1.01,4.89,101.8,10.92,112.85,97.95
T2,51.624,5.6,11.3,1.07,5.33,104.45,10.59,112.69,95.23,5.25,11.3,0.96,5.44,116.95,10.57,110.68,94.88
T7,51.701,5.0,10.32,0.94,4.9,102.92,9.8,111.5,98.04,5.05,10.57,0.96,4.83,115.55,11.22,111.67,104.64
T9,51.805,5.06,10.14,1.14,5.68,101.56,10.53,116.59,103.94,5.29,9.75,1.15,5.5,94.89,9.96,105.56,102.4
T1,51.985,5.33,9.84,1.01,4.62,102.73,10.34,104.32,92.52,4.93,10.13,1.12,4.95,108.85,10.35,98.59,95.24
T7,52.217,5.69,10.03,1.05,5.17,114.76,10.56,106.87,96.54,5.44,11.44,1.08,4.98,106.29,9.79,108.9,113.44
T8,52.22,5.7,11.33,1.04,5.37,94.62,9.95,100.83,104.08,5.46,11.49,1.03,4.95,96.68,10.3,99.88,97.47
T1,52.269,5.53,10.63,1.13,4.81,106.98,10.33,104.86,100.55,5.38,9.59,1.14,5.26,95.8,11.16,99.02,103.78
T9,52.483,5.02,11.11,1.14,4.97,99.64,10.41,102.38,105.12,4.9,9.95,1.02,5.31,109.36,11.58,101.04,92.86
T7,52.569,5.19,11.18,1.1,4.82,107.72,11.42,101.49,104.49,5.62,11.52,1.0,5.44,113.11,10.37,106.05,113.03
T5,52.723,5.21,11.04,1.08,5.5,95.15,10.05,109.45,92.98,5.82,11.18,1.1,5.17,101.78,11.78,115.75,98.54
T9,52.763,4.79,10.65,1.09,5.0,100.38,9.93,103.89,93.6,4.94,11.25,1.03,5.0,102.85,11.32,102.5,108.23
T6,52.803,5.42,10.89,1.04,5.13,114.68,10.05,109.7,113.31,5.38,10.25,1.17,5.15,113.62,10.56,100.7,101.12
T2,52.9,5.54,10.22,0.98,4.93,99.04,10.94,102.53,107.72,4.76,10.82,1.06,5.51,116.84,11.2,100.69,100.66
T2,52.985,5.6,10.85,1.13,4.91,112.93,10.71,102.88,96.21,5.03,9.65,1.11,5.31,112.24,10.73,109.06,106.28
T3,53.013,5.84,10.17,0.98,5.85,101.77,9.57,116.41,108.01,5.47,11.37,1.04,5.11,103.44,10.23,110.43,99.88
T9,53.29,4.9,11.1,1.18,5.41,109.87,9.93,114.52,94.59,4.68,11.25,1.15,5.1,108.45,9.97,101.86,107.24
T9,53.523,5.21,10.9,1.08,4.89,94.54,10.36,109.2,106.26,4.73,11.38,1.18,4.89,98.53,10.66,99.35,102.83
T1,53.567,5.1,10.44,0.98,4.81,112.69,11.34,98.95,101.53,5.0,10.09,1.06,5.19,109.31,10.16,108.86,104.13
T7,53.587,5.73,11.12,1.1,4.9,115.32,10.39,98.8,101.3,5.57,11.31,1.07,4.67,99.94,10.48,102.49,98.24
T7,53.591,5.09,11.1,1.03,4.67,104.87,11.03,105.92,98.99,5.37,9.89,1.08,4.86,103.16,10.51,106.87,111.14
T1,53.637,5.4,10.95,1.01,4.81,107.18,11.38,104.86,103.0,4.66,9.31,1.1,4.8,102.47,11.51,100.15,97.34
T3,53.999,5.5,11.23,1.02,5.0,105.4,9.95,109.66,112.66,5.78,10.72,1.02,5.56,97.62,10.78,111.92,98.06
T2,54.042,4.76,10.47,1.13,4.78,110.71,11.21,105.13,102.74,4.92,10.12,1.03,5.52,101.6,11.38,104.72,99.63
T6,54.084,5.52,10.08,1.01,4.86,99.41,11.15,111.3,104.57,5.31,10.99,1.0,4.7,102.68,11.18,107.43,100.22
T3,54.199,5.02,10.44,1.08,5.47,109.85,10.42,109.54,99.95,5.66,9.96,0.98,5.43,93.18,10.1,117.32,104.54
T5,54.221,5.97,9.96,1.02,4.9,92.43,11.78,103.3,108.73,5.21,9.92,1.02,4.84,96.01,10.19,117.92,99.57
T10,54.38,5.39,10.81,1.13,5.79,101.21,9.7,107.43,101.27,4.63,9.4,1.12,5.2,99.9,9.53,105.97,109.02
T5,54.454,5.73,11.24,1.17,4.99,101.6,11.45,106.64,94.34,5.46,9.86,1.16,5.48,99.41,10.69,117.56,96.02
T2,54.455,5.52,9.57,1.13,5.42,114.3,10.03,109.88,95.06,5.05,9.56,1.05,5.05,109.15,10.74,101.33,97.38
T7,54.483,5.7,10.6,1.08,5.04,110.72,9.99,110.67,98.48,5.42,9.85,1.0,5.09,112.68,11.22,110.61,102.83
T10,54.852,4.75,10.67,1.13,5.22,103.15,9.92,118.68,103.98,5.2,9.19,1.07,4.99,107.18,9.96,112.32,98.34
T8,55.154,5.36,10.67,1.1,5.68,101.44,10.31,101.56,101.02,5.36,9.85,1.05,4.96,107.82,10.66,92.07,108.1
T9,55.387,5.16,10.63,1.09,4.92,103.21,11.38,105.86,97.45,5.06,11.1,1.11,5.61,106.56,10.52,101.19,94.64
T2,55.396,5.1,9.95,0.97,4.92,115.92,10.55,116.08,111.26,5.18,9.65,1.12,4.81,113.1,9.84,104.7,107.64
T6,55.425,4.95,9.63,1.13,4.98,99.48,10.58,103.51,106.32,5.11,11.28,1.13,5.28,113.81,10.86,110.47,105.18
T3,55.737,5.42,10.75,1.11,5.3,101.8,10.04,110.81,111.11,5.24,11.57,1.05,5.16,100.34,10.43,112.93,113.55
T3,55.755,5.84,9.88,1.07,5.62,108.51,10.38,112.65,115.95,5.32,10.98,1.03,5.23,109.0,10.26,114.01,99.48
T7,55.823,5.75,10.97,1.04,4.9,107.76,10.47,116.21,105.18,5.54,10.29,0.97,5.11,101.8,10.26,111.96,98.83
T2,55.847,5.12,9.69,1.13,5.11,106.17,10.9,118.39,95.54,5.04,11.21,1.14,5.4,103.68,10.2,105.45,95.64
T2,55.854,5.41,11.04,1.04,4.78,99.4,11.01,116.1,95.03,5.3,11.06,1.14,4.8,105.8,11.02,113.12,97.26
T4,55.928,5.86,10.78,1.06,5.32,104.58,11.03,104.03,99.74,5.49,10.75,1.02,5.62,112.72,9.92,102.34,111.96
T10,56.096,5.39,10.32,1.08,4.98,96.41,10.82,117.78,101.13,5.09,9.36,1.02,5.36,104.9,9.55,107.69,111.84
T6,56.142,5.26,10.66,1.17,5.35,112.55,11.1,114.89,99.18,5.66,10.32,1.18,5.5,100.15,10.5,102.75,115.69
T9,56.244,4.88,10.25,1.05,4.98,103.67,11.54,115.48,94.73,5.23,10.12,1.14,5.33,96.77,11.45,114.36,105.41
T7,56.394,5.23,10.06,1.09,5.2,116.68,10.09,103.37,97.46,5.5,10.13,1.06,5.28,107.32,10.87,116.32,101.67
T6,56.443,5.14,9.53,1.06,4.82,106.57,10.62,108.03,111.51,5.69,9.54,1.01,5.34,112.71,9.88,113.21,106.04
T7,56.459,5.32,11.48,1.12,5.08,113.29,11.1,110.9,108.22,5.69,10.39,1.11,5.03,110.94,9.82,116.58,107.95
T2,56.473,4.86,10.54,1.02,5.57,99.91,9.79,112.09,95.07,5.42,9.83,1.09,5.38,106.67,10.76,118.58,110.0
T2,56.485,5.48,9.64,1.1,4.81,98.7,10.44,114.32,98.96,5.54,10.18,1.0,5.34,105.66,11.5,109.46,102.58
T9,56.901,5.54,11.16,1.07,4.94,101.97,11.47,108.34,101.65,5.44,10.83,1.13,5.16,98.42,10.26,101.32,105.68
T5,56.903,5.23,10.46,1.0,4.92,102.61,10.34,113.58,92.22,5.42,11.21,1.14,4.81,93.36,11.03,116.84,108.39
T7,56.929,5.1,10.01,0.95,5.19,115.57,10.87,109.44,105.37,5.36,10.91,1.06,5.07,107.43,10.31,100.26,96.35
T9,56.941,5.26,9.69,1.1,5.65,102.75,10.25,113.2,101.44,5.41,11.26,1.06,4.84,94.39,9.9,110.99,101.63
T10,56.968,5.0,10.66,1.02,4.92,101.29,10.64,116.85,112.06,5.4,10.11,1.06,5.41,108.92,10.53,112.85,107.81
T10,56.994,4.61,9.42,0.97,5.08,101.26,9.13,107.69,97.79,4.69,9.79,1.05,5.0,105.81,9.76,102.59,100.52
T3,57.036,5.64,11.38,1.13,5.76,93.04,10.5,99.23,98.98,5.8,10.97,1.15,5.84,107.69,9.88,104.43,107.03
T8,57.087,5.58,9.9,1.11,5.05,100.26,10.75,91.95,100.83,5.81,10.12,0.98,5.56,98.24,10.75,99.32,107.94
T5,57.093,5.82,11.61,1.09,4.81,96.0,10.54,103.78,93.16,5.97,10.19,1.13,5.06,98.12,11.54,117.66,108.47
T8,57.152,5.64,9.86,1.12,5.57,110.22,11.18,97.04,94.76,5.14,11.51,1.13,5.47,101.03,10.44,99.04,97.66
T8,57.175,5.32,10.6,0.97,5.54,104.37,9.83,91.6,96.53,5.94,11.11,1.12,4.94,107.82,11.32,93.04,94.28
T3,57.328,5.0,11.51,1.04,5.79,105.39,9.87,107.75,107.85,5.78,10.09,1.03,5.71,105.16,10.77,105.84,100.39
T3,57.44,5.16,10.76,0.99,5.78,94.44,9.57,103.82,105.71,5.63,9.84,0.97,5.06,105.16,10.24,115.18,104.2
T10,57.783,5.23,10.41,0.98,5.55,99.76,10.62,110.11,107.42,5.17,10.76,1.14,5.12,107.14,10.37,105.63,105.17
T5,57.819,5.33,9.85,1.0,5.62,98.3,11.38,116.95,98.76,5.14,11.35,1.01,5.41,96.74,10.19,108.27,109.34
T3,57.876,5.17,10.08,1.05,5.15,98.47,9.47,113.12,115.94,5.53,10.23,1.04,5.57,101.96,9.99,105.51,113.83
T6,57.916,5.83,9.55,1.18,5.05,110.3,10.67,114.06,109.64,5.84,9.65,1.15,5.05,107.01,11.25,109.18,113.73
T5,58.059,5.85,10.18,1.16,4.87,99.31,11.18,103.2,108.2,5.83,10.16,1.02,5.61,105.18,11.38,107.4,93.64
T9,58.131,5.48,10.72,1.13,5.66,104.93,10.26,107.25,102.3,4.89,11.35,1.15,5.14,110.06,9.87,104.06,96.62
T9,58.332,4.98,10.68,1.13,5.24,109.55,10.92,112.68,108.1,5.46,9.86,1.06,5.54,93.74,10.23,100.43,99.14
T1,58.382,5.24,10.85,1.12,5.13,104.15,10.99,100.72,101.32,5.03,10.62,1.09,5.24,111.94,11.57,105.4,104.86
T2,58.407,5.08,10.84,0.97,4.97,101.48,11.14,104.48,106.43,5.19,10.76,1.1,5.41,109.65,11.32,118.29,102.06
T6,58.622,5.53,9.76,1.02,5.26,113.42,10.76,104.7,104.66,5.58,9.56,1.17,5.0,105.53,11.56,108.01,98.48
T4,58.827,5.4,9.9,1.07,5.38,102.36,10.32,107.56,116.4,5.17,10.24,1.0,5.18,116.57,10.06,101.35,114.6
T8,58.933,5.8,10.07,1.1,5.18,99.3,10.0,101.93,96.53,5.57,10.91,1.0,5.2,109.72,10.54,95.55,99.5
T6,59.077,5.04,10.14,1.01,5.34,112.3,11.12,101.94,103.83,5.63,10.98,1.1,5.22,109.74,11.56,105.84,105.99
T6,59.29,5.29,10.04,1.08,4.7,105.93,10.22,98.22,111.11,5.16,11.22,1.08,5.12,104.66,10.85,99.26,106.72
T8,59.292,5.88,11.49,1.01,5.0,107.87,10.91,103.0,110.5,5.61,11.2,1.04,4.82,104.91,10.74,106.8,106.15
T7,59.343,4.89,10.0,1.11,5.19,116.52,11.38,113.28,96.53,5.67,11.01,0.97,5.44,108.56,11.1,111.14,111.38
T3,59.347,5.15,10.56,1.05,5.77,108.34,10.4,110.87,108.89,5.07,11.34,1.08,5.22,97.91,9.63,104.59,113.2
T1,59.361,4.74,9.5,1.06,5.41,100.33,9.88,110.93,97.13,5.46,10.07,1.1,5.35,106.83,11.38,104.21,98.08
T6,59.47,5.23,9.52,1.07,5.14,110.87,10.68,97.79,114.11,5.84,10.85,1.17,5.0,109.53,11.16,98.64,108.24
T3,59.491,5.36,11.35,1.01,5.84,105.51,10.82,113.11,115.94,5.22,10.04,1.1,5.2,93.26,10.77,113.24,114.09
T9,59.564,5.07,9.99,1.04,4.88,100.73,11.41,104.59,101.62,5.37,10.17,1.14,5.43,96.62,11.44,100.43,97.0
T8,59.578,5.73,11.27,1.1,4.94,108.88,11.46,95.19,109.99,5.93,11.13,1.0,4.91,101.5,10.24,101.42,107.74
T6,59.586,5.42,10.72,1.0,5.34,102.95,10.93,110.71,107.02,5.22,11.17,1.05,5.41,99.3,11.41,102.26,98.62
T2,59.857,5.0,11.28,1.02,5.46,111.56,11.45,107.89,101.42,5.43,10.07,1.03,5.44,112.92,9.99,118.49,108.34
T9,59.887,5.44,10.73,1.14,5.04,105.03,11.39,114.24,97.27,5.06,10.09,1.06,5.55,93.4,10.26,107.99,107.69
T2,59.903,5.61,10.84,1.14,4.81,104.08,10.67,108.77,95.21,5.56,9.64,1.04,5.24,106.4,9.91,107.57,107.53
T2,59.948,5.42,10.3,1.14,5.48,106.51,10.41,101.46,105.67,4.75,9.57,1.12,5.19,106.17,11.55,111.64,99.69
T3,59.985,5.72,10.25,1.04,5.47,102.53,10.91,114.93,101.56,5.1,10.12,1.13,5.48,103.96,11.04,108.44,105.71
T4,60.002,5.84,11.31,1.02,5.68,115.08,9.61,107.3,102.26,5.79,10.09,1.14,5.51,116.68,9.69,109.64,118.07
T5,60.037,5.46,10.61,1.12,5.34,108.6,10.44,112.68,108.37,5.21,10.28,1.07,5.36,100.29,11.79,118.79,96.14
T4,60.048,5.81,10.18,1.14,5.8,113.71,9.53,111.22,110.58,5.8,10.8,1.13,5.14,106.46,10.19,113.53,101.76
T5,60.056,5.03,11.17,1.16,5.54,98.9,11.85,105.51,96.1,5.39,10.48,1.16,5.3,98.89,10.33,114.14,92.56
T8,60.237,5.35,11.16,1.13,4.92,97.42,9.78,97.52,103.93,5.08,9.87,1.07,5.52,98.9,10.33,94.66,98.39
T4,60.464,5.24,10.7,1.14,5.5,100.66,9.71,104.68,114.42,5.13,10.56,1.13,5.67,100.05,9.46,117.66,117.33
T7,60.638,5.17,10.32,0.95,5.22,115.76,10.16,108.3,112.2,5.41,11.18,1.06,5.07,112.45,11.33,111.89,99.79
T7,60.788,4.91,10.02,1.0,4.86,116.56,10.83,100.72,100.6,5.49,11.11,0.99,5.4,102.6,11.39,109.35,113.62
T6,60.896,5.57,10.63,1.09,4.65,108.16,10.12,99.03,107.64,5.33,9.64,1.0,5.17,97.84,11.57,111.71,111.34
T3,61.378,5.47,10.91,1.09,5.21,92.94,10.18,112.32,106.64,5.59,11.62,1.13,5.45,96.57,9.39,107.9,111.7
T9,61.382,5.2,11.02,1.07,4.99,96.27,11.52,102.03,95.2,5.04,10.26,1.09,5.03,93.39,10.89,108.45,105.6
T1,61.428,5.0,10.59,1.04,5.07,100.78,10.54,108.42,102.73,4.93,9.98,1.14,4.88,95.94,10.8,98.83,98.95
T2,61.446,5.34,10.78,1.03,5.09,98.74,9.87,117.44,111.56,4.85,10.24,1.03,4.93,104.45,11.0,110.33,102.93
T5,61.533,5.08,11.26,1.14,5.16,94.64,10.41,116.5,93.64,5.52,11.4,1.11,5.06,105.46,11.72,106.0,101.98
T3,61.599,5.86,10.54,0.98,5.43,101.88,10.15,99.36,100.54,5.31,9.83,1.01,5.17,107.66,9.88,116.02,112.3
T3,61.61,5.09,10.73,0.98,5.49,106.45,9.63,107.71,113.1,5.32,10.35,1.04,5.78,93.88,11.12,109.9,101.97
T6,61.722,5.37,9.62,1.09,4.66,110.6,10.52,103.62,113.06,5.56,9.84,1.04,5.5,111.95,10.72,114.28,112.18
T3,61.779,5.36,11.61,1.12,5.13,99.83,10.92,116.09,105.96,5.1,11.25,0.98,5.3,105.17,9.86,107.28,112.27
T3,61.849,5.45,11.5,1.07,5.68,98.05,9.48,107.72,98.58,5.63,11.42,1.14,5.56,97.74,10.21,114.64,100.06
T5,61.867,5.54,10.66,1.07,5.06,96.74,11.24,111.1,103.11,5.89,10.99,1.12,5.32,107.19,11.53,115.04,108.4
T4,61.931,5.33,10.18,1.13,5.43,104.4,9.62,110.74,118.04,4.98,9.76,1.15,5.3,115.2,10.29,109.12,117.46
T10,62.084,5.36,9.92,1.02,5.55,109.12,10.34,109.98,108.19,4.6,9.83,1.11,5.6,104.26,10.14,119.31,104.05
T9,62.101,4.68,10.65,1.19,5.44,100.96,11.33,111.48,94.21,5.52,11.23,1.08,4.92,105.86,11.53,107.7,97.69
T8,62.186,5.85,10.54,1.11,5.04,109.58,9.89,91.62,98.32,5.49,9.89,1.01,5.58,109.3,10.25,96.18,106.8
T4,62.348,5.52,11.24,1.14,5.55,103.88,10.9,109.34,100.13,5.14,10.88,1.07,5.0,107.14,10.54,102.83,115.9
T2,62.43,5.62,10.88,1.01,4.86,99.84,10.57,110.17,100.96,4.97,9.97,1.04,4.95,102.16,11.29,116.1,97.97
T8,62.462,5.12,11.62,1.11,5.34,106.65,10.43,101.79,94.81,5.3,9.85,1.12,5.51,94.85,10.55,103.47,101.76
T4,62.505,5.54,10.79,1.14,5.59,117.44,9.67,100.08,112.45,5.27,10.15,1.08,5.6,112.63,10.78,115.32,107.24
T3,62.627,5.81,11.38,1.09,5.88,93.49,10.18,103.03,103.06,5.88,9.79,1.06,5.25,98.25,10.88,105.55,109.52
T3,62.664,5.15,9.9,1.11,5.36,95.07,9.97,105.84,113.2,5.1,11.18,1.07,5.38,108.76,10.89,115.41,113.24
T8,62.667,5.9,11.12,0.96,5.33,111.85,10.94,97.31,101.86,5.03,10.1,1.06,5.0,96.7,10.6,104.97,100.83
T8,62.721,5.4,11.17,1.1,5.27,101.86,10.53,102.24,101.39,5.1,10.58,1.11,4.89,100.81,10.24,102.81,93.9
T9,62.725,4.86,11.29,1.17,5.68,95.13,10.11,115.08,93.66,5.41,11.29,1.19,5.12,108.87,10.98,104.96,100.19
T7,62.82,5.33,9.82,0.97,5.37,103.35,9.94,112.01,101.4,5.6,10.63,1.1,5.34,116.11,10.91,108.32,112.08
T2,62.909,4.83,9.69,0.98,5.44,116.68,11.03,106.49,99.14,5.61,10.54,1.03,5.0,105.79,10.18,109.1,111.43
T8,62.938,5.82,10.01,0.96,5.04,106.65,11.3,106.25,97.9,5.82,10.97,1.08,5.57,94.67,10.52,102.24,98.68
T9,62.97,5.4,10.69,1.12,5.12,96.47,10.21,99.79,102.3,4.8,10.34,1.13,5.36,93.65,11.24,100.72,108.0
T8,63.004,5.3,10.69,1.02,5.54,94.52,10.99,106.56,109.43,5.33,11.24,1.08,5.04,95.09,10.45,102.51,98.07
T2,63.006,5.41,10.53,1.0,4.91,109.59,11.36,113.37,102.14,5.15,11.04,1.11,5.44,103.58,10.55,114.59,111.22
T2,63.133,5.22,10.15,1.07,5.34,99.56,10.66,110.72,95.09,5.51,10.35,1.02,4.93,105.0,11.27,105.88,106.75
T4,63.217,4.98,10.95,1.0,5.69,103.78,9.36,101.12,114.66,5.41,10.3,1.04,5.28,116.0,10.97,107.14,112.45
T10,63.306,4.97,9.67,1.05,5.3,104.74,9.58,113.4,109.87,5.09,9.57,0.97,5.07,103.48,9.3,119.31,103.09
T5,63.414,5.6,10.91,1.09,5.09,104.15,11.34,113.57,108.98,5.75,11.38,1.14,4.85,101.51,10.23,101.22,98.02
T8,63.468,5.53,11.1,1.09,5.22,104.2,11.22,92.64,107.01,5.05,11.21,1.06,5.24,102.9,9.94,104.19,97.76
T8,63.718,5.79,11.07,1.08,5.32,104.39,10.46,106.29,106.68,5.24,11.07,1.08,5.45,103.85,10.18,96.87,101.13
T10,63.737,4.64,10.9,1.0,5.71,93.07,10.71,114.35,104.98,4.76,10.14,1.01,5.58,96.83,10.19,101.45,104.52
T8,63.828,5.73,10.62,1.0,5.5,111.1,9.87,92.98,97.82,5.15,11.36,1.0,4.88,109.9,10.25,102.34,96.48
T9,63.917,5.14,10.5,1.17,5.11,97.37,10.62,110.88,92.4,5.0,9.76,1.03,4.92,107.63,10.04,113.44,101.74
T6,63.948,5.49,9.89,1.06,4.94,105.05,10.4,98.04,104.22,5.65,10.15,1.09,4.91,110.87,11.34,105.83,113.16
T3,64.087,5.69,10.24,1.09,5.85,93.78,9.39,113.89,100.54,5.66,11.53,1.04,5.33,103.96,10.06,100.23,115.28
T10,64.131,5.32,10.2,1.05,5.84,94.13,10.5,112.87,105.66,4.74,9.34,1.03,5.65,109.4,10.2,110.27,95.76
T6,64.165,5.84,9.95,1.05,4.9,97.91,11.41,113.63,106.91,5.13,10.8,1.12,5.26,100.37,11.43,98.5,114.44
T2,64.367,5.56,9.98,0.99,4.86,103.72,10.28,116.01,95.03,5.41,10.73,1.03,4.75,110.1,10.78,114.87,100.47
T8,64.43,5.34,10.7,0.99,5.38,95.53,10.28,96.85,103.09,5.53,11.13,0.99,5.13,101.41,10.49,96.99,97.82
T1,64.538,4.68,10.68,1.1,5.0,104.12,11.68,98.19,103.98,4.66,10.19,1.05,5.32,95.08,9.99,103.38,93.71
T1,64.567,5.47,9.98,1.07,5.08,101.33,11.07,108.87,97.66,5.45,10.47,1.06,4.83,104.54,11.37,104.36,99.4
T8,64.702,5.55,10.23,1.0,5.53,104.69,11.41,100.22,101.98,5.82,10.4,0.98,5.09,107.8,10.75,92.57,101.85
T2,64.847,5.27,10.38,1.13,4.92,99.21,10.25,112.52,97.03,4.79,9.82,1.11,5.47,104.72,10.02,110.51,109.08
T8,64.967,5.29,11.43,1.09,4.99,107.42,10.18,97.37,102.46,5.15,10.04,1.01,5.36,95.48,10.74,105.11,102.5
T1,65.1,4.85,10.16,0.97,5.03,106.98,10.43,103.03,96.92,5.17,9.8,1.06,5.32,104.64,10.74,96.6,100.52
T5,65.416,5.54,11.38,1.11,4.95,96.18,10.73,104.1,106.18,5.26,10.22,1.17,5.35,101.6,11.52,108.23,103.08
T10,65.878,4.89,10.27,1.07,5.18,95.9,10.65,113.88,106.52,5.04,9.25,0.96,5.83,92.79,9.67,102.88,96.53
T10,65.924,4.86,10.6,1.13,5.46,99.77,9.69,112.11,111.18,4.65,9.8,0.96,5.35,96.78,10.51,110.81,98.34
T7,65.95,5.52,10.35,1.09,5.2,109.43,10.93,107.58,96.65,5.43,10.64,1.06,5.3,111.42,11.11,101.08,113.5
T9,65.971,5.52,11.34,1.19,5.43,97.42,11.5,116.2,101.6,4.74,10.05,1.15,5.01,95.88,11.31,109.45,103.63
T7,65.993,5.18,10.78,0.95,4.74,105.49,10.28,106.55,107.89,5.13,10.66,1.0,5.2,106.34,10.59,110.8,95.97
T9,66.077,4.98,11.02,1.08,5.02,96.19,11.12,99.74,98.96,5.13,11.11,1.04,5.14,110.42,11.53,102.54,105.11
T2,66.238,5.34,10.94,1.09,5.46,115.79,9.82,119.12,105.68,5.42,11.07,1.12,5.59,115.13,11.12,105.82,110.44
T1,66.253,4.7,10.34,1.15,4.82,103.31,9.94,114.4,98.57,5.43,10.67,1.07,5.16,103.75,10.92,107.87,107.8
T3,66.263,5.12,11.34,1.05,5.66,104.99,10.63,104.54,107.36,5.39,10.09,1.06,5.27,95.99,10.79,98.9,110.5
T8,66.289,5.73,10.29,1.1,4.81,105.54,11.44,103.34,96.02,5.03,10.29,1.06,4.97,99.67,10.21,100.86,95.04
T6,66.417,5.8,10.03,1.09,4.85,98.15,10.62,105.8,103.49,5.14,10.63,1.06,4.78,106.33,10.49,108.93,109.64
T6,66.46,5.33,9.67,1.18,5.0,109.68,11.32,106.37,109.98,5.7,10.36,1.14,5.46,113.23,11.44,111.53,114.94
T7,66.468,5.65,10.28,1.02,4.93,110.15,10.71,98.87,110.83,4.99,11.33,1.11,5.11,112.26,10.09,111.45,104.45
T2,66.566,5.04,9.61,1.02,5.13,114.34,10.38,109.21,107.21,5.18,9.86,1.13,5.58,105.38,10.25,109.75,101.94
T8,67.026,5.65,10.41,0.96,5.4,109.9,10.04,94.95,111.1,5.12,10.22,0.99,5.33,109.54,10.74,93.44,109.91
T2,67.031,4.87,9.99,1.12,5.35,113.26,11.34,105.29,106.78,5.58,10.14,1.01,5.51,104.25,11.57,110.86,98.76
T6,67.046,5.1,11.29,1.02,4.77,111.15,10.18,111.96,109.64,5.05,10.34,1.14,5.16,111.36,10.55,114.02,99.97
T8,67.085,5.05,10.22,1.09,5.38,101.15,10.0,91.62,93.94,5.48,11.09,1.11,5.09,103.66,9.96,92.87,108.48
T5,67.177,5.3,11.55,1.03,5.37,102.46,11.39,104.28,95.08,5.37,11.09,1.09,5.41,93.29,11.28,101.84,98.54
T5,67.184,5.36,11.47,1.18,5.41,106.53,11.9,108.77,93.67,5.5,10.46,1.06,5.17,93.36,11.66,105.24,99.44
T2,67.296,4.77,10.94,1.09,5.05,115.69,11.27,114.03,107.64,5.42,10.12,1.05,5.03,108.16,10.45,105.99,111.12
T4,67.478,5.2,10.27,0.99,5.82,103.54,10.44,116.53,108.94,5.43,10.43,1.06,5.63,104.2,10.2,102.28,103.51
T4,67.61,5.41,9.83,1.14,5.69,115.65,10.3,111.73,115.26,5.48,11.01,1.12,5.75,102.43,10.64,114.07,106.06
T7,67.869,5.68,11.19,1.08,5.47,111.9,10.2,99.64,96.6,5.65,10.13,1.12,4.75,117.55,10.26,113.93,104.35
T9,67.982,5.02,11.38,1.2,4.98,103.25,9.92,101.28,107.05,4.96,10.72,1.15,5.59,109.94,10.78,107.38,95.32
T4,68.082,5.2,10.76,1.13,4.93,111.65,10.83,109.34,118.24,5.65,10.26,1.08,5.54,101.03,10.12,113.38,118.04
T8,68.128,5.12,11.5,1.07,4.98,105.3,10.89,98.67,109.98,5.57,10.29,1.09,5.64,107.15,11.32,95.72,105.44
T2,68.337,5.12,11.07,1.1,4.97,99.79,10.59,114.92,94.83,5.2,10.97,1.08,5.34,111.33,10.89,109.75,95.36
T1,68.374,5.28,10.76,1.13,4.94,97.05,10.09,98.27,95.4,5.31,9.76,0.97,5.16,109.73,10.34,111.08,106.97
T2,68.595,4.96,9.9,1.08,5.22,109.56,10.74,108.78,102.34,5.11,10.74,1.03,4.72,99.25,10.87,109.8,104.06
T9,68.601,5.54,10.19,1.04,5.32,96.75,11.09,100.52,93.8,4.73,9.68,1.13,5.71,101.6,10.59,101.09,96.41
T8,68.752,5.61,11.16,1.07,5.58,110.63,10.17,99.78,95.24,5.58,11.5,1.07,5.14,107.78,10.83,104.1,106.22
T2,68.85,5.07,10.04,1.09,5.41,105.59,10.76,117.47,111.85,5.06,9.63,1.02,4.95,113.8,11.23,117.29,104.97
T5,68.936,5.91,11.64,1.05,5.23,101.86,11.18,109.42,105.36,5.78,11.14,1.08,4.79,105.74,10.64,110.59,96.72
T1,69.026,4.84,9.32,0.98,4.82,104.62,11.54,107.98,92.89,5.46,9.28,1.01,5.05,100.58,11.48,110.63,96.91
T9,69.072,5.03,10.03,1.16,5.0,104.5,11.64,100.39,102.92,5.39,11.0,1.01,4.96,110.42,11.64,104.98,100.38
T10,69.274,4.74,10.15,1.02,4.93,102.98,10.08,105.51,101.69,5.07,10.13,1.09,5.17,96.42,10.74,117.79,101.91
T6,69.284,5.45,10.81,1.16,5.2,106.28,11.49,114.24,107.3,5.18,9.7,1.01,5.16,105.92,11.55,108.72,101.26
T7,69.431,5.12,11.51,1.07,4.63,103.48,10.31,108.07,110.48,5.61,10.81,1.02,4.92,108.25,10.84,106.16,98.23
T9,69.705,5.46,11.29,1.05,5.53,107.62,11.25,108.37,95.39,4.72,9.64,1.06,4.83,99.32,10.31,106.93,106.09
T2,69.791,5.45,11.22,1.06,4.94,101.7,10.28,104.72,98.15,4.85,10.49,1.11,4.72,106.97,11.53,100.6,99.36
T1,69.958,5.2,10.44,1.05,5.15,106.73,10.04,111.13,96.16,5.43,9.92,1.12,5.3,107.98,11.17,100.56,98.64
T5,69.999,5.76,11.12,1.13,5.1,95.86,10.78,113.05,102.26,5.67,10.65,1.08,5.62,99.67,11.66,101.97,92.62
T2,70.011,5.02,10.75,0.97,4.8,99.89,10.66,101.86,108.44,4.89,11.07,1.11,5.15,106.37,9.94,111.89,94.51
T5,70.1,5.91,10.5,1.14,4.94,102.96,10.48,118.04,95.79,5.88,9.98,1.12,5.18,108.86,11.72,101.36,101.01
T8,70.264,5.05,11.3,1.03,5.28,95.42,10.74,108.23,93.83,5.6,11.4,1.11,5.67,100.46,9.9,95.25,96.88
T4,70.303,5.48,10.43,1.15,5.56,100.78,10.92,99.62,109.77,5.31,10.44,1.13,5.25,111.66,10.64,116.35,105.81
T6,70.39,5.73,9.62,1.18,5.01,100.9,9.99,110.36,97.93,5.34,11.14,1.07,4.87,101.09,11.34,105.42,115.52
T7,70.468,5.51,10.92,1.1,4.91,115.24,11.3,114.08,97.13,5.46,10.92,1.07,4.75,106.86,11.55,106.55,111.94
T2,70.507,5.29,10.6,1.07,4.96,114.02,10.4,107.04,100.41,5.45,10.34,1.05,5.44,114.45,11.1,104.15,106.88
T9,70.556,4.76,10.32,1.1,4.87,93.89,11.39,112.49,96.28,4.79,11.15,1.12,5.38,109.47,11.45,108.64,108.72
T10,70.766,4.86,10.91,0.99,5.07,93.66,10.85,111.9,96.6,4.85,9.93,0.97,5.79,108.7,9.18,117.22,106.98
T1,70.791,5.09,9.59,1.0,5.26,98.26,10.39,112.59,99.02,4.76,10.66,0.97,5.25,100.01,10.83,111.44,104.68
T3,70.832,5.84,11.32,1.06,5.62,102.07,10.25,108.55,109.47,5.02,10.88,1.05,5.62,99.34,10.98,115.07,100.08
T10,70.867,4.83,10.13,1.14,5.73,94.58,9.66,113.0,108.62,5.05,10.38,1.13,5.41,103.88,10.72,111.9,108.65
T7,71.012,5.13,11.03,0.95,5.17,110.67,11.24,101.63,98.1,5.76,10.91,1.12,4.68,99.97,11.36,115.38,108.06
T2,71.112,5.32,10.84,1.13,4.72,111.42,10.86,112.02,103.28,5.27,11.17,1.12,5.54,104.79,9.92,105.34,94.16
T4,71.5,5.11,10.03,1.14,4.92,112.81,10.23,103.2,100.13,5.88,11.41,0.98,5.2,109.87,10.38,101.21,110.42
T1,71.605,5.28,10.31,1.13,4.87,95.17,10.32,106.93,98.38,5.18,9.6,0.98,5.09,102.57,10.34,108.95,91.62
T4,71.714,5.63,10.78,1.01,5.25,117.93,9.7,99.04,109.79,5.04,10.73,1.02,5.16,103.41,10.63,102.78,99.92
T3,71.74,5.49,10.84,1.14,5.15,95.75,10.43,112.1,106.09,5.8,10.96,1.07,5.13,108.1,10.22,110.77,106.32
T4,72.052,5.11,10.34,1.02,5.45,111.66,10.94,113.78,112.94,5.48,10.39,1.04,5.06,118.1,9.89,100.76,113.93
T6,72.111,5.7,11.22,1.04,5.26,113.18,11.0,113.16,109.3,5.51,9.77,1.17,4.71,111.95,11.38,104.06,102.69
T9,72.215,5.36,10.63,1.18,5.13,107.97,11.44,100.27,93.21,4.84,9.92,1.02,5.5,94.44,10.89,116.11,94.4
T4,72.714,5.88,10.72,1.11,4.99,110.55,9.49,108.58,102.13,5.11,9.98,1.08,5.36,115.48,10.83,111.8,117.24
T4,72.75,5.62,11.1,1.16,5.46,116.7,9.68,107.63,111.34,5.81,10.88,1.06,5.21,100.6,10.09,115.93,103.3
T9,73.003,5.33,10.34,1.01,5.2,107.94,9.9,101.61,107.13,5.01,9.62,1.14,4.84,107.44,11.64,100.85,101.97
T1,73.169,5.53,9.41,1.07,5.25,104.24,10.78,98.32,107.4,4.85,9.46,1.05,5.05,108.21,11.03,96.92,94.62
T8,73.179,5.53,10.5,1.11,5.4,104.94,11.08,94.48,106.08,5.96,10.43,0.99,5.18,110.71,9.77,99.18,95.28
T6,73.194,5.57,11.02,1.1,4.74,106.28,10.82,108.92,110.36,5.69,9.64,1.16,5.14,106.27,9.97,107.36,105.49
T3,73.243,5.34,10.46,0.98,5.03,104.19,10.77,107.54,109.35,5.54,10.06,1.12,5.88,99.09,10.55,105.56,98.88
T5,73.272,5.97,10.98,1.16,4.9,92.94,10.99,108.2,94.32,5.76,10.09,1.01,5.23,102.56,10.28,115.27,99.72
T7,73.274,5.23,11.06,0.99,4.61,112.53,11.24,114.78,104.49,5.72,10.12,0.97,5.21,107.4,10.53,110.29,102.65
T3,73.286,5.71,10.04,1.13,5.87,94.19,9.81,100.59,98.04,5.92,10.52,1.14,5.88,100.77,10.79,100.86,106.04
T6,73.378,5.1,10.7,1.09,4.98,109.09,11.25,100.41,97.99,5.29,9.84,1.09,5.44,97.51,10.39,103.2,111.46
T1,73.541,4.7,9.25,1.12,4.85,101.08,10.29,114.49,96.68,5.12,10.36,1.01,4.94,105.74,10.67,96.86,108.81
T8,73.625,5.48,11.1,1.1,5.02,97.84,11.2,99.48,109.64,5.53,10.63,1.0,5.02,104.16,9.87,101.71,99.94
T3,73.635,5.54,10.19,0.98,5.69,100.62,10.88,110.1,109.2,5.71,10.76,1.13,5.6,107.85,10.99,112.18,115.64
T1,73.686,5.27,10.69,1.11,4.72,97.37,10.21,105.32,95.7,4.88,9.25,1.01,5.42,107.29,10.33,109.26,95.9
T7,73.692,5.32,10.98,1.07,4.81,106.15,10.61,113.72,111.94,5.15,9.86,0.96,4.67,108.41,10.36,114.42,113.53
T2,73.694,5.04,11.2,1.14,4.94,114.01,10.67,101.34,94.57,4.94,9.98,0.97,5.38,105.55,10.72,111.28,106.38
T8,73.818,5.08,10.52,1.0,5.07,103.62,9.87,102.61,104.58,5.42,11.42,1.09,5.37,102.68,10.81,96.72,102.28
T2,73.902,5.44,10.79,1.06,5.26,106.42,11.1,116.03,101.96,5.58,10.38,1.07,4.82,101.32,10.6,110.09,95.67
T1,73.92,5.06,10.67,1.12,4.91,101.69,9.83,100.86,95.6,4.92,10.67,1.13,4.69,105.43,10.24,114.16,96.61
T3,74.262,5.87,10.78,1.08,5.9,100.86,10.32,116.74,106.56,5.22,10.65,1.11,5.28,108.34,10.17,103.28,106.64
T4,74.324,5.79,11.42,1.1,5.65,118.14,9.97,112.04,110.11,5.76,9.91,1.07,5.2,115.81,9.38,106.37,111.89
T5,74.525,5.42,11.53,1.17,4.78,94.15,11.01,106.0,98.87,5.73,11.15,1.12,5.03,103.88,11.2,112.02,106.06
T6,74.577,4.99,10.45,1.0,4.94,113.7,9.88,113.55,105.32,5.65,11.03,1.1,5.24,110.64,10.12,115.35,103.78
T4,74.689,5.51,10.62,1.04,5.68,110.72,10.5,108.12,104.91,5.77,9.91,1.16,5.82,107.28,9.33,109.29,105.56
T2,75.087,4.8,10.36,1.08,4.93,101.61,10.37,109.51,99.16,5.16,10.9,1.07,5.48,111.35,10.57,111.27,107.33
T7,75.291,4.88,9.87,1.0,5.14,116.42,10.21,107.84,98.04,5.13,11.18,1.08,5.29,115.76,11.06,102.06,100.82
T10,75.331,5.06,9.61,0.99,5.46,93.67,9.33,103.98,105.68,4.85,9.99,1.01,5.12,100.99,10.54,108.07,101.7
T6,75.556,5.04,9.7,1.01,5.21,113.23,11.68,112.66,97.74,5.23,9.52,1.07,4.96,104.62,11.14,101.96,99.0
T4,75.565,5.67,10.08,1.15,5.56,102.38,9.77,113.78,116.69,5.35,10.45,1.13,5.55,106.12,9.7,105.08,108.05
T9,75.683,4.78,11.1,1.1,5.73,107.26,10.88,101.32,107.88,5.48,10.91,1.11,5.22,102.49,10.04,111.31,95.55
T10,75.988,4.73,10.64,0.99,5.56,96.78,9.49,117.8,102.12,5.39,10.89,1.12,4.96,95.02,9.64,105.83,111.65
T7,76.126,5.5,10.09,1.03,5.16,113.02,10.67,107.1,102.58,5.16,10.67,0.98,5.1,108.78,11.49,111.04,111.83
T1,76.187,5.2,9.34,1.12,5.45,95.3,11.54,98.8,98.44,5.0,10.09,1.03,5.25,107.17,10.75,104.67,98.9
T8,76.603,5.85,10.56,1.12,5.06,110.63,10.42,95.25,100.83,5.24,11.6,1.09,5.17,107.8,10.72,95.35,100.52
T6,76.635,5.07,10.92,1.01,4.89,106.89,11.06,113.14,114.4,5.59,11.2,1.04,5.14,109.27,11.04,105.21,101.48
T1,76.74,5.53,10.81,1.04,4.9,111.02,10.33,109.6,100.08,5.15,10.94,1.1,4.91,103.22,11.5,112.9,93.97
T8,76.784,5.92,11.45,1.03,5.35,110.31,11.22,99.04,94.86,5.14,10.14,1.03,5.36,105.2,10.01,91.58,102.83
T1,77.035,4.78,10.59,1.01,4.81,104.5,10.29,106.37,93.91,5.5,9.62,1.02,4.96,103.48,10.81,102.42,108.26
T4,77.091,5.23,10.52,1.14,5.73,102.74,10.05,110.38,100.1,5.13,10.32,1.1,5.42,101.58,9.68,114.03,105.54
T7,77.25,5.74,10.23,1.05,4.86,102.06,11.26,102.07,97.08,5.53,10.75,0.94,4.82,101.7,10.69,107.7,109.43
T10,77.287,4.75,9.4,1.12,5.75,101.91,10.49,110.18,111.42,5.24,10.86,1.0,5.83,106.16,9.83,103.68,96.65
T5,77.356,5.8,10.88,1.11,4.94,103.85,11.11,107.25,106.69,5.09,10.77,1.05,4.97,96.01,11.54,113.3,98.17
T5,77.357,5.3,11.17,1.18,5.53,93.32,11.83,115.84,100.61,5.17,9.93,1.08,5.35,101.99,11.27,100.69,96.52
T4,77.395,5.33,11.35,1.12,5.53,117.19,10.11,105.49,105.96,5.01,10.64,1.07,5.19,117.35,10.13,99.54,117.75
T10,77.443,4.62,10.9,1.05,5.35,105.06,9.27,105.06,108.42,5.27,9.6,1.01,5.8,107.07,10.29,105.26,95.03
T5,77.515,5.78,11.33,1.18,4.9,95.37,10.97,102.77,98.11,5.68,10.86,1.1,5.08,93.38,10.54,113.21,94.18
T2,77.79,4.96,9.8,1.14,4.78,111.73,11.31,118.02,94.23,5.38,10.36,1.07,4.88,109.67,10.21,102.06,110.66
T2,77.832,5.18,10.36,1.08,4.8,110.98,10.23,112.69,104.12,4.91,9.79,1.12,5.24,112.27,10.48,106.71,111.26
T5,77.894,5.24,11.63,1.16,5.23,107.75,11.67,109.47,96.02,5.26,10.77,1.12,5.41,99.01,11.52,110.3,101.94
T10,77.966,4.61,9.47,1.12,4.92,102.65,9.57,116.11,106.51,5.42,10.34,0.96,5.76,99.78,10.64,110.85,101.04
T1,78.23,5.11,10.38,1.1,5.38,104.84,9.95,114.22,95.87,5.2,9.66,1.11,5.08,97.69,10.89,106.69,102.55
T4,78.408,5.09,10.83,1.12,5.53,113.94,10.37,112.04,103.1,5.61,9.74,1.04,5.29,107.15,9.35,109.31,103.93
T10,78.498,5.19,9.68,1.08,5.02,96.57,9.17,118.69,103.64,5.23,10.79,1.13,5.79,99.78,9.55,116.85,100.98
T1,79.047,5.21,10.26,1.14,4.74,104.25,11.64,102.85,103.26,5.11,9.63,1.06,5.1,111.83,10.44,107.79,91.75
T8,79.129,5.55,9.88,1.11,5.03,109.87,11.18,104.45,98.82,5.36,11.07,1.04,4.95,108.88,9.85,95.97,106.31
T9,79.199,4.75,10.2,1.06,5.71,93.15,10.86,110.08,107.19,4.94,11.11,1.06,5.23,100.25,10.07,116.03,107.37
T6,79.498,5.26,9.89,1.13,5.14,114.19,9.98,98.68,102.82,5.1,9.86,1.08,5.38,99.3,11.18,109.01,111.8
T1,79.611,5.3,10.2,1.14,4.65,103.42,10.76,105.57,100.22,5.01,10.79,0.98,4.72,100.04,11.64,102.74,108.44
T4,79.636,5.2,11.1,1.07,5.5,111.55,10.38,105.74,99.77,5.11,10.82,1.11,4.97,112.72,10.86,106.38,110.75
T8,79.691,5.25,10.12,1.1,5.5,95.15,10.61,103.65,106.59,5.75,10.07,1.03,5.3,102.19,11.5,94.37,100.84
T1,79.696,4.82,11.0,1.13,5.15,106.71,10.47,106.16,104.02,4.68,10.08,1.0,5.16,102.71,10.99,103.5,107.93
T1,79.75,4.96,10.33,1.01,5.26,105.57,11.4,114.22,97.34,4.86,10.38,1.09,5.12,102.47,10.48,107.2,98.08
T7,79.906,4.92,10.22,1.0,5.12,105.08,10.27,115.43,110.88,5.16,10.71,0.96,4.64,104.5,11.03,104.21,108.38
T7,79.968,5.1,10.21,1.04,4.78,111.84,9.92,106.13,112.06,5.02,10.05,1.0,4.78,106.39,11.2,112.06,98.88
T10,80.212,4.85,10.73,1.05,5.54,92.38,10.83,115.24,105.35,5.17,10.2,1.08,5.22,104.02,10.78,110.1,110.1
T1,80.274,5.14,10.46,1.08,4.89,101.67,10.41,96.44,96.37,5.53,10.38,1.1,5.0,110.04,10.3,111.8,91.8
T5,80.638,5.93,11.46,1.07,5.14,108.35,11.1,118.49,99.24,5.34,9.89,1.02,4.96,103.3,10.52,115.69,92.2
T4,80.667,5.12,10.94,1.08,5.7,103.1,9.87,112.82,114.95,5.54,10.74,1.15,5.53,105.26,9.62,108.88,111.04
T10,80.836,4.83,10.28,0.98,5.32,94.24,10.82,112.56,111.18,5.05,10.91,1.08,5.41,108.31,10.83,113.36,98.75
T9,80.875,5.51,10.71,1.05,5.29,104.53,11.29,115.39,106.78,4.69,9.98,1.01,5.18,103.29,10.48,110.77,102.26
T8,80.891,5.93,10.38,1.05,5.22,106.97,11.55,94.94,94.89,5.51,11.49,1.11,5.63,95.65,10.29,101.33,97.14
T6,81.075,5.32,9.94,1.01,5.31,102.66,11.32,104.46,110.97,5.15,10.92,1.02,5.18,103.63,9.94,105.38,107.6
T5,81.234,5.88,10.58,1.09,4.96,105.44,11.45,114.55,109.25,5.34,10.31,1.02,5.46,107.75,11.28,116.42,97.32
T4,81.248,5.79,10.1,1.05,5.73,106.46,10.43,107.33,111.58,5.45,10.96,1.08,5.21,103.99,10.33,107.62,101.17
T5,81.311,5.54,11.31,1.08,5.22,104.64,10.54,112.24,104.86,5.54,11.64,1.13,5.36,94.15,10.13,117.05,95.12
T10,81.391,4.82,10.11,1.07,5.61,93.22,9.14,108.53,97.74,5.41,9.82,1.08,5.18,93.66,10.42,110.27,108.58
T1,81.637,4.81,9.93,1.02,5.31,109.66,10.8,100.09,105.23,5.06,9.24,0.99,4.82,112.32,10.9,108.66,99.97
T10,81.659,4.89,10.15,1.07,5.22,104.9,10.5,112.53,109.15,4.71,9.54,1.1,4.95,101.06,10.33,108.69,111.48
T1,82.0,5.21,10.26,1.09,4.69,110.91,11.35,113.04,96.92,5.13,10.14,1.05,4.83,99.79,10.38,111.58,106.0
T5,82.165,5.81,11.34,1.08,5.42,109.25,11.39,102.61,108.85,5.54,9.86,1.04,4.79,105.31,11.64,109.8,98.71
T10,82.471,5.09,9.26,1.13,5.17,105.76,10.11,114.42,111.79,5.2,9.87,1.11,4.97,95.02,9.6,113.58,96.9
T5,82.635,5.5,11.08,1.1,5.07,92.92,10.35,115.05,103.16,5.18,11.11,1.03,5.53,93.62,10.34,106.52,101.25
T1,82.72,4.85,10.52,1.14,4.62,103.72,10.94,99.19,97.6,5.36,10.68,1.07,4.69,96.3,10.95,108.04,102.78
T9,82.933,5.05,11.17,1.01,5.49,94.08,10.83,99.71,104.44,5.52,10.64,1.16,5.71,103.35,10.69,104.65,97.07
T4,82.984,5.76,10.56,1.05,5.43,115.03,10.03,99.2,102.8,5.6,9.74,1.02,5.66,111.56,10.92,100.56,110.34
T8,83.179,5.31,11.61,0.97,5.43,100.56,10.36,100.02,99.78,5.61,10.74,1.0,5.14,100.58,11.59,105.9,108.7
T9,83.18,5.14,10.59,1.18,5.66,109.88,10.17,112.06,103.18,5.31,11.02,1.16,5.04,108.8,10.21,115.32,93.39
T8,83.378,5.8,11.34,1.0,5.05,111.9,9.87,101.11,100.21,5.86,11.28,1.0,5.16,106.88,10.98,103.46,105.11
T1,83.466,5.51,10.15,1.1,5.43,112.68,10.21,96.87,96.45,4.68,9.71,1.08,5.0,100.74,11.16,104.26,108.84
T1,83.557,5.12,9.43,0.99,4.65,99.32,11.44,105.08,104.92,4.82,10.08,0.98,4.91,108.45,11.5,102.63,101.51
T5,83.864,5.96,10.57,1.07,5.2,94.27,11.21,106.59,97.47,5.16,10.54,1.03,5.05,101.4,10.28,106.4,103.14
T5,84.025,5.04,10.58,1.02,5.52,106.16,10.79,115.85,108.77,5.4,11.31,1.16,4.76,95.6,11.66,104.01,103.99
T9,84.448,5.4,10.19,1.18,5.14,110.12,11.17,101.45,92.2,5.26,9.95,1.19,5.38,107.84,11.34,111.45,92.37
T5,84.837,5.06,11.28,1.16,5.08,106.0,10.57,115.33,98.02,5.69,10.99,1.12,5.39,94.77,10.51,102.49,106.72
T8,84.876,5.45,10.76,0.96,5.55,102.47,11.5,94.67,102.48,5.75,9.92,1.12,5.4,96.27,11.08,106.52,105.08
T4,84.887,5.75,10.97,1.09,5.16,115.04,10.49,102.66,112.42,5.54,10.72,1.08,5.55,105.62,10.6,112.18,101.18
T7,84.891,5.23,11.3,1.08,4.65,107.16,10.48,100.89,103.21,5.5,11.16,1.08,4.92,110.16,11.26,108.86,104.66
T10,84.953,5.45,10.82,1.01,5.65,109.28,9.78,114.98,96.26,5.04,9.2,1.12,5.46,98.89,9.74,114.53,103.66
T6,85.059,5.38,9.97,1.1,4.91,102.57,10.88,106.09,101.17,5.6,10.45,1.03,5.23,97.64,10.01,108.92,98.42
T5,85.211,5.72,10.42,1.03,5.44,102.09,10.09,116.39,100.35,5.48,10.82,1.08,5.26,103.9,11.38,108.31,109.22
T1,85.323,5.49,9.34,1.04,5.31,110.57,10.0,114.27,92.89,5.5,10.19,1.09,5.22,106.33,11.02,99.02,92.76
T8,86.03,5.22,11.21,1.08,5.0,104.68,10.65,107.71,95.43,5.91,11.14,1.12,5.65,96.32,10.25,93.17,99.9
T1,86.127,4.69,10.72,1.15,4.64,96.79,10.67,109.22,100.5,5.01,9.55,1.06,5.44,103.17,10.88,98.83,100.39
T9,86.247,4.96,10.15,1.01,5.42,101.13,11.18,110.63,94.99,5.23,9.89,1.14,5.46,105.75,10.42,105.42,107.75
T8,86.495,5.54,10.05,1.0,4.92,99.3,10.63,94.86,94.83,5.92,10.33,0.96,5.51,99.37,11.24,91.78,100.57
T4,86.626,5.75,10.97,1.07,5.42,117.86,10.14,105.97,111.11,5.06,10.88,1.0,5.08,104.45,10.51,109.13,109.34
T5,86.63,5.17,11.6,1.15,5.4,102.67,10.46,104.98,102.0,5.26,10.8,1.04,4.89,103.78,10.52,106.9,94.47
T9,86.663,5.24,10.03,1.08,4.87,104.02,11.18,107.67,105.84,5.16,10.78,1.11,5.72,107.62,10.64,101.11,99.94
T5,86.68,5.28,11.35,1.12,5.44,98.88,10.76,113.7,106.03,5.41,10.23,1.05,5.47,109.45,10.34,101.55,104.37
T5,86.729,5.28,10.44,1.08,4.85,101.77,10.86,103.14,103.89,5.71,11.33,1.17,4.9,93.54,11.06,101.11,104.4
T5,87.244,5.73,11.2,1.0,5.55,98.65,11.11,99.98,99.29,5.95,11.32,1.08,5.44,102.07,11.57,108.23,103.8
T4,87.314,5.27,10.52,0.98,5.63,104.62,11.04,102.18,117.38,5.82,10.32,1.1,4.98,111.62,10.35,117.49,103.81
T7,87.428,5.7,11.36,1.0,4.89,106.93,11.11,98.19,108.58,5.48,10.11,1.04,5.34,108.67,10.72,114.84,109.59
T1,87.671,5.04,10.82,1.12,4.7,99.64,11.11,103.57,99.66,4.98,9.81,1.0,4.6,96.1,11.29,97.57,97.27
T1,87.913,4.97,10.82,1.14,5.04,106.51,10.41,104.4,106.89,4.68,10.72,1.12,5.24,104.25,11.46,103.86,94.75
T10,88.056,5.4,10.9,1.06,5.33,92.62,10.48,103.02,99.01,4.88,9.43,1.05,5.2,101.66,10.86,117.47,103.27
T8,88.077,5.58,10.54,0.99,5.34,96.63,11.1,104.91,107.42,5.67,10.38,1.1,5.21,102.44,11.32,99.05,97.18
T4,88.48,5.69,10.77,0.98,5.23,101.23,9.57,108.71,105.96,5.46,10.78,1.03,5.22,116.0,10.19,115.55,101.98
T5,88.533,5.2,11.21,1.1,5.35,99.38,11.5,108.78,103.17,5.65,10.95,1.17,5.42,102.52,10.94,113.21,98.03
T6,88.641,5.25,11.17,1.18,5.04,108.23,11.68,109.91,111.9,5.2,9.54,1.02,4.9,98.7,11.64,97.37,115.08
T6,88.813,5.02,10.49,1.0,5.39,104.86,10.76,104.15,109.24,5.76,9.76,1.17,5.2,102.42,11.06,102.78,109.97
T9,88.874,4.97,9.82,1.16,5.39,99.19,11.45,117.0,100.38,5.49,10.43,1.13,4.83,94.41,9.9,114.98,105.36
T9,88.895,4.84,10.25,1.14,5.57,93.14,11.01,113.54,96.92,4.86,10.41,1.14,5.09,104.93,10.38,111.85,93.57
T5,89.114,5.46,11.35,1.0,5.3,98.06,11.42,101.02,103.12,5.96,10.54,1.18,5.56,102.25,11.02,100.43,108.73
T7,89.362,5.44,9.83,1.08,5.21,103.75,10.59,103.77,112.52,5.52,11.23,0.96,4.89,100.37,11.6,110.64,112.34
T9,89.688,5.12,10.29,1.02,5.4,96.85,10.82,102.79,107.19,5.47,10.47,1.14,5.48,102.74,11.11,117.51,101.67
T7,89.737,5.7,11.19,0.97,5.19,101.79,11.41,102.57,104.5,5.03,10.12,1.02,5.16,114.24,10.44,112.69,113.13
T10,89.85,5.13,10.78,1.05,5.57,108.38,9.64,117.38,109.89,4.85,10.87,0.98,5.23,109.24,9.79,101.74,109.52
T5,89.903,5.38,11.54,1.07,4.9,98.3,10.43,109.78,98.85,5.04,11.11,1.09,5.38,96.64,11.0,101.97,95.82
T7,90.086,5.08,11.23,1.08,4.61,116.2,11.01,100.23,111.28,4.87,9.95,0.98,5.24,102.05,11.3,99.55,100.21
T8,90.116,5.22,10.72,1.06,5.17,104.75,10.35,107.7,97.57,5.44,11.13,1.0,5.47,104.69,11.51,98.46,96.96
T6,90.121,5.1,10.53,1.14,4.82,115.02,10.56,106.55,102.65,5.22,10.07,1.1,4.8,110.87,10.23,107.37,114.85
T10,90.229,4.64,9.23,1.13,5.68,96.86,9.49,108.95,109.08,5.15,9.37,0.97,5.23,99.78,10.12,117.71,104.89
T1,90.53,5.44,10.54,0.98,5.05,104.76,10.17,106.81,106.59,4.8,9.72,1.02,4.92,108.24,10.02,110.76,95.93
T4,90.629,5.22,11.16,1.14,5.42,117.92,10.53,112.18,100.53,5.86,11.44,1.16,4.92,118.25,10.74,111.28,107.94
T5,90.84,5.48,11.07,1.06,4.9,103.12,11.9,112.73,99.07,5.37,10.4,1.08,5.0,96.08,11.8,103.05,109.24
T7,90.972,5.01,10.32,0.98,4.87,100.85,9.79,102.89,98.4,5.55,10.67,1.02,5.01,106.74,10.83,100.58,107.96
T10,91.065,5.22,10.11,0.98,4.94,98.02,9.7,105.58,101.11,5.28,10.31,1.07,5.57,105.76,10.33,107.01,110.39
T9,91.123,4.95,11.03,1.13,5.64,100.18,10.73,105.27,98.86,5.25,10.69,1.07,5.45,101.78,11.14,114.38,96.26
T4,91.148,5.84,10.54,1.12,5.66,101.34,10.7,102.95,103.13,5.48,10.25,1.0,5.68,105.09,10.15,107.33,113.85
T7,91.196,5.33,10.23,1.08,5.02,110.52,11.49,102.07,99.5,4.94,9.94,1.09,5.12,100.6,9.97,102.85,103.59
T5,91.263,5.37,11.56,1.11,4.91,95.6,11.49,118.32,108.17,5.58,11.07,1.04,4.77,94.26,11.55,112.14,106.85
T5,91.321,5.78,10.83,1.15,5.34,103.5,11.19,102.77,93.03,5.44,11.07,1.03,5.61,108.03,11.07,100.0,104.42
T6,91.507,5.69,9.67,1.01,5.32,108.23,11.48,112.56,104.09,5.34,10.06,1.15,5.26,98.17,10.23,106.65,97.95
T4,91.547,5.09,10.54,0.99,5.09,114.96,10.49,99.5,116.74,5.87,10.87,1.14,5.01,101.82,10.92,110.33,114.02
T7,91.64,4.96,10.02,1.02,5.24,115.01,10.58,110.1,95.88,5.15,10.34,1.08,4.83,99.6,10.42,98.48,113.23
T9,91.754,4.73,10.49,1.05,5.62,100.24,10.25,101.41,105.6,4.78,11.24,1.19,5.26,110.04,10.15,102.82,108.43
T9,91.838,4.87,10.42,1.07,5.28,93.74,10.01,101.75,103.18,5.12,10.15,1.02,5.3,108.0,10.28,111.15,98.26
T4,92.005,5.5,10.22,1.03,5.29,112.75,10.23,107.08,117.32,5.26,11.04,1.01,5.06,106.14,9.8,115.41,103.63
T4,92.008,5.42,9.77,1.08,5.12,111.31,10.17,99.38,110.47,5.01,10.36,1.0,5.82,104.58,9.93,107.83,104.18
T9,92.151,4.8,9.77,1.08,5.55,104.16,10.64,106.73,95.93,4.95,10.78,1.14,5.18,98.78,11.27,101.22,102.79
T9,92.298,5.52,10.0,1.16,4.83,109.87,10.2,101.29,107.18,4.78,9.73,1.05,4.85,109.69,10.95,116.58,108.99
T10,92.421,5.42,10.82,1.12,4.95,93.35,9.33,100.34,97.32,4.89,10.9,1.02,5.63,94.3,9.81,107.49,107.86
T10,92.459,4.74,10.12,1.11,5.12,95.59,9.82,105.96,108.42,4.66,10.79,0.96,5.38,92.62,9.25,108.26,109.15
T7,92.565,4.96,10.09,1.05,4.9,112.96,11.36,112.69,104.5,5.08,11.16,1.02,5.38,112.08,10.67,103.33,107.37
T9,92.626,5.33,9.75,1.14,5.71,109.77,10.33,111.03,92.6,5.33,9.88,1.03,5.36,99.64,11.58,110.72,101.44
T4,92.789,5.18,10.54,1.03,5.22,115.57,9.49,108.75,109.53,5.19,11.44,1.06,5.36,100.01,10.76,109.1,106.98
T9,92.864,5.35,10.9,1.15,5.22,95.3,10.36,105.27,106.37,5.5,10.44,1.02,5.17,102.77,11.1,107.94,102.59
T4,93.038,5.1,10.17,1.04,5.59,103.1,11.04,101.75,108.26,5.19,10.83,1.04,5.53,112.4,10.51,102.3,107.01
T7,93.094,5.74,11.36,1.08,4.77,105.21,11.57,106.36,97.38,5.47,10.04,1.0,4.79,104.58,9.96,113.85,106.18
T7,93.236,5.54,10.0,0.94,5.36,111.25,10.5,115.47,106.89,4.87,9.86,1.06,5.24,107.63,10.67,110.39,97.24
T6,93.305,5.4,9.65,1.08,4.72,98.0,10.67,104.76,106.29,5.29,9.8,1.13,5.47,102.76,10.51,102.74,115.8
T10,94.224,4.94,9.63,1.12,5.63,97.01,9.84,116.71,99.44,5.09,9.71,1.0,4.99,103.86,9.56,111.79,106.04
T7,94.555,5.24,10.94,1.07,4.96,109.63,10.64,109.79,104.86,5.57,10.64,1.11,5.12,106.27,10.95,109.44,100.08
T4,94.834,5.71,10.79,1.1,5.52,112.41,10.6,108.91,111.96,5.45,11.35,1.04,5.42,101.03,9.97,107.3,116.88
T5,94.998,5.19,11.61,1.14,5.2,98.68,11.89,103.38,92.82,5.28,9.98,1.01,5.31,92.58,10.05,101.55,107.48
T9,95.265,5.1,9.78,1.09,5.16,109.23,11.54,102.25,106.8,5.52,11.14,1.09,5.53,99.89,10.41,109.72,94.48
T5,95.353,5.52,10.66,1.03,5.08,102.47,11.02,117.04,100.01,5.05,11.66,1.03,5.1,102.2,11.55,103.3,94.69
T4,95.789,5.54,9.72,1.12,5.5,112.43,10.51,110.79,105.23,5.15,11.0,1.14,5.69,112.75,10.35,113.19,104.71
T7,95.885,5.54,9.87,1.12,4.74,116.75,11.5,115.09,111.09,5.11,10.68,1.11,5.05,111.1,10.98,99.95,99.11
T6,96.201,5.01,10.62,1.07,4.88,114.2,10.13,110.36,112.68,5.56,10.03,1.09,4.74,106.52,10.89,114.99,113.41
T10,96.388,4.8,10.85,1.09,5.6,96.47,10.36,101.57,103.98,4.66,10.45,1.12,5.29,100.39,9.32,102.33,101.42
T10,96.399,5.36,10.25,0.96,5.44,99.31,10.73,107.87,99.35,4.99,10.52,1.02,5.18,99.73,10.4,112.32,111.88
T7,96.399,5.05,10.39,1.07,4.69,110.25,10.48,108.12,106.36,5.62,11.37,0.95,5.2,107.12,10.17,99.38,107.23
T4,97.06,5.42,10.15,0.99,4.93,102.12,10.34,112.02,117.67,5.14,10.22,1.15,5.62,100.66,10.33,111.9,108.14
T5,97.238,5.97,10.09,1.17,5.33,97.6,10.62,106.65,92.44,5.62,11.58,1.17,5.09,93.15,11.44,112.02,108.87
T5,97.315,5.24,11.53,1.08,4.76,104.15,11.5,111.64,107.79,5.69,11.27,1.04,4.87,99.22,11.29,110.25,94.18
T6,97.583,5.09,10.4,1.04,5.11,101.14,10.62,102.78,101.69,5.36,9.83,1.02,5.4,99.76,10.18,113.55,108.31
T10,97.663,4.64,10.28,1.12,5.73,99.31,10.69,101.9,109.87,4.81,9.54,0.96,5.18,95.71,10.73,110.0,104.91
T6,97.778,5.8,10.34,1.07,5.33,97.71,10.12,103.35,113.01,5.13,10.69,1.01,4.76,102.77,10.29,101.17,106.72
T4,97.837,5.46,11.27,1.03,5.59,107.48,10.7,108.12,102.47,5.57,9.76,1.11,5.73,107.39,10.23,110.12,101.32
T10,98.065,4.95,10.18,0.98,5.18,95.71,10.63,116.39,108.27,4.64,10.39,1.0,5.56,103.0,10.19,115.85,97.41
T5,98.302,5.92,11.04,1.05,5.23,99.42,11.34,112.62,100.7,5.95,10.76,1.05,5.34,102.47,11.66,108.84,92.75
T5,98.449,5.25,11.36,1.1,5.46,95.32,11.09,100.7,96.99,5.97,11.32,1.09,5.2,105.8,11.84,107.4,96.28
T4,98.541,5.87,9.97,0.98,5.08,111.99,9.8,115.89,100.58,5.42,10.75,1.03,5.38,117.35,9.67,113.39,109.99
T7,99.079,5.31,9.8,1.01,4.74,107.3,9.88,114.15,102.94,5.66,9.84,1.08,5.27,110.96,10.5,116.2,109.86
T4,99.376,5.89,11.36,1.06,5.26,117.65,10.75,99.38,106.06,5.54,11.22,1.11,5.69,108.18,9.72,108.48,111.11
T4,99.875,5.76,10.64,1.05,5.44,110.94,10.21,112.65,113.59,5.33,10.01,1.15,5.32,110.62,9.65,117.29,112.34
T6,100.27,5.5,10.3,1.03,5.44,113.27,10.31,98.22,110.35,5.08,10.81,1.09,5.38,106.4,11.54,99.18,105.92
T7,100.314,4.94,11.44,1.05,4.61,107.81,10.04,103.12,99.48,5.76,10.87,0.96,4.65,116.91,11.55,112.97,108.54
T9,100.546,4.99,11.27,1.07,4.95,98.61,10.89,112.4,102.92,5.03,10.97,1.02,5.2,94.54,10.11,108.37,97.96
T4,100.722,5.82,11.31,1.02,5.6,109.48,9.52,115.82,102.8,5.02,10.38,1.1,5.39,112.92,10.53,113.74,115.6
T10,100.921,4.98,10.8,1.09,4.92,99.66,10.3,102.41,102.5,4.64,9.47,1.12,5.67,97.54,9.8,115.86,105.97
T9,101.08,5.14,10.82,1.19,5.56,94.14,9.92,101.11,94.54,4.97,9.68,1.14,5.31,105.2,11.64,114.66,106.95
T10,101.083,5.14,10.82,0.98,5.38,94.43,9.58,100.38,96.19,5.27,10.22,1.04,5.11,97.74,9.26,112.58,103.24
T4,101.131,5.77,10.68,1.15,4.92,111.31,10.72,100.0,99.53,5.24,11.46,1.03,5.24,114.07,9.46,116.32,108.74
T9,101.293,5.06,9.94,1.04,5.48,106.22,11.31,109.41,102.83,5.23,9.79,1.05,5.15,109.94,9.94,101.71,108.33
T7,101.488,5.73,10.55,1.11,5.14,114.76,11.34,109.92,107.06,5.52,11.34,0.98,5.29,114.16,11.37,110.23,101.45
T6,101.584,4.95,10.88,1.17,5.1,102.39,10.25,99.13,114.7,4.94,10.51,1.13,4.94,103.81,10.06,111.95,111.15
T4,101.709,5.8,10.97,1.04,5.58,109.74,9.62,115.65,104.94,5.13,10.16,1.03,5.64,100.88,10.35,108.24,107.15
T7,101.742,5.49,10.43,0.99,5.25,108.18,11.39,114.29,109.97,5.36,10.6,1.02,5.03,113.98,11.1,98.48,108.98
T6,101.808,5.46,11.28,1.13,4.71,109.86,10.2,113.86,114.7,5.58,10.38,1.14,5.32,113.42,10.31,108.01,102.42
T9,102.238,5.42,10.23,1.04,5.59,103.16,11.38,103.55,106.4,5.47,10.31,1.01,4.83,105.03,10.98,113.94,108.89
T9,103.066,5.32,9.92,1.07,5.09,109.87,11.14,110.56,96.08,5.38,10.79,1.11,4.97,94.24,10.67,116.58,105.58
T6,103.287,5.39,9.66,1.13,5.12,111.8,10.14,106.37,100.76,5.75,9.64,1.08,5.41,98.39,11.14,109.47,107.3
T10,103.483,5.07,9.9,1.11,5.46,97.8,9.19,107.01,96.18,5.41,9.3,1.1,5.76,93.63,9.94,100.78,97.37
T4,103.684,4.98,10.59,1.0,4.94,101.92,10.58,102.33,101.34,5.77,9.95,1.1,5.17,116.8,10.09,105.66,103.09
T7,103.841,5.02,11.08,0.95,5.06,100.55,11.19,99.3,112.7,4.96,10.47,1.07,4.87,109.58,10.4,102.83,96.12
T9,103.938,4.92,11.07,1.14,5.38,102.85,11.48,115.75,109.32,4.7,11.0,1.08,4.82,96.86,10.54,115.6,101.2
T6,103.985,5.73,10.96,1.18,5.04,105.85,10.33,112.44,102.58,5.64,9.61,1.16,5.19,102.38,10.59,106.0,108.97
T9,104.894,4.89,10.49,1.09,5.47,108.83,10.0,102.34,103.24,5.32,10.81,1.06,4.94,105.6,10.51,101.61,101.2
T10,105.037,5.06,9.22,1.0,5.33,98.98,9.33,112.57,96.87,4.95,9.46,1.08,5.67,106.75,10.18,100.4,105.66
T10,105.35,5.41,9.5,1.13,5.54,95.87,9.18,115.8,109.65,4.79,10.36,1.0,5.82,92.81,9.49,108.12,97.63
T6,105.425,5.6,10.31,1.07,4.68,102.42,11.03,113.82,113.22,5.17,11.23,1.15,4.89,114.94,10.84,103.17,98.12
T7,105.534,5.38,10.77,0.95,5.16,114.04,10.26,105.01,98.14,4.86,11.33,0.94,5.4,109.99,11.25,105.64,101.23
T4,105.771,5.11,10.15,1.15,5.45,118.48,10.59,108.74,112.0,5.56,10.93,1.0,5.38,112.0,10.38,109.29,107.56
T10,105.844,4.84,10.78,1.13,5.15,107.51,10.7,115.16,101.78,4.86,10.55,1.04,5.84,108.93,10.05,107.95,105.49
T7,105.938,5.66,11.01,1.03,4.88,103.47,10.62,101.48,102.59,5.67,10.35,0.97,5.27,105.46,10.01,113.33,107.5
T9,106.568,5.26,9.92,1.04,5.06,96.42,10.57,109.01,92.48,5.27,10.82,1.08,5.19,93.43,10.1,110.76,100.16
T9,107.572,5.2,10.68,1.14,5.53,98.78,10.46,99.83,104.53,5.0,11.12,1.02,4.87,106.62,10.45,103.73,101.52
T6,108.043,5.61,9.57,1.01,4.81,105.79,10.98,110.95,102.92,5.29,11.25,1.16,4.73,114.21,11.46,114.99,100.18
T7,108.294,5.07,10.37,1.07,5.44,116.8,11.08,115.83,108.27,5.62,10.55,1.1,4.84,113.0,11.23,111.59,105.65
T10,108.374,4.65,10.21,1.04,5.41,104.58,10.18,107.41,99.49,5.2,9.76,1.13,5.51,104.84,10.4,107.95,101.27
T7,109.047,5.72,11.22,0.97,4.63,102.75,10.65,116.28,112.03,5.55,10.04,1.12,4.64,110.99,10.49,113.54,96.59
T9,109.341,5.29,9.79,1.1,5.48,102.75,10.71,102.38,101.72,5.14,10.96,1.07,5.32,96.73,10.4,105.8,107.24
T7,109.554,5.72,11.1,1.04,5.21,110.97,10.07,113.2,96.84,5.72,10.09,1.0,4.62,105.27,9.99,103.4,98.63
T7,110.12,5.52,10.14,1.04,5.16,116.42,11.09,103.93,112.7,5.08,10.79,1.0,5.38,105.53,10.83,110.66,107.19
T10,110.372,4.68,10.58,1.03,4.97,93.44,9.43,108.23,103.8,5.26,9.5,0.98,5.64,108.94,10.52,117.62,95.79
T10,110.602,5.27,10.06,1.02,5.36,102.41,10.73,102.57,105.82,5.21,10.32,0.96,5.34,107.12,10.09,106.67,108.53
T9,110.737,5.21,10.46,1.17,5.09,94.65,11.32,114.96,99.96,4.79,10.75,1.17,5.18,100.04,10.24,117.51,95.46
T10,111.373,5.09,9.25,1.05,5.79,104.01,9.3,116.06,99.09,5.28,10.17,1.08,5.22,93.46,10.45,117.16,101.89
T4,111.792,5.27,10.67,1.16,5.8,100.82,9.82,111.24,110.86,5.58,11.25,1.03,5.69,100.9,9.93,115.94,106.32
T9,112.604,5.08,10.87,1.02,5.72,103.7,11.01,111.89,93.42,5.53,10.32,1.09,5.5,108.16,10.37,108.36,100.81
T9,114.992,4.86,9.75,1.01,5.66,108.36,11.64,117.36,100.9,4.88,9.72,1.18,5.12,102.36,10.31,101.7,107.29
T9,115.76,4.8,10.76,1.03,5.61,96.32,10.72,117.22,95.93,5.1,10.88,1.15,4.95,99.11,9.97,111.37,101.2
T9,116.18,4.86,10.22,1.12,4.86,103.29,10.94,108.77,100.16,5.01,10.77,1.03,5.72,108.15,10.44,101.06,93.35
