task_type,arrival_time,est_m1,est_m2,est_m3,est_m4,est_m5,est_m6,est_m7,est_m8,ext_m1-1,ext_m2-1,ext_m3-1,ext_m4-1,ext_m5-1,ext_m6-1,ext_m7-1,ext_m8-1
T7,1.035,24.96,10.44,116.8,98.14,24.49,112.33,11.44,5.62,28.29,10.96,102.68,96.79,25.33,105.5,11.16,5.24
T8,1.168,28.35,9.43,105.82,113.38,27.74,108.0,11.39,5.58,25.9,10.3,99.55,111.08,27.14,107.37,10.4,5.5
T2,2.244,26.29,10.74,101.57,98.69,27.75,108.04,9.66,5.45,26.59,10.85,102.58,106.34,27.59,108.42,11.0,4.95
T1,4.392,26.38,10.42,100.99,96.19,27.49,109.68,10.47,5.12,28.14,10.66,100.96,101.88,28.08,105.41,11.2,5.74
T2,6.234,26.06,10.39,97.44,97.93,25.59,108.34,11.25,4.96,28.5,11.18,98.93,93.88,27.85,106.21,11.22,5.41
T5,7.424,29.8,10.84,95.11,101.81,27.17,101.51,10.64,5.13,25.91,10.48,95.13,102.32,25.5,97.52,9.44,5.18
T1,8.56,26.32,10.49,118.12,105.19,26.19,98.58,11.11,5.13,27.77,9.75,104.43,105.82,26.21,109.48,11.09,5.04
T5,8.635,25.06,9.41,104.09,104.14,25.23,104.32,9.28,5.45,27.0,10.43,108.07,96.55,24.03,110.16,10.61,4.88
T3,9.472,27.1,10.02,100.43,99.84,26.11,97.12,10.01,4.74,24.32,9.88,98.03,106.5,24.98,105.48,10.66,5.34
T2,9.751,27.49,10.27,105.01,108.44,28.64,114.25,9.76,5.52,27.67,10.28,100.58,98.36,28.07,102.68,10.83,4.99
T2,10.731,25.44,11.22,99.41,100.87,27.64,111.47,10.4,5.17,26.5,9.86,99.87,94.07,27.65,114.98,10.95,5.13
T3,11.324,25.6,10.76,94.38,100.66,28.17,109.79,10.17,5.43,27.25,10.53,109.98,102.93,28.83,98.98,11.46,4.82
T10,11.706,24.32,11.72,109.85,104.19,23.56,107.84,11.24,5.24,24.49,10.36,115.12,103.48,24.2,107.62,11.31,5.13
T7,12.255,26.48,10.73,116.48,102.9,25.2,113.38,11.53,5.07,25.69,10.08,109.08,99.93,26.87,116.9,11.68,5.62
T8,13.014,24.85,9.38,99.93,118.24,27.65,105.94,11.07,5.38,26.13,10.89,107.62,116.88,26.29,106.46,10.76,5.32
T2,14.782,28.72,9.78,94.52,101.75,28.94,115.14,9.66,4.81,24.58,11.24,93.65,107.52,28.56,117.43,11.34,5.25
T6,15.209,26.54,10.62,114.59,93.98,27.35,112.92,11.31,5.46,27.11,10.1,103.87,102.36,29.22,100.56,10.71,5.2
T10,16.09,25.29,10.81,113.3,108.15,25.48,112.01,11.08,5.71,24.14,10.5,101.94,98.36,25.65,102.15,10.12,5.13
T3,17.052,25.22,10.63,100.72,112.19,26.8,104.63,10.58,5.19,23.54,11.13,97.18,100.86,28.5,107.18,10.56,5.16
T5,17.088,25.79,10.84,97.6,101.69,23.13,107.69,10.87,5.18,27.83,9.78,105.64,104.99,24.32,107.63,10.87,5.02
T5,22.294,25.76,9.37,108.15,105.88,24.4,101.67,10.04,5.54,28.13,10.26,99.46,98.28,24.13,106.13,10.69,4.97
T7,22.771,26.36,10.86,113.54,97.9,26.35,107.89,10.54,4.96,27.29,10.12,107.19,98.4,23.31,110.56,10.7,5.27
T6,23.985,27.04,11.12,104.47,100.93,28.44,107.46,10.96,4.98,27.45,10.08,112.76,102.64,27.69,102.59,9.98,5.02
T5,24.305,29.48,9.59,105.0,109.6,24.47,99.87,9.7,5.3,27.16,10.72,102.65,112.41,26.52,99.25,9.74,4.89
T4,24.936,26.67,9.89,102.27,103.41,26.74,105.12,9.96,5.27,23.8,11.48,97.72,116.12,27.97,106.19,10.09,5.38
T5,26.009,27.89,10.33,109.93,103.2,23.78,98.94,10.62,5.05,25.91,9.44,93.34,104.37,24.03,99.67,10.42,5.18
T2,27.7,27.95,10.95,99.98,108.4,27.96,102.54,10.64,4.84,24.76,9.83,94.04,110.29,25.19,117.22,10.94,4.81
T7,28.144,28.15,10.49,103.54,97.9,23.07,110.63,11.66,5.41,25.38,11.82,100.84,113.91,23.39,107.25,10.98,5.68
T6,29.549,25.77,10.25,112.42,99.47,29.11,108.48,10.42,5.42,28.22,10.28,113.34,107.65,27.3,116.65,11.0,4.86
T5,29.853,25.72,11.12,100.43,110.48,23.99,112.79,10.67,5.05,29.3,10.99,107.62,101.81,26.97,102.81,10.04,5.05
T3,31.717,24.99,9.99,98.3,112.25,26.06,102.7,11.33,4.77,25.35,11.03,102.56,103.98,25.45,106.67,11.68,5.05
T4,32.325,24.14,11.5,96.53,106.19,25.82,107.55,11.26,5.59,27.39,10.96,98.56,110.86,25.39,99.47,9.62,5.79
T4,32.765,26.55,10.5,95.39,111.17,27.36,117.27,9.9,5.23,24.23,10.86,94.39,111.58,25.85,110.93,10.23,5.42
T6,33.337,27.62,10.18,114.11,93.94,29.11,116.85,10.54,5.12,27.96,10.83,108.13,97.27,27.32,101.64,10.68,5.62
T5,33.891,29.27,10.44,102.73,99.89,26.16,101.67,9.28,5.38,28.57,10.08,108.51,104.17,25.49,99.92,10.21,5.28
T8,33.904,27.71,10.91,104.26,116.29,24.73,112.08,11.19,5.11,27.18,10.54,106.32,111.05,27.32,98.25,10.34,4.91
T3,35.217,25.37,10.89,102.53,109.91,28.23,106.9,10.38,4.86,25.14,10.39,101.76,99.03,26.35,111.02,11.43,5.35
T9,35.453,26.86,11.17,98.56,103.15,25.22,101.55,11.14,4.79,26.08,9.64,111.21,99.73,26.43,109.5,11.26,5.3
T1,35.606,28.0,9.57,115.92,106.72,28.63,107.26,11.0,5.3,25.72,9.79,103.41,102.29,26.64,95.05,9.58,5.46
T3,36.832,25.36,9.94,111.22,113.22,24.94,107.19,10.69,4.98,27.23,10.1,110.57,107.84,28.19,108.56,11.52,5.51
T3,37.06,24.18,11.23,98.04,112.7,24.97,103.56,11.16,4.7,23.66,11.5,108.65,102.72,25.47,99.32,11.77,4.93
T4,38.236,26.69,11.55,94.57,104.32,27.48,109.19,11.14,5.82,25.94,9.91,94.13,112.73,28.63,103.66,11.05,5.09
T2,38.266,25.77,9.76,103.46,98.04,27.32,117.98,10.66,5.02,28.95,11.46,106.45,104.77,25.16,117.99,11.04,5.52
T8,39.18,25.43,9.47,110.35,108.78,24.57,98.32,9.64,4.76,25.56,10.67,102.53,102.43,24.78,98.32,10.55,4.99
T9,40.499,26.01,10.6,103.21,109.19,23.72,99.55,11.22,5.07,26.04,9.83,99.33,104.33,24.89,101.55,11.52,4.77
T9,40.666,24.69,10.12,100.7,110.62,23.43,101.9,11.02,5.09,25.42,10.29,102.52,109.04,24.85,106.35,11.5,5.31
T7,42.34,27.26,11.12,104.32,102.24,23.45,104.94,10.14,5.62,24.23,10.03,106.36,109.23,26.12,111.04,10.12,5.31
T3,42.511,25.94,11.22,110.33,99.03,24.82,103.6,10.79,5.51,24.31,11.54,105.38,113.98,27.08,99.4,11.73,5.1
T3,45.238,24.0,11.0,108.64,111.49,26.16,113.92,11.4,5.31,24.28,11.0,102.9,98.71,27.31,103.58,11.74,5.38
T2,45.295,26.26,11.47,93.79,102.91,27.27,116.22,9.82,4.86,28.38,9.69,103.08,101.07,26.9,115.29,11.03,4.94
T10,46.036,26.92,11.03,105.64,98.83,27.68,102.07,9.74,5.66,27.25,11.22,112.47,110.37,26.73,102.09,9.7,5.12
T5,46.386,29.19,10.36,99.32,109.84,25.84,106.93,10.2,4.88,29.71,10.07,106.88,104.68,23.78,101.9,10.59,5.12
T7,46.971,25.85,11.38,113.91,113.18,27.1,113.39,10.09,4.97,24.54,10.44,118.23,100.37,26.6,113.37,9.95,5.05
T8,48.753,25.03,10.24,105.18,106.45,23.92,95.71,11.39,5.47,27.6,10.02,113.78,117.84,27.45,110.29,10.19,5.02
T3,49.358,27.47,11.38,93.87,105.72,25.7,106.12,11.51,4.72,23.85,10.41,108.27,107.09,28.54,113.29,10.75,5.13
T4,50.761,26.7,11.42,103.05,111.17,29.7,102.54,10.56,5.37,23.54,10.7,102.54,103.76,25.52,110.2,10.88,5.77
T6,50.875,24.3,9.88,108.13,95.2,27.25,113.49,10.21,5.64,27.03,9.66,104.37,107.08,26.87,106.86,10.71,5.42
T4,52.439,25.3,10.43,98.06,103.57,29.65,99.02,10.74,5.8,24.61,11.15,95.25,101.66,29.18,113.4,11.31,5.04
T4,52.956,26.62,10.54,106.99,105.02,28.65,100.99,11.23,5.21,26.6,11.16,106.84,99.3,25.88,101.29,10.48,5.4
T9,53.369,24.5,10.2,99.59,97.27,23.25,98.02,11.42,5.24,24.62,10.83,111.19,105.37,23.65,105.32,11.11,5.18
T10,56.337,28.52,10.29,108.13,108.29,26.76,113.72,10.01,5.09,24.18,10.01,107.42,105.53,23.55,113.12,9.87,5.35
T7,57.438,24.09,10.71,117.88,106.62,25.09,112.01,10.67,5.43,26.3,11.8,108.41,97.39,23.73,108.25,11.15,5.21
T8,57.78,25.66,9.5,103.1,109.22,27.96,103.47,10.81,5.3,24.83,9.83,105.82,106.48,28.26,106.64,11.33,5.07
T5,58.5,27.3,10.04,106.02,103.23,23.52,110.38,10.1,4.69,28.01,9.42,101.38,98.77,24.16,96.2,9.2,4.86
T1,60.119,27.61,9.8,107.94,108.14,28.47,108.52,10.57,5.46,28.33,10.0,103.61,104.58,24.5,98.39,10.66,5.87
T8,63.061,24.66,9.52,111.91,115.96,24.2,100.42,10.58,5.18,27.12,10.28,97.61,109.02,25.62,97.59,11.25,4.91
T5,63.15,27.92,9.37,108.26,99.46,23.72,107.98,9.28,5.31,27.21,10.33,105.83,106.44,25.6,112.9,9.52,5.28
T4,64.872,25.79,10.9,96.14,112.43,27.89,115.63,10.42,5.41,27.22,11.48,97.93,107.39,27.68,114.61,11.07,5.91
T8,70.117,28.98,9.98,109.81,101.22,27.22,105.22,11.4,5.47,26.84,10.1,111.43,115.71,24.69,95.71,10.07,5.36
T9,70.132,25.8,11.06,104.27,105.42,23.01,103.55,10.79,4.67,28.22,10.38,97.16,110.22,25.31,101.4,11.5,5.31
T6,74.25,28.07,11.29,103.18,93.71,27.12,103.78,10.65,4.95,24.69,10.91,111.03,98.03,27.51,106.67,9.76,5.2
T6,74.647,24.46,11.16,107.9,96.94,27.74,110.16,10.55,5.07,28.38,10.57,111.84,103.79,26.06,115.85,11.09,4.88
T2,74.732,25.71,10.29,101.18,111.35,25.54,111.0,10.99,5.36,28.48,10.37,95.85,102.99,25.13,108.07,10.76,5.08
T1,78.288,25.03,9.93,113.34,99.24,25.79,95.58,10.69,5.34,25.19,9.99,103.18,108.9,25.34,109.1,9.99,5.4
T1,78.901,28.02,10.81,111.17,104.97,28.28,110.13,9.89,5.57,28.93,9.57,109.95,111.22,27.21,110.44,10.87,5.9
T5,81.412,28.2,11.1,94.12,100.05,25.76,99.67,10.27,5.57,26.5,9.61,105.61,100.94,26.67,106.5,9.84,5.37
T1,81.754,28.65,10.45,107.06,95.64,25.81,105.17,10.5,5.65,25.48,10.78,116.55,104.01,28.55,94.51,9.59,5.74
T8,83.509,26.16,9.43,110.76,102.28,26.25,108.48,10.72,5.19,27.62,10.35,97.98,106.39,26.55,98.96,11.35,4.91
T2,84.604,26.82,10.48,98.52,99.33,24.94,110.52,11.16,4.84,25.7,10.32,97.54,109.09,25.82,106.21,11.07,5.45
T4,85.8,24.28,10.21,104.21,107.63,28.84,109.18,10.82,5.16,23.38,10.9,102.55,110.61,26.09,114.06,11.05,5.62
T8,86.596,26.23,10.86,115.18,101.49,28.28,103.93,9.96,5.47,25.18,10.32,103.6,113.39,27.0,99.27,10.64,5.11
T4,87.695,25.29,11.09,104.21,104.9,25.76,108.11,9.78,5.92,23.32,11.1,104.7,104.36,29.67,114.7,9.59,5.14
T4,87.933,25.93,10.91,107.28,115.09,25.63,112.03,10.82,5.3,26.6,9.88,108.5,102.13,26.66,105.11,10.06,5.09
T9,88.558,27.71,10.13,100.58,112.17,27.25,104.82,10.03,4.87,27.33,9.88,95.84,112.45,23.05,101.57,10.88,4.9
T1,88.87,24.65,9.68,106.38,113.71,26.88,107.16,9.6,5.49,24.57,10.32,117.48,95.74,26.48,104.56,9.88,5.07
T1,89.808,28.47,9.73,118.92,109.63,27.72,102.73,10.16,5.52,27.35,10.58,116.15,99.88,24.57,101.44,10.89,5.74
T9,92.41,25.39,10.72,95.39,110.73,25.36,109.85,11.11,4.6,27.09,9.95,103.73,96.69,25.31,99.2,11.52,5.36
T9,94.983,25.59,9.77,100.79,109.27,26.79,100.31,10.75,4.79,27.26,9.91,105.96,107.84,25.24,108.41,9.81,4.71
T10,95.274,24.57,10.02,107.02,113.18,27.62,96.27,10.2,5.21,24.85,11.53,97.66,107.93,25.96,100.41,10.95,5.26
T9,96.004,24.22,10.79,112.3,114.84,26.86,109.18,10.49,5.27,26.42,10.01,107.17,107.57,24.23,109.79,10.75,5.07
T3,96.148,23.99,10.42,93.96,114.93,25.81,106.9,9.99,4.71,24.07,11.28,94.96,103.52,26.18,109.82,10.44,4.75
T4,96.948,23.18,10.55,109.05,116.22,29.35,108.58,11.23,5.65,24.37,11.42,106.17,107.18,29.22,111.21,10.69,5.65
T10,97.408,27.14,11.05,114.91,97.42,27.18,113.39,9.85,5.06,24.12,10.41,110.58,100.62,26.68,112.8,11.23,5.85
T3,98.863,26.03,10.6,105.82,104.56,25.57,105.82,10.14,5.06,26.73,10.7,101.31,99.69,25.9,102.91,10.44,5.39
T6,99.325,26.13,10.35,103.3,94.75,25.46,104.24,9.63,5.32,24.96,10.9,107.1,98.96,28.33,111.79,11.19,5.11
T3,99.71,23.63,9.91,101.06,99.22,24.76,97.45,11.02,5.44,24.49,10.12,105.43,99.24,27.37,102.7,10.74,5.39
T6,99.949,26.6,11.23,100.3,103.34,27.92,100.94,11.39,5.62,26.84,9.83,114.12,103.56,27.78,108.53,9.85,5.08
T9,101.207,27.32,10.4,112.1,98.13,24.26,109.08,10.75,4.99,27.4,10.34,107.35,111.48,24.95,108.41,10.01,4.85
T6,101.942,24.85,10.24,106.48,107.92,27.94,104.9,10.09,5.64,28.08,9.56,104.27,97.93,27.89,110.94,9.91,5.0
T6,102.693,28.54,10.05,115.94,102.36,26.36,109.63,10.19,5.51,24.51,10.92,99.29,100.98,27.78,100.84,10.56,5.56
T1,105.186,25.48,9.26,103.4,105.76,27.68,101.52,11.25,5.56,28.06,9.26,106.4,96.14,28.69,103.28,10.14,5.2
T10,105.579,24.5,10.0,108.98,99.77,27.52,109.97,10.53,5.09,26.41,10.06,103.88,105.56,25.54,107.45,10.93,5.92
T8,105.877,24.53,10.71,114.3,102.13,25.26,98.67,10.48,5.2,27.0,10.23,100.53,114.26,25.24,96.06,9.93,4.9
T6,108.832,27.6,11.29,105.58,110.25,26.8,101.0,9.9,5.12,28.54,10.42,109.3,105.7,25.78,104.33,10.21,5.02
T1,110.279,24.54,10.83,100.1,105.76,26.5,109.35,10.77,5.38,26.75,10.0,114.54,100.49,26.0,99.14,9.94,5.62
T3,110.784,24.79,11.47,94.29,105.87,27.13,99.74,10.8,4.77,24.2,10.8,100.05,102.22,28.23,108.52,10.66,5.44
T10,111.238,27.96,10.88,99.48,98.55,27.33,97.48,10.2,5.89,26.46,11.33,99.32,101.02,25.64,106.1,10.6,5.48
T5,111.556,25.56,10.92,105.14,104.63,25.7,99.17,9.54,4.71,28.78,9.81,105.99,110.32,27.22,104.82,10.84,4.84
T4,112.832,27.37,11.42,96.77,116.17,25.42,116.48,9.79,5.45,24.47,10.55,93.23,101.46,28.63,112.22,10.94,5.71
T5,114.308,28.84,10.73,93.3,97.17,26.0,102.71,10.01,5.16,28.27,9.69,102.25,106.74,23.16,106.72,9.24,5.43
T7,114.329,27.95,11.49,111.17,102.41,24.23,118.12,10.65,5.38,24.41,11.08,114.12,108.73,24.84,102.45,10.61,5.2
T9,115.069,26.75,11.01,112.72,96.6,24.1,99.86,11.01,4.91,26.44,10.14,97.19,106.66,26.53,111.5,11.33,5.3
T8,115.144,25.73,10.38,103.98,106.64,26.32,105.41,10.86,5.57,24.67,10.57,103.4,110.19,27.44,102.35,10.89,5.11
T4,115.216,23.77,10.53,101.47,110.72,25.07,112.22,9.79,5.34,23.63,10.14,97.55,105.68,28.95,115.1,9.62,5.78
T1,116.126,28.65,10.2,110.22,96.3,25.27,109.88,10.06,5.15,25.52,10.11,108.33,107.56,28.69,111.03,9.7,5.39
T10,118.51,26.63,9.95,98.99,95.66,27.18,112.92,11.17,5.32,27.23,11.15,111.38,112.35,26.32,107.61,9.79,5.01
T3,120.493,25.97,10.87,108.94,101.68,24.68,108.32,11.25,5.08,27.48,10.81,100.14,100.87,25.92,103.71,10.3,5.2
T9,120.842,25.8,10.28,96.9,110.32,24.01,107.37,11.33,4.8,26.5,10.8,110.36,108.32,27.12,105.43,11.08,5.06
T6,121.154,25.36,11.06,107.4,109.36,25.2,109.34,10.52,4.85,26.3,9.79,113.14,93.83,25.34,101.78,11.3,5.01
T4,121.721,25.41,10.06,105.98,105.68,26.93,117.1,10.56,5.56,24.37,10.57,98.13,106.52,25.94,106.22,11.27,5.93
T3,123.698,24.1,10.46,106.1,101.42,26.08,111.76,11.54,4.77,27.4,11.26,94.4,105.1,26.93,108.07,11.02,4.71
T4,126.1,25.19,10.73,95.59,112.97,25.96,112.97,10.48,5.73,24.06,10.35,99.9,99.92,29.12,105.78,10.71,5.92
T10,126.938,26.54,11.76,99.62,105.69,24.74,113.05,10.65,5.03,28.39,11.63,98.64,113.06,27.19,111.79,11.3,5.09
T9,127.729,25.62,10.92,100.97,109.04,24.82,101.96,10.42,4.8,24.9,10.49,99.68,109.05,24.23,102.02,10.84,4.77
T6,127.756,26.24,9.93,114.33,95.03,26.69,101.35,9.67,5.01,25.26,9.99,114.96,102.99,25.65,108.75,11.19,4.96
T6,128.013,28.1,10.34,115.91,102.49,24.85,109.2,10.0,5.0,24.46,10.82,113.38,96.77,24.92,112.13,10.3,5.23
T6,128.706,27.0,9.81,103.74,104.04,28.0,106.31,10.76,5.56,25.02,10.36,104.36,105.72,26.27,114.1,10.13,5.0
T3,129.976,25.23,10.44,109.38,115.74,27.67,96.98,11.54,5.51,26.63,10.46,95.9,99.12,28.98,101.81,11.26,4.94
T1,130.75,24.63,9.87,108.91,98.88,24.9,103.32,9.92,5.59,25.07,9.8,117.95,107.06,28.24,106.66,9.52,5.86
T3,131.236,25.96,10.05,97.83,115.31,26.99,107.78,10.23,5.31,25.24,10.78,93.86,100.56,28.66,108.1,11.42,5.34
T3,132.004,24.76,10.18,108.94,109.09,29.1,115.19,10.98,5.23,27.47,10.8,105.07,112.01,25.17,101.31,10.14,4.9
T2,133.252,25.19,11.25,99.85,109.67,28.08,108.11,10.76,5.53,28.86,11.34,108.74,103.3,25.6,111.79,11.35,5.11
T2,134.044,28.27,9.83,107.95,104.05,25.44,116.28,11.43,5.12,28.41,10.44,108.41,104.14,28.24,115.57,10.56,5.07
T6,134.255,25.34,10.39,115.83,107.94,28.01,114.66,10.82,5.65,27.13,11.2,99.82,98.28,26.12,108.21,10.69,5.5
T5,134.887,29.52,11.11,109.29,112.33,26.34,112.49,9.61,5.23,26.81,10.69,110.38,102.56,25.84,98.94,9.78,4.8
T4,136.02,26.9,10.4,110.32,105.89,25.87,117.05,11.26,5.39,25.98,11.23,101.5,109.54,27.86,101.66,10.91,5.82
T6,136.73,27.96,11.19,99.67,101.2,27.04,114.46,10.75,5.16,24.38,9.51,108.21,93.42,26.31,107.91,9.77,5.45
T2,138.238,27.32,11.19,94.27,108.14,27.54,103.65,10.89,5.5,27.99,10.44,103.25,98.67,25.3,106.21,11.3,4.79
T1,139.099,27.2,9.89,100.56,98.8,25.79,110.14,10.13,4.98,28.82,10.1,110.42,102.2,27.65,111.71,10.15,5.83
T5,141.505,27.86,9.55,102.34,104.26,23.33,97.27,9.77,5.29,29.04,10.69,107.52,100.6,26.22,112.9,10.62,5.43
T2,141.905,28.09,10.19,95.59,109.45,27.07,105.22,11.11,5.23,26.83,11.44,96.46,94.12,24.59,103.43,9.95,4.81
T1,141.914,28.44,9.78,105.59,102.68,25.11,94.9,11.08,5.75,25.21,9.43,107.78,106.97,28.08,110.89,10.28,5.84
T4,142.669,23.25,10.35,107.61,113.85,27.97,106.36,11.15,5.14,23.41,10.77,104.28,101.92,25.62,99.36,10.42,5.14
T10,145.772,25.41,11.06,98.26,102.84,27.19,110.72,10.41,5.2,26.1,11.62,111.62,109.05,25.92,101.65,11.03,5.08
T9,147.775,24.23,11.04,109.09,107.52,24.65,109.52,10.71,5.41,25.43,9.56,108.82,114.51,23.38,109.85,10.32,4.74
T1,149.789,28.45,10.74,101.03,100.2,25.6,106.13,10.23,5.12,28.51,10.09,115.87,100.18,27.41,111.74,9.48,5.37
T1,151.351,27.07,9.36,114.27,105.86,26.21,100.79,9.5,5.76,27.51,10.33,112.25,105.32,25.36,103.63,9.64,5.78
T10,151.687,28.15,11.05,104.44,106.43,23.6,100.91,9.99,5.1,25.71,10.39,101.43,104.54,26.4,96.79,9.99,5.73
T7,153.072,25.1,11.12,117.09,106.42,25.38,105.14,11.2,5.15,27.44,10.68,108.99,98.16,26.23,111.15,10.19,5.06
T6,153.344,26.74,11.13,105.18,98.41,26.02,115.31,10.16,5.2,28.43,9.53,104.83,109.92,27.33,114.7,10.47,5.53
T4,153.796,24.21,9.93,93.91,115.64,26.03,103.44,10.47,5.61,24.07,11.37,95.58,98.64,29.08,109.43,10.0,5.56
T2,154.291,28.78,11.06,97.39,94.18,29.1,115.15,10.92,5.03,28.25,11.05,104.62,101.04,25.8,116.24,11.06,5.01
T6,154.853,27.4,10.16,109.51,98.96,25.46,109.29,10.88,5.38,25.49,9.62,106.43,105.68,27.13,105.02,9.85,4.87
T3,155.108,23.77,10.68,109.47,100.34,28.36,105.1,10.17,5.16,25.14,11.41,97.86,108.18,27.71,100.38,10.07,5.35
T4,157.071,23.96,10.58,100.1,114.02,28.63,106.31,11.12,5.47,27.31,9.89,107.35,107.96,25.72,111.21,10.65,5.34
T1,157.309,26.87,10.18,114.78,105.63,28.31,100.33,10.01,5.4,25.3,10.59,108.17,102.09,25.14,104.31,11.04,5.79
T4,157.539,25.92,10.23,102.87,111.49,27.68,115.12,9.95,5.03,24.03,10.62,101.74,103.64,28.37,107.85,10.98,5.46
T7,157.589,26.2,10.96,114.29,98.78,24.57,107.07,10.89,5.28,24.18,11.84,102.57,101.14,24.2,103.81,9.92,5.39
T7,159.185,24.88,10.42,104.22,113.1,26.48,102.06,10.74,5.1,24.65,10.51,100.76,100.94,24.75,111.04,11.3,5.69
T10,160.186,28.21,10.8,113.53,100.98,26.32,106.01,11.3,5.75,26.2,10.94,108.32,96.17,25.19,102.86,10.51,5.64
T9,160.582,26.71,9.76,96.1,109.02,23.07,108.06,11.1,5.13,28.48,10.36,103.69,110.75,24.26,113.04,9.96,4.69
T1,163.572,25.62,10.1,117.33,102.42,27.84,109.92,11.11,5.71,26.32,10.13,116.65,99.76,27.58,96.61,10.54,5.26
T10,164.015,25.86,10.4,98.51,111.2,24.35,103.45,11.0,5.68,24.33,11.12,102.26,96.99,25.82,97.62,10.44,5.94
T6,168.764,27.23,10.36,99.65,105.68,28.42,114.66,11.06,5.34,24.89,9.6,110.07,102.0,27.78,111.14,10.18,5.01
T7,169.147,24.17,11.1,115.34,111.9,25.3,113.43,11.21,5.77,24.54,10.84,116.43,104.62,26.95,111.81,10.57,5.7
T3,170.905,23.79,10.1,110.62,114.74,26.2,108.8,10.35,4.88,24.5,10.57,96.98,101.38,26.07,106.39,11.74,4.65
T6,172.037,26.52,9.52,108.71,105.44,27.26,101.89,10.99,5.58,26.84,10.8,111.91,98.69,24.85,107.78,10.66,5.25
T7,173.445,25.73,11.56,102.83,97.0,24.53,101.64,10.09,5.51,23.9,10.24,101.38,102.99,25.18,112.83,11.03,5.39
T5,174.544,29.61,9.46,98.59,113.27,27.04,111.9,10.6,5.57,26.39,11.08,99.71,108.73,24.63,97.03,9.2,5.04
T1,176.212,28.4,9.73,111.51,103.35,28.31,102.9,9.77,5.82,26.86,10.12,109.95,104.3,26.1,94.49,9.47,5.79
T9,176.29,27.24,10.39,100.72,111.94,23.14,100.38,11.48,5.22,26.48,11.09,95.28,108.57,25.21,107.21,10.27,4.82
T9,177.391,26.68,9.76,99.73,100.33,24.05,98.92,9.82,4.93,26.8,10.58,111.94,112.35,23.35,104.73,11.63,4.98
T4,179.217,26.2,11.07,98.27,104.89,26.06,104.58,10.38,5.66,25.09,11.18,104.39,100.92,29.43,113.4,10.07,5.17
T2,179.218,25.59,11.09,95.53,106.95,25.82,108.63,10.91,5.48,27.82,11.13,101.01,94.01,26.15,109.73,10.99,5.02
T5,179.877,27.43,9.5,98.1,98.1,25.32,101.61,9.94,5.33,29.32,9.68,103.1,112.2,25.77,95.79,10.6,5.5
T2,180.062,28.09,11.08,105.59,108.96,27.3,102.54,10.8,5.12,25.33,10.89,106.85,106.47,25.88,102.48,11.38,4.97
T4,180.16,23.64,10.18,94.79,115.12,28.05,112.84,10.21,5.9,26.25,11.56,101.01,110.37,29.71,110.63,11.38,5.08
T2,180.711,27.08,11.4,92.09,103.29,24.78,111.53,10.46,5.35,27.23,10.45,102.98,106.49,26.77,108.79,9.87,5.23
T5,183.309,27.44,10.56,95.3,96.93,23.21,95.47,10.2,5.07,29.52,9.55,108.13,113.29,27.3,97.98,9.83,5.22
T7,183.43,26.83,10.91,113.91,110.34,26.52,104.46,10.82,5.37,26.58,11.01,111.39,107.88,27.08,109.77,10.47,5.33
T8,184.132,28.07,10.92,105.74,113.85,24.22,103.99,10.34,4.75,28.77,9.67,112.73,112.87,24.0,109.34,9.66,5.06
T8,185.619,25.71,9.25,104.75,106.29,25.2,95.88,10.52,5.22,27.08,9.23,106.15,107.6,27.77,100.55,10.7,5.51
T9,186.112,26.6,10.83,95.07,110.08,23.9,113.79,9.96,5.1,25.5,10.85,108.18,99.14,24.04,101.15,10.18,4.7
T5,187.435,25.47,10.25,104.2,108.2,23.26,100.07,9.21,5.51,25.59,10.37,99.68,110.4,25.86,108.26,9.56,5.55
T8,188.331,24.64,10.8,101.22,117.87,28.04,108.62,9.87,5.02,25.49,9.52,107.02,109.41,28.27,96.44,10.91,4.79
T10,188.62,24.48,10.05,112.45,100.63,24.55,97.86,10.02,5.23,27.34,9.92,102.4,100.74,26.54,98.1,9.76,5.65
T3,189.266,26.32,11.21,108.49,107.7,26.63,113.25,10.72,4.95,27.02,10.74,103.53,114.44,26.13,112.74,10.49,4.9
T2,189.437,27.82,10.3,100.24,102.72,28.24,102.58,9.72,4.9,27.79,11.09,99.34,94.5,26.82,113.32,10.98,4.7
T4,194.15,26.31,11.04,110.6,106.16,26.43,110.88,10.51,5.64,26.18,10.11,107.47,109.07,26.02,108.0,10.21,5.91
T9,195.573,24.31,10.88,98.18,101.13,24.04,111.61,10.1,4.72,27.22,10.82,95.94,106.17,23.9,107.9,10.65,5.01
T10,196.099,25.2,10.0,111.92,108.6,27.14,108.63,10.7,5.09,26.88,10.56,99.88,104.14,27.17,111.12,9.87,5.52
T9,196.51,25.79,10.95,100.96,105.81,23.84,113.83,11.66,4.82,24.97,9.56,97.18,112.26,25.79,107.26,11.03,5.26
T5,197.322,29.45,10.84,101.47,109.99,27.08,96.87,10.76,5.0,29.64,10.74,95.3,110.76,25.24,104.4,10.6,5.49
T5,197.982,28.82,10.71,101.34,100.46,24.28,110.22,10.23,5.08,29.66,9.51,93.7,99.48,24.75,102.8,10.37,4.7
T5,198.116,27.31,10.38,94.88,106.64,23.44,105.81,9.94,5.53,29.07,11.11,103.34,109.47,23.51,100.27,10.43,5.32
T10,199.104,26.19,10.7,98.51,100.38,24.61,98.33,11.26,5.5,24.4,10.41,100.5,109.92,24.29,112.49,11.14,5.79
T2,200.5,26.87,10.55,98.69,100.32,26.31,111.83,9.7,5.45,28.28,10.53,95.75,98.87,24.7,101.94,10.58,5.04
T2,200.594,25.03,10.76,98.19,105.32,25.36,113.95,9.87,5.28,25.48,10.84,98.14,95.2,24.56,113.0,10.44,5.06
T7,201.713,25.09,11.69,101.19,104.62,23.7,108.9,10.68,5.49,27.94,10.3,112.38,101.27,26.29,110.47,10.32,5.66
T6,201.817,28.51,11.15,111.97,104.6,28.52,102.39,9.77,5.01,27.91,10.2,106.11,106.79,29.39,113.0,10.24,5.33
T5,203.504,29.35,10.76,94.69,112.83,26.9,102.99,10.0,4.9,26.24,10.22,102.15,112.31,26.41,110.76,10.15,5.34
T7,203.667,26.0,10.66,105.41,104.36,24.62,107.58,10.48,4.95,25.32,11.64,101.68,108.24,26.76,109.43,11.68,5.58
T2,206.074,25.92,10.07,96.55,100.76,27.32,109.14,11.05,4.95,28.14,11.09,93.99,103.34,28.46,101.43,9.73,4.82
T3,206.151,27.35,9.87,107.93,106.01,24.96,103.65,10.99,5.28,24.63,10.39,98.18,115.62,28.09,112.41,10.5,5.47
T1,207.051,28.36,9.36,102.99,102.65,27.77,101.84,11.19,5.07,25.08,9.53,107.94,100.72,27.23,105.0,11.01,5.59
T4,208.538,26.43,11.57,103.46,110.44,26.32,110.0,11.34,5.27,25.26,11.64,104.28,111.56,29.13,108.0,10.76,5.08
T10,209.298,26.32,11.3,108.68,110.83,25.28,109.4,9.92,5.3,27.51,10.45,110.91,101.02,23.84,97.8,10.41,5.75
T7,210.313,25.39,11.55,109.41,106.58,24.54,105.44,11.48,5.76,28.0,10.83,100.9,97.44,23.06,103.81,10.05,5.32
T2,211.106,27.0,10.53,93.22,98.91,27.57,108.56,9.76,4.96,27.0,10.11,98.77,97.29,26.6,108.21,10.77,5.02
T2,211.866,24.78,10.84,103.75,105.0,28.93,116.17,9.84,4.86,25.74,11.08,100.23,102.79,26.1,104.54,10.07,5.04
T9,213.496,25.43,10.34,99.18,98.62,24.19,112.14,9.98,4.92,26.82,10.59,101.0,110.76,24.59,100.29,11.53,4.62
T9,214.096,26.96,9.68,95.24,100.71,23.31,106.58,11.53,4.98,25.62,10.3,95.62,105.42,25.55,113.13,10.88,4.99
T7,214.466,26.06,11.26,109.4,101.06,23.31,108.06,10.37,5.75,24.46,11.21,101.07,96.96,27.01,117.61,10.06,5.27
T10,215.988,27.85,9.94,113.98,104.32,23.94,109.12,10.55,5.45,26.56,10.34,109.83,95.92,23.86,110.97,10.75,5.45
T4,216.828,24.0,10.72,102.69,113.51,29.66,100.76,10.1,5.96,24.77,11.36,101.76,99.97,25.38,109.65,11.07,5.11
T1,216.855,26.26,10.57,114.54,96.96,28.19,105.39,10.55,5.41,25.84,9.46,100.8,106.0,28.7,98.54,10.25,5.2
T10,217.014,24.39,9.99,109.98,98.66,26.85,98.49,9.59,5.36,26.21,10.98,107.95,100.66,25.46,113.05,9.64,5.84
T4,218.877,25.3,10.27,97.89,106.19,27.28,110.74,9.65,5.42,23.74,11.42,103.12,108.58,27.0,108.75,10.56,5.07
T4,219.467,23.45,10.56,93.21,100.92,27.48,108.39,10.13,5.15,26.92,9.97,100.46,103.72,25.89,112.63,10.56,5.26
T9,219.52,25.2,10.94,111.43,100.86,25.55,115.26,9.98,4.78,27.65,9.92,108.81,108.04,24.99,112.15,9.94,5.1
T1,222.269,27.87,9.79,113.38,103.74,26.41,105.64,10.76,5.69,28.7,9.44,111.16,103.68,26.52,98.71,10.24,5.48
T6,223.447,24.17,11.28,113.68,102.45,24.94,115.23,10.78,5.64,28.25,10.14,112.48,96.72,29.04,112.16,10.25,4.98
T8,224.599,25.0,10.65,103.61,112.16,26.25,107.39,10.65,5.3,25.34,9.53,111.87,106.88,27.86,111.71,10.35,5.12
T7,225.075,25.35,11.66,109.97,104.71,26.57,115.34,10.29,5.17,24.18,11.74,115.91,110.16,25.12,100.88,10.96,5.14
T2,226.576,26.58,10.34,95.54,95.47,25.89,105.22,10.98,5.33,27.4,10.02,96.13,103.36,26.6,105.78,10.75,5.51
T7,228.093,23.88,10.72,99.44,107.41,25.82,102.41,10.61,5.47,25.71,10.06,100.32,102.19,26.82,103.14,11.19,5.24
T2,228.675,26.86,11.27,92.63,107.73,25.71,117.23,9.7,5.28,26.59,10.46,103.49,94.85,26.58,102.54,10.93,5.53
T9,229.354,27.15,9.65,100.7,111.56,25.89,108.8,10.9,5.16,26.46,10.16,99.22,105.84,26.96,106.54,9.8,4.87
T4,230.044,26.36,10.41,106.25,105.66,27.7,104.9,10.65,5.35,23.46,10.85,107.57,100.08,25.49,112.27,10.53,5.86
T6,232.867,26.93,10.5,108.91,105.78,25.47,118.21,10.42,5.05,25.86,10.87,103.66,107.11,26.11,106.26,9.93,5.2
T2,234.986,25.06,10.78,102.64,99.15,27.67,105.26,10.37,4.66,24.77,10.21,107.17,107.52,29.0,112.58,9.79,5.38
T9,243.065,26.87,10.87,106.25,114.35,25.1,112.43,11.29,5.39,26.04,10.36,104.34,109.02,26.86,103.58,11.01,4.9
T10,243.872,28.05,11.3,105.48,110.14,27.1,110.97,10.86,5.51,27.26,11.53,100.54,112.4,27.46,103.54,10.62,5.66
T7,244.394,27.4,11.18,109.97,113.07,26.42,110.94,11.65,5.08,25.37,11.22,115.62,103.31,23.01,115.36,10.15,5.44
T1,244.706,25.2,10.74,110.34,96.69,28.86,98.59,9.96,5.73,28.02,9.63,100.15,102.3,25.46,107.14,9.53,5.82
T2,245.535,24.91,10.05,94.97,94.0,28.84,105.78,11.4,4.79,28.78,10.27,91.6,108.5,25.16,116.34,10.92,5.03
T2,245.617,28.78,10.65,98.65,103.56,27.26,105.36,10.46,5.21,26.43,10.36,91.69,109.7,28.31,111.0,10.61,5.4
T2,246.321,28.85,10.39,94.29,104.86,26.54,103.33,10.85,5.37,27.37,9.77,102.58,105.07,28.74,109.19,10.33,4.74
T6,247.968,24.46,10.08,114.37,103.72,29.01,100.71,9.76,5.27,24.84,9.97,114.87,98.03,27.02,111.31,10.2,5.21
T5,247.975,28.62,10.25,95.14,99.48,23.73,101.46,10.56,4.86,29.03,9.87,101.23,98.38,27.22,107.88,10.89,4.9
T6,248.393,25.86,10.15,111.05,102.5,26.66,114.1,9.8,5.4,26.52,9.86,112.01,109.7,28.56,110.01,10.72,5.38
T1,248.646,25.27,10.47,110.31,111.11,28.66,107.55,10.23,5.6,25.84,10.83,101.79,110.88,28.86,105.7,10.57,5.15
T8,251.294,26.25,10.24,102.16,103.51,26.74,102.98,11.31,5.3,26.8,9.91,103.56,106.57,24.37,94.52,10.48,4.92
T7,251.681,26.2,10.32,113.68,100.3,26.46,109.62,10.15,5.05,28.01,11.14,110.96,109.81,24.71,111.73,10.97,5.48
T3,253.207,27.38,10.92,98.77,101.51,27.81,115.07,10.21,5.32,26.8,10.89,97.29,99.31,26.96,109.25,11.06,5.0
T9,255.578,25.81,9.6,107.44,103.32,26.13,102.69,10.9,5.09,25.03,10.07,102.38,98.72,26.08,115.89,11.07,5.16
T9,258.536,27.33,10.34,109.49,97.43,23.32,103.45,10.03,5.42,25.04,9.72,107.64,111.65,24.61,110.4,10.2,4.58
T10,259.725,28.58,10.73,107.09,101.92,25.5,97.8,10.91,5.44,25.76,10.44,108.75,109.12,23.53,101.52,11.18,5.55
T8,259.881,27.66,9.85,100.52,101.88,25.05,96.07,9.88,4.84,27.31,9.62,99.44,110.19,24.85,104.8,11.3,5.3
T2,260.062,28.32,9.78,105.43,102.71,26.88,103.52,10.06,5.24,25.41,11.25,94.4,99.66,27.34,102.22,10.47,4.83
T5,260.362,29.64,10.33,94.74,113.74,25.73,112.46,9.45,4.75,28.51,11.12,96.02,103.5,24.95,95.57,10.55,5.05
T2,261.775,27.01,10.34,94.04,98.84,25.38,112.81,10.26,5.37,27.66,10.32,97.11,97.56,26.4,118.38,11.01,4.83
T3,261.817,23.82,9.82,104.52,106.36,28.12,104.64,11.7,5.36,25.82,10.62,97.02,106.73,28.34,98.53,10.11,4.69
T6,263.83,25.08,9.9,106.25,105.61,26.27,105.82,9.97,5.32,24.79,11.16,105.54,94.93,24.86,112.96,10.75,5.34
T8,264.302,26.4,9.42,103.32,107.32,24.22,103.98,9.74,5.2,27.4,9.84,99.12,115.97,25.3,110.98,9.76,5.54
T7,264.717,26.79,10.19,112.23,111.38,26.08,103.6,10.21,5.05,28.25,11.16,112.57,107.41,22.96,109.49,10.97,5.42
T7,265.077,26.43,10.78,113.81,112.29,24.37,102.73,11.06,5.81,25.76,10.27,114.27,101.34,23.73,108.62,10.26,5.08
T10,265.473,25.18,10.32,98.96,97.86,27.85,106.83,9.9,5.03,26.54,10.47,109.89,105.57,26.66,97.34,10.0,5.11
T4,265.761,26.69,11.66,106.48,107.5,28.76,111.15,9.77,5.14,23.5,10.74,94.95,112.04,28.5,110.02,10.65,5.27
T8,266.985,28.16,9.47,109.93,111.4,27.21,95.7,11.21,5.39,28.97,9.92,101.08,100.67,25.31,105.14,10.0,5.57
T5,267.094,28.18,10.06,93.58,106.14,26.19,111.39,9.8,5.11,26.16,9.51,95.58,111.34,24.38,112.64,9.7,5.14
T9,267.449,27.25,10.9,100.16,100.15,26.53,109.65,11.53,4.93,25.74,9.69,101.28,97.92,25.71,107.47,10.34,5.13
T2,269.428,27.88,11.13,107.02,106.14,26.64,114.36,11.18,5.27,25.86,11.46,101.89,107.21,25.95,109.63,11.08,5.46
T9,272.733,24.96,11.1,97.22,103.35,24.26,100.25,9.97,4.81,26.06,9.72,103.45,109.18,25.81,109.79,10.81,5.03
T10,276.751,27.47,11.68,113.48,106.3,26.51,104.13,10.9,5.06,26.54,10.02,97.75,100.46,26.85,109.65,9.57,5.7
T4,277.292,25.74,11.43,100.74,104.36,27.96,114.7,10.06,5.41,24.91,10.17,109.3,113.67,26.36,109.11,9.9,5.14
T5,277.405,29.0,10.19,101.55,105.01,25.66,99.77,10.15,5.36,27.78,10.62,93.3,108.44,23.17,111.45,9.6,4.97
T3,278.625,24.24,11.29,99.25,105.9,25.31,102.3,10.95,4.91,26.22,11.52,103.63,97.7,25.02,113.73,11.03,4.86
T5,280.651,26.4,9.94,97.87,107.13,26.45,111.94,10.32,4.74,25.22,10.34,94.26,107.72,23.94,99.3,9.98,5.42
T2,280.707,28.16,10.17,97.52,100.64,29.11,115.61,11.35,5.15,27.01,10.47,101.52,110.78,25.77,115.62,10.7,5.08
T7,281.047,26.86,11.41,108.02,110.59,26.3,105.5,10.73,5.09,26.06,11.44,101.43,112.11,25.59,109.98,11.3,5.13
T3,284.095,23.23,11.38,95.82,100.31,27.6,105.41,11.46,5.46,23.22,10.95,102.64,107.7,24.59,109.36,10.72,5.12
T3,284.373,24.19,10.46,94.43,102.19,27.25,108.59,11.74,5.13,25.9,11.43,104.29,112.24,27.66,106.68,11.06,5.4
T7,285.802,26.21,10.49,100.96,107.59,27.1,108.83,10.7,5.49,24.55,10.18,113.96,111.9,22.97,112.96,10.68,5.49
T5,286.387,28.87,10.67,94.23,112.95,23.1,98.44,10.49,4.71,25.58,9.66,108.7,98.72,26.12,102.12,10.5,5.3
T5,286.592,26.26,10.77,104.76,108.12,25.16,113.32,9.63,4.83,27.31,10.87,101.72,98.77,25.17,110.47,9.77,5.01
T6,287.106,25.61,10.78,104.45,93.65,25.16,102.1,10.46,4.98,27.18,10.57,107.64,103.91,28.95,108.29,11.1,4.86
T2,288.037,26.7,10.14,95.2,99.08,25.41,101.37,10.66,5.32,28.48,10.52,105.41,97.56,28.73,118.45,11.34,5.14
T7,288.514,25.58,11.73,116.4,100.42,23.85,109.57,11.51,5.53,26.63,10.56,110.42,110.53,25.16,108.94,11.08,5.68
T1,289.217,26.07,10.47,118.21,108.99,28.47,101.53,9.87,5.02,24.79,10.18,107.38,106.26,28.4,111.72,10.45,5.59
T3,290.427,24.09,11.12,99.32,110.35,29.19,111.48,10.01,5.03,23.18,11.16,105.93,99.94,29.1,113.91,10.56,5.23
T10,291.086,26.54,10.87,109.5,103.09,24.29,103.5,9.9,5.09,27.43,10.89,99.07,113.24,26.5,102.36,11.12,5.29
T3,291.54,25.35,11.07,105.51,102.07,24.79,114.28,10.77,4.84,25.77,10.81,93.79,114.56,27.59,103.65,11.04,4.89
T6,292.78,25.57,10.87,112.71,99.51,28.86,107.47,9.97,5.0,24.35,10.66,100.33,103.38,26.08,110.21,10.63,5.52
T8,293.682,24.76,10.84,110.62,113.38,28.1,106.04,11.4,4.8,28.0,9.38,108.98,114.4,23.91,103.11,10.7,4.91
T2,295.364,24.58,10.19,100.69,102.91,28.05,107.68,11.12,4.95,26.51,11.36,106.9,104.48,27.51,101.81,10.89,4.83
T9,296.306,27.15,9.85,104.03,97.27,23.8,109.62,10.97,5.32,25.09,10.7,98.45,109.8,25.51,115.22,10.92,5.4
T10,298.479,27.41,10.47,115.76,105.81,23.8,108.34,10.69,5.74,24.38,10.4,101.0,109.86,27.68,98.0,10.16,5.05
T9,299.304,27.12,10.0,97.4,105.3,26.49,104.36,10.1,4.98,28.44,10.2,110.36,101.15,23.9,104.23,9.81,4.87
T10,300.089,27.64,11.19,98.88,107.47,24.22,101.8,10.89,5.87,25.35,9.94,101.4,103.23,26.01,106.64,10.47,5.36
T5,300.254,29.52,9.41,97.87,113.67,25.85,109.88,10.67,4.93,29.71,9.36,93.18,97.15,24.01,111.45,10.14,4.77
T7,301.522,26.78,10.08,110.79,106.87,25.84,115.07,10.88,5.04,28.27,11.8,107.17,107.18,24.19,108.15,10.9,5.82
T1,301.6,28.6,9.66,105.59,107.4,28.1,105.74,10.16,5.74,27.74,10.33,108.04,107.55,25.17,101.18,10.8,5.52
T2,301.633,28.05,10.2,95.15,104.36,27.66,110.44,11.42,4.95,29.02,11.28,105.37,109.67,25.13,115.26,11.24,4.99
T2,304.439,24.83,10.05,91.6,106.78,27.67,105.16,10.59,5.36,27.94,11.45,108.94,106.78,26.34,104.05,11.07,4.75
T9,304.522,25.03,10.33,98.39,113.25,24.84,98.32,11.15,5.21,27.0,9.55,107.68,103.34,26.49,99.43,10.03,5.38
T8,304.83,27.36,9.46,101.68,112.32,24.34,104.59,10.22,5.44,27.5,9.52,111.91,106.34,24.29,96.59,10.64,5.46
T3,308.534,25.04,11.55,95.06,100.78,27.24,97.4,10.38,4.68,25.14,10.1,104.87,114.55,27.59,102.66,11.49,4.91
T7,308.801,27.36,11.78,108.39,101.5,25.2,112.13,10.61,5.47,25.38,11.34,101.52,96.56,25.68,101.42,11.6,5.43
T8,310.313,24.45,10.49,112.73,104.91,26.97,103.28,11.41,5.16,25.65,10.5,110.36,105.87,24.37,104.35,10.47,5.5
T4,311.177,23.31,10.37,93.11,115.74,29.22,113.84,10.74,5.6,24.2,11.26,100.46,112.17,28.25,108.67,10.69,5.51
T6,314.547,25.54,10.58,110.8,101.55,28.01,116.04,10.36,5.3,26.44,9.82,112.89,94.24,24.98,115.64,10.36,5.61
T10,315.264,27.68,11.47,114.91,110.6,24.65,108.45,9.67,5.46,25.11,11.61,109.03,108.16,23.56,96.27,9.62,5.86
T5,317.493,28.94,10.12,107.76,102.0,23.53,102.08,10.79,5.49,25.7,9.59,98.02,108.36,27.22,99.25,9.59,5.28
T10,317.602,26.06,11.74,100.48,107.95,24.96,100.13,9.67,5.51,26.54,10.2,112.09,112.94,26.9,101.72,10.22,5.74
T10,318.64,26.74,10.1,102.96,97.94,26.6,107.86,10.7,5.77,26.21,10.38,113.51,111.5,25.62,100.31,10.2,5.61
T7,320.146,24.13,11.9,107.01,104.85,25.48,114.23,10.17,5.82,25.73,10.97,113.07,104.18,25.68,104.79,11.41,5.35
T5,320.179,28.87,10.43,94.19,97.39,26.6,98.05,10.38,5.37,26.77,9.79,98.1,108.58,25.84,95.53,9.85,4.88
T3,320.499,24.44,10.8,102.78,110.44,28.25,100.58,10.49,5.29,26.54,11.05,100.64,99.68,27.65,106.12,9.97,5.04
T8,321.068,25.51,10.91,114.58,105.87,25.88,106.25,11.0,5.18,28.53,10.82,107.26,117.75,27.87,101.15,9.69,5.5
T6,322.5,28.32,9.54,112.25,110.29,28.45,118.53,11.15,4.79,25.64,9.95,100.93,100.63,29.39,101.02,10.24,5.4
T10,324.82,24.12,11.68,113.43,111.04,23.92,103.82,10.67,5.27,24.24,10.94,105.99,108.56,26.71,102.93,11.03,5.83
T10,325.083,26.28,11.18,113.43,113.4,27.67,101.12,10.26,5.2,24.57,9.91,98.02,108.62,24.99,98.2,9.77,5.22
T10,325.445,26.41,10.87,112.6,107.49,24.27,96.73,11.29,5.89,26.29,10.35,113.92,104.66,26.6,100.62,10.54,5.44
T9,326.28,26.3,10.48,104.91,97.61,26.17,105.75,10.08,5.2,26.74,10.82,98.53,105.84,27.01,110.54,10.68,4.76
T1,327.145,27.39,9.88,112.04,100.21,25.48,97.03,11.14,5.41,28.5,10.18,110.16,98.76,28.42,101.22,9.64,5.12
T2,328.691,26.29,11.24,102.01,101.99,24.7,109.48,10.36,4.69,25.44,9.82,104.87,100.69,25.69,107.99,11.09,5.32
T3,328.829,27.4,9.91,108.61,110.67,25.31,103.14,11.74,5.07,26.66,10.19,103.59,109.26,27.72,104.57,10.76,4.77
T4,329.739,23.9,10.09,104.02,100.48,26.72,116.63,10.22,5.88,25.76,9.99,99.57,104.89,27.25,107.13,9.82,5.14
T2,329.83,24.66,10.48,103.69,98.7,28.47,102.33,10.53,4.66,27.6,11.03,105.59,94.78,28.19,106.57,11.35,5.22
T3,332.035,23.36,10.26,104.69,102.47,28.96,103.66,10.74,5.04,26.96,9.8,98.48,114.61,25.22,106.86,11.21,4.97
T4,332.102,26.12,10.0,95.49,104.42,25.34,111.21,9.86,5.22,23.58,10.19,102.49,100.37,27.68,109.02,10.65,5.85
T4,333.597,26.82,11.19,97.42,104.2,27.39,107.4,9.88,5.63,25.75,10.43,107.65,111.89,28.96,117.23,11.34,5.14
T9,335.443,28.21,10.9,110.11,103.15,23.7,116.02,11.03,5.05,26.91,10.61,105.16,111.52,23.93,97.89,9.81,5.09
T8,336.347,28.93,9.46,103.63,110.82,26.59,104.96,9.89,5.3,27.95,10.71,99.66,107.36,26.18,105.16,11.07,5.41
T2,336.403,24.83,9.96,102.72,107.78,27.25,112.85,10.64,4.73,26.28,10.23,102.01,109.88,26.21,115.61,10.37,4.7
T7,337.268,27.69,11.02,104.47,97.5,26.97,115.74,9.94,5.64,24.5,10.07,111.5,100.18,24.38,108.42,11.42,5.74
T4,337.816,23.57,11.62,101.74,114.97,27.19,99.91,10.78,5.52,24.42,10.6,98.27,100.44,26.98,111.83,11.35,5.82
T8,341.279,28.61,9.38,114.55,110.7,24.49,106.69,10.94,5.54,25.42,9.35,108.16,108.83,24.94,94.46,10.25,4.94
T5,341.333,29.48,10.12,99.46,102.57,23.06,98.18,9.74,4.81,25.21,9.41,97.19,100.01,23.74,100.94,9.88,5.0
T7,341.89,25.63,10.16,113.84,111.66,26.64,117.62,11.48,5.08,28.1,11.82,109.97,102.21,22.93,104.01,11.33,5.44
T4,344.909,23.46,10.39,102.81,106.97,28.13,111.21,9.76,5.05,24.2,11.25,94.41,106.23,27.81,112.4,9.93,5.46
T7,348.009,27.95,11.78,103.7,111.61,23.84,114.13,9.91,5.58,27.69,11.15,105.89,97.58,25.02,105.91,10.36,5.04
T4,348.296,25.3,10.7,109.41,102.14,26.99,103.44,10.26,5.88,23.45,10.11,98.53,109.19,25.55,102.83,9.95,5.5
T2,350.215,25.15,10.73,94.58,98.95,26.53,105.81,9.7,4.93,24.97,11.22,98.19,99.36,26.08,116.37,9.81,4.75
T9,351.605,24.75,9.54,105.05,113.87,25.3,101.2,11.04,5.38,28.49,9.98,101.26,98.7,27.21,100.06,11.0,4.92
T9,351.953,26.5,10.94,108.27,101.15,25.91,104.62,11.37,4.7,26.34,11.01,99.44,105.14,27.14,112.1,11.07,5.05
T10,353.368,24.78,10.81,106.74,103.27,25.5,104.98,9.57,5.19,25.86,10.25,99.06,101.31,23.52,100.17,10.5,5.17
T2,355.076,25.49,10.2,106.99,108.58,29.08,114.53,10.07,5.28,25.87,10.63,92.14,108.58,26.74,104.14,11.18,4.84
T4,355.76,25.39,10.62,98.11,103.96,27.45,99.7,10.33,5.35,27.43,10.3,104.02,107.31,27.86,103.22,11.02,5.27
T7,357.796,28.23,10.99,108.27,100.42,25.01,113.42,10.43,4.95,27.9,11.3,103.11,105.22,27.05,102.82,10.34,5.32
T7,359.977,26.78,11.02,110.84,104.36,24.21,108.82,11.21,5.09,24.34,10.39,115.62,108.69,25.74,117.19,11.64,5.06
T4,360.237,23.69,10.27,94.57,98.1,27.42,113.84,11.12,5.11,26.51,11.58,102.17,102.37,27.95,111.6,11.03,5.54
T8,361.997,25.15,9.42,103.63,118.61,24.57,106.57,10.82,4.84,25.11,10.17,106.33,112.4,25.47,100.32,10.97,4.84
T10,362.759,26.68,11.07,103.24,105.81,27.4,98.28,9.86,5.84,25.35,11.41,107.02,107.63,25.32,113.1,10.73,5.47
T5,365.624,28.46,9.78,102.34,110.65,25.36,110.57,10.15,5.51,25.35,9.46,101.52,100.46,26.31,101.52,9.99,5.19
T6,365.91,24.44,9.7,103.51,102.64,25.75,113.42,9.93,5.0,25.3,10.6,116.9,106.79,25.18,115.06,10.86,4.85
T5,366.199,26.29,10.53,93.75,99.1,24.53,110.35,10.01,5.03,25.67,10.32,110.46,111.08,26.47,104.96,10.01,5.36
T7,366.986,27.24,10.32,99.61,109.26,26.51,109.93,10.38,5.14,24.33,11.58,106.31,101.32,26.95,106.7,10.86,5.55
T8,368.348,25.18,9.64,100.3,111.61,24.04,97.93,10.07,4.74,29.02,10.01,97.05,107.13,24.76,103.99,9.66,5.54
T8,368.562,26.14,9.81,108.03,113.63,24.22,108.79,10.52,5.29,28.94,10.01,109.91,111.9,26.18,106.69,9.66,5.49
T9,368.967,26.92,10.26,100.3,114.6,25.38,112.83,10.87,4.95,24.59,10.43,108.54,111.11,23.91,111.48,10.24,5.3
T2,369.017,24.94,10.91,100.29,94.31,25.26,104.06,11.22,5.5,28.14,9.84,92.34,103.5,25.36,115.08,9.66,5.34
T9,370.135,28.33,9.66,108.54,100.6,24.95,114.17,11.31,4.93,27.21,10.25,96.29,100.2,25.79,111.64,9.82,5.12
T9,370.897,26.1,10.39,107.18,109.53,26.78,105.74,9.88,4.59,25.08,10.52,105.56,109.11,24.19,107.37,11.11,4.85
T1,372.017,25.38,10.49,114.24,100.29,28.13,95.74,10.75,5.49,28.43,9.89,109.04,103.95,28.41,107.61,11.05,5.88
T5,373.055,27.45,10.92,104.16,105.36,23.24,99.08,10.29,5.34,27.2,10.61,106.24,114.26,26.67,98.7,9.61,5.37
T6,374.241,24.84,9.8,116.28,97.8,29.01,118.14,10.23,5.14,27.27,9.55,116.74,99.51,28.62,100.5,10.96,4.94
T10,374.376,25.5,10.47,110.66,105.85,24.98,97.16,10.35,5.35,28.16,10.26,115.49,109.51,24.14,103.43,9.62,5.34
T9,376.803,27.11,10.4,95.58,101.6,25.25,110.06,11.65,5.38,24.92,11.06,99.17,102.2,23.07,105.76,10.91,5.18
T8,378.093,27.33,10.26,101.08,101.88,25.68,108.1,10.0,4.9,24.54,10.7,114.85,103.01,25.98,105.04,10.0,5.37
T7,379.036,23.97,11.02,103.13,105.26,23.06,109.88,10.78,5.31,24.74,10.55,102.0,107.3,25.04,109.74,10.28,5.11
T7,379.234,27.4,10.18,115.38,105.76,25.21,113.35,11.06,5.3,26.84,10.36,115.28,100.94,25.47,102.76,10.23,5.37
T10,379.445,27.33,10.86,105.61,106.63,24.71,107.88,9.95,5.88,25.73,11.4,99.86,105.92,24.92,103.35,10.0,5.08
T8,379.957,28.81,10.67,108.16,113.53,26.64,102.1,10.97,5.04,27.55,9.23,97.27,101.61,26.56,101.22,9.94,5.27
T2,383.273,24.83,10.9,96.9,110.77,24.51,110.76,10.41,4.7,27.64,11.45,99.76,103.29,25.05,108.18,10.65,5.01
T7,383.951,24.64,11.04,117.05,101.5,25.57,103.81,10.98,5.34,26.81,10.63,113.99,110.22,25.39,102.66,11.16,5.54
T5,384.043,25.18,10.94,102.62,98.64,25.96,109.02,9.32,4.69,28.28,10.38,105.51,109.44,24.49,109.33,10.77,4.95
T1,384.989,26.93,9.83,100.1,106.33,25.94,110.54,10.96,5.42,29.02,9.36,117.3,106.91,25.54,103.28,10.5,5.44
T7,385.147,28.22,11.26,116.48,101.31,24.85,103.4,10.54,5.46,25.5,11.44,118.08,110.59,23.63,108.06,10.73,5.58
T8,385.867,25.9,10.48,108.65,111.82,27.9,107.82,9.8,5.55,26.5,9.91,100.7,108.22,27.79,96.74,10.74,5.28
T2,386.669,27.33,10.03,107.91,108.56,28.46,100.53,10.42,5.32,26.96,10.39,101.29,96.37,29.01,116.13,11.43,5.02
T1,389.009,26.25,10.21,105.92,98.12,28.54,108.66,9.81,5.77,26.72,9.57,112.64,98.22,28.72,95.82,10.83,5.19
T8,391.134,25.81,9.92,107.31,101.8,28.33,99.13,9.79,5.37,26.8,9.67,111.96,114.66,25.1,95.94,11.45,5.04
T1,392.132,26.9,10.05,117.5,99.92,24.85,107.44,9.94,5.36,26.03,10.23,117.24,109.28,25.3,104.96,9.65,5.44
T1,393.214,25.46,10.28,112.24,110.13,27.2,100.35,10.39,5.0,29.04,10.32,108.29,111.11,24.68,101.69,10.45,5.81
T10,393.784,24.81,10.64,111.83,113.0,27.64,96.99,10.15,5.57,25.84,10.39,101.01,109.77,27.14,96.3,9.7,5.54
T5,393.927,26.56,9.85,102.1,106.95,24.42,110.27,9.86,5.45,27.97,11.02,109.03,99.1,24.98,113.4,9.2,5.41
T1,395.264,26.82,10.75,114.1,100.44,24.77,108.95,11.18,5.42,28.66,9.68,115.94,106.88,26.28,107.72,10.83,4.98
T8,396.19,27.12,10.32,106.27,118.47,24.58,105.54,11.36,5.18,24.64,9.77,109.51,103.77,25.33,105.54,9.96,5.34
T9,396.356,26.25,9.56,95.81,102.4,25.38,101.9,11.53,4.98,26.76,10.75,99.82,99.11,26.07,109.51,10.96,5.37
T3,396.884,23.57,10.41,93.79,116.06,25.18,104.1,11.57,5.12,26.36,11.47,101.45,112.8,25.49,105.48,9.99,5.28
T10,396.974,27.09,9.93,98.22,105.98,24.16,97.84,10.2,5.32,24.26,10.81,99.84,97.78,24.65,99.22,10.88,5.26
T5,397.365,27.45,9.71,106.88,108.73,24.63,108.68,9.21,4.81,29.68,10.86,103.72,107.24,27.28,112.99,10.16,4.83
T6,397.371,25.49,9.95,102.47,109.95,25.0,105.6,10.68,4.78,25.54,11.02,107.47,101.01,27.72,101.55,10.74,5.32
T1,397.489,24.68,10.06,103.97,104.97,25.62,98.92,10.46,5.58,25.99,10.6,116.44,96.21,24.5,95.65,10.52,5.0
T4,397.543,26.14,10.24,99.37,103.2,25.49,108.46,9.62,5.52,27.38,11.2,96.75,105.37,28.5,103.13,10.88,5.92
T2,397.86,24.72,10.23,103.26,110.54,26.56,107.86,10.33,5.1,28.88,10.82,102.61,102.9,27.32,107.06,10.33,4.79
T3,398.369,25.35,9.96,110.68,112.44,25.62,105.22,10.72,4.79,25.57,9.99,100.04,101.71,27.04,100.96,10.62,4.76
T8,398.557,25.11,9.47,102.13,115.52,24.18,102.44,10.36,5.48,26.34,9.56,110.5,101.45,24.08,111.03,11.14,4.99
T7,398.934,28.15,11.76,113.91,100.64,24.5,109.71,11.59,5.06,25.49,10.41,108.96,110.49,25.25,118.28,11.21,5.57
T8,399.769,28.9,10.62,112.98,102.98,24.36,111.31,10.25,4.73,28.87,9.45,112.16,115.36,27.32,111.58,11.37,5.24
T2,399.79,28.7,9.85,104.77,107.2,27.09,108.65,10.9,5.32,27.05,11.32,91.68,99.46,27.52,111.52,10.02,5.42
T9,400.421,26.97,11.25,112.99,107.38,26.64,101.35,10.38,4.76,28.32,11.07,99.39,111.15,27.2,101.13,10.01,5.3
T9,401.631,25.99,9.5,103.21,110.31,27.05,101.85,11.09,4.71,24.7,10.48,108.31,108.88,25.13,104.03,10.55,4.63
T7,403.096,23.89,11.3,117.84,111.38,26.35,105.62,11.19,5.26,25.0,11.64,112.83,107.93,24.18,108.06,10.98,5.15
T6,405.666,24.84,10.94,108.37,103.2,29.15,111.68,9.88,5.16,24.94,10.49,109.65,98.67,25.48,105.43,10.9,5.35
T1,406.152,25.26,10.3,116.82,112.28,27.98,106.56,10.57,5.79,28.14,9.42,107.24,100.2,28.33,95.47,11.17,5.79
T6,406.674,26.43,9.89,112.46,101.97,25.94,114.95,11.03,5.56,24.82,11.23,106.84,106.82,26.52,115.33,9.82,5.35
T7,407.221,27.98,10.39,116.85,105.78,24.61,103.26,9.96,5.78,27.98,11.11,103.74,113.6,26.94,105.2,10.89,5.84
T3,407.925,26.0,11.15,106.15,111.82,26.97,112.02,11.01,5.52,27.41,11.57,94.57,104.87,26.65,103.23,11.72,5.33
T8,408.92,24.75,9.38,101.78,108.09,27.82,106.8,11.16,4.83,24.95,9.44,98.68,110.28,26.95,105.54,10.73,4.88
T1,409.119,25.81,9.6,117.0,108.39,26.76,95.67,10.37,5.3,25.63,9.87,114.93,105.58,27.36,107.14,9.7,5.44
T7,409.349,26.22,11.18,100.48,103.78,25.99,108.92,10.09,5.62,26.46,11.38,115.93,111.53,25.65,110.79,11.45,5.48
T2,410.937,26.1,9.98,102.33,98.74,26.91,118.16,11.42,5.37,28.06,10.41,95.34,109.75,25.21,109.29,10.34,4.94
T9,412.318,28.13,10.46,102.75,111.19,24.14,105.16,10.86,4.99,25.36,11.05,102.32,103.49,26.92,102.88,11.12,4.77
T1,413.128,26.08,9.4,113.66,105.39,28.58,99.8,10.24,5.62,26.36,9.33,100.33,113.67,24.61,104.92,10.05,5.25
T7,413.488,26.38,11.13,101.43,105.74,22.98,107.64,11.69,5.12,27.74,10.42,100.15,106.62,25.38,101.52,10.02,5.06
T1,413.975,27.0,10.33,109.04,112.87,25.01,104.79,10.26,5.62,28.2,9.86,112.95,106.42,28.58,101.52,10.99,5.02
T8,414.0,27.64,9.6,100.7,100.45,28.17,108.39,10.35,5.1,24.49,9.81,113.52,116.02,24.77,110.51,9.92,4.77
T2,414.454,26.72,10.95,95.82,98.95,26.11,104.9,11.18,4.72,26.48,11.12,107.3,103.78,26.74,102.68,10.04,4.89
T3,414.562,23.39,10.86,101.46,106.8,24.67,112.73,10.5,4.71,25.13,10.77,99.46,107.91,27.95,113.25,10.17,5.21
T5,414.908,27.0,10.61,108.51,96.45,26.14,97.82,9.96,5.41,29.46,10.15,98.07,102.87,23.1,102.49,10.01,5.28
T6,416.285,26.32,10.46,116.41,104.11,28.67,110.22,9.84,5.49,28.07,10.22,107.42,110.05,28.88,111.26,11.04,4.95
T7,416.547,25.35,10.97,109.78,100.41,24.75,110.58,11.34,5.11,28.04,11.36,110.79,104.2,26.77,105.53,10.53,5.19
T6,416.904,28.47,11.06,100.31,110.08,27.08,110.4,10.07,5.56,24.59,9.95,112.83,94.42,25.34,101.77,10.55,4.89
T8,416.944,28.19,9.5,108.63,113.78,27.99,110.24,9.8,5.39,25.3,9.73,97.29,110.74,24.95,98.13,11.16,5.34
T10,417.233,24.99,11.15,108.68,112.95,27.47,102.95,11.08,5.39,27.32,10.29,112.16,100.06,24.83,106.79,11.21,5.32
T8,417.361,24.67,10.13,114.62,117.18,27.74,111.24,9.76,4.78,27.6,10.37,108.51,105.29,24.72,111.09,11.3,5.16
T10,418.445,25.82,11.13,102.88,98.71,25.62,105.57,9.95,5.68,27.17,11.01,103.7,106.77,24.27,98.4,10.65,5.09
T3,419.754,25.15,10.28,108.45,101.47,26.18,103.26,10.39,5.33,26.07,10.62,94.12,97.88,25.36,107.6,11.54,5.38
T2,421.587,25.04,10.04,103.49,95.86,26.68,111.48,10.32,4.74,29.09,9.91,98.45,102.99,26.51,115.94,10.7,4.91
T8,423.272,28.0,9.53,113.12,107.87,28.23,106.06,11.1,5.3,26.2,10.6,103.53,104.12,24.75,110.66,9.64,5.26
T2,424.514,25.92,9.88,95.65,105.8,26.13,113.42,9.76,5.28,27.26,10.7,108.42,104.34,24.74,103.66,11.04,4.98
T7,425.364,26.92,11.3,117.41,104.27,26.21,110.38,10.44,5.31,26.39,11.53,108.3,104.88,25.04,114.76,10.82,4.92
T6,425.588,26.54,10.69,114.38,105.09,28.97,103.8,10.4,5.26,27.18,10.91,99.3,107.63,29.41,109.93,10.24,5.53
T1,426.525,28.47,9.52,116.4,111.34,27.76,96.49,9.93,5.6,26.68,10.33,102.28,109.28,24.65,109.66,9.59,5.07
T4,427.676,26.2,11.48,104.83,101.0,27.29,106.31,10.15,5.17,23.67,10.05,99.33,101.51,25.59,107.53,10.16,5.53
T10,428.335,25.67,11.12,101.61,107.73,24.15,105.57,10.99,5.92,28.56,11.43,108.09,106.06,25.27,98.93,10.38,5.11
T5,429.882,28.82,10.23,96.42,98.55,23.94,102.55,10.06,5.23,27.32,10.78,100.21,113.41,23.87,96.31,10.56,5.46
T1,429.942,26.95,10.78,101.56,104.51,27.0,102.31,10.42,5.76,25.37,10.34,116.19,108.04,28.32,103.83,9.93,5.69
T5,429.998,28.82,10.78,106.02,104.06,25.23,103.54,10.87,5.47,29.39,10.34,106.44,100.62,26.22,102.81,10.04,5.45
T4,431.639,23.8,10.17,96.32,107.39,28.79,117.6,10.21,5.54,25.31,10.4,93.94,98.23,25.05,101.7,9.85,5.66
T10,431.92,25.29,10.98,99.12,95.51,25.03,104.22,9.76,5.85,26.88,10.3,109.0,113.4,25.89,112.25,9.52,5.35
T7,432.0,26.81,10.02,117.55,102.05,25.58,115.56,11.06,5.1,26.21,11.9,117.19,96.95,23.61,116.55,10.08,5.06
T2,432.094,27.99,9.67,91.97,101.51,27.7,116.15,11.04,4.94,27.74,10.56,103.42,106.48,29.0,109.24,11.28,5.01
T9,432.495,27.68,10.2,112.68,113.96,25.71,99.56,10.48,5.32,28.38,9.86,110.43,107.21,25.68,109.44,10.61,4.91
T3,432.768,25.41,10.04,111.03,103.02,28.44,99.58,10.83,4.93,27.44,10.12,105.92,107.75,27.27,108.35,10.95,5.37
T9,433.198,27.94,9.64,101.3,110.0,22.98,112.07,11.08,5.12,28.64,9.54,102.78,109.47,26.58,103.31,10.96,4.61
T9,433.275,26.62,10.38,109.42,100.91,25.69,107.58,10.65,5.07,27.86,9.75,104.28,108.95,24.64,115.86,10.23,4.95
T2,433.617,24.86,11.24,101.31,107.68,26.87,103.51,11.01,5.06,26.3,9.96,108.67,99.54,27.11,99.95,9.75,5.04
T9,433.861,24.16,10.7,100.96,106.03,24.23,105.59,10.36,4.83,27.4,9.9,96.66,100.19,23.58,101.1,11.44,4.74
T10,435.642,25.06,10.68,101.6,106.06,23.84,105.54,11.19,5.16,28.58,11.42,103.54,103.4,27.61,97.4,10.3,5.28
T8,436.643,27.18,9.93,114.02,102.93,27.28,106.46,9.68,5.36,27.17,10.13,101.19,118.56,24.01,95.34,9.69,5.23
T3,436.666,25.57,10.69,110.4,105.2,24.68,109.1,10.29,5.51,23.28,11.49,106.51,107.16,25.5,98.56,9.97,5.34
T8,436.949,26.59,9.44,97.34,108.92,24.47,110.88,10.35,5.37,25.1,10.37,104.51,110.1,24.37,105.04,10.66,5.06
T10,437.032,27.47,10.9,113.96,112.15,25.19,98.68,10.56,5.3,26.54,11.74,99.12,96.35,27.23,106.8,9.59,5.38
T1,437.234,26.98,10.06,108.17,99.77,26.94,98.79,10.93,5.48,24.95,9.27,103.05,109.96,24.4,94.71,10.47,5.12
T9,437.405,26.49,10.04,103.79,110.82,24.61,113.78,10.89,5.0,24.64,10.82,106.76,98.38,23.38,111.72,11.33,4.85
T4,438.585,25.84,9.89,105.49,107.31,25.12,100.46,11.23,5.47,24.95,10.47,110.18,110.44,27.11,105.56,10.55,5.9
T8,438.588,26.69,9.35,97.05,103.86,26.77,109.14,11.13,5.11,25.18,10.97,111.94,113.56,26.86,106.18,10.05,4.77
T1,439.664,27.38,10.74,107.21,108.9,26.46,110.1,10.83,5.26,28.01,10.2,101.3,106.54,25.17,96.84,9.72,5.79
T9,441.317,25.93,10.63,103.61,112.43,26.35,101.05,11.28,5.12,24.28,10.51,98.15,99.22,26.27,115.56,11.54,4.78
T3,441.784,25.28,10.28,100.22,112.37,26.11,102.86,10.83,5.23,23.75,10.96,96.45,110.44,28.56,105.32,11.09,4.92
T8,442.765,24.6,9.31,112.13,115.92,25.43,95.98,10.99,4.8,25.39,10.34,107.94,102.59,26.28,98.67,9.99,5.41
T2,443.183,25.5,11.4,106.06,97.01,26.54,113.22,10.71,4.72,26.7,10.93,93.69,99.91,26.34,106.41,10.93,4.81
T4,443.619,23.48,10.06,106.25,105.54,27.69,100.58,10.16,5.64,24.78,10.26,100.34,105.53,28.9,104.73,9.68,5.79
T1,444.294,28.78,10.09,114.64,102.65,26.59,100.46,10.2,5.66,25.56,10.61,112.95,96.92,26.98,101.31,9.93,5.19
T10,444.316,26.94,11.62,104.98,110.9,25.19,96.22,11.24,5.16,28.3,10.26,105.16,104.28,26.61,103.25,10.9,5.08
T3,445.625,24.5,10.77,94.88,103.67,28.13,111.93,10.42,5.52,25.78,10.47,95.13,98.82,26.22,97.22,10.9,4.68
T6,446.121,27.04,10.05,105.92,106.58,24.91,100.01,9.88,5.18,27.07,10.14,112.01,108.12,24.94,107.66,11.26,5.52
T8,447.874,27.87,9.26,97.57,109.89,27.29,106.31,11.18,4.76,27.42,9.26,103.59,114.39,26.39,109.0,10.18,5.5
T1,448.493,27.89,9.5,105.68,102.7,25.7,99.75,10.73,5.48,25.07,9.56,112.7,99.43,25.42,100.19,11.22,5.74
T8,449.323,27.0,10.7,106.24,102.82,25.7,105.32,10.46,4.97,26.49,9.55,108.76,109.54,26.31,106.46,10.53,5.11
T8,449.448,25.38,9.59,111.64,104.44,26.28,104.86,10.72,5.42,25.63,10.4,106.35,117.18,27.42,100.24,10.76,5.25
T2,449.54,27.65,10.49,94.63,111.21,26.45,111.48,11.12,5.13,27.74,10.96,96.32,98.8,28.23,107.11,10.1,4.81
T10,449.717,26.3,10.76,109.89,109.18,24.16,96.66,10.77,5.95,24.97,10.51,110.28,96.99,24.85,111.0,10.26,5.06
T4,450.162,23.77,9.96,97.52,116.12,29.42,113.21,9.86,5.66,24.13,11.5,104.33,114.2,25.71,109.9,10.21,5.36
T1,450.203,28.61,9.9,113.81,104.82,25.06,100.19,10.62,5.49,28.65,10.03,104.75,98.09,27.0,98.71,11.18,4.98
T9,452.955,24.13,10.35,112.7,106.18,25.53,106.71,11.08,5.31,27.1,10.47,108.9,109.38,24.21,104.51,10.58,5.33
T8,455.616,28.78,9.65,104.39,114.09,25.6,108.55,11.04,5.49,26.56,10.88,112.74,113.65,27.53,111.02,10.84,5.02
T5,455.773,26.49,9.81,97.33,107.52,24.28,111.88,10.88,4.76,28.9,10.54,103.92,100.24,24.72,109.2,9.19,5.49
T10,457.71,27.47,11.73,114.71,110.0,26.33,106.36,11.27,5.64,27.21,11.41,100.45,107.65,24.76,96.27,10.57,5.08
T10,459.054,27.12,10.03,101.61,109.92,25.17,112.41,11.3,5.35,25.71,10.49,106.24,100.37,27.71,103.94,11.3,5.75
T8,461.367,27.97,10.65,115.38,110.52,24.02,111.83,10.9,5.57,26.89,9.9,114.58,111.97,24.18,104.66,11.46,5.13
T6,462.207,24.91,11.18,106.6,95.16,29.43,101.02,10.99,4.88,25.08,9.69,113.96,103.87,28.35,104.93,10.83,4.84
T4,462.593,23.42,9.9,99.03,105.89,28.05,104.35,11.27,5.58,23.48,11.63,95.14,114.93,25.75,116.66,9.79,5.84
T8,462.668,27.5,10.31,102.31,110.52,28.36,107.85,11.01,5.11,25.3,10.11,107.73,111.02,23.92,110.51,10.66,5.47
T6,462.897,24.12,11.06,103.82,106.82,25.14,102.8,9.9,5.17,27.69,9.97,101.16,94.86,28.58,106.18,9.79,5.63
T6,463.517,26.95,10.53,102.49,93.29,26.34,108.22,10.72,5.04,27.17,9.97,113.35,96.04,29.08,103.82,11.15,5.32
T5,466.21,29.35,10.59,97.47,112.03,27.16,107.35,10.38,5.36,27.81,9.99,96.84,110.23,23.14,110.11,9.26,5.36
T1,468.209,24.56,10.25,114.22,106.37,28.07,107.48,10.49,5.46,27.45,10.79,101.14,112.84,25.36,102.95,9.84,5.79
T9,470.295,26.06,10.91,101.76,106.1,25.11,101.75,10.43,4.77,28.65,10.74,99.33,106.03,27.04,108.8,11.47,5.44
T1,471.45,26.3,9.35,115.97,109.5,27.22,101.12,10.52,5.4,25.89,9.97,113.57,102.76,28.42,97.04,11.18,5.22
T4,472.243,25.86,11.16,101.66,106.14,28.72,102.75,10.53,5.65,26.43,11.42,96.18,115.89,29.27,112.9,11.12,5.04
T3,475.042,24.97,10.38,93.65,113.74,28.88,109.65,10.32,5.05,23.42,11.46,95.5,109.94,29.18,98.52,11.46,5.01
T8,476.38,26.34,9.47,102.78,112.42,26.12,110.86,10.27,4.79,27.53,10.2,113.87,117.16,24.68,102.95,11.4,5.53
T10,476.716,26.91,10.33,97.63,100.62,27.42,102.38,10.86,5.68,26.34,10.05,102.11,95.91,24.93,112.17,10.3,5.12
T1,477.295,24.68,10.5,109.58,106.27,24.63,96.96,11.07,5.36,26.65,10.13,106.68,98.73,26.02,106.43,10.05,5.2
T10,477.717,25.67,10.32,100.75,95.66,25.89,111.52,10.7,5.37,26.97,10.41,102.46,107.07,27.47,99.67,11.22,5.95
T2,479.678,28.01,10.7,100.6,108.25,28.39,115.08,10.59,4.69,25.18,10.04,93.74,99.52,25.78,110.55,10.2,5.11
T10,479.698,25.92,10.81,102.06,105.26,25.04,108.76,10.3,5.16,26.61,11.26,109.62,101.39,24.4,108.55,9.56,5.16
T4,480.706,23.3,10.58,108.6,107.73,25.29,108.0,10.46,5.46,27.38,10.47,110.52,106.5,25.47,109.71,10.67,5.5
T9,482.988,25.79,10.13,106.06,112.66,23.52,103.9,9.91,5.36,24.51,10.12,103.83,109.11,25.75,100.62,11.06,4.72
T2,484.108,25.96,10.92,96.95,106.29,27.1,108.64,10.1,5.02,24.87,10.59,97.27,96.74,26.42,101.61,11.12,4.69
T6,486.473,25.74,10.04,107.84,103.47,28.36,100.63,10.34,4.95,28.66,11.11,102.15,106.39,27.21,112.09,11.23,4.77
T5,487.937,28.11,10.02,96.91,105.76,24.24,95.49,10.12,5.39,26.25,9.73,108.24,105.44,23.26,107.37,9.74,5.56
T4,487.952,26.17,10.32,109.51,116.01,27.53,105.88,10.88,5.68,26.48,10.94,106.42,106.55,25.12,110.86,10.47,5.78
T7,488.353,25.83,11.43,107.99,106.8,25.1,101.98,9.94,5.61,25.49,11.15,100.19,99.05,23.17,107.6,10.98,5.1
T10,488.501,25.35,11.56,110.24,107.49,25.77,105.97,10.2,5.22,24.47,11.0,105.45,102.84,26.34,107.03,11.04,5.29
T5,489.21,27.09,9.56,93.94,100.29,26.38,113.5,9.38,5.31,26.62,10.62,94.77,108.08,26.65,101.68,10.61,5.02
T7,490.305,23.98,10.3,99.98,105.47,23.27,115.21,9.95,5.7,26.55,10.06,112.55,102.85,23.71,112.01,10.92,4.96
T9,491.354,25.59,10.43,110.65,109.53,26.5,108.85,10.2,4.87,24.87,11.1,105.16,103.61,25.17,106.45,11.02,5.37
T8,492.132,26.94,10.33,108.46,108.34,26.72,110.41,10.32,5.55,26.71,9.63,107.74,114.19,26.56,100.18,10.43,5.02
T10,492.745,26.15,10.52,99.14,98.22,25.98,104.54,10.51,5.51,26.01,10.41,103.74,100.56,24.28,101.15,10.01,5.08
T9,493.519,26.34,10.26,111.58,97.9,26.56,107.47,11.2,4.68,26.37,10.83,99.71,107.04,24.76,101.49,10.18,5.43
T9,493.529,27.59,10.85,109.91,108.86,26.41,100.34,9.94,5.27,26.42,9.85,105.74,104.3,24.24,109.85,9.91,5.03
T4,493.852,24.04,10.6,106.71,98.79,28.3,115.0,11.3,5.58,25.29,10.64,102.6,107.0,25.94,108.03,9.94,5.79
T6,496.792,24.29,9.88,100.64,98.99,25.46,112.84,10.18,5.26,28.29,10.27,115.31,97.19,27.92,114.66,10.19,5.02
T9,497.282,27.4,10.66,111.94,108.57,25.97,99.6,10.13,4.64,27.97,10.54,110.52,99.22,24.43,105.75,10.9,4.86
T4,499.161,23.2,10.56,101.49,107.59,25.15,111.95,9.75,5.53,24.01,11.5,98.13,100.08,25.64,109.28,11.23,5.75
T3,500.139,25.67,9.88,105.67,105.02,26.15,108.12,9.99,4.76,23.66,11.38,97.37,107.46,27.92,97.53,11.74,5.17
T4,500.513,25.29,11.69,103.54,108.01,26.1,116.76,10.55,5.25,25.98,11.49,106.77,101.46,28.37,109.28,9.57,5.3
T7,504.679,26.32,10.97,116.71,109.56,25.56,109.48,10.13,5.82,27.4,11.64,109.08,102.96,26.87,109.18,11.74,5.8
T9,505.15,24.98,10.32,104.34,110.41,24.98,110.56,11.14,4.6,27.51,10.28,106.36,103.78,24.22,109.12,10.42,4.97
T8,505.229,27.93,10.42,110.59,108.62,26.93,104.03,11.23,5.46,25.56,9.35,104.39,103.53,24.24,104.03,10.55,5.3
T10,507.584,25.12,11.16,109.73,112.79,26.22,109.93,9.56,5.74,24.78,11.08,102.37,107.12,27.68,96.93,10.74,5.34
T6,507.817,27.1,11.29,99.2,108.8,24.87,106.75,10.46,5.2,26.85,10.09,112.25,103.39,27.98,118.65,10.29,5.61
T6,508.873,25.91,10.06,99.15,93.04,27.16,100.26,10.42,5.02,24.22,10.1,99.11,101.76,27.38,110.82,10.33,5.19
T5,509.059,26.96,10.36,94.04,100.18,25.88,98.87,10.18,5.53,29.6,10.3,101.9,100.66,25.5,98.34,9.8,5.15
T10,509.907,26.68,10.18,106.57,107.0,25.69,101.93,10.92,5.3,27.98,10.5,111.01,104.63,25.65,111.2,9.83,5.63
T8,510.356,25.26,10.34,103.3,110.02,27.56,103.58,9.71,5.36,26.59,10.97,100.64,115.8,24.47,104.59,9.88,5.02
T5,511.887,29.42,10.57,105.72,104.98,26.83,102.99,10.46,4.85,25.81,9.81,95.8,100.3,26.59,106.73,10.13,5.5
T4,512.247,23.91,11.3,97.44,115.53,25.46,109.34,10.23,5.77,26.35,10.65,94.11,112.52,28.9,110.08,11.32,5.45
T4,514.223,27.39,10.91,102.68,101.34,29.4,108.94,9.68,5.35,27.49,10.6,101.42,114.18,29.45,113.82,9.9,5.61
T10,516.499,26.16,11.58,111.78,99.56,24.06,110.09,10.43,5.85,27.42,10.8,108.44,106.62,25.61,105.07,10.68,5.23
T5,516.522,25.07,10.61,95.68,110.73,25.29,113.55,10.85,4.84,25.61,10.53,95.13,97.05,25.14,99.55,10.49,5.08
T3,516.951,26.49,11.12,105.04,114.15,26.57,114.75,10.24,5.52,24.57,11.21,102.66,104.95,28.65,109.54,11.52,4.9
T3,517.297,27.41,9.93,104.78,104.51,27.44,100.02,11.2,5.03,24.63,9.85,98.62,99.8,25.52,101.02,11.34,4.84
T8,518.994,27.01,10.97,101.83,106.88,26.32,106.8,9.89,5.29,25.76,9.81,114.74,113.03,24.37,100.04,11.43,5.16
T6,519.257,24.85,11.01,115.74,100.9,27.2,113.19,11.13,5.12,26.84,11.17,101.83,98.58,25.96,101.73,9.66,4.79
T6,519.693,27.62,10.65,103.02,106.27,29.11,110.99,10.87,5.56,24.76,10.86,111.39,97.66,27.82,100.9,10.02,4.88
T5,522.427,26.31,11.06,99.13,109.21,26.97,102.72,9.74,4.99,26.22,9.46,107.3,109.63,23.99,98.18,10.51,5.08
T7,522.795,26.45,10.27,113.04,108.33,26.6,107.76,9.95,5.24,25.17,11.05,103.09,110.02,26.8,116.48,11.3,4.95
T10,522.831,25.31,11.71,108.83,105.77,27.05,97.18,10.95,5.08,27.98,10.1,100.75,105.9,24.7,106.87,10.96,5.63
T2,523.721,26.6,11.09,101.69,101.04,28.65,107.11,10.46,5.39,28.39,10.11,108.3,96.8,25.66,103.21,11.02,4.7
T10,524.348,28.06,9.95,98.45,110.16,25.14,107.46,11.3,5.7,24.38,10.26,108.55,111.37,24.49,108.7,11.14,5.4
T10,526.496,27.7,10.92,102.36,102.6,24.8,112.63,11.22,5.5,24.79,10.18,108.41,104.98,25.32,104.15,11.06,5.82
T5,526.727,25.06,10.33,102.24,108.21,24.01,103.08,9.66,4.84,25.06,10.01,93.63,100.08,26.31,112.71,10.55,5.09
T5,527.839,26.76,9.36,108.44,104.91,25.05,96.97,10.71,5.44,29.6,9.88,109.06,97.85,23.04,107.88,9.98,5.15
T9,528.874,27.95,11.02,112.62,114.18,25.22,109.18,10.26,5.36,25.8,10.5,95.51,104.26,24.95,116.1,10.24,4.7
T6,529.292,26.44,9.96,111.02,107.65,28.2,103.81,9.74,5.08,25.26,9.86,116.41,96.15,25.72,108.91,9.74,4.99
T9,529.305,25.1,11.16,112.18,102.71,24.58,114.19,11.44,4.87,26.06,10.1,102.32,110.62,26.78,107.61,10.14,4.61
T10,531.578,27.47,11.43,114.71,101.39,24.62,113.12,9.72,5.78,24.57,11.56,99.02,97.66,27.32,102.13,10.95,5.28
T6,532.33,26.08,10.69,107.91,101.77,27.65,108.4,10.4,5.53,25.26,9.76,113.35,94.32,25.83,107.3,9.76,5.37
T1,533.681,27.14,10.58,113.15,96.64,24.75,102.59,9.98,5.19,27.77,9.46,100.9,112.03,24.39,105.51,10.68,5.28
T2,540.547,26.82,10.35,92.14,108.52,28.16,101.57,9.99,4.92,25.72,11.34,99.06,105.48,24.72,112.51,9.78,5.12
T5,544.063,28.78,10.8,108.41,112.11,26.9,105.73,10.7,5.44,27.03,9.6,99.29,111.76,23.72,111.9,10.36,5.04
T5,544.599,28.11,9.5,109.69,106.04,24.97,105.05,9.4,4.72,26.77,10.64,107.83,114.27,25.67,111.13,9.28,5.0
T6,544.97,24.13,10.38,104.39,104.74,24.88,111.93,10.96,5.41,25.18,11.09,103.59,106.31,24.88,116.43,9.85,4.99
T3,546.01,23.22,10.12,98.38,104.42,29.2,97.09,11.71,5.3,27.32,11.49,95.36,99.15,27.68,112.51,10.94,4.8
T9,548.047,27.61,10.12,107.38,112.64,23.28,97.91,10.85,5.2,27.89,11.07,99.16,106.4,26.05,109.6,10.34,4.7
T8,548.419,26.14,9.56,102.37,104.56,27.89,108.62,10.0,5.41,26.49,9.35,113.8,112.71,26.3,94.83,9.78,5.45
T7,551.193,26.83,10.57,108.39,98.12,26.63,110.26,10.45,5.08,26.46,10.08,113.2,107.01,23.94,111.75,11.21,5.59
T5,551.716,27.81,10.03,109.61,113.65,27.02,109.23,9.97,5.54,26.02,10.35,108.35,104.25,26.36,96.24,9.23,5.42
T5,552.637,26.96,9.7,104.81,114.23,24.86,107.77,9.29,5.01,25.76,9.92,94.9,105.88,25.93,108.84,9.92,5.39
T10,555.19,26.09,10.12,104.79,104.97,25.71,110.15,10.5,5.16,25.37,10.99,100.75,111.95,25.62,102.3,10.86,5.45
T4,555.748,23.34,9.93,102.27,101.49,29.4,117.64,11.31,5.77,25.28,10.22,95.49,99.24,27.81,114.84,11.34,5.15
T10,556.479,28.24,10.51,110.45,99.11,24.66,106.44,10.25,5.13,25.2,10.96,101.37,97.54,24.73,101.92,10.35,5.66
T9,557.246,25.32,11.22,109.62,102.16,24.53,113.83,11.45,4.99,24.92,10.47,100.09,102.53,24.23,101.77,11.02,4.61
T7,561.047,27.16,10.55,101.69,109.19,24.99,101.16,10.14,5.29,26.06,10.03,107.46,109.6,24.96,118.03,10.45,5.02
T2,561.329,25.92,10.74,105.93,109.98,28.22,100.93,11.31,5.0,27.11,9.85,94.85,102.64,24.68,110.33,10.1,5.11
T7,562.631,25.03,10.42,114.16,97.62,25.45,104.22,10.42,5.19,24.44,10.32,106.66,99.17,25.51,112.77,9.89,4.96
T8,563.665,24.86,9.23,100.43,116.82,25.72,100.29,10.62,4.95,26.57,10.34,108.1,117.69,28.04,100.22,9.99,5.07
T7,564.528,28.23,10.67,110.76,113.49,24.62,102.41,10.48,5.78,24.33,10.12,111.22,110.41,27.19,108.86,9.9,5.45
T2,565.261,27.87,10.86,95.3,107.14,24.58,113.35,11.08,4.96,26.9,10.97,96.53,106.34,27.52,101.61,11.1,5.41
T1,572.71,25.13,10.34,113.17,102.74,27.21,108.55,11.13,4.97,28.2,9.84,106.0,99.82,26.56,94.9,10.7,5.88
T4,573.108,23.41,10.64,98.8,104.85,27.28,112.58,10.23,5.77,25.98,10.18,104.32,114.29,27.91,110.76,10.15,5.36
T9,573.258,28.47,10.77,110.23,110.48,23.86,99.3,11.44,4.59,27.43,11.09,109.65,113.91,24.67,111.61,10.4,5.17
T9,573.745,28.36,9.77,100.96,104.52,24.22,108.14,11.0,5.33,28.08,10.5,108.66,98.78,25.22,113.74,11.17,5.32
T3,576.056,25.33,10.42,94.45,104.33,25.58,102.49,10.72,5.21,25.7,11.18,97.2,100.29,26.54,98.79,11.52,5.39
T1,576.851,28.61,10.26,115.92,106.88,25.58,104.06,10.85,5.33,28.52,10.81,114.51,102.2,27.91,101.0,10.33,5.11
T4,579.009,26.45,10.22,101.62,108.03,27.8,104.84,10.34,5.17,24.26,11.26,106.91,102.98,28.94,117.23,9.79,5.9
T8,579.435,28.93,9.61,109.47,107.88,25.4,105.96,9.66,4.72,25.27,10.65,108.34,101.14,24.48,100.42,11.32,5.54
T5,580.922,26.67,10.32,109.27,99.68,24.42,102.2,10.54,4.96,29.42,9.58,110.45,102.25,25.94,109.71,9.37,5.56
T9,581.797,24.75,10.13,104.3,113.25,27.22,110.45,10.37,5.21,25.14,10.12,107.06,98.15,24.68,101.85,9.9,5.09
T5,583.316,29.57,9.6,102.21,99.45,26.72,111.55,9.59,5.34,25.46,10.27,94.26,100.76,25.24,112.09,10.23,4.97
T8,583.646,27.92,10.36,98.44,110.44,23.97,104.8,10.91,5.12,24.97,10.83,113.61,114.37,24.35,107.82,10.47,5.35
T2,584.775,26.06,9.96,107.39,103.45,28.07,109.48,10.64,5.12,25.15,11.08,99.72,98.7,27.61,100.66,10.76,5.05
T8,588.447,27.94,10.96,110.36,115.85,23.96,109.63,10.42,5.34,26.52,9.56,101.07,112.46,27.57,109.98,9.69,5.17
T1,588.834,27.59,10.32,110.73,99.48,27.7,104.26,10.3,5.58,28.55,9.35,101.73,104.66,26.86,107.27,10.83,5.24
T8,592.076,24.83,10.14,101.97,118.56,26.23,96.1,11.26,5.5,27.27,10.81,103.0,102.62,24.77,101.28,10.93,5.17
T3,592.485,23.89,11.58,107.84,105.44,28.25,109.18,11.53,5.23,23.85,10.67,98.59,97.88,26.36,115.11,11.51,5.08
T2,595.988,27.79,10.05,97.92,111.4,26.05,115.82,10.08,4.8,25.3,10.66,108.79,98.57,24.61,110.31,9.77,4.79
T7,596.513,24.09,10.48,110.78,96.09,24.59,113.94,10.24,5.11,26.26,11.11,103.17,108.5,23.18,115.26,10.75,5.47
T2,596.898,26.83,10.15,108.14,105.0,25.78,115.5,10.7,5.0,24.68,10.34,100.93,106.5,28.17,99.83,11.31,5.33
T3,599.049,25.35,10.63,104.08,100.0,25.56,108.35,10.53,5.32,24.22,10.88,110.54,104.38,27.38,113.27,10.17,5.35
T9,599.769,26.54,11.04,101.8,100.72,24.4,112.61,10.59,4.77,24.54,10.73,99.58,102.14,23.98,104.24,10.09,5.1
T7,602.142,25.89,10.45,109.18,108.45,23.36,112.03,10.92,5.43,26.76,10.03,106.56,107.84,24.17,103.66,10.64,5.49
T1,602.326,28.94,9.46,107.59,103.02,28.14,97.94,9.85,5.17,24.73,9.69,114.01,110.86,27.32,102.63,10.83,5.44
T8,602.414,26.51,9.89,107.38,109.6,24.63,94.62,10.66,5.16,25.98,10.31,105.18,116.08,26.38,102.8,9.91,5.24
T1,602.549,25.26,9.98,118.1,107.59,24.7,96.88,11.25,5.23,26.56,9.59,117.95,111.0,28.0,96.27,9.68,5.56
T6,602.623,26.36,9.54,104.93,105.34,29.22,109.91,9.79,5.39,24.59,9.76,105.1,103.72,26.87,110.69,11.13,5.66
T4,602.933,23.3,10.08,101.37,100.4,25.49,111.04,11.01,5.04,25.01,10.03,104.49,105.18,28.77,105.11,10.59,5.94
T9,605.222,28.47,10.45,107.68,96.94,26.47,97.8,11.15,4.91,25.3,10.26,102.86,98.7,26.3,99.01,10.35,4.58
T6,605.633,24.64,9.81,101.25,104.11,27.58,105.19,11.44,5.48,28.52,11.22,100.41,96.38,29.47,111.02,9.76,5.53
T1,606.192,25.72,9.79,118.95,108.26,25.05,109.97,10.38,5.64,29.02,10.38,104.62,103.25,24.71,111.65,10.17,5.75
T4,606.965,24.53,11.37,103.42,112.65,26.1,111.6,10.5,5.55,26.22,10.56,100.43,105.32,29.66,106.19,10.9,5.7
T6,609.48,25.36,9.96,103.78,104.07,29.28,111.49,10.25,5.44,25.27,10.23,108.75,107.5,25.48,114.79,10.56,4.76
T4,610.562,23.2,10.39,95.6,104.23,28.23,110.75,11.19,5.36,25.53,11.34,100.37,102.46,28.43,111.48,9.64,5.78
T6,611.174,26.08,10.45,116.8,108.16,28.39,116.64,10.32,5.03,24.85,10.01,109.29,99.51,26.08,107.59,11.35,5.53
T6,611.262,27.0,9.51,105.95,105.02,28.24,113.66,10.67,4.85,28.54,10.53,115.71,106.21,25.61,112.03,10.67,5.13
T5,611.82,28.64,10.57,104.99,114.27,26.66,104.19,10.39,5.19,28.54,9.71,106.38,108.74,24.31,99.49,9.27,4.7
T10,614.714,26.31,11.59,106.18,106.34,26.52,96.27,11.11,5.58,27.35,10.86,106.3,107.96,25.39,107.85,9.6,5.8
T2,615.244,26.18,11.24,102.35,96.05,26.29,108.11,10.05,4.85,25.81,10.45,92.25,96.94,28.24,112.58,9.87,4.82
T9,616.118,24.43,9.95,96.78,107.72,25.52,104.27,10.96,5.31,26.68,10.8,107.35,106.41,24.6,113.32,11.4,4.85
T4,616.171,24.39,10.63,106.35,102.28,27.42,113.78,9.61,5.42,24.16,11.58,100.71,111.58,29.4,109.65,11.34,5.83
T9,616.828,27.12,9.8,99.8,108.46,24.5,99.2,11.13,4.96,28.14,10.38,95.69,108.44,27.29,104.25,9.96,5.42
T6,618.142,25.91,9.96,100.77,97.28,29.02,106.29,9.69,5.01,27.61,9.55,99.89,106.1,28.51,108.4,10.56,5.35
T6,620.798,25.38,10.75,115.22,102.99,25.61,100.04,10.47,5.01,26.76,10.52,110.12,109.81,26.53,113.22,10.68,4.78
T6,621.946,24.68,9.52,102.04,93.29,28.33,112.02,10.0,5.08,27.88,11.03,106.97,98.94,26.27,110.38,11.06,5.43
T8,622.288,25.11,9.82,102.4,112.81,26.61,97.66,10.95,5.58,28.16,9.52,103.69,105.29,27.22,100.18,10.24,5.0
T7,622.65,24.96,10.39,104.08,109.87,23.17,102.84,10.68,5.47,25.52,10.83,113.09,98.21,24.49,116.4,10.38,5.25
T5,622.756,28.23,10.02,95.26,103.37,25.39,105.85,9.9,4.8,27.32,9.68,105.83,97.85,23.16,102.8,9.49,4.86
T5,624.822,28.18,9.6,96.52,111.7,23.21,98.08,10.13,5.41,25.15,9.69,104.52,98.35,24.13,112.43,9.54,5.01
T1,625.442,26.72,10.0,108.37,104.71,24.74,111.8,10.94,5.44,27.25,10.6,109.19,96.12,25.92,109.97,10.72,5.12
T4,625.741,26.8,10.57,108.58,101.46,27.19,104.47,11.05,5.41,26.03,9.96,97.39,113.35,28.33,105.8,10.67,5.45
T5,625.897,27.97,9.73,102.88,104.44,24.74,97.54,10.67,4.82,26.14,10.92,99.12,100.94,23.91,100.74,10.09,5.3
T9,626.574,25.94,11.07,100.0,106.03,25.79,101.08,11.3,4.71,24.41,11.16,109.88,103.28,26.53,115.32,10.27,4.94
T8,627.148,28.75,10.6,110.36,106.25,26.88,106.56,10.77,4.85,28.41,10.32,109.35,106.52,25.61,102.67,10.65,5.5
T8,630.445,24.85,10.46,104.88,111.4,25.97,108.37,11.36,5.36,24.72,10.35,103.69,115.97,23.99,106.06,10.1,5.0
T3,633.089,25.75,10.75,99.39,105.06,29.2,98.38,11.19,5.12,23.65,11.54,94.95,104.14,24.6,97.31,11.28,5.23
T7,633.713,26.98,10.27,114.62,105.79,23.4,110.94,10.05,5.19,25.36,11.54,108.34,112.05,26.41,102.49,11.3,5.27
T7,634.696,27.44,11.01,111.48,98.04,23.68,111.81,11.21,5.22,24.47,10.55,99.86,112.85,24.3,115.07,10.31,5.38
T4,636.688,23.76,10.0,93.24,112.59,27.54,108.94,10.54,5.82,26.44,11.2,105.42,98.97,27.78,105.66,11.08,5.87
T3,638.484,25.33,11.06,107.93,97.79,27.99,111.73,10.16,5.34,26.32,10.91,97.66,112.24,28.48,104.74,11.74,4.92
T1,639.529,27.6,9.59,108.53,98.84,27.52,102.79,9.65,5.76,27.72,10.48,109.19,105.45,27.79,94.89,11.18,5.44
T2,639.558,25.38,9.74,99.41,98.87,24.93,102.53,9.71,5.12,28.68,10.76,99.12,94.78,26.24,105.51,10.68,5.15
T1,639.599,27.08,10.85,108.25,109.25,26.64,110.78,11.26,5.86,29.15,9.99,104.85,113.27,28.64,99.39,10.0,5.24
T4,640.479,25.37,10.12,93.24,115.7,25.36,111.62,11.3,5.08,24.37,11.13,107.03,103.14,26.95,114.91,10.46,5.95
T3,642.324,26.99,9.93,98.4,112.64,25.69,97.76,11.3,5.02,25.49,10.9,102.25,114.93,28.44,98.91,11.82,4.87
T8,642.471,24.74,10.6,111.04,117.34,26.78,110.14,9.74,5.01,27.5,10.93,109.56,115.07,24.35,106.64,9.98,5.03
T3,642.489,27.24,9.96,105.12,100.91,28.71,102.31,11.83,5.02,24.33,11.44,101.4,100.57,28.07,110.83,10.93,4.72
T3,642.879,25.68,10.58,106.16,97.91,24.91,99.13,11.1,5.05,26.56,10.42,101.45,102.2,28.41,112.15,10.8,4.87
T5,643.37,26.43,10.31,94.24,108.89,23.69,107.49,9.74,4.84,28.76,9.38,98.57,99.63,23.89,112.16,10.76,5.43
T3,643.424,24.07,11.36,103.61,107.7,25.75,108.56,10.92,5.27,23.23,10.86,97.52,115.93,28.43,102.02,10.74,5.32
T9,644.546,26.14,10.62,103.01,97.71,25.87,115.22,11.56,5.3,27.15,10.76,104.21,109.79,27.06,103.49,10.65,4.61
T3,644.793,26.38,10.49,98.57,116.03,28.41,111.31,11.18,5.52,24.45,10.23,95.33,103.53,25.26,97.54,10.8,5.47
T5,644.978,27.45,11.0,101.7,108.3,23.8,109.66,9.47,4.74,27.17,10.77,98.77,98.64,25.77,104.51,10.74,5.44
T3,645.133,25.35,10.81,100.56,108.68,26.25,109.39,10.8,5.15,24.78,11.26,103.53,97.98,26.94,105.82,11.39,5.32
T2,646.312,28.7,9.7,91.65,111.15,26.64,102.1,11.3,5.07,26.19,11.0,107.02,104.56,25.22,111.57,10.6,4.79
T5,647.095,25.21,10.02,97.68,112.7,26.58,106.19,10.22,4.75,25.48,10.05,97.73,104.68,26.4,103.42,9.82,5.01
T3,647.7,23.48,10.19,99.64,104.18,27.35,105.65,10.41,5.02,26.55,10.02,96.59,108.9,27.79,108.82,9.96,5.26
T8,648.195,28.78,10.69,111.96,113.39,24.95,97.98,10.65,5.49,27.24,10.65,114.24,117.92,25.72,108.98,9.76,5.27
T6,651.006,27.03,11.16,106.54,96.93,24.88,100.13,10.15,5.53,25.73,11.2,107.84,104.6,29.24,118.01,10.17,5.15
T1,652.771,25.04,9.31,114.39,106.73,28.09,101.22,10.36,5.1,28.72,9.71,101.02,104.66,24.95,109.35,10.68,5.09
T1,653.682,26.69,10.56,101.03,99.22,26.79,110.14,10.36,5.14,27.22,9.26,114.13,111.92,26.21,105.3,11.04,5.5
T2,654.092,26.89,9.69,97.96,109.34,27.17,109.12,10.63,5.16,27.88,10.2,99.4,104.45,26.38,107.54,9.82,5.33
T3,655.551,26.97,10.81,105.38,102.01,24.96,109.22,10.64,5.44,26.36,11.45,105.54,110.91,26.05,113.18,10.29,5.3
T1,655.609,28.19,9.5,111.88,101.22,25.3,108.65,10.02,5.19,27.38,10.66,101.88,104.45,28.65,98.22,10.9,5.72
T9,656.054,28.0,11.24,106.2,99.98,24.7,99.99,10.81,5.25,28.33,10.66,97.25,112.44,25.15,108.4,11.1,4.78
T10,657.494,27.55,10.79,107.02,99.19,27.46,101.12,10.36,5.76,26.66,10.52,111.1,96.32,25.93,99.28,11.0,5.25
T3,657.519,23.56,10.6,107.61,113.0,25.68,111.73,10.07,4.77,26.0,11.55,95.16,105.12,27.12,114.22,11.16,4.7
T9,659.033,24.52,10.16,100.38,97.5,23.55,108.69,10.54,5.01,25.48,10.94,105.2,97.27,25.37,97.93,10.7,5.29
T3,659.495,23.58,11.25,93.79,100.29,28.63,103.96,10.5,5.35,25.75,10.04,96.2,109.96,25.48,97.78,11.05,4.77
T8,660.819,25.14,9.46,102.8,102.21,26.44,105.92,10.51,5.46,26.26,9.73,106.66,108.35,24.43,98.82,11.25,5.04
T5,660.861,25.82,10.98,99.51,109.44,23.8,113.08,9.59,5.02,29.18,9.61,106.45,108.53,25.7,104.19,10.47,4.7
T3,661.116,26.53,10.0,104.13,104.38,27.2,112.52,11.15,4.74,26.97,10.89,97.34,110.3,27.55,112.7,10.08,4.71
T7,661.295,25.37,10.65,116.99,106.38,26.97,107.58,9.98,5.48,26.39,10.28,101.02,99.62,26.14,108.75,10.83,5.84
T2,664.033,28.48,10.55,99.95,99.36,25.0,108.22,10.36,5.0,25.07,9.87,98.35,94.78,25.69,109.33,9.75,4.7
T10,665.097,27.43,10.54,109.08,103.72,24.07,110.71,9.96,5.4,27.93,10.97,111.9,98.73,23.81,104.85,10.8,5.81
T2,666.664,28.33,11.19,104.92,100.44,24.68,112.94,10.69,5.47,28.86,11.12,96.02,97.82,24.88,100.4,10.74,5.39
T7,668.261,25.06,10.19,106.16,109.87,25.06,110.22,11.54,5.7,24.13,11.83,114.72,97.27,24.36,106.56,10.98,5.44
T2,668.682,26.11,10.73,107.38,100.62,25.86,106.41,9.74,4.84,25.35,9.73,99.81,105.9,25.77,110.37,9.95,4.85
T1,668.744,25.08,10.54,106.43,111.26,26.39,98.43,9.68,5.63,24.82,9.97,111.44,113.41,27.94,104.52,11.05,5.21
T3,672.605,24.58,10.08,107.66,113.98,26.39,107.09,10.68,4.87,23.3,11.39,100.51,109.59,25.11,106.06,11.31,4.76
T6,673.186,24.46,9.52,115.74,106.97,28.97,118.23,11.38,5.61,24.12,11.23,112.83,108.8,26.87,111.24,10.32,5.13
T8,673.364,25.81,10.06,98.38,113.25,23.96,107.2,10.36,4.84,28.18,9.26,108.51,104.8,24.22,95.38,10.71,4.81
T1,674.455,24.66,10.49,108.04,105.39,27.43,108.71,11.02,5.23,25.37,9.47,117.94,104.82,28.84,105.22,10.44,5.48
T1,674.582,28.48,9.68,108.47,107.91,26.01,99.72,10.61,5.34,26.79,10.22,109.93,107.45,27.99,104.5,9.84,5.87
T2,675.02,25.34,10.34,105.42,102.84,27.74,106.58,11.42,5.09,27.67,10.62,100.22,101.16,27.1,101.8,9.79,5.24
T6,676.453,24.51,10.53,102.18,93.5,24.88,101.74,9.85,5.35,26.19,10.94,114.06,99.92,25.41,102.77,9.81,5.23
T8,677.192,25.33,10.11,113.58,108.49,24.65,98.53,11.04,5.1,26.75,10.67,99.39,117.55,27.24,111.03,10.82,4.74
T5,677.238,26.29,9.71,108.13,109.48,26.31,99.25,9.26,5.16,27.02,10.62,109.66,104.5,23.55,112.02,9.38,5.15
T10,677.293,24.44,10.13,103.72,102.81,26.68,112.1,10.4,5.85,25.39,10.95,112.15,113.22,27.77,107.36,10.35,5.44
T1,677.512,24.94,10.65,104.85,100.22,27.87,106.34,9.53,5.66,25.53,10.0,102.47,97.51,26.52,107.34,9.92,5.22
T3,678.935,24.29,11.07,97.7,103.25,27.16,108.36,9.99,5.18,26.8,10.46,93.82,106.18,29.1,110.66,10.56,4.71
T9,680.206,26.39,9.56,109.3,100.16,27.08,100.82,10.07,4.93,28.09,11.04,96.54,106.64,26.38,113.48,10.62,5.07
T10,681.193,25.32,10.26,98.77,97.56,26.86,110.91,10.2,5.04,25.85,10.62,99.13,112.42,25.54,104.54,10.91,5.3
T1,683.315,27.6,9.48,114.63,103.51,26.68,95.21,9.68,5.0,28.18,9.79,100.71,112.37,28.78,99.14,10.55,5.6
T1,684.784,28.38,9.88,101.03,106.73,26.41,96.67,10.98,5.52,27.82,9.86,114.69,110.49,28.16,109.53,10.24,5.86
T10,685.264,28.45,10.1,108.89,111.43,26.86,108.87,9.6,5.12,27.67,11.63,103.38,107.34,23.99,106.87,10.41,5.44
T7,686.216,26.4,11.47,117.0,99.5,22.96,107.7,11.62,5.03,25.32,10.55,105.95,104.62,26.59,114.69,10.25,5.43
T1,687.903,28.82,10.27,109.58,97.84,28.15,101.69,10.94,5.9,28.05,9.37,111.68,112.35,24.7,103.0,10.5,5.9
T9,687.925,24.23,10.11,104.39,110.32,26.36,97.92,10.2,5.06,25.3,10.27,104.71,105.3,25.41,100.82,10.81,5.37
T9,689.217,25.48,9.52,98.93,103.24,25.56,101.92,11.24,4.93,25.08,11.15,99.21,108.77,27.12,99.86,10.54,5.0
T4,690.482,27.12,10.82,103.43,105.2,28.19,107.78,10.23,5.18,25.34,10.1,94.41,111.32,25.41,112.61,10.34,5.9
T1,691.375,25.58,10.1,103.87,100.4,27.87,109.26,9.67,5.63,28.79,10.45,115.71,108.94,26.69,102.1,10.77,5.31
T2,692.78,25.15,10.34,106.24,109.18,25.3,113.36,10.2,5.39,24.77,10.99,92.2,102.02,27.38,108.61,11.39,5.45
T3,693.556,26.34,11.21,104.08,110.18,26.18,105.68,10.07,5.32,24.2,10.26,102.14,112.24,27.71,112.52,11.38,4.82
T6,693.95,28.67,11.21,116.4,103.33,29.01,109.43,10.9,4.88,24.24,9.8,112.55,99.91,28.29,105.94,9.96,4.95
T7,697.646,26.39,10.19,117.69,100.61,23.84,99.85,10.48,5.67,24.45,10.99,115.0,97.43,24.61,104.24,11.43,5.04
T2,697.796,25.32,9.93,94.85,105.07,27.03,108.79,9.68,4.78,25.77,9.77,106.09,98.21,28.74,116.09,9.7,5.02
T1,697.833,27.8,10.76,109.19,113.18,28.8,108.94,9.57,5.26,28.6,9.45,102.57,101.21,25.98,95.29,10.61,5.54
T6,699.908,25.56,11.18,105.26,102.98,25.39,103.89,9.94,5.1,27.65,11.29,112.81,107.03,29.04,110.46,10.84,5.48
T6,700.133,28.31,9.64,111.44,96.38,26.23,104.89,9.66,4.97,26.86,9.54,111.59,107.03,26.56,108.94,10.52,5.21
T10,700.986,28.16,10.22,115.25,106.68,25.69,105.09,10.19,5.16,24.86,10.72,114.73,96.17,27.49,97.93,10.79,5.66
T7,702.078,26.57,11.86,102.64,99.03,26.11,101.18,11.74,4.93,26.53,11.44,106.69,101.42,25.3,106.33,11.33,5.81
T9,702.225,25.36,10.94,111.67,108.95,25.08,108.06,11.48,5.23,24.56,10.34,98.53,98.72,25.44,99.3,10.09,4.84
T3,704.606,26.63,10.58,96.34,107.91,25.43,97.51,10.41,4.71,26.77,11.19,103.45,107.79,27.23,107.57,10.45,5.34
T8,704.905,28.9,10.82,102.54,111.63,28.33,97.64,11.18,4.74,25.78,9.95,107.64,104.31,24.07,106.22,9.74,5.47
T10,705.181,25.06,10.87,99.61,96.02,24.0,100.17,10.95,5.41,25.52,11.36,104.26,97.83,24.12,111.32,10.04,5.14
T9,706.201,25.36,9.76,95.28,107.5,23.7,101.4,10.95,4.7,26.64,10.96,107.42,98.69,23.95,115.49,11.43,4.92
T3,710.427,24.44,10.06,103.53,101.14,27.24,104.63,11.7,4.78,24.18,10.89,110.08,110.67,26.74,97.74,11.07,5.14
T1,711.126,25.28,9.67,109.34,99.92,25.62,94.54,11.13,5.39,26.7,10.88,117.93,110.91,27.46,103.66,9.57,5.52
T4,711.445,23.78,11.45,109.73,103.7,26.9,117.11,10.43,5.67,26.71,11.46,107.57,103.66,27.54,117.2,10.15,5.41
T9,712.16,26.85,9.67,104.11,106.52,24.08,103.7,11.25,5.11,26.2,9.87,109.11,102.25,26.36,113.56,10.01,5.17
T2,714.494,26.8,10.62,93.51,107.95,26.46,104.89,11.02,5.34,25.01,9.69,108.18,107.73,27.1,110.47,9.94,5.18
T4,714.706,23.79,10.62,96.04,101.99,28.94,101.01,10.67,5.41,23.21,11.58,108.9,113.35,27.13,107.87,9.68,5.43
T9,715.743,24.78,9.56,102.41,109.44,25.43,112.92,11.38,4.94,25.98,11.22,107.89,100.55,27.22,112.5,9.94,5.15
T4,718.312,23.84,10.86,98.69,108.53,27.69,99.39,10.77,5.91,26.24,9.99,101.46,102.14,25.93,108.46,10.46,5.9
T3,719.472,24.63,10.89,99.68,98.44,27.72,103.43,10.44,5.14,24.72,10.24,98.37,97.98,25.16,98.69,11.21,5.47
T2,720.35,28.38,11.23,92.14,106.4,27.74,113.36,10.33,4.95,28.68,11.06,93.86,106.18,26.55,111.4,10.58,4.93
T4,722.183,27.14,10.12,98.7,101.26,25.43,107.05,10.82,5.39,23.47,10.0,105.33,108.77,27.19,103.47,10.51,5.9
T5,723.055,27.25,10.43,106.88,102.56,24.87,100.04,10.26,5.14,27.82,9.77,94.2,111.83,24.6,112.71,10.23,4.96
T6,723.573,25.17,11.22,110.12,98.24,29.43,101.82,9.98,5.2,26.64,9.96,111.98,98.82,28.84,117.2,10.29,5.26
T3,725.664,24.28,10.26,110.46,104.14,29.16,108.59,10.67,4.95,26.43,11.25,100.72,104.94,26.44,97.72,11.66,5.1
T9,725.947,25.12,10.0,110.11,110.64,23.31,116.09,10.12,4.86,25.09,11.04,100.3,112.35,26.8,114.7,10.35,4.83
T8,727.27,28.58,10.64,108.51,100.44,26.3,95.39,10.37,5.34,28.58,10.45,110.36,102.36,27.61,94.3,11.38,5.28
T2,728.101,26.78,11.02,95.2,100.33,27.71,107.85,11.01,5.3,28.65,10.22,107.86,102.57,28.66,104.11,10.36,4.65
T8,728.163,26.66,9.5,107.79,104.92,24.94,111.48,10.42,5.07,28.6,9.86,99.4,118.94,23.88,105.97,10.46,5.3
T9,728.923,27.87,10.77,96.61,113.94,23.22,113.33,11.3,4.74,27.19,10.83,96.04,103.12,23.91,98.18,9.85,4.69
T6,733.763,24.51,10.82,102.66,98.21,28.23,108.02,10.5,5.08,26.76,10.42,104.85,100.72,28.93,112.0,10.17,5.0
T10,734.219,27.81,9.92,98.44,105.07,24.61,102.86,11.28,5.94,26.54,10.66,100.06,102.58,24.25,102.06,9.53,5.6
T9,735.653,25.94,10.34,100.96,113.8,24.11,100.47,9.94,5.38,26.16,9.73,111.34,101.7,25.41,107.43,10.3,5.12
T8,737.298,26.59,10.76,101.09,104.04,25.52,108.8,9.7,4.89,28.32,10.1,102.48,111.76,26.52,111.64,10.65,4.93
T2,737.805,27.48,10.95,91.97,104.54,24.7,115.36,11.46,5.42,28.05,11.22,94.24,104.66,28.02,115.9,10.95,4.8
T4,738.822,27.42,10.21,98.99,111.36,26.49,109.5,11.11,5.62,26.35,10.48,107.57,98.31,29.07,104.73,9.84,5.64
T2,740.222,26.8,9.7,91.63,95.34,28.03,115.95,11.38,5.2,29.06,10.01,102.15,102.59,25.29,100.62,10.7,5.07
T8,740.692,26.47,10.04,110.95,100.73,27.29,111.52,10.4,5.19,25.81,10.35,109.73,108.91,27.0,98.66,9.8,5.04
T1,741.569,29.15,9.51,103.03,109.67,25.52,96.89,10.9,5.54,26.06,10.28,107.53,96.56,26.24,111.74,10.61,5.68
T9,742.319,28.1,10.67,103.8,100.69,23.39,109.68,11.36,4.92,25.24,10.74,103.3,107.87,26.95,106.8,10.24,5.37
T6,743.229,28.35,10.25,105.69,103.38,26.24,103.77,10.55,5.4,27.31,10.7,113.13,93.39,25.85,106.09,10.5,4.96
T1,743.945,25.17,9.55,109.44,106.88,28.37,98.65,10.53,5.27,27.96,9.35,112.73,110.88,27.34,106.82,11.1,5.53
T9,745.665,27.3,10.22,104.72,103.85,25.22,100.2,10.18,5.32,25.43,11.07,106.52,112.24,23.26,103.58,11.16,4.88
T10,750.549,27.15,10.42,102.91,99.73,26.63,98.96,10.62,5.37,25.38,9.92,114.58,97.75,24.65,103.61,11.24,5.14
T6,752.07,26.8,10.45,107.59,106.86,25.97,104.07,11.2,5.66,26.36,9.67,112.85,95.45,25.13,113.39,10.19,5.38
T10,753.713,24.78,11.41,98.88,105.81,24.26,101.06,10.85,5.45,28.52,10.41,99.92,112.27,25.62,110.29,10.28,5.65
T8,753.983,25.17,10.39,108.73,113.8,24.4,101.86,11.04,4.76,25.38,9.76,106.38,109.7,24.84,98.69,10.39,4.8
T9,754.725,24.28,10.89,111.78,105.83,26.89,103.9,10.3,5.2,27.72,10.24,102.7,105.13,24.02,104.85,10.56,4.84
T6,756.141,26.9,9.83,105.33,108.44,25.68,102.32,10.97,4.91,27.51,9.72,113.14,100.24,26.34,109.56,9.68,4.84
T4,756.887,25.66,11.34,107.93,103.16,26.36,114.65,10.96,5.62,24.85,10.95,110.47,100.36,29.29,101.97,11.23,5.82
T5,757.326,26.56,10.88,97.37,111.36,23.43,104.6,9.59,5.16,25.73,9.77,100.47,99.66,27.2,104.96,10.76,5.43
T3,758.705,25.98,10.39,102.11,97.79,28.22,112.89,11.22,5.29,25.34,10.15,102.14,101.9,26.19,101.35,11.63,4.94
T9,758.75,25.06,10.61,100.14,105.87,24.24,109.63,11.27,5.04,26.04,9.48,98.31,108.04,23.78,110.63,10.9,4.92
T6,759.134,27.01,9.62,107.84,108.65,26.6,104.61,11.38,5.21,24.74,11.21,100.71,95.92,26.91,100.4,10.24,5.59
T9,759.678,25.4,11.23,112.66,101.09,23.5,100.43,10.12,4.7,28.28,10.74,110.23,104.44,25.0,110.63,9.81,4.89
T9,760.259,27.13,9.96,97.68,100.28,26.29,105.23,11.5,5.03,24.14,10.12,108.53,110.32,24.54,104.84,11.13,5.22
T3,760.304,25.01,11.12,105.34,106.76,26.41,98.0,11.71,5.0,25.08,10.17,106.17,110.81,26.65,103.28,11.02,4.96
T8,760.475,28.72,9.34,113.02,111.0,26.71,106.39,10.98,5.28,26.27,9.43,108.22,101.14,24.6,103.41,10.97,5.11
T5,761.495,27.94,10.42,102.16,105.28,25.96,101.19,9.38,5.52,25.21,10.4,109.53,103.76,26.53,113.02,9.69,4.89
T7,762.322,24.9,11.12,106.16,106.43,23.16,102.85,11.64,5.04,24.64,11.28,112.83,111.28,25.14,102.73,11.52,5.72
T9,763.965,25.65,9.65,97.98,112.79,24.74,104.23,10.62,4.68,26.94,10.29,95.62,99.59,25.41,98.34,11.53,4.79
T6,764.018,28.3,10.11,104.4,97.93,27.55,117.8,10.97,4.86,24.77,9.99,112.71,102.08,26.07,100.31,10.58,5.64
T9,764.335,28.41,9.79,96.07,109.02,22.99,102.04,9.97,4.84,25.36,9.87,108.82,98.03,24.09,99.26,9.91,4.66
T4,764.819,24.3,11.46,108.26,111.49,26.79,114.1,11.16,5.5,23.36,11.49,102.12,110.05,29.11,105.95,10.34,5.17
T4,768.454,25.06,11.25,99.39,115.81,25.36,105.93,10.35,5.07,23.97,11.5,95.59,112.73,26.82,105.4,11.38,5.5
T4,768.505,23.82,11.61,109.01,107.38,28.26,111.7,10.97,5.76,24.46,10.18,100.46,101.91,25.05,107.79,9.61,5.57
T10,768.688,24.4,11.56,108.89,106.54,26.75,100.17,10.02,5.23,24.78,10.49,115.66,98.59,24.21,98.96,10.34,5.76
T4,769.475,26.22,11.45,94.68,116.26,26.72,100.05,11.2,5.68,25.73,11.5,104.07,111.16,26.16,101.71,11.04,5.59
T9,770.779,28.22,10.21,104.02,100.62,25.06,100.38,10.04,4.93,28.14,9.6,111.43,112.68,26.17,112.12,10.59,4.72
T9,771.335,28.07,9.73,101.93,107.43,26.16,108.85,11.09,5.18,28.51,11.19,97.98,106.07,26.78,99.84,11.04,4.84
T6,771.613,25.38,10.93,112.22,109.75,25.58,113.11,11.36,4.84,27.38,10.26,106.1,101.14,25.47,102.99,10.59,5.11
T4,772.245,25.33,11.04,94.26,111.36,25.91,106.77,10.86,5.84,23.8,10.38,96.67,102.61,26.44,111.19,11.0,5.22
T4,772.323,24.57,11.42,93.94,110.91,28.22,102.37,9.96,5.05,24.21,11.07,110.6,107.2,28.19,106.45,10.74,5.48
T5,772.477,25.41,10.65,98.68,111.44,26.25,107.31,9.86,5.54,29.08,10.31,102.42,105.76,25.07,98.5,10.45,4.8
T4,772.761,26.7,10.68,108.52,103.9,29.39,109.05,10.92,5.84,26.11,10.95,107.96,116.05,28.9,109.48,10.49,5.64
T2,772.81,26.8,11.0,101.75,111.3,28.95,112.06,9.93,5.32,27.65,11.04,101.18,110.29,28.93,106.48,11.32,4.88
T10,776.463,25.84,10.76,99.59,100.11,26.46,96.93,11.08,5.85,26.18,10.2,101.0,112.79,26.68,108.68,9.99,5.47
T7,780.636,24.65,11.63,101.01,101.3,25.38,116.08,10.09,5.44,24.57,10.1,115.22,107.18,27.05,104.07,11.74,4.99
T4,781.022,25.96,11.14,94.67,115.53,29.42,108.03,11.19,5.61,27.48,11.52,100.54,111.49,25.11,103.4,10.64,5.08
T7,782.26,27.05,11.75,115.67,106.14,25.12,104.74,11.58,4.99,23.88,10.19,104.65,96.6,27.1,104.78,9.89,5.6
T3,784.036,24.2,11.55,98.48,109.14,28.28,110.75,10.06,5.0,27.34,10.53,97.19,99.63,24.72,102.68,10.3,5.12
T2,787.83,27.23,11.02,97.11,94.01,27.41,110.03,10.17,4.8,26.19,9.88,106.9,99.33,26.16,117.24,10.67,5.03
T7,787.906,24.69,10.97,105.61,113.82,23.53,117.11,10.01,5.5,28.34,10.73,116.43,97.72,24.34,106.98,10.91,5.37
T9,789.157,27.68,9.68,97.99,112.88,23.8,99.43,11.64,5.15,27.34,9.95,109.38,109.34,23.7,103.43,11.06,4.65
T3,790.926,23.42,10.22,100.02,108.0,27.71,103.76,11.55,4.68,24.94,10.98,95.54,107.18,24.68,106.53,11.45,5.52
T5,793.757,27.57,9.98,107.13,100.05,26.17,102.26,10.86,4.78,28.26,10.28,104.36,108.21,26.39,97.68,9.81,5.44
T9,793.815,26.79,10.8,100.3,114.24,26.26,103.28,10.92,4.83,26.96,10.85,97.58,112.53,25.19,115.68,10.34,5.13
T10,794.26,25.94,10.69,113.61,103.23,25.48,112.42,10.51,5.17,26.5,11.5,103.13,104.22,27.24,109.5,10.53,5.25
T9,795.179,24.85,10.3,97.36,114.84,26.78,103.66,10.19,5.16,28.49,9.47,107.16,97.58,27.09,112.49,10.48,4.82
T7,795.305,27.25,11.81,115.92,103.45,25.74,107.25,11.64,5.24,25.38,11.68,113.99,98.14,26.9,115.22,11.04,5.19
T2,795.536,24.77,10.02,97.34,107.6,28.23,107.52,10.74,5.06,27.65,11.45,106.57,99.98,26.54,110.62,9.76,5.23
T2,795.931,25.44,10.92,92.68,97.87,26.47,108.1,10.2,4.68,27.58,9.88,97.44,108.15,27.87,102.82,10.12,5.09
T8,796.028,25.91,9.33,109.73,103.6,27.27,110.77,9.74,4.84,24.57,10.88,104.96,117.73,27.4,111.02,11.29,5.28
T2,797.498,24.6,10.55,99.01,99.31,25.64,102.01,10.72,5.32,28.73,11.4,102.7,94.96,25.07,107.77,9.74,5.18
T7,798.518,26.58,11.38,101.3,111.53,24.38,103.81,10.79,5.5,27.96,10.17,103.28,111.96,23.05,100.53,11.67,5.32
T3,799.903,24.1,10.08,100.34,113.58,26.99,108.1,11.39,5.17,27.28,10.8,110.62,104.74,26.65,112.74,10.92,4.96
T1,799.938,28.55,9.93,113.2,109.62,26.03,112.22,10.09,5.15,29.17,10.15,103.18,111.03,27.54,107.48,10.41,4.97
T5,800.647,27.68,9.87,110.24,112.79,26.01,107.33,10.17,4.92,26.29,10.94,109.1,99.32,23.93,95.83,10.54,5.34
T4,801.094,24.92,10.71,109.48,104.88,27.74,116.66,10.13,5.76,25.7,10.78,102.75,101.05,27.94,105.07,11.21,5.65
T9,801.329,27.9,9.68,102.66,106.16,25.18,109.65,10.33,4.82,28.11,10.16,102.4,112.88,23.66,104.59,10.15,5.32
T2,801.887,25.22,9.92,98.86,107.14,28.79,108.22,11.06,4.81,26.56,10.15,99.6,96.96,24.54,110.39,11.06,5.33
T4,802.678,27.34,10.98,103.35,111.29,26.88,99.55,10.06,5.54,25.76,10.67,100.42,106.19,26.22,103.47,11.01,5.95
T9,804.055,26.28,10.34,107.16,111.4,27.01,115.26,9.94,4.74,27.28,10.7,110.5,98.04,25.85,109.69,11.58,4.99
T4,807.311,27.31,11.62,102.27,98.66,25.91,107.49,10.56,5.34,23.31,10.12,109.17,106.12,27.87,104.95,11.0,5.79
T6,807.334,26.04,9.68,114.19,99.62,25.84,100.56,10.25,5.07,26.19,9.98,107.98,106.97,25.03,113.08,10.38,5.37
T9,807.338,25.35,9.62,99.85,101.72,27.03,99.15,10.46,4.92,25.42,10.21,105.16,112.44,23.12,100.14,9.96,4.98
T4,808.18,23.94,10.24,95.84,99.86,28.07,102.61,9.86,5.81,24.31,10.18,100.74,107.34,27.36,111.03,11.16,5.21
T8,808.393,28.81,10.35,103.65,100.83,27.01,100.15,11.03,5.28,26.31,10.8,108.65,110.74,27.12,106.99,9.91,5.01
T1,810.771,27.46,10.45,105.74,101.07,26.72,103.08,10.79,5.1,26.98,10.2,105.31,103.74,25.31,111.55,10.1,5.01
T3,811.444,25.85,10.41,99.05,107.44,24.66,105.66,10.91,4.71,25.62,11.2,98.47,108.46,25.95,114.25,10.66,5.24
T10,811.597,27.62,10.05,108.13,100.26,27.8,99.33,10.64,5.41,24.71,11.47,105.54,110.36,26.4,109.4,10.6,5.54
T5,813.349,27.25,10.99,97.92,99.62,25.07,109.31,9.28,4.78,26.76,10.89,94.13,113.94,26.86,103.21,9.72,4.84
T3,813.397,27.44,10.94,107.55,104.65,29.2,112.11,11.64,5.13,26.54,9.84,103.74,101.42,24.83,111.22,10.43,5.45
T4,814.964,26.57,11.41,98.02,111.49,27.73,111.6,11.23,5.42,24.06,10.82,93.29,110.91,29.27,101.96,11.04,5.25
T1,818.775,25.07,9.88,109.7,98.28,27.42,94.54,10.37,4.99,28.67,10.06,106.43,103.53,25.05,106.76,11.04,5.59
T9,819.753,28.0,10.74,107.89,101.35,26.2,100.91,10.99,5.11,28.52,9.5,100.53,111.36,24.14,101.4,11.25,5.13
T8,820.386,26.16,9.73,108.6,104.8,27.8,94.52,10.36,4.87,25.48,10.76,104.39,108.1,25.24,97.0,10.52,4.96
T1,823.955,28.02,9.36,104.95,104.14,26.29,108.76,10.61,5.52,27.23,9.82,101.32,113.27,28.1,101.88,10.32,5.11
T1,824.372,29.03,9.17,101.25,101.53,25.98,94.59,10.42,5.71,25.06,9.44,100.23,97.36,26.21,104.51,9.5,5.54
T4,826.808,26.14,10.63,96.36,110.81,29.75,102.37,10.14,5.82,26.47,10.74,95.76,114.29,29.23,114.13,10.78,5.41
T10,827.756,27.12,11.54,105.35,112.85,25.99,108.65,11.04,5.6,28.18,10.11,100.83,103.26,27.66,98.91,11.06,5.08
T2,828.988,28.95,9.7,95.13,94.14,27.61,116.15,10.7,4.69,24.59,10.47,98.49,110.16,25.05,100.56,10.74,5.23
T7,832.039,23.91,10.14,102.8,102.47,23.24,104.8,11.05,5.67,26.98,10.67,107.22,106.9,25.39,105.43,11.12,5.43
T2,832.639,24.82,10.99,93.86,104.39,27.7,110.44,11.25,5.04,25.07,10.69,91.68,99.36,26.49,116.79,10.32,5.5
T3,833.399,24.79,10.15,94.68,107.42,25.3,101.73,10.12,5.33,25.64,11.36,101.09,104.38,28.39,97.81,10.55,5.06
T1,834.825,25.91,10.05,118.34,103.93,28.63,98.65,11.12,5.79,25.48,10.29,107.7,102.96,24.41,99.9,10.89,5.85
T6,835.36,25.66,11.15,112.81,96.38,27.48,112.03,9.77,5.2,25.18,9.81,108.21,103.16,29.46,112.94,10.78,5.23
T1,835.951,27.72,10.3,101.83,111.3,27.96,107.16,11.16,5.28,28.65,9.2,101.05,113.41,24.46,109.21,10.93,5.03
T8,836.234,28.89,9.92,110.5,116.26,24.44,109.42,9.68,5.32,24.57,10.18,102.06,102.58,25.4,100.55,9.79,4.82
T4,836.441,27.06,10.72,107.49,113.84,28.9,116.93,10.38,5.41,26.86,10.67,95.84,100.72,28.79,113.4,11.12,5.12
T6,836.571,25.32,11.06,100.73,94.02,28.38,111.99,10.45,5.4,28.52,11.14,102.76,109.57,29.02,100.04,10.14,5.62
T2,836.763,26.01,11.45,101.12,93.85,29.11,101.24,9.84,5.1,27.95,10.84,93.72,104.62,27.27,113.97,10.82,5.26
T8,838.863,28.37,10.58,114.87,100.66,27.34,110.38,11.2,5.32,28.72,10.1,110.5,117.86,28.22,98.67,10.79,5.51
T8,839.979,24.61,9.3,106.27,116.55,25.43,97.91,10.33,4.7,24.54,9.36,107.56,104.44,24.82,106.08,10.28,5.31
T3,839.979,25.1,11.47,102.5,105.12,26.8,105.64,10.6,4.84,24.43,11.38,108.27,114.9,26.0,100.14,10.63,4.84
T8,840.004,24.49,9.84,115.29,103.27,27.36,101.45,9.67,4.87,28.07,9.52,107.19,114.23,27.92,97.83,10.26,5.11
T2,840.654,24.58,9.89,100.31,99.18,25.98,110.59,11.46,5.07,27.58,10.82,97.48,103.46,25.31,112.38,11.02,5.0
T7,840.685,24.65,11.73,107.74,107.88,27.16,107.64,10.03,5.41,27.24,11.24,111.78,110.4,25.87,107.94,11.14,5.04
T3,840.697,23.28,11.31,97.37,108.08,26.03,103.18,11.33,5.24,27.06,11.65,109.37,113.37,28.56,105.02,11.58,4.88
T7,842.19,27.44,10.5,117.41,105.96,25.54,106.33,11.68,5.38,27.15,11.25,106.13,103.53,24.27,106.27,9.99,5.35
T7,842.499,26.79,10.8,99.61,102.33,26.23,103.71,9.9,5.5,24.74,10.1,115.08,100.95,27.26,101.35,10.55,5.77
T4,842.861,23.23,11.57,107.49,100.65,29.22,112.61,10.64,5.24,23.23,10.18,108.22,101.92,25.48,103.34,10.56,5.67
T5,843.39,26.49,9.67,95.48,105.76,24.59,108.03,9.74,5.32,27.62,10.0,101.46,106.45,25.17,108.11,10.2,4.89
T8,843.694,28.25,9.25,113.04,101.77,24.7,98.17,10.21,5.56,26.47,9.67,112.87,115.63,27.44,103.65,10.49,4.72
T4,844.048,25.94,10.14,109.61,98.64,29.69,115.12,10.5,5.46,25.65,10.21,97.41,114.42,27.66,115.24,9.76,5.77
T2,844.714,26.44,10.99,108.84,107.4,27.22,117.63,10.86,4.85,28.48,9.89,104.51,100.82,25.42,105.85,10.83,5.36
T3,845.234,26.14,10.13,94.71,100.15,28.94,114.14,11.52,4.71,23.32,10.63,102.14,105.06,25.86,97.46,11.46,5.01
T4,846.569,26.79,11.04,99.65,110.99,28.84,107.67,10.55,5.46,23.94,11.56,107.65,107.89,25.42,113.86,10.9,5.34
T3,849.721,26.34,11.06,105.33,106.28,28.07,109.26,11.77,5.13,27.16,9.85,95.02,106.7,26.37,110.9,11.63,5.37
T8,850.325,28.49,9.35,107.5,113.93,27.5,100.64,10.94,5.5,26.48,9.77,111.04,115.31,26.12,106.04,10.42,5.05
T8,851.023,25.18,10.65,111.34,100.14,25.28,111.7,11.39,5.17,24.97,10.3,99.75,111.58,24.98,94.89,10.4,5.04
T4,851.086,23.74,10.81,101.05,114.91,28.62,114.91,11.09,5.54,23.79,11.16,105.36,100.85,27.15,102.99,10.01,5.72
T4,851.805,26.85,10.1,101.46,103.7,29.24,114.88,9.77,5.84,25.22,11.57,97.61,102.06,26.97,100.97,11.04,5.74
T8,852.912,25.6,10.19,103.61,104.52,23.92,111.76,10.19,5.08,28.6,9.43,112.99,108.62,27.21,104.36,10.29,4.84
T7,852.926,27.59,10.25,105.83,109.23,23.97,113.15,10.81,5.79,27.86,10.7,110.59,111.53,23.86,102.8,11.19,5.75
T4,852.927,23.83,10.88,105.91,103.42,27.38,114.13,10.67,5.04,23.22,11.6,95.3,106.2,26.28,114.85,10.88,5.85
T8,855.724,26.02,9.63,109.49,115.26,24.22,107.12,10.55,5.52,26.95,10.4,104.58,116.82,26.15,106.06,10.87,4.9
T3,856.108,25.96,10.16,100.85,112.37,25.25,99.47,10.11,4.89,27.04,10.92,97.37,100.34,28.28,106.14,10.66,5.52
T3,858.087,25.49,10.59,95.74,98.68,28.08,99.81,11.35,5.42,24.21,10.93,102.92,114.61,25.82,112.63,10.99,4.97
T2,858.124,25.55,10.85,93.48,103.01,24.7,115.52,10.4,4.74,25.57,11.36,108.72,99.06,28.15,115.85,10.4,5.28
T8,858.642,25.92,9.3,107.36,111.83,27.78,108.79,10.58,5.21,26.5,10.57,107.94,111.52,27.74,103.47,9.72,5.43
T3,860.014,23.64,11.38,98.74,102.48,25.93,98.25,10.52,5.29,26.08,10.79,106.94,104.43,27.97,97.96,11.52,4.92
T10,862.848,27.56,11.14,113.2,110.82,25.52,112.25,10.21,5.67,26.24,10.36,105.82,97.92,27.8,101.5,10.52,5.4
T7,863.55,25.82,11.74,103.68,98.07,26.26,102.56,11.53,5.21,25.35,11.04,101.58,100.59,25.06,104.8,10.16,5.05
T1,864.723,25.58,9.56,110.11,110.79,25.33,105.57,9.64,5.11,24.91,10.34,109.95,111.0,27.02,110.33,9.92,5.59
T5,865.223,26.67,9.69,98.63,100.57,27.02,96.33,9.64,4.86,27.0,9.45,108.62,101.1,26.55,101.74,10.72,5.44
T8,865.585,28.71,9.81,99.12,109.39,26.25,108.62,9.99,5.04,28.13,10.58,112.87,103.82,24.08,97.19,10.37,5.16
T8,868.221,24.92,9.95,103.31,105.81,24.84,102.67,10.92,5.26,26.29,10.86,112.9,109.48,27.5,103.99,9.73,5.45
T10,869.551,25.64,10.88,113.24,105.9,27.31,97.84,9.8,5.92,24.75,11.64,104.07,109.58,26.5,110.9,11.25,5.84
T7,869.583,25.11,10.12,105.53,113.81,25.82,108.16,10.32,5.01,27.92,11.24,110.76,105.69,24.37,114.24,9.96,5.77
T8,871.297,26.4,9.42,108.29,115.65,25.36,111.21,9.73,5.22,26.81,10.36,100.93,101.07,24.45,101.22,10.13,5.58
T6,871.619,27.58,10.02,100.05,105.46,26.84,107.58,9.9,5.13,28.29,10.25,107.0,110.09,26.19,114.43,10.21,4.77
T8,871.914,27.31,10.8,113.14,106.06,26.34,96.68,10.17,4.9,27.18,10.06,105.74,108.8,24.38,98.99,10.77,5.38
T1,873.109,25.53,9.66,107.28,109.47,26.86,110.87,10.98,5.44,27.62,9.9,118.25,98.06,26.23,95.96,10.04,5.07
T7,873.331,25.84,11.71,112.18,112.05,26.86,116.32,10.23,5.28,25.92,10.55,112.57,105.0,24.84,102.58,10.64,5.33
T5,874.733,25.96,9.42,99.51,100.74,23.66,97.88,9.37,5.27,26.98,10.81,103.05,113.29,23.42,96.58,10.53,5.14
T4,874.806,27.16,9.96,98.49,113.98,29.16,104.75,11.07,5.05,26.31,10.69,103.4,106.35,26.74,100.1,10.46,5.9
T7,876.891,25.12,11.81,105.56,111.68,26.24,101.54,10.3,5.36,26.86,11.37,106.66,104.77,26.79,105.5,11.25,5.44
T6,879.466,28.53,10.01,107.1,108.13,28.87,111.93,9.8,4.86,26.96,9.6,113.67,94.42,28.51,111.96,10.0,4.88
T7,879.507,25.84,10.51,106.23,107.46,24.51,108.62,11.6,4.94,26.71,11.81,115.67,112.76,26.38,99.75,10.52,4.94
T2,880.031,25.32,10.01,97.92,97.0,27.63,100.98,9.74,4.93,27.6,10.16,100.41,104.15,28.5,116.16,10.85,5.18
T8,881.916,28.79,9.46,103.95,103.68,26.06,99.42,11.13,5.14,27.76,10.58,107.94,103.89,25.65,109.92,10.85,5.2
T2,882.323,27.01,10.76,93.92,110.18,24.68,116.97,11.33,4.83,25.68,10.57,96.92,105.71,24.51,100.48,11.08,4.75
T6,885.799,28.66,10.14,99.25,110.29,26.69,113.86,9.86,5.01,28.44,10.54,107.18,99.32,28.53,118.63,9.65,5.33
T4,885.826,26.08,9.87,107.21,114.02,28.79,111.01,11.38,5.6,24.7,11.02,109.98,101.0,27.07,105.22,10.75,5.84
T7,889.719,28.23,10.06,106.36,99.97,23.69,113.38,10.92,5.03,24.03,10.06,107.23,105.88,25.99,102.04,10.11,5.04
T3,889.799,23.88,10.08,97.01,101.37,25.07,113.27,11.4,5.11,26.19,10.26,97.37,98.97,24.62,110.66,11.39,5.34
T6,891.473,27.6,9.81,112.37,110.11,29.07,115.54,10.38,5.3,27.52,10.71,108.01,103.49,29.16,106.31,9.72,5.21
T6,893.979,25.84,10.16,103.02,110.15,26.86,104.61,10.55,5.01,26.8,11.08,103.08,96.45,26.35,110.77,10.31,5.18
T4,895.817,27.08,9.92,102.1,104.62,29.53,105.66,9.82,5.63,27.47,10.39,110.48,113.54,27.57,106.04,11.09,5.96
T8,897.223,27.27,10.29,112.9,108.91,24.67,109.24,9.76,4.76,26.46,9.37,100.11,110.35,24.45,110.39,11.37,5.11
T10,897.462,25.2,11.7,112.59,109.77,24.7,111.41,11.03,5.95,25.02,11.75,99.37,98.65,24.18,100.87,10.34,5.43
T6,897.735,27.99,11.23,103.08,110.54,25.65,113.43,10.0,4.98,26.6,10.36,113.04,107.94,29.11,111.53,10.97,5.2
T8,898.632,27.69,9.89,107.94,116.77,24.38,100.22,11.41,5.0,27.87,10.7,101.54,118.56,24.5,111.01,10.82,5.02
T3,900.46,24.57,9.84,102.65,110.08,28.13,102.03,11.17,5.36,24.42,10.22,96.68,109.69,28.65,99.33,10.38,4.72
T3,901.911,23.69,10.08,101.27,110.72,26.33,109.36,11.58,5.09,24.53,11.31,104.03,105.1,25.63,114.98,10.35,5.06
T1,902.001,27.46,10.41,102.86,111.46,24.57,96.22,10.87,5.87,27.86,9.77,118.95,102.98,24.93,95.29,10.94,5.27
T1,902.869,27.8,10.63,112.04,104.18,27.0,110.94,9.82,5.21,26.33,9.86,100.67,110.93,27.14,106.47,10.73,5.73
T2,903.575,24.83,11.37,104.62,98.69,27.59,100.07,9.75,5.04,27.87,11.19,104.52,105.17,26.48,105.6,10.91,5.18
T4,904.286,25.43,10.62,93.08,114.29,29.41,108.1,10.16,5.77,24.08,10.12,97.19,99.25,27.4,104.34,10.36,5.5
T8,906.357,28.13,9.47,100.4,114.65,26.36,94.3,11.23,4.93,28.93,10.74,111.34,102.45,26.68,105.38,10.54,4.73
T5,909.345,27.14,10.76,108.49,99.94,26.41,111.66,10.71,5.56,26.59,9.38,94.14,99.44,24.16,107.8,10.25,5.57
T10,913.756,24.92,11.02,97.46,104.54,23.91,97.45,11.26,5.62,25.38,11.43,114.65,98.1,24.52,103.82,10.85,5.49
T8,917.158,25.63,10.6,101.08,116.09,27.15,109.06,9.8,5.14,24.71,10.17,112.16,100.48,24.01,96.96,11.32,5.16
T10,918.331,26.28,11.14,112.69,98.56,25.65,109.16,11.11,5.04,25.07,11.76,114.27,112.75,27.06,101.36,10.11,5.23
T4,920.392,25.89,11.07,103.05,106.12,25.48,108.0,11.24,5.82,26.7,10.35,93.75,116.04,28.55,113.75,10.34,5.5
T6,921.239,28.39,10.51,104.81,96.39,25.99,107.03,10.18,4.95,27.84,9.72,113.59,107.24,25.67,110.07,10.14,5.62
T4,921.258,23.71,10.79,102.82,103.95,29.66,108.07,10.06,5.07,26.34,10.1,93.42,114.58,25.39,106.76,9.68,5.91
T1,921.367,26.86,9.4,103.31,109.07,28.39,101.84,10.6,5.59,27.95,9.36,105.42,103.17,26.08,107.2,10.36,5.33
T1,924.178,26.3,10.33,101.03,109.76,28.41,110.37,9.66,5.5,25.09,10.28,111.81,109.44,28.62,104.5,9.75,5.71
T1,927.628,27.77,10.66,106.79,102.09,28.91,107.14,11.05,5.62,24.74,10.45,104.6,99.82,28.33,100.61,10.31,5.18
T3,928.192,24.07,11.39,102.64,113.95,26.36,108.07,10.71,4.72,26.16,11.22,102.68,100.53,28.68,108.74,11.54,4.71
T1,928.452,26.93,9.66,103.35,113.67,28.54,102.68,10.76,5.55,26.77,9.66,111.76,98.09,25.14,96.24,9.67,5.25
T1,931.493,27.69,9.66,108.47,110.1,27.21,106.83,9.7,5.72,25.96,10.53,117.74,111.46,27.02,106.75,10.56,5.66
T5,931.608,28.23,10.18,107.9,113.27,23.13,102.37,10.75,5.22,29.36,9.54,98.49,105.77,26.03,106.54,9.84,5.14
T5,932.626,26.71,10.92,103.34,106.9,24.63,112.21,9.19,5.24,26.1,10.22,104.26,112.2,26.73,101.8,9.54,4.89
T1,933.186,29.03,9.26,105.72,97.74,25.5,98.65,9.63,4.98,29.04,10.5,107.37,104.18,25.2,101.29,10.89,5.47
T10,933.545,25.52,11.58,113.0,100.65,23.98,113.84,9.78,5.88,26.93,10.65,103.64,112.12,24.52,110.15,11.11,5.05
T7,934.676,25.79,11.22,103.68,107.19,26.39,101.82,10.34,5.49,24.41,10.06,106.43,102.26,24.44,109.01,11.56,5.22
T1,935.714,28.15,10.39,113.9,103.48,27.96,98.5,9.8,5.74,27.52,9.37,114.37,109.65,27.86,106.8,10.79,5.55
T1,937.084,26.6,9.52,117.15,109.68,26.52,108.46,9.47,5.22,24.66,10.36,118.67,104.87,26.04,99.04,11.01,5.43
T7,938.524,25.38,10.07,106.18,112.71,22.96,112.53,11.3,5.69,25.94,11.82,112.89,98.12,24.24,109.58,10.02,5.38
T1,939.513,28.04,10.05,116.08,112.91,25.34,110.38,10.94,5.44,24.77,10.63,118.08,108.41,28.45,100.52,10.79,5.89
T5,941.738,27.22,9.89,108.8,105.47,25.85,103.38,10.54,4.91,25.21,9.71,104.92,102.6,27.17,96.03,10.36,5.17
T7,945.181,25.53,11.47,109.65,106.56,24.32,112.2,11.62,5.26,27.46,10.21,107.49,110.7,26.33,110.19,11.59,5.6
T4,946.315,25.64,10.98,107.31,115.4,25.74,109.9,11.32,5.34,27.22,10.52,109.09,115.81,28.52,113.32,10.86,5.83
T3,946.63,24.68,10.93,109.75,112.83,29.06,106.98,11.1,5.14,23.37,10.08,109.16,108.57,29.1,110.91,10.38,5.12
T7,946.976,27.44,11.19,112.55,107.19,24.31,102.45,11.62,5.03,24.69,10.34,108.67,102.88,23.46,117.13,10.68,5.16
T3,947.172,24.58,10.96,105.77,99.37,27.3,114.38,11.66,5.49,27.21,10.15,111.25,103.6,27.42,106.78,10.63,5.33
T3,949.45,23.3,11.3,99.8,104.44,26.96,108.52,10.57,4.76,26.21,11.36,94.78,98.2,24.83,98.94,10.62,4.77
T5,950.244,27.78,9.67,98.49,99.28,25.27,112.24,9.87,5.14,29.3,10.62,106.52,106.69,23.9,103.38,9.45,5.54
T1,950.39,29.02,9.24,107.56,108.45,28.53,109.21,9.99,5.9,27.66,10.46,104.98,111.46,28.72,108.23,9.97,5.74
T5,951.996,28.56,10.76,104.8,109.44,25.19,98.19,9.31,5.07,29.71,10.67,104.35,107.54,25.11,111.88,9.78,4.74
T2,955.505,25.32,11.22,106.42,97.82,26.08,113.34,10.0,5.42,25.83,10.81,99.51,102.26,28.51,100.57,10.48,4.7
T6,956.033,27.0,9.88,116.76,94.23,27.17,106.75,11.19,5.59,28.29,9.95,102.12,94.85,28.23,100.5,11.08,5.62
T10,956.76,24.72,11.09,103.31,96.78,25.79,108.08,9.86,5.63,27.6,10.25,110.12,112.49,25.25,103.49,11.27,5.74
T5,958.851,26.1,10.1,96.0,110.64,26.8,104.76,10.35,4.89,29.32,10.07,106.17,96.87,26.58,107.17,9.65,5.12
T1,958.975,24.71,9.59,102.3,97.54,24.41,100.67,11.08,5.72,25.32,9.41,118.38,97.35,25.82,107.61,9.53,5.17
T7,962.362,27.61,11.75,107.23,102.76,25.59,109.52,10.58,5.35,28.15,11.04,109.76,110.77,23.76,102.36,11.75,5.68
T7,963.077,24.18,11.78,113.39,98.12,24.39,116.61,11.5,5.09,26.5,11.53,115.63,97.75,27.05,100.99,10.92,5.35
T10,963.103,28.08,11.48,110.51,100.11,27.85,108.85,10.76,5.29,26.34,10.26,110.28,105.75,24.31,100.38,9.94,5.28
T5,963.434,29.71,9.91,107.56,112.8,23.36,99.66,10.56,4.89,27.92,11.13,93.87,105.4,23.74,109.64,9.22,4.8
T6,963.959,25.27,9.97,109.46,104.79,25.3,117.06,9.83,5.26,28.31,10.03,102.43,95.16,29.31,106.5,11.03,5.06
T6,967.766,26.0,10.23,105.57,104.39,29.45,110.4,10.12,5.16,27.87,9.94,114.53,94.53,25.47,107.4,10.28,5.17
T5,968.067,27.64,9.41,97.81,100.43,23.88,103.51,10.68,4.94,26.75,9.45,100.92,101.24,24.37,109.46,10.62,5.36
T1,968.201,25.38,9.9,113.35,98.12,25.6,106.83,10.17,5.49,25.37,9.46,104.25,102.93,27.16,96.14,10.28,5.74
T3,970.047,24.33,11.36,96.3,113.5,25.57,109.94,11.29,5.28,25.56,11.6,103.84,104.56,28.65,102.99,10.53,4.71
T6,971.088,27.24,9.98,104.44,108.98,27.42,100.13,11.11,5.0,27.17,10.47,102.2,101.29,26.11,105.43,11.19,5.37
T7,979.606,25.73,10.01,110.11,100.28,23.39,112.19,10.21,5.35,25.13,10.07,111.47,108.18,26.14,110.68,11.37,5.83
T6,980.96,25.17,11.06,102.58,94.93,26.24,116.48,9.66,5.19,28.66,10.15,116.32,102.34,29.06,106.31,11.03,4.8
T3,981.25,24.5,10.44,97.42,101.1,27.28,97.58,11.66,5.15,25.95,11.01,104.87,107.78,27.01,111.74,10.23,5.07
T6,982.549,27.88,10.11,104.39,94.72,26.74,113.54,11.15,5.08,24.7,10.05,107.31,96.81,28.15,114.42,9.93,5.0
T1,982.632,27.87,9.82,108.3,108.93,27.35,97.41,10.42,5.26,26.79,9.41,106.33,104.43,27.28,95.98,10.19,5.44
T1,983.107,26.04,9.32,116.6,111.55,28.14,96.8,9.57,5.77,28.33,10.75,113.2,108.47,26.1,108.17,10.42,5.87
T3,984.778,25.1,11.24,95.34,110.81,26.28,103.64,11.17,5.47,26.32,10.46,98.57,100.15,26.24,106.63,10.84,5.02
T7,986.266,26.79,10.07,107.46,109.45,24.62,117.62,11.47,5.64,24.13,10.36,117.71,102.85,24.57,107.64,10.94,5.38
T5,988.013,26.55,9.73,107.95,98.8,23.91,112.84,9.52,4.99,27.86,9.46,102.66,100.5,25.98,96.96,10.2,5.41
T6,988.37,26.83,11.06,112.14,97.19,27.86,100.35,9.88,5.19,28.48,10.08,114.98,101.2,29.11,104.5,10.76,4.86
T1,989.126,27.95,9.67,101.48,100.98,26.41,98.58,9.68,5.29,27.97,9.62,114.64,96.86,28.94,97.63,10.61,5.2
T5,990.029,26.63,10.44,96.08,110.24,23.76,110.11,10.49,5.15,26.58,10.32,96.52,109.44,23.88,113.02,9.2,5.49
T5,993.75,28.87,9.84,95.38,103.52,23.38,98.11,10.67,5.5,28.1,9.8,94.34,97.58,25.09,97.81,10.31,4.88
T6,994.727,27.65,9.53,99.11,109.28,26.05,105.81,10.0,5.0,26.88,11.1,110.89,99.07,28.62,110.88,10.48,4.95
T5,995.055,27.56,10.11,97.43,111.28,25.19,100.91,9.79,5.55,25.89,10.37,99.89,100.13,27.01,113.28,9.69,5.01
T10,995.33,24.47,11.06,100.08,104.54,24.39,111.79,11.21,5.01,24.76,11.53,108.48,100.2,24.44,113.08,10.84,5.08
T10,996.809,24.67,11.62,104.51,110.0,25.85,97.45,10.79,5.31,26.77,11.68,109.18,100.81,24.2,101.48,10.82,5.12
T3,998.036,25.4,11.45,106.27,104.75,28.42,97.06,10.13,4.98,24.41,11.13,110.06,110.44,26.46,111.3,10.36,4.86
T7,998.336,28.01,11.79,112.94,112.26,26.23,112.83,11.08,5.71,27.95,11.73,108.89,111.07,26.97,108.92,10.22,5.78
T6,999.005,25.14,9.84,100.02,93.15,27.13,114.02,9.96,5.65,26.18,10.72,104.36,95.92,27.26,112.02,10.93,5.47
T5,1000.953,25.75,10.84,106.29,100.31,25.18,99.77,10.0,5.07,29.46,10.92,100.94,101.69,24.37,111.68,10.88,5.03
T7,1002.614,26.47,11.24,105.34,99.61,23.83,116.25,10.79,4.96,24.09,11.36,117.73,100.51,26.56,112.27,11.22,5.0
T10,1003.846,26.77,10.84,113.63,105.01,25.66,101.34,10.11,5.27,24.4,10.58,111.34,96.77,26.36,111.65,10.77,5.38
T5,1003.952,26.81,9.54,93.65,103.41,23.74,109.56,9.35,5.17,27.45,10.55,106.52,98.77,25.24,109.53,10.48,5.33
T10,1006.924,27.37,10.97,106.78,106.48,26.1,104.5,10.58,5.77,24.64,11.08,100.67,96.13,26.47,111.29,10.95,5.3
T3,1007.669,25.22,10.22,104.48,110.22,25.0,107.41,11.8,4.7,24.33,10.48,95.94,99.68,26.63,103.94,11.1,5.35
T6,1009.936,27.58,11.06,115.9,97.3,25.43,115.56,10.41,4.77,26.07,9.68,108.37,104.36,25.85,115.16,9.87,5.48
T3,1010.032,23.19,10.63,97.29,107.11,25.34,102.87,11.04,5.26,23.94,10.08,107.36,114.15,29.2,99.76,11.22,4.99
T2,1012.112,27.37,10.51,102.19,100.02,24.56,110.37,11.03,4.79,27.99,10.74,103.62,103.3,28.66,109.43,10.5,5.33
T2,1012.532,26.09,10.66,103.8,109.05,25.76,99.91,9.91,4.75,24.76,9.75,96.98,95.83,25.16,100.75,9.79,5.52
T2,1013.405,25.11,9.68,94.8,109.55,25.44,107.8,11.3,5.3,27.21,10.53,107.6,109.88,26.91,118.25,10.94,5.38
T2,1016.882,28.88,11.26,95.13,111.4,29.1,108.15,10.4,5.5,27.05,11.18,103.16,97.07,24.76,104.22,10.96,5.06
T10,1023.337,26.88,10.18,110.53,110.1,25.71,103.06,10.85,5.39,26.46,11.05,107.96,104.58,25.37,104.7,10.63,5.35
T10,1025.689,26.69,10.98,115.12,95.62,24.34,98.64,10.94,5.13,24.78,11.01,108.57,98.29,25.5,103.04,10.39,5.16
T3,1026.23,23.18,10.6,97.01,112.24,29.17,102.33,10.74,5.17,27.18,10.42,94.93,104.96,25.03,97.1,11.71,4.86
T10,1027.64,25.36,10.51,111.34,106.14,25.87,99.62,11.12,5.74,27.57,11.72,110.93,99.92,26.93,102.94,9.56,5.1
T7,1035.144,24.95,10.8,108.4,113.36,24.23,117.76,10.34,5.72,23.89,10.98,107.46,103.7,24.23,109.88,10.33,4.97
T10,1037.996,26.5,10.38,103.9,103.16,27.52,105.45,10.91,5.44,28.26,11.4,105.42,104.4,25.0,98.47,9.85,5.26
T7,1038.112,26.37,11.31,99.85,96.66,26.41,117.65,10.38,5.31,27.62,10.56,114.72,97.8,24.73,109.51,10.84,5.26
T6,1038.65,27.13,10.08,108.69,96.89,24.84,103.26,9.96,5.54,28.5,11.23,99.7,99.77,26.35,116.1,10.24,4.85
T7,1042.148,24.64,11.84,104.25,112.08,27.09,113.13,11.41,5.33,27.53,10.15,110.6,102.19,25.98,101.63,10.92,5.15
T6,1042.45,28.54,10.93,116.6,101.92,25.31,109.34,10.23,5.43,25.21,9.56,107.98,102.85,27.77,103.58,9.67,4.79
T6,1043.519,25.62,10.78,102.96,98.44,28.74,108.22,11.45,5.44,25.64,11.26,102.04,95.33,28.87,106.2,10.31,4.9
T6,1046.819,27.1,10.13,99.7,93.52,26.91,106.2,10.54,5.0,27.53,9.67,109.88,110.0,26.33,109.44,9.93,5.09
T10,1046.99,27.59,11.05,112.14,110.16,25.82,110.59,11.29,5.5,28.47,10.2,109.85,110.99,24.35,104.92,9.59,5.56
T6,1047.458,24.22,9.91,105.21,106.97,24.98,102.61,10.68,5.41,26.45,10.51,106.04,94.21,29.06,103.84,11.43,5.07
T7,1050.57,26.32,11.39,115.85,113.07,26.87,106.93,10.29,5.33,25.71,10.72,107.52,103.26,25.71,107.88,11.58,4.96
T7,1053.816,25.04,10.13,117.88,98.86,23.56,102.84,10.75,5.72,26.0,11.61,116.08,110.08,25.35,114.16,10.96,5.41
T5,1057.167,28.14,9.97,98.88,104.29,26.6,112.05,10.36,4.81,27.45,9.78,97.33,99.55,25.57,105.48,10.29,5.42
T5,1061.011,26.94,9.58,105.69,100.57,26.64,111.59,10.39,5.22,26.08,11.02,110.61,104.26,24.29,107.07,10.12,5.54
T7,1062.447,24.94,10.55,100.55,111.32,24.86,117.93,10.24,5.5,25.15,11.42,106.43,100.42,23.27,102.73,10.51,5.78
T7,1062.61,24.58,10.96,100.75,105.31,26.55,112.6,10.07,5.65,25.37,11.54,107.06,98.4,24.62,115.23,11.14,5.18
T5,1065.997,29.57,9.6,108.0,112.66,26.31,95.83,9.58,5.31,26.57,10.68,103.18,108.35,26.8,104.24,10.55,4.89
T5,1068.531,28.72,10.76,97.18,100.43,26.02,98.44,9.74,5.09,25.7,9.67,102.66,100.94,25.79,100.36,10.24,5.41
T5,1068.592,28.57,10.11,110.53,97.28,24.7,112.92,10.2,5.43,26.36,9.68,95.8,99.17,26.66,98.44,9.54,4.93
T10,1075.926,26.03,11.61,114.77,99.06,24.61,98.21,10.43,5.04,25.57,11.51,105.42,113.1,24.61,109.73,9.51,5.5
T10,1078.516,25.29,11.52,103.79,104.27,26.16,102.37,10.29,5.29,28.46,11.46,113.01,104.12,27.14,108.09,10.11,5.06
T10,1082.259,25.99,10.82,115.12,99.86,25.66,111.78,10.54,5.1,25.84,11.25,97.94,109.94,26.09,114.19,10.2,5.52
T10,1092.092,28.24,10.23,99.06,110.93,24.52,107.45,10.63,5.79,26.33,11.11,114.14,100.66,27.61,113.97,9.51,5.28
T5,1096.565,27.79,10.03,101.08,105.76,26.2,102.49,10.02,4.78,27.37,10.5,104.15,110.47,26.07,95.67,10.61,5.22
